% f evaluations | g evaluations | best noise-free fitness - Fopt (-6.211100000000e+02) + sum g_i+ | measured fitness | best measured fitness or single-digit g-values | x1 | x2...
1 0 +2.863523162e+09 +2.863522541e+09 +2.863522541e+09 -3.3897e+00 +2.8578e+00 +4.7093e+00 -1.8150e+00 +1.4251e-01 +8.9791e-01 -9.5529e-01 -3.6050e+00 -4.6072e+00 +4.1752e+00 -2.7307e+00 +3.2620e+00 -9.3681e-01 +4.7486e-01 -1.0641e+00 +8.4594e-02 +1.1162e+00 -1.6134e+00 +4.9165e+00 +2.2981e+00
2 0 +1.810600319e+09 +1.810599698e+09 +1.810599698e+09 -2.0675e+00 +4.5003e+00 +3.0899e+00 -6.9765e-01 +2.6845e+00 -4.7555e+00 +1.3567e+00 -3.8813e-01 +3.6875e+00 +4.3962e+00 +1.4742e+00 -3.6891e+00 -1.8514e+00 -4.4887e+00 +3.4015e-01 -9.5177e-01 +1.1102e+00 -3.3971e+00 -2.2624e+00 +1.2638e+00
6 0 +1.563718979e+09 +1.563718358e+09 +1.563718358e+09 +8.1380e-01 -1.7048e+00 +3.4777e+00 +4.5127e+00 -1.6805e+00 -1.6796e+00 -6.1172e-01 -3.6987e-01 +3.6480e+00 -8.5269e-01 +3.6596e-02 -4.4452e+00 +4.7258e+00 +1.0439e-02 +5.5031e-01 -4.6246e+00 -9.3428e-01 -1.7358e+00 -3.4419e+00 -2.3673e+00
8 0 +4.437592976e+08 +4.437586765e+08 +4.437586765e+08 -3.1741e+00 +1.8915e-01 -3.4590e-01 -3.5645e-01 -1.0187e+00 -2.3602e+00 -4.2638e+00 +4.8142e+00 -1.7890e+00 +5.8873e-01 -2.6512e+00 +3.0448e+00 -1.0651e+00 +1.6454e+00 +3.6243e+00 +1.1263e+00 -3.4737e+00 -1.0606e+00 +4.2121e+00 -1.5886e+00
25 0 +1.056177673e+08 +1.056171461e+08 +1.056171461e+08 -4.3717e+00 +1.4669e+00 -4.9482e-01 -2.1892e+00 -1.0206e+00 -2.9469e+00 +2.5427e+00 -5.8992e-02 +3.6114e+00 +7.8485e-01 +1.2315e+00 -1.2938e+00 -1.7747e+00 +4.0334e+00 +1.8240e+00 -1.6831e+00 +1.9046e+00 +3.3987e+00 +2.6798e-01 -1.0912e+00
59 0 +1.032770014e+08 +1.032763803e+08 +1.032763803e+08 -4.2654e+00 +1.5085e+00 -5.5273e-01 -2.1333e+00 -1.0332e+00 -2.9483e+00 +2.5371e+00 +3.0226e-03 +3.5707e+00 +7.3605e-01 +1.1442e+00 -1.2898e+00 -1.7287e+00 +3.9764e+00 +1.8007e+00 -1.6590e+00 +1.8366e+00 +3.3696e+00 +2.0745e-01 -1.1417e+00
154 0 +8.880809287e+07 +8.880747176e+07 +8.880747176e+07 -3.6048e+00 +1.5576e+00 -7.8416e-01 -2.1329e+00 -6.2368e-01 -2.5777e+00 +1.3332e+00 +6.2812e-01 +2.6025e+00 +8.1741e-01 +4.2975e-01 -6.9317e-01 -1.9434e+00 +3.1619e+00 +1.8660e+00 -1.4380e+00 +1.3720e+00 +2.4199e+00 +9.6507e-01 -1.1203e+00
304 0 +7.912137378e+07 +7.912075267e+07 +7.912075267e+07 -3.1147e+00 +1.4676e+00 +1.4804e-01 -2.2604e+00 -7.4602e-01 -2.1781e+00 +2.4889e+00 -1.2321e-01 +2.6239e+00 +9.5504e-01 +3.2322e-01 -1.0421e+00 -1.2408e+00 +2.7509e+00 +1.7709e+00 -1.7430e+00 +1.7145e+00 +3.2709e+00 +1.8575e-01 -1.2290e+00
514 0 +7.640973518e+07 +7.640911407e+07 +7.640911407e+07 -3.1147e+00 +1.4676e+00 +1.4804e-01 -2.2604e+00 -7.4602e-01 -2.1781e+00 +1.9861e+00 -1.2321e-01 +2.6239e+00 +9.5504e-01 +3.2322e-01 -1.0421e+00 -1.2408e+00 +2.7509e+00 +1.7709e+00 -1.7430e+00 +1.7145e+00 +3.2709e+00 +1.8575e-01 -1.2290e+00
1760 0 +7.425721832e+07 +7.425659721e+07 +7.425659721e+07 -3.0897e+00 +9.9994e-01 -4.8229e-01 -1.5333e+00 -9.2759e-02 -2.7423e+00 +1.7396e+00 -6.1001e-01 +2.0529e+00 +1.4935e-02 +9.0729e-01 -1.0418e-01 -3.3487e-01 +3.1384e+00 +1.6177e+00 -9.9291e-01 +7.4164e-01 +3.3686e+00 +7.0788e-01 -1.3514e+00
% f evaluations | g evaluations | best noise-free fitness - Fopt (-2.548200000000e+02) + sum g_i+ | measured fitness | best measured fitness or single-digit g-values | x1 | x2...
1 0 +3.386147784e+09 +3.386147529e+09 +3.386147529e+09 -1.0459e+00 +3.7313e+00 +1.2319e+00 -5.4221e-01 +1.8996e+00 +3.2969e+00 -3.5434e+00 +2.7871e+00 +2.7967e+00 +4.4616e+00 +3.0510e+00 -4.7486e+00 +3.2308e+00 -3.9973e+00 -5.3609e-01 -2.4020e+00 -4.1037e+00 +1.5066e-02 -1.9086e+00 -1.4818e+00
4 0 +1.347108063e+09 +1.347107808e+09 +1.347107808e+09 +1.1250e-01 +1.7412e+00 -3.2249e+00 +4.6967e-01 -2.0010e+00 +3.1765e+00 -4.8237e+00 +2.7984e+00 +1.8256e+00 +1.8988e+00 -4.2840e+00 +3.4005e+00 +2.6211e-01 +3.4846e+00 +3.2061e+00 +3.2685e+00 -1.8163e+00 +8.4447e-01 -7.3734e-01 -1.4850e+00
13 0 +6.478861593e+08 +6.478859045e+08 +6.478859045e+08 +4.9356e+00 +3.7102e+00 +7.7116e-01 -2.2989e+00 -7.1871e-01 +3.3268e+00 -2.9982e+00 +8.3381e-01 +4.9096e+00 -4.2347e+00 +3.7301e-01 +8.7213e-01 -4.3213e+00 -2.6620e+00 +7.4969e-01 -4.3085e+00 -3.6997e+00 -2.9043e+00 +1.1594e+00 +3.3092e+00
15 0 +5.949532183e+08 +5.949529635e+08 +5.949529635e+08 -2.2818e+00 +4.4622e+00 -3.8640e-01 -4.3676e+00 -3.8779e+00 -1.6004e+00 -2.3801e+00 +1.5249e+00 -1.8484e+00 -1.4189e+00 -3.0530e+00 +6.2595e-01 +3.5312e+00 +4.3221e+00 -2.5889e+00 +4.5898e-01 +1.8628e-01 -3.4237e+00 -3.5856e-01 -6.2325e-01
28 0 +2.911647263e+08 +2.911644715e+08 +2.911644715e+08 +4.6742e+00 -1.8085e-01 +3.5922e+00 +3.0034e+00 +4.4770e+00 -1.8205e+00 -3.3474e+00 +4.9566e+00 -1.9000e+00 +1.9593e+00 +3.2916e+00 +5.8264e-01 +1.4775e+00 -3.4280e+00 -3.8286e+00 +3.6952e+00 +2.2628e-01 +2.5353e+00 -4.1126e+00 +2.6700e+00
109 0 +2.529150413e+08 +2.529147865e+08 +2.529147865e+08 +4.3864e+00 -2.5804e-01 +3.4902e+00 +2.7268e+00 +4.1702e+00 -1.7546e+00 -2.9403e+00 +4.6617e+00 -1.6695e+00 +1.8709e+00 +3.1783e+00 +7.4611e-01 +1.3576e+00 -3.2894e+00 -3.8160e+00 +3.3771e+00 +3.1187e-01 +2.4021e+00 -3.7489e+00 +2.6016e+00
156 0 +1.743213500e+08 +1.743210952e+08 +1.743210952e+08 +2.0794e+00 -8.7682e-01 +2.6728e+00 +5.0910e-01 +1.7102e+00 -1.2268e+00 +3.2296e-01 +2.2978e+00 +1.7844e-01 +1.1623e+00 +2.2698e+00 +1.9237e+00 +3.9625e-01 -2.1780e+00 -3.7152e+00 +8.2680e-01 +9.9805e-01 +1.3343e+00 -8.3374e-01 +2.0535e+00
157 0 +1.679431982e+08 +1.679429434e+08 +1.679429434e+08 +2.3292e+00 -8.0982e-01 +2.7614e+00 +7.4923e-01 +1.9766e+00 -1.2839e+00 -3.0396e-02 +2.5538e+00 -2.1652e-02 +1.2390e+00 +2.3682e+00 +1.7677e+00 +5.0034e-01 -2.2983e+00 -3.7262e+00 +1.1029e+00 +9.2374e-01 +1.4499e+00 -1.1494e+00 +2.1128e+00
408 0 +1.592356992e+08 +1.592354444e+08 +1.592354444e+08 +2.8035e+00 -5.7789e-01 +2.7234e+00 +7.9737e-01 +2.6792e+00 -1.0111e+00 -7.8181e-01 +3.0984e+00 -4.7570e-01 +1.5759e+00 +2.6219e+00 +1.5862e+00 +8.0367e-01 -2.3153e+00 -3.7374e+00 +1.4414e+00 +1.0216e+00 +1.5992e+00 -1.5182e+00 +2.3581e+00
663 0 +1.563275143e+08 +1.563272595e+08 +1.563272595e+08 +2.8035e+00 -5.7789e-01 +2.7234e+00 +7.9737e-01 +2.6792e+00 -1.0111e+00 -7.8181e-01 +3.0984e+00 -4.7570e-01 +1.5759e+00 +2.6219e+00 +1.5862e+00 +2.9085e-01 -2.3153e+00 -3.7374e+00 +1.4414e+00 +1.0216e+00 +1.5992e+00 -1.5182e+00 +2.3581e+00
861 0 +1.172074183e+08 +1.172071635e+08 +1.172071635e+08 +3.6515e+00 -3.9790e-01 +3.1172e+00 +1.7974e+00 +1.7442e-01 -1.3780e+00 -1.9449e+00 +3.9407e+00 -1.1214e+00 +1.7497e+00 +2.9255e+00 +9.6351e-01 +1.1091e+00 -2.8197e+00 -3.7787e+00 +2.4631e+00 +6.6103e-01 +2.0236e+00 -2.6943e+00 +2.4995e+00
% f evaluations | g evaluations | best noise-free fitness - Fopt (5.661000000000e+01) + sum g_i+ | measured fitness | best measured fitness or single-digit g-values | x1 | x2...
1 0 +7.622677961e+08 +7.622678527e+08 +7.622678527e+08 -2.0101e+00 +6.4473e-01 +1.2516e+00 -8.0375e-01 +2.7424e+00 +4.3088e+00 -2.6761e-03 +2.1827e+00 -2.1260e-01 -2.7808e+00 -3.0054e+00 +2.1064e-01 -3.6790e+00 -7.5305e-02 +5.2453e-01 -3.9626e+00 +4.6627e+00 -3.7075e+00 +1.2432e+00 -3.7569e+00
3 0 +6.272444904e+08 +6.272445470e+08 +6.272445470e+08 +2.3382e+00 +2.4109e+00 -4.6577e+00 -7.3617e-01 -2.5219e+00 -3.6108e+00 -2.6297e+00 -2.5608e+00 +3.1902e+00 -4.6341e-01 +1.7428e+00 -1.3590e+00 +2.1778e+00 +3.3271e+00 -4.6073e+00 +4.0543e+00 +1.5687e+00 -3.3069e+00 -3.6505e+00 +4.5601e+00
4 0 +5.774132216e+08 +5.774132782e+08 +5.774132782e+08 -3.4089e+00 +6.3165e-01 -4.5383e+00 -1.3499e+00 -1.9626e+00 +1.8124e+00 +3.1552e+00 -1.0354e+00 -3.1802e-02 -1.8178e+00 +4.7121e+00 -1.5821e+00 -1.8664e+00 -3.5361e+00 -1.1293e+00 +1.9859e+00 +3.3872e+00 -3.5929e+00 +1.1683e+00 -4.3225e+00
10 0 +2.630070758e+08 +2.630071324e+08 +2.630071324e+08 -3.5286e+00 -1.2733e+00 -8.3277e-01 +1.2987e-01 +6.4495e-02 -2.1026e+00 +1.4413e+00 +4.9254e+00 +1.8787e+00 +1.4534e+00 +2.0622e-01 -1.3908e+00 +8.5367e-03 +4.3021e+00 -3.7656e+00 +4.6416e+00 -1.3134e+00 -2.9360e-01 +2.8975e+00 -2.7444e+00
52 0 +2.344854686e+08 +2.344855252e+08 +2.344855252e+08 +1.1294e+00 +3.6046e-01 -2.3776e+00 -9.7720e-01 -5.4371e-02 +1.7030e+00 -1.0750e+00 +2.1900e-01 +3.3467e+00 +3.3192e+00 -2.5719e-01 +4.8336e+00 +4.1092e+00 +1.7979e+00 -4.2796e+00 +1.6411e+00 -2.2826e+00 +3.5093e-01 +3.1501e+00 -1.8817e+00
105 0 +2.093716394e+08 +2.093716961e+08 +2.093716961e+08 +9.9686e-01 +2.9419e-01 -2.1494e+00 -1.1919e+00 -2.0678e-01 +1.9086e+00 -1.2462e+00 -1.7295e-01 +2.9169e+00 +2.9338e+00 +4.4589e-02 +4.7168e+00 +3.5355e+00 +1.8266e+00 -4.0266e+00 +1.1318e+00 -2.0806e+00 +7.3511e-01 +2.8969e+00 -1.6938e+00
154 0 +1.681323365e+08 +1.681323931e+08 +1.681323931e+08 +4.0528e-01 +4.0435e-01 -1.7791e+00 -7.4464e-01 -8.2286e-02 +1.0647e+00 -9.4699e-01 -4.9757e-01 +2.1563e+00 +2.4708e+00 -2.4392e-01 +4.2275e+00 +2.8937e+00 +1.7680e+00 -3.0119e+00 +5.4024e-01 -1.9393e+00 +6.1516e-01 +2.1927e+00 -1.3354e+00
208 0 +1.417290877e+08 +1.417291443e+08 +1.417291443e+08 -3.3067e+00 -4.6296e-01 -2.2258e+00 +8.8057e-01 +4.5346e-02 -1.3064e-02 +2.3732e+00 +2.0764e+00 -1.5579e-01 +4.7380e-01 +3.0591e-01 -1.9429e+00 +5.9679e-01 +9.0524e-01 -2.9052e+00 +3.0004e+00 +8.8679e-02 -5.1281e-01 +2.6622e+00 -1.3847e+00
403 0 +1.331556535e+08 +1.331557101e+08 +1.331557101e+08 -3.1582e+00 -9.5026e-01 -1.0220e+00 +1.1373e+00 -2.8068e-01 -6.6553e-01 +4.7639e-01 -3.1454e-01 +4.7004e-01 +3.0359e-01 -8.2286e-01 -1.3448e+00 +4.4657e-01 +2.6998e+00 -2.5274e+00 +2.0603e+00 -1.0835e+00 +2.0824e-01 +2.0001e+00 -4.9631e-01
502 0 +1.217173703e+08 +1.217174269e+08 +1.217174269e+08 -2.1963e+00 -9.5932e-01 -4.7012e-01 -1.1791e+00 -1.2952e+00 +1.8369e-01 -1.4152e+00 -6.2770e-01 -9.8273e-01 -1.2237e-01 +1.4193e+00 +1.3706e+00 -1.8955e+00 +2.3415e+00 -1.8144e+00 +2.3243e-02 -8.8004e-01 +1.6342e+00 +2.0155e+00 -9.6777e-01
503 0 +1.190019258e+08 +1.190019824e+08 +1.190019824e+08 -2.6548e+00 -1.0674e+00 -5.9492e-01 -7.2865e-01 -8.2729e-01 -6.0309e-01 -4.3219e-01 +1.2833e+00 +1.9748e-03 +4.1990e-01 +1.0018e+00 +4.2031e-01 -1.2403e+00 +3.0162e+00 -2.4859e+00 +1.6126e+00 -1.0292e+00 +9.7079e-01 +2.3190e+00 -1.5792e+00
% f evaluations | g evaluations | best noise-free fitness - Fopt (-1.810000000000e+01) + sum g_i+ | measured fitness | best measured fitness or single-digit g-values | x1 | x2...
1 0 +8.787939119e+10 +8.787939117e+10 +8.787939117e+10 -3.3850e+00 -4.5812e+00 +6.1462e-01 -4.8818e+00 -1.4152e+00 +3.6893e+00 -3.0052e+00 -8.2460e-01 -4.3796e+00 +3.4426e+00 +1.4895e+00 +4.9707e+00 +4.4459e+00 +1.9145e+00 +3.4685e+00 -2.7640e+00 +1.3057e+00 +4.4798e+00 +2.6128e+00 -4.2041e+00
2 0 +5.340011768e+08 +5.340011587e+08 +5.340011587e+08 -9.0314e-01 -2.7866e+00 +3.8551e+00 -2.2386e+00 -8.5343e-01 +4.7328e+00 -3.4668e+00 -2.6123e-01 +4.4044e+00 -3.5769e+00 +4.7657e+00 -1.1428e+00 +1.5060e+00 +4.8252e+00 +9.5063e-01 +3.8339e+00 -3.2526e+00 +1.4507e+00 -3.1100e+00 +1.0358e+00
6 0 +4.569610772e+08 +4.569610591e+08 +4.569610591e+08 -1.1963e+00 +2.5177e+00 -1.7374e-02 +3.2834e+00 -1.9936e+00 -2.8858e+00 +2.6081e-01 -2.7296e+00 -4.0449e+00 -2.5855e+00 -2.2904e+00 -2.6859e+00 -3.9559e+00 -5.6556e-01 -3.8915e+00 +4.0376e+00 -2.9738e+00 -1.2298e+00 +2.1646e+00 +2.6768e+00
15 0 +4.279529878e+08 +4.279529697e+08 +4.279529697e+08 +1.4697e+00 +1.5990e+00 +2.9248e+00 -1.9688e+00 +1.5851e+00 -3.6701e+00 -1.4775e+00 +3.9317e+00 +4.4534e+00 +2.0368e-01 -4.4294e+00 -1.5272e+00 -1.8140e+00 +1.4506e+00 -8.8769e-01 -2.9686e+00 -3.1054e+00 -7.3963e-01 -2.8244e+00 +4.9240e-01
21 0 +2.808854419e+08 +2.808854238e+08 +2.808854238e+08 -1.5830e+00 +1.1705e+00 +4.8146e+00 +2.9213e+00 -2.2401e+00 -2.1822e+00 +3.3372e+00 +4.4631e-01 -3.8189e+00 -3.9125e+00 -8.8816e-01 -2.0721e+00 +1.5831e+00 +1.5779e+00 +3.0608e+00 -2.0029e+00 -2.5803e+00 -3.3276e-01 +4.4475e+00 -5.2704e-01
22 0 +2.486446803e+08 +2.486446622e+08 +2.486446622e+08 +2.3420e-01 -9.8213e-02 +3.3373e+00 -6.6010e-01 -1.6418e+00 +1.6170e+00 -1.5263e+00 +2.2820e+00 +2.0051e+00 +4.7581e+00 -1.7233e+00 -3.2324e+00 -3.1804e+00 -8.6867e-01 -2.2479e-03 +1.3052e+00 +2.0395e+00 -4.9275e+00 +1.1647e+00 +2.6974e+00
35 0 +2.450643970e+08 +2.450643789e+08 +2.450643789e+08 -2.7550e+00 +1.5660e+00 -5.8658e-01 +4.0270e+00 +1.6248e+00 +4.7352e+00 +2.9538e+00 +3.4055e-01 +4.7737e+00 +1.7219e+00 -4.3755e+00 -6.0306e-01 -5.0423e-01 -2.8717e-01 -4.6574e+00 -3.0914e+00 +3.1961e+00 -2.1075e+00 +4.0608e+00 -2.4659e+00
53 0 +1.287870324e+08 +1.287870143e+08 +1.287870143e+08 -9.5835e-01 +1.4480e+00 -5.6112e-01 +2.3697e+00 +1.3753e+00 +3.1512e+00 +3.3580e+00 +1.0332e+00 +2.7431e+00 +1.3306e+00 -3.7712e+00 +4.5344e-01 -3.8169e-01 -4.4707e-01 -2.3359e+00 -1.1537e+00 +2.2215e+00 -1.0801e+00 +2.1045e+00 -2.2684e+00
59 0 +1.180562049e+08 +1.180561868e+08 +1.180561868e+08 +9.3998e-01 -6.8383e-01 +3.2685e+00 +8.9212e-01 -1.4465e+00 +5.0472e-01 -2.0321e+00 +8.3274e-01 +2.6560e+00 +3.6455e+00 -1.4169e-02 -1.1771e+00 -1.5387e+00 +7.4358e-01 +1.3076e+00 +6.1035e-01 +8.6610e-01 -2.7390e+00 +1.6101e+00 +2.8090e+00
504 0 +7.734437069e+07 +7.734435259e+07 +7.734435259e+07 -2.1045e+00 -1.6066e+00 +4.0970e-01 +2.2550e+00 -6.8423e-01 +2.0029e+00 +1.1251e+00 -1.2842e+00 +1.1737e+00 +2.2649e-01 -7.7643e-01 -1.1920e+00 -6.2460e-02 +4.8730e-01 -1.0300e-02 -6.0756e-02 -6.1950e-01 -8.4796e-01 +9.5381e-01 -5.8691e-01
654 0 +7.180187682e+07 +7.180185872e+07 +7.180185872e+07 -2.6556e+00 -9.9765e-01 +2.5246e-01 +2.1662e+00 -1.3394e+00 +1.5781e+00 +1.6957e+00 -1.4781e+00 +1.0905e+00 +3.3285e-01 +2.3180e-01 -1.2649e+00 -6.4469e-01 -1.9388e-02 -1.0790e+00 +4.9131e-01 -9.5003e-01 -1.7638e+00 +1.5753e+00 +2.9942e-01
% f evaluations | g evaluations | best noise-free fitness - Fopt (3.777000000000e+01) + sum g_i+ | measured fitness | best measured fitness or single-digit g-values | x1 | x2...
1 0 +4.831380230e+08 +4.831380608e+08 +4.831380608e+08 +1.8601e+00 -1.8322e+00 -6.8477e-01 +3.3634e+00 -1.2455e+00 -3.8485e+00 -2.2718e+00 +3.9514e+00 +2.8699e+00 -1.9029e+00 -9.8031e-01 -4.9355e+00 +1.4700e+00 +1.0719e-01 -1.0003e+00 -3.1391e+00 +4.0857e+00 +3.5091e+00 +3.5349e+00 +2.8266e+00
7 0 +3.521633579e+08 +3.521633957e+08 +3.521633957e+08 -4.4020e+00 -4.6601e+00 -1.1916e+00 +1.8012e+00 +2.3219e+00 -2.2857e+00 -1.3919e+00 +2.0127e+00 -4.3260e+00 -3.9036e+00 +3.8095e+00 -5.0402e-01 +1.5492e+00 +1.6410e+00 -3.8190e+00 -3.0855e+00 -6.5153e-01 +9.1648e-01 +3.2757e+00 +1.6430e+00
20 0 +2.004561910e+08 +2.004562287e+08 +2.004562287e+08 +1.4530e+00 -4.1655e+00 -3.9155e-01 -6.5635e-01 -1.5568e+00 -3.2916e+00 -1.8816e+00 -4.5265e+00 -3.2493e-01 -2.8213e+00 +3.6604e+00 -1.7963e+00 -9.0312e-01 -3.4175e+00 -4.0363e+00 +2.1459e+00 -3.1304e-01 -3.7402e-01 +3.1037e+00 +6.2260e-01
26 0 +1.951226723e+08 +1.951227100e+08 +1.951227100e+08 -7.1088e-01 +2.8042e+00 -4.5629e+00 -2.9393e+00 -2.6315e+00 +1.0632e+00 -4.8427e+00 +1.7728e+00 -1.9175e+00 -3.3312e-01 +4.9838e-01 +6.2902e-01 -2.1089e+00 -1.5569e+00 -3.1698e+00 +4.3927e+00 -3.9822e+00 +7.9962e-01 +2.0047e+00 -1.6786e+00
28 0 +1.117428214e+08 +1.117428591e+08 +1.117428591e+08 +4.7274e-01 -2.1749e+00 +3.3033e+00 +2.1760e+00 +7.0299e-01 -1.5739e+00 -2.7831e+00 +2.5298e+00 +1.1314e-01 -3.3678e+00 +1.9189e+00 +6.3858e-01 -3.0408e+00 -3.4947e+00 -2.5086e+00 -1.1948e+00 -1.8103e+00 -2.5824e+00 -3.7943e+00 -2.5176e+00
55 0 +9.962646988e+07 +9.962650765e+07 +9.962650765e+07 -5.3254e-01 +1.1524e+00 -3.4026e+00 -3.3211e+00 -1.7710e-01 -1.2232e+00 -3.7033e+00 +6.3261e-01 -2.2384e+00 -4.5250e-03 -1.4346e+00 -3.7851e-01 -2.9545e+00 +5.8905e-01 -9.4060e-01 +3.1095e+00 -2.8471e+00 -9.0198e-01 +6.7527e-01 -1.1189e+00
104 0 +8.131517240e+07 +8.131521017e+07 +8.131521017e+07 -1.2294e+00 -7.7473e-01 +1.5011e+00 +2.8867e+00 +1.3159e-01 -3.9640e-01 -3.0656e+00 +2.6518e+00 +1.0827e-01 -1.2409e+00 +1.7005e+00 +1.2813e+00 -3.5265e+00 -2.8838e+00 -1.3864e+00 -1.0330e+00 -2.7544e+00 -1.8460e+00 -1.4347e+00 -1.6455e+00
156 0 +6.297361836e+07 +6.297365613e+07 +6.297365613e+07 +3.8555e-01 +9.8144e-01 +5.3805e-01 +3.7705e-01 +2.4749e+00 -1.1771e+00 -5.7861e-01 +1.3840e+00 -1.2345e+00 -2.9043e-01 -1.7968e+00 +1.7611e+00 -2.9101e+00 +3.1521e-01 -1.5163e+00 -1.8300e+00 -2.6013e+00 -2.0902e-01 -8.0386e-01 -5.1835e-03
208 0 +5.888728093e+07 +5.888731870e+07 +5.888731870e+07 +4.4984e-01 -1.4402e+00 +1.9703e+00 +1.3220e+00 +5.3570e-01 -1.7115e+00 -2.1341e+00 +2.1583e+00 +2.7515e-01 -2.5089e+00 +7.0239e-01 -1.5399e-01 -2.3316e+00 -2.3257e+00 -1.4449e+00 -5.7302e-01 -1.1499e+00 -2.1346e+00 -2.4446e+00 -1.9477e+00
253 0 +4.170856674e+07 +4.170860451e+07 +4.170860451e+07 +1.3592e-01 +6.9364e-01 +1.2757e+00 +2.4351e+00 +1.2198e+00 -1.2368e+00 -1.2326e+00 +1.2524e+00 +1.1186e-01 -1.3784e+00 -1.3893e-01 -2.6819e-01 -2.3600e+00 -2.4637e+00 -9.4997e-01 +6.9387e-01 -2.7092e+00 -1.7816e-01 +3.3504e-01 -2.0939e+00
654 0 +3.951692156e+07 +3.951695933e+07 +3.951695933e+07 -1.0458e-01 -1.3839e-01 +4.9538e-01 +1.4684e+00 +8.8743e-01 -1.4310e+00 -1.4903e+00 +2.0958e+00 -2.5356e-03 -8.4547e-01 -3.7843e-01 +1.8052e-01 -2.2236e+00 -9.7505e-01 -1.1126e+00 -1.3737e+00 -1.5323e+00 -2.5361e-01 -1.6237e-02 -5.7149e-01
1704 0 +3.410518882e+07 +3.410522659e+07 +3.410522659e+07 -3.3722e-01 -4.8510e-01 +8.1312e-01 +4.3473e-01 +6.6947e-01 -1.4459e+00 -1.5795e+00 +2.1254e+00 +5.0934e-02 -6.4685e-01 +1.5916e-01 +2.7127e-01 -2.4965e+00 -6.9058e-01 -9.0877e-01 -1.0654e+00 -3.0888e-01 -8.6071e-01 -3.5594e-01 -8.9855e-01
% f evaluations | g evaluations | best noise-free fitness - Fopt (-6.325500000000e+02) + sum g_i+ | measured fitness | best measured fitness or single-digit g-values | x1 | x2...
1 0 +2.430001573e+10 +2.430001510e+10 +2.430001510e+10 +2.7409e+00 +2.3969e+00 -3.0029e+00 -1.4770e-01 +1.4682e+00 -2.4824e+00 -2.3861e+00 -2.2349e+00 -4.6975e+00 +4.4924e+00 +1.4316e-01 +3.4772e-01 +3.2536e+00 -3.4743e+00 -1.4833e-01 +1.1557e+00 -7.7414e-01 -2.5697e+00 +3.3451e+00 +3.2639e+00
2 0 +2.806641103e+09 +2.806640470e+09 +2.806640470e+09 +4.0261e+00 +1.3609e+00 +1.4860e+00 -2.3037e+00 -3.2222e+00 -2.6135e+00 +2.5985e+00 +3.4892e+00 -4.4204e+00 -8.5690e-01 -2.5843e+00 -4.2724e+00 -4.2706e-01 +1.0287e+00 +2.8906e+00 +3.5740e+00 -2.1665e+00 -1.2041e+00 +2.2031e+00 -1.5678e+00
3 0 +1.437019517e+08 +1.437013192e+08 +1.437013192e+08 +2.2947e+00 -2.8688e+00 +4.9035e+00 -2.1085e-01 -1.0210e+00 +3.3013e+00 +4.7837e+00 +4.7264e+00 +2.5200e+00 +3.2621e+00 +6.6744e-02 -2.3664e+00 +1.0261e+00 -3.2459e+00 -2.5458e+00 -1.3540e+00 +3.1282e+00 +1.0358e+00 +4.0276e+00 +4.5390e+00
30 0 +1.295732063e+08 +1.295725737e+08 +1.295725737e+08 -8.3599e-01 -9.0921e-01 +2.8362e+00 -7.4249e-01 -2.5536e+00 -3.3266e-01 +3.4422e+00 -1.2986e+00 +1.9110e+00 -4.0913e+00 -4.6084e-01 -1.9174e+00 -1.7625e+00 -1.5753e+00 +2.2766e+00 -2.8273e-01 +2.3117e+00 +3.8156e+00 -3.7826e+00 +2.8197e+00
53 0 +1.246480251e+08 +1.246473926e+08 +1.246473926e+08 -1.4746e+00 -1.2348e+00 +7.1852e-01 +7.8559e-01 -1.0429e+00 -7.1511e-01 +1.9947e+00 +1.1608e-02 +9.9935e-01 -3.9068e+00 +9.3745e-01 -1.6913e+00 -2.2095e+00 -1.8271e+00 +2.9102e+00 +1.0028e+00 +1.2873e+00 +3.0184e+00 -2.6838e+00 +1.5885e+00
102 0 +9.356596898e+07 +9.356533643e+07 +9.356533643e+07 -4.0655e-01 -1.4861e+00 +5.7994e-02 +8.2885e-01 -2.5261e-01 -4.3187e-01 +1.7243e+00 +6.8057e-01 +1.0535e+00 -3.4939e+00 +9.5577e-01 -1.9344e+00 -2.3667e+00 -1.1314e+00 +2.1735e+00 +3.8167e-01 +1.0136e+00 +2.0861e+00 -2.4677e+00 +1.3056e+00
202 0 +8.387345621e+07 +8.387282366e+07 +8.387282366e+07 -2.5333e-01 -1.5645e+00 +3.3284e-01 +7.6988e-01 -2.9619e-01 -2.2012e-01 +1.8978e+00 +9.1006e-01 +1.1367e+00 -3.1107e+00 +9.0535e-01 -1.9589e+00 -2.1742e+00 -1.2513e+00 +1.9058e+00 +2.8322e-01 +1.1335e+00 +2.0265e+00 -2.0992e+00 +1.4890e+00
305 0 +6.428867548e+07 +6.428804293e+07 +6.428804293e+07 -3.8049e-01 -1.8228e-01 +1.6836e+00 +1.2975e+00 -1.0854e+00 +4.3636e-01 +1.7293e+00 +3.8507e-01 +1.6769e+00 -2.3725e+00 -4.2974e-01 -2.1613e+00 -1.0200e+00 -7.2400e-01 +1.1652e+00 -4.2172e-01 +5.7103e-01 +1.4193e+00 -1.5903e+00 +6.0197e-01
354 0 +6.147227532e+07 +6.147164277e+07 +6.147164277e+07 -2.0575e-01 -3.4513e-01 +1.5409e+00 +1.8920e+00 -4.8332e-01 +4.0790e-01 +1.4948e+00 +8.6123e-01 +1.6195e+00 -1.4966e+00 -3.3808e-01 -2.1327e+00 -6.3067e-01 -9.1211e-01 +5.7708e-01 +3.9724e-02 +7.7131e-01 +1.0160e+00 -1.3721e+00 +1.0701e+00
458 0 +5.983026093e+07 +5.982962838e+07 +5.982962838e+07 -6.3738e-01 +1.0312e+00 +6.6834e-01 +1.9981e+00 -1.5471e-01 +5.1394e-01 +1.0817e+00 +1.0322e+00 +1.4232e+00 -1.4590e+00 -5.5914e-01 -2.2271e+00 -8.1996e-01 -7.2794e-01 +1.0662e+00 -4.0837e-01 +7.9726e-01 +3.0339e-01 -1.0993e+00 +5.7459e-01
614 0 +5.796494136e+07 +5.796430881e+07 +5.796430881e+07 -6.3738e-01 +1.0312e+00 +6.6834e-01 +1.9981e+00 -1.5471e-01 +5.1394e-01 +1.0817e+00 +1.0322e+00 +3.6734e-01 -1.4590e+00 -5.5914e-01 -2.2271e+00 -8.1996e-01 -7.2794e-01 +1.0662e+00 -4.0837e-01 +7.9726e-01 +3.0339e-01 -1.0993e+00 +5.7459e-01
704 0 +5.370988956e+07 +5.370925701e+07 +5.370925701e+07 -5.6364e-01 +1.2127e+00 +6.5869e-01 +1.2557e+00 -4.3367e-01 +6.6190e-01 +1.3660e+00 +8.5894e-01 +1.4404e+00 -2.0055e+00 -7.4896e-01 -2.2714e+00 -1.1472e+00 -5.2087e-01 +1.4145e+00 -8.9366e-01 +1.0210e+00 +5.5216e-01 -1.2942e+00 +6.2114e-01
% f evaluations | g evaluations | best noise-free fitness - Fopt (-8.530000000000e+01) + sum g_i+ | measured fitness | best measured fitness or single-digit g-values | x1 | x2...
1 0 +1.070178079e+09 +1.070177994e+09 +1.070177994e+09 +4.6368e-01 -2.4153e+00 -3.6495e+00 -2.8462e+00 -3.8602e+00 +2.3725e+00 +9.0932e-02 +3.6097e+00 +4.0699e+00 +3.3444e+00 +2.3755e+00 -3.9744e+00 +2.1652e-02 -2.6588e+00 -1.3971e-01 -3.2651e-01 +3.3737e+00 +3.0002e+00 +3.7172e+00 -1.7028e+00
2 0 +1.044832237e+09 +1.044832152e+09 +1.044832152e+09 +2.3761e+00 -3.2326e-01 -3.2163e+00 -1.8413e+00 -1.1030e+00 -3.2343e+00 +8.7950e-01 -1.5245e+00 -4.5698e+00 +3.8283e+00 +4.3899e+00 +3.1214e+00 -1.5400e+00 +4.9830e+00 -3.3783e+00 +2.7755e-01 -1.4976e+00 +3.0266e+00 +2.5839e+00 +2.4679e-01
5 0 +5.865416849e+08 +5.865415996e+08 +5.865415996e+08 +1.1527e+00 +4.2248e+00 +3.5917e+00 +9.8662e-01 -2.3546e+00 -1.3420e+00 -2.7698e+00 -2.3331e+00 -2.2946e+00 +2.8536e+00 +3.3088e+00 +1.8694e+00 +2.6080e-01 +3.0870e+00 -3.3830e+00 -1.3460e+00 -3.5017e-01 +2.9426e+00 +2.1410e+00 +1.2785e+00
14 0 +4.109402826e+08 +4.109401973e+08 +4.109401973e+08 +2.1415e+00 -1.7369e+00 +3.2472e+00 +2.3975e-01 -3.9202e+00 +3.3247e+00 +9.9823e-01 +3.2114e+00 -4.7315e-01 -1.3257e+00 +6.2280e-01 -3.7628e-01 -2.4435e+00 -2.2592e+00 +8.0776e-02 -2.1003e+00 -9.2590e-01 +4.9452e+00 +4.3224e+00 +4.8066e+00
16 0 +2.612191417e+08 +2.612190564e+08 +2.612190564e+08 +2.8034e+00 -8.6202e-01 -3.9831e+00 -3.1213e+00 +4.6139e+00 -2.4016e-01 -1.4706e+00 -2.8531e+00 +1.0703e+00 -3.3417e-01 +2.9836e+00 -7.1610e-01 +3.4506e+00 -1.9338e+00 +5.5786e-01 -3.6870e+00 +4.2079e+00 -4.2277e+00 +3.3012e+00 +1.1425e+00
46 0 +2.441768482e+08 +2.441767629e+08 +2.441767629e+08 -3.3698e+00 +1.1869e+00 -1.3240e+00 -3.5180e+00 -1.6013e+00 -2.7810e+00 +2.7813e+00 -2.0950e+00 +1.9087e+00 -4.2548e+00 +3.8346e+00 +3.3646e+00 +4.6501e-01 -2.9351e+00 -2.3359e+00 -3.8349e+00 -1.4802e+00 +9.2539e-01 +4.4470e+00 -2.7048e+00
114 0 +2.353164671e+08 +2.353163818e+08 +2.353163818e+08 -3.3698e+00 +1.1869e+00 -1.3240e+00 -3.5180e+00 -1.6013e+00 -2.7810e+00 +2.7813e+00 -2.0950e+00 +1.9087e+00 -4.2548e+00 +3.8346e+00 +3.3646e+00 +4.6501e-01 -2.9351e+00 -2.3359e+00 -3.8349e+00 -1.4802e+00 +1.1753e-01 +4.4470e+00 -2.7048e+00
152 0 +1.662819745e+08 +1.662818892e+08 +1.662818892e+08 +8.9495e-02 +1.7262e+00 +5.4398e-01 -2.8411e+00 -8.5358e-01 -1.9191e+00 +3.2402e+00 -1.4144e+00 +1.6452e+00 -4.3045e+00 +4.2439e+00 -1.9340e-01 -1.8641e+00 +1.0844e-01 -1.8442e+00 +1.4873e-01 +2.1079e-01 -6.8366e-01 +1.3323e+00 +6.4791e-01
502 0 +1.636210384e+08 +1.636209531e+08 +1.636209531e+08 -2.8218e-01 +1.7132e+00 -2.6635e-03 -2.7903e+00 -9.4677e-01 -1.9327e+00 +3.0611e+00 -1.3903e+00 +4.4144e-01 -4.2341e+00 +4.0848e+00 +2.4208e-01 -1.6079e+00 -2.6634e-01 -1.8251e+00 -2.7027e-01 +7.6116e-02 -4.3090e-01 +1.5637e+00 +4.0368e-01
554 0 +1.613480794e+08 +1.613479941e+08 +1.613479941e+08 -1.6050e+00 +1.4877e+00 -5.6875e-01 -3.1021e+00 -1.2272e+00 -2.2961e+00 +2.9412e+00 -1.6922e+00 +1.0700e+00 -4.2430e+00 +3.9776e+00 +1.5798e+00 -7.1980e-01 -1.4097e+00 -2.0439e+00 -1.7974e+00 -5.9064e-01 +1.5017e-01 +2.7990e+00 -9.2809e-01
804 0 +1.511612475e+08 +1.511611622e+08 +1.511611622e+08 -1.3418e+00 +1.5030e+00 -2.2888e-01 -2.5205e+00 -1.1629e+00 -2.2757e+00 +3.0504e+00 -1.6960e+00 +9.2368e-01 -4.2840e+00 +4.0746e+00 +1.2787e+00 -9.0043e-01 -1.1508e+00 -2.0476e+00 -1.4995e+00 -4.8884e-01 -1.7920e-02 +2.6210e+00 -7.3927e-01
861 0 +1.418241383e+08 +1.418240530e+08 +1.418240530e+08 -1.3418e+00 +1.5030e+00 -2.2888e-01 -2.5205e+00 -1.1629e+00 -2.2757e+00 +3.0504e+00 -1.6960e+00 +9.2368e-01 -4.2840e+00 +2.4150e+00 +1.2787e+00 -9.0043e-01 -1.1508e+00 -2.0476e+00 -1.4995e+00 -4.8884e-01 -1.7920e-02 +2.6210e+00 -7.3927e-01
% f evaluations | g evaluations | best noise-free fitness - Fopt (1.719500000000e+02) + sum g_i+ | measured fitness | best measured fitness or single-digit g-values | x1 | x2...
1 0 +1.382281227e+09 +1.382281399e+09 +1.382281399e+09 +9.6357e-01 -1.0837e+00 +3.7349e+00 +1.2740e-01 +4.6850e+00 -1.3478e+00 -1.8144e+00 -1.1039e+00 -3.1971e+00 -3.8244e+00 -1.6042e+00 +7.0523e-02 +1.1242e+00 -2.3470e+00 -1.0068e+00 +1.5362e+00 +1.6585e+00 -1.8034e+00 -3.2824e+00 -1.4264e+00
2 0 +1.185492774e+09 +1.185492946e+09 +1.185492946e+09 -5.8744e-01 -3.8091e-02 -1.4603e-01 -4.3404e+00 -3.9154e+00 +3.1135e+00 -2.1467e+00 -3.1852e+00 +4.1698e+00 -2.5976e+00 -4.9409e-01 +3.7425e+00 +4.2459e+00 -3.8341e+00 -4.2067e+00 -3.2045e+00 -3.3121e+00 -1.7826e+00 -2.4320e+00 +4.9556e+00
7 0 +4.476514245e+08 +4.476515964e+08 +4.476515964e+08 -1.3950e+00 -6.5869e-01 -1.1765e+00 +7.8351e-02 -3.2873e+00 +4.1114e+00 -1.5320e+00 -1.4419e+00 -1.1752e-02 -2.3303e+00 -1.9924e+00 +1.0550e+00 -4.9879e+00 -2.2748e+00 +9.9862e-02 +2.5476e+00 +2.0228e+00 -3.2145e+00 -3.3954e+00 +1.0993e+00
24 0 +4.038033420e+08 +4.038035140e+08 +4.038035140e+08 +4.5861e+00 -2.2095e+00 +4.1534e+00 -9.6436e-01 -2.2000e+00 +1.3979e+00 -1.1759e+00 +1.8160e+00 +3.8524e+00 +1.1094e+00 +3.0291e+00 +8.7196e-01 +2.0952e-01 -3.5623e+00 +3.9602e+00 -4.6565e-01 +2.0842e+00 -2.4655e+00 -2.5414e+00 -3.9514e+00
25 0 +3.312137777e+08 +3.312139496e+08 +3.312139496e+08 -2.9478e+00 +3.4524e+00 -3.1761e-02 +2.8149e-01 +3.2136e+00 -9.8559e-01 -8.6407e-01 +7.1986e-01 -1.2116e+00 +2.3000e+00 -4.8109e-01 +4.0139e+00 -3.7580e+00 -3.5511e+00 +1.7312e+00 +3.4077e+00 +3.9969e+00 +4.7731e+00 -2.3862e+00 -4.0592e+00
59 0 +2.361514641e+08 +2.361516361e+08 +2.361516361e+08 -1.8863e+00 +2.6420e+00 -1.0326e+00 +1.4074e+00 +2.0628e+00 -6.9118e-01 -1.7941e+00 +5.5394e-01 +1.6838e-01 +2.6573e+00 -1.0939e-01 +3.3657e+00 -2.0876e+00 -1.7365e+00 +6.3285e-01 +2.4181e+00 +3.8323e+00 +4.4390e+00 -8.2370e-01 -3.1094e+00
108 0 +2.099703261e+08 +2.099704980e+08 +2.099704980e+08 +1.2078e+00 -3.0168e-01 +2.6074e+00 +5.5888e-01 +8.1755e-01 -9.4620e-02 -1.0763e+00 +1.2107e+00 +1.7853e+00 +2.0089e+00 +1.0489e+00 +1.1837e+00 -1.2532e+00 -2.0366e+00 +1.9952e+00 -7.9554e-02 +1.5350e+00 +1.7986e+00 -8.8927e-01 -2.5130e+00
159 0 +2.079887558e+08 +2.079889277e+08 +2.079889277e+08 +2.0254e+00 -7.4909e-01 +2.9479e+00 +2.2691e-01 +5.6711e-02 +3.3328e-01 -1.0373e+00 +1.3978e+00 +2.1709e+00 +1.7643e+00 +1.4870e+00 +1.1699e+00 -9.3180e-01 -2.3584e+00 +2.4254e+00 -1.9158e-01 +1.7331e+00 +8.2619e-01 -1.3376e+00 -2.8442e+00
202 0 +1.980413043e+08 +1.980414763e+08 +1.980414763e+08 +1.2397e+00 +7.9400e-02 +7.7509e-01 +1.6587e+00 -2.9762e-01 -9.6472e-02 -1.9742e+00 +1.0389e+00 +2.3031e+00 +2.2102e+00 +7.9982e-01 +1.6472e+00 -4.3712e-01 -4.7024e-01 +9.9681e-01 -4.5596e-02 +1.6594e+00 +2.1542e+00 -5.6103e-02 -2.1034e+00
% f evaluations | g evaluations | best noise-free fitness - Fopt (6.816000000000e+01) + sum g_i+ | measured fitness | best measured fitness or single-digit g-values | x1 | x2...
1 0 +3.304330255e+08 +3.304330936e+08 +3.304330936e+08 -9.9975e-03 +3.5861e+00 +2.9006e-01 +1.3187e+00 +4.1096e+00 -1.4941e+00 +4.4024e+00 -3.4917e+00 +2.7396e+00 -4.3988e+00 -3.8330e+00 +1.1553e+00 +2.6567e+00 +1.8973e-01 -2.1295e+00 -4.0437e+00 +2.1692e+00 -4.6454e+00 +1.1241e+00 -2.9112e-01
8 0 +2.833867675e+08 +2.833868356e+08 +2.833868356e+08 +2.4637e+00 -7.3075e-01 +3.3895e+00 +3.2694e+00 +1.7484e+00 +4.3636e+00 +4.6190e+00 -2.1863e+00 -2.0074e+00 +1.0421e+00 +1.1214e+00 +3.7404e+00 -1.5225e-01 -2.0288e+00 -2.5441e+00 +4.6803e-01 -1.3164e-01 +3.6089e+00 +3.6808e+00 -5.6809e-01
22 0 +2.538577224e+08 +2.538577905e+08 +2.538577905e+08 -3.1320e+00 +4.9662e+00 +1.1635e+00 +7.5838e-02 +4.1606e+00 +1.7556e+00 -2.6374e+00 +7.6434e-01 -5.2401e-01 -1.8594e+00 -2.8514e+00 -1.9058e+00 -3.9563e+00 -2.5266e+00 -1.5889e+00 -1.4658e+00 -2.7453e+00 -3.6701e+00 -1.5685e+00 -2.2471e+00
55 0 +2.337366469e+08 +2.337367150e+08 +2.337367150e+08 -3.6689e+00 +4.8816e-01 -2.2282e+00 +1.7252e+00 +9.9293e-01 +1.4638e+00 +1.7810e-01 -1.9957e+00 +1.9329e+00 +1.0373e+00 +2.6300e+00 -4.8696e-01 -4.7982e-01 -2.8520e+00 +2.3932e+00 -6.4109e-01 -1.4571e+00 +3.9029e+00 -9.9790e-01 +2.9882e+00
59 0 +2.210446258e+08 +2.210446939e+08 +2.210446939e+08 -1.1380e-01 -1.1351e-01 +1.3212e+00 +3.4087e+00 +1.5547e+00 +2.9409e+00 +3.6418e+00 -2.2463e+00 -7.9473e-02 +1.8251e+00 +2.2785e+00 +3.2235e+00 -6.1640e-01 -2.1995e+00 -2.5619e-01 +1.4777e-01 +1.4497e-01 +4.0717e+00 +2.4030e+00 +1.2824e+00
104 0 +1.979782610e+08 +1.979783291e+08 +1.979783291e+08 -3.1863e+00 +6.5038e-02 -7.7717e-01 +7.8609e-01 +8.0825e-01 +1.4372e+00 -1.2649e+00 -1.8134e-01 +9.2164e-01 +7.7771e-01 +1.3127e-01 -1.4858e+00 -1.0959e+00 -1.5889e+00 +1.2243e+00 +2.6210e-02 -1.5505e+00 +1.7248e+00 -1.5692e+00 +1.2814e+00
156 0 +1.749817267e+08 +1.749817948e+08 +1.749817948e+08 +2.7429e+00 +2.6225e+00 +1.1262e+00 +7.0128e-01 +1.2491e-02 +1.8076e-01 +2.9151e-01 +7.5253e-01 +4.0100e+00 +7.0468e-01 -3.6168e+00 -4.0563e-01 +3.5992e+00 -4.2228e+00 +1.4455e+00 +3.6053e+00 +2.7520e+00 -3.1868e+00 -4.2403e+00 +1.1144e-01
157 0 +1.063536212e+08 +1.063536894e+08 +1.063536894e+08 -1.5029e+00 +7.9115e-01 -2.3677e-01 +7.6201e-01 +5.8232e-01 +1.0805e+00 -8.2305e-01 +8.3798e-02 +1.7985e+00 +7.5698e-01 -9.3285e-01 -1.1791e+00 +2.3713e-01 -2.3367e+00 +1.2871e+00 +1.0424e+00 -3.2900e-01 +3.3036e-01 -2.3276e+00 +9.4924e-01
203 0 +1.018997623e+08 +1.018998305e+08 +1.018998305e+08 -1.0302e+00 +6.2604e-01 +1.8014e-01 +1.0705e+00 +8.5295e-01 +1.6364e+00 -1.3632e-01 -2.0883e-01 +1.5003e+00 +5.9658e-01 -4.3849e-01 -3.9996e-01 +5.2634e-02 -2.3107e+00 +7.1916e-01 +1.0026e+00 -3.0530e-01 +4.6806e-01 -1.3367e+00 +7.7521e-01
% f evaluations | g evaluations | best noise-free fitness - Fopt (1.000000000000e+03) + sum g_i+ | measured fitness | best measured fitness or single-digit g-values | x1 | x2...
1 0 +1.225229009e+09 +1.225230009e+09 +1.225230009e+09 -4.3834e+00 +4.1217e+00 +3.8931e+00 -3.5550e+00 +1.3616e+00 +4.4280e+00 +2.0307e+00 +2.8429e+00 +1.5931e+00 +3.8962e+00 -3.5289e-01 -2.6920e+00 -4.7538e+00 -1.1623e+00 -1.4775e-01 -3.9141e+00 +2.0572e+00 +3.7403e+00 -3.2560e+00 +4.4763e+00
2 0 +3.162932279e+08 +3.162942279e+08 +3.162942279e+08 +1.6444e+00 +2.1153e+00 -3.3359e+00 -1.6550e+00 +2.6014e-01 -4.0496e-01 +4.9267e+00 +1.5195e+00 -3.2743e+00 -4.1178e+00 -4.9590e+00 +4.0736e-01 +3.3750e+00 -7.0256e-03 +9.3623e-01 +3.8452e+00 +3.5548e-01 +1.9059e-01 +8.1265e-02 -8.2928e-01
7 0 +2.139562123e+08 +2.139572123e+08 +2.139572123e+08 +3.5392e+00 +2.4000e+00 +9.1973e-01 +3.5178e+00 +2.9994e+00 -3.2787e+00 -1.3723e+00 +4.0683e+00 -1.1956e+00 +4.7661e+00 +3.3061e+00 +1.8342e-01 +3.1288e+00 +3.7359e+00 +3.7180e+00 -1.7111e+00 +2.3825e+00 +1.7765e+00 -8.0116e-01 -3.3864e+00
55 0 +1.905985058e+08 +1.905995058e+08 +1.905995058e+08 +3.1726e+00 +2.1060e+00 +7.2389e-01 +3.4379e+00 +2.4724e+00 -3.2424e+00 -1.6122e+00 +3.4005e+00 -7.7197e-01 +4.4194e+00 +2.6543e+00 +3.6165e-01 +2.6466e+00 +3.6422e+00 +3.4525e+00 -1.7099e+00 +2.3010e+00 +1.4229e+00 -4.3253e-01 -3.5125e+00
56 0 +1.608556121e+08 +1.608566121e+08 +1.608566121e+08 +2.6289e+00 +2.2632e+00 -1.1247e+00 +1.0328e+00 +1.6835e+00 -1.8981e+00 +1.6537e+00 +2.8439e+00 -2.1942e+00 +4.9830e-01 -6.6442e-01 +2.9100e-01 +3.2471e+00 +1.9378e+00 +2.3816e+00 +9.5811e-01 +1.4087e+00 +1.0146e+00 -3.7724e-01 -2.1580e+00
59 0 +1.559127557e+08 +1.559137557e+08 +1.559137557e+08 -2.0385e+00 -7.7764e-02 -2.5942e-01 +2.5016e-01 -3.7925e+00 -4.4976e+00 +5.3985e-01 -2.2448e+00 -1.6641e+00 +8.7695e-01 -8.3465e-01 +5.5013e-01 -1.0955e+00 +1.9753e+00 +2.2283e+00 +6.0488e-01 -3.0131e+00 +3.5191e+00 +1.7203e+00 +4.6256e+00
105 0 +1.410776809e+08 +1.410786809e+08 +1.410786809e+08 +9.6159e-01 +1.9834e+00 +1.8761e+00 +3.3101e-01 -3.2221e+00 -4.3186e+00 +3.8997e-01 -1.9531e+00 +5.4295e-01 -5.2494e-01 +9.1346e-01 -1.4286e+00 -7.3103e-01 +3.4826e-02 +3.3243e+00 -1.9293e+00 -1.0422e+00 +1.6926e+00 -1.3311e+00 +1.3435e+00
108 0 +1.255012432e+08 +1.255022432e+08 +1.255022432e+08 +2.6879e+00 +3.6064e+00 +2.7342e+00 +1.8341e+00 -3.4711e+00 -3.3504e+00 -1.2342e+00 -1.2799e+00 +3.1513e+00 +1.1556e+00 +2.0932e+00 +8.8207e-03 +2.2582e-01 -7.7242e-01 +2.5676e+00 -4.8612e-01 +8.7996e-01 +1.0234e-01 -1.4289e-01 +8.6599e-01
252 0 +1.190053882e+08 +1.190063882e+08 +1.190063882e+08 +2.6376e+00 +3.4230e+00 +2.5711e+00 +1.7648e+00 -3.1236e+00 -3.3581e+00 -1.1199e+00 -1.0704e+00 +2.7239e+00 +1.1565e+00 +2.0914e+00 -1.2071e-01 +2.6911e-01 -4.9511e-01 +2.6611e+00 -6.1926e-01 +7.9896e-01 +3.0369e-01 -2.7092e-01 +6.2770e-01
404 0 +1.140585014e+08 +1.140595014e+08 +1.140595014e+08 +3.0045e-01 +1.6483e+00 +2.2530e+00 +3.5368e+00 +7.1465e-01 -2.6968e+00 -1.2220e+00 +1.5419e+00 -5.7372e-01 +3.4138e+00 +7.9258e-01 -7.0488e-01 +3.8529e+00 +3.8644e+00 +3.5834e+00 -2.3376e-01 +2.0866e+00 +3.5928e-01 -4.2268e-01 -2.3842e+00
405 0 +1.065480028e+08 +1.065490028e+08 +1.065490028e+08 -1.5528e+00 +1.2182e+00 +3.0159e+00 +3.5477e+00 -5.9272e-01 -2.3639e+00 -1.1361e+00 +9.6291e-02 -2.1784e-01 +2.6400e+00 -6.4572e-01 -1.2132e+00 +4.2672e+00 +3.9380e+00 +3.5064e+00 +6.1162e-01 +1.9173e+00 -4.5166e-01 -2.0611e-01 -1.8107e+00
502 0 +9.266153892e+07 +9.266253892e+07 +9.266253892e+07 -1.8800e+00 +5.5362e-01 +7.3644e-01 +2.3467e+00 +1.8673e+00 -3.2221e+00 -9.6225e-01 +1.9563e-01 -1.9914e+00 +2.4121e+00 +2.6113e+00 -7.1663e-01 +1.8832e+00 +1.5263e+00 +6.7155e-01 +3.0849e-01 +2.9425e+00 +1.3385e+00 +8.8608e-01 +6.9673e-01
503 0 +9.049218324e+07 +9.049318324e+07 +9.049318324e+07 -1.7440e+00 +6.1957e-01 +8.2088e-01 +2.4144e+00 +1.8048e+00 -3.1933e+00 -9.7691e-01 +2.7975e-01 -1.9092e+00 +2.4725e+00 +2.5117e+00 -7.1373e-01 +1.9952e+00 +1.6618e+00 +8.4221e-01 +2.7214e-01 +2.8916e+00 +1.2842e+00 +8.0764e-01 +5.1575e-01
% f evaluations | g evaluations | best noise-free fitness - Fopt (-6.837000000000e+01) + sum g_i+ | measured fitness | best measured fitness or single-digit g-values | x1 | x2...
1 0 +2.348313638e+09 +2.348313569e+09 +2.348313569e+09 +4.9467e+00 -4.3431e+00 -2.6176e+00 -2.4316e+00 +2.0021e+00 +4.7310e-01 +1.7906e+00 +2.7007e+00 -1.0937e+00 -1.5814e+00 -2.1426e+00 +3.6482e+00 -2.3295e+00 -3.0389e+00 +9.9328e-01 +1.6008e+00 +7.7467e-01 +3.8271e+00 -2.7888e+00 -1.0004e+00
5 0 +1.912386726e+09 +1.912386658e+09 +1.912386658e+09 +1.4437e+00 -4.3331e+00 +1.0188e+00 +3.3683e+00 -1.1776e+00 +2.2827e+00 +3.8367e+00 -2.8997e-02 -3.9943e+00 +3.8000e+00 +4.1986e+00 -4.6987e+00 -3.4730e+00 +4.8366e+00 +3.5424e+00 -4.0033e+00 +1.6384e+00 +1.0419e+00 +1.2302e+00 -4.9276e+00
7 0 +1.404803109e+09 +1.404803041e+09 +1.404803041e+09 -4.9600e+00 +1.5372e+00 -1.0018e+00 +2.1129e+00 +4.6258e-02 -2.0517e+00 -4.1319e+00 -1.1505e+00 +2.8989e+00 -4.9828e+00 +4.6700e+00 +2.1068e+00 -1.6384e+00 +3.1460e+00 +3.5894e-01 +4.4038e+00 -2.1625e+00 +4.6504e+00 +3.7818e+00 +2.7992e-01
12 0 +5.433221146e+08 +5.433220463e+08 +5.433220463e+08 +2.5963e+00 +3.7190e+00 +8.4401e-01 +1.6526e+00 -2.2830e+00 -1.7926e+00 +9.7378e-01 +1.2431e-01 +4.2221e+00 +4.6754e+00 -2.4108e+00 +3.5906e+00 +2.9308e+00 +4.9864e+00 +4.9675e+00 -3.8961e+00 -2.9739e+00 +3.6299e+00 +4.4681e+00 -4.0083e+00
15 0 +3.572578642e+08 +3.572577958e+08 +3.572577958e+08 +7.9496e-01 +4.6295e+00 -2.6596e+00 +3.5255e+00 +3.7867e+00 -3.5433e+00 -1.9271e+00 -2.3260e+00 -2.5524e+00 +4.2875e-01 +1.9903e+00 +3.1787e+00 -4.2383e+00 +1.4283e+00 +1.4511e+00 -3.1953e+00 -3.5325e+00 +2.0491e+00 +4.4077e+00 -3.4460e+00
30 0 +2.282386462e+08 +2.282385779e+08 +2.282385779e+08 +4.3383e+00 +3.1890e+00 -3.9463e+00 +1.4669e+00 +2.0507e+00 -1.1627e+00 +4.3740e+00 -2.9210e+00 +4.3180e+00 +1.3706e+00 +4.5451e+00 +2.8989e+00 +1.6461e+00 +4.0505e+00 +3.9289e+00 -2.7099e+00 -1.0025e+00 -1.5253e+00 -1.9084e+00 +1.2280e-01
57 0 +2.107497959e+08 +2.107497275e+08 +2.107497275e+08 +4.2185e+00 +3.0178e+00 -3.8763e+00 +1.4949e+00 +2.1575e+00 -1.0458e+00 +4.1627e+00 -2.7023e+00 +4.0532e+00 +1.2307e+00 +4.4835e+00 +2.8359e+00 +1.5123e+00 +3.9062e+00 +3.6759e+00 -2.7034e+00 -7.8535e-01 -1.2966e+00 -1.6911e+00 -2.3812e-02
258 0 +1.584412346e+08 +1.584411662e+08 +1.584411662e+08 +1.6491e+00 +2.5550e+00 -1.9295e+00 +1.2869e+00 +1.1928e+00 -7.6048e-01 +1.9623e+00 -2.0840e+00 +3.3455e+00 -8.7710e-01 +3.7860e+00 +2.4748e+00 +1.8913e-01 +3.8322e+00 +1.7723e+00 -7.7914e-01 -1.5636e+00 +6.8233e-01 +4.4683e-01 -4.8753e-01
% f evaluations | g evaluations | best noise-free fitness - Fopt (-5.548000000000e+01) + sum g_i+ | measured fitness | best measured fitness or single-digit g-values | x1 | x2...
1 0 +4.069626913e+08 +4.069626358e+08 +4.069626358e+08 +2.2047e+00 +1.8955e+00 -8.5869e-01 +1.1123e+00 +1.2324e-01 -4.3959e-01 -1.2716e+00 +2.3363e+00 -2.4625e+00 -2.7425e+00 +1.0744e+00 +3.0886e+00 +6.7133e-01 -2.5189e+00 -2.0800e+00 -4.8453e+00 -1.4617e+00 +4.1766e+00 -3.9111e+00 +1.9559e+00
4 0 +2.695602415e+08 +2.695601860e+08 +2.695601860e+08 +5.7688e-01 -7.2904e-01 +3.6090e+00 +2.6068e+00 -1.7796e+00 -1.2951e+00 -2.8314e+00 -3.0069e+00 +1.3826e+00 -1.3678e+00 +2.6155e+00 +3.1004e-01 +2.6782e+00 +2.5148e+00 -1.4016e+00 +7.0926e-01 +1.7502e+00 +4.3820e+00 +4.5614e+00 -4.8145e+00
33 0 +2.499115032e+08 +2.499114478e+08 +2.499114478e+08 -5.6208e-01 +4.0318e+00 +1.9414e+00 -1.7305e+00 +3.8445e+00 +1.0207e+00 +3.6230e+00 -1.6347e+00 +2.5446e+00 -2.0188e+00 -3.9758e+00 +2.9366e+00 -1.0278e-01 -3.2222e+00 +5.5881e-01 -3.3313e+00 +2.8012e+00 +1.0532e+00 -2.2757e+00 -3.9736e+00
52 0 +1.288751851e+08 +1.288751296e+08 +1.288751296e+08 -5.1817e-01 -2.1278e+00 +1.8111e+00 -7.4406e-01 -1.1813e+00 -6.5243e-01 +1.9025e-02 -2.7981e+00 -1.5500e+00 +1.4272e+00 +1.5461e+00 -6.3712e-01 +2.3550e+00 +2.6705e+00 +9.3455e-01 +1.9028e+00 -1.2933e-01 +1.6768e+00 +4.4759e+00 -4.4210e+00
53 0 +1.254164652e+08 +1.254164098e+08 +1.254164098e+08 -5.8954e-01 -2.2190e+00 +1.6939e+00 -9.6246e-01 -1.1423e+00 -6.1054e-01 +2.0481e-01 -2.7845e+00 -1.7411e+00 +1.6093e+00 +1.4764e+00 -6.9885e-01 +2.3340e+00 +2.6807e+00 +1.0868e+00 +1.9806e+00 -2.5183e-01 +1.5004e+00 +4.4704e+00 -4.3954e+00
102 0 +9.093021198e+07 +9.093015650e+07 +9.093015650e+07 -5.4398e-01 -1.7254e+00 +4.0669e-01 -4.0787e-01 +1.5335e-01 +4.0633e-01 -5.4785e-01 -2.8847e+00 -1.5470e+00 +8.6643e-01 +2.1009e+00 -3.1783e-01 +1.5960e+00 +2.6432e+00 +1.9170e+00 +5.1677e-01 -8.5257e-01 +2.2062e+00 +3.3764e+00 -3.7545e+00
452 0 +8.555147206e+07 +8.555141658e+07 +8.555141658e+07 -5.7791e-01 +4.2894e-01 +1.7987e+00 -1.2878e+00 +9.7021e-01 +8.0477e-02 +1.6528e+00 -2.2974e+00 +7.4402e-02 +7.2386e-02 -8.3325e-01 +8.4118e-01 +1.3017e+00 +1.8013e-01 +8.6314e-01 -2.6962e-01 +1.0415e+00 +1.3110e+00 +1.6126e+00 -4.2167e+00
556 0 +8.003168514e+07 +8.003162966e+07 +8.003162966e+07 -7.0278e-01 +8.2333e-02 +1.9344e+00 -1.2865e+00 +9.8930e-01 -2.6488e-01 +1.0533e+00 -1.9396e+00 +1.9495e-01 +1.6113e-01 -9.5714e-01 +7.2081e-01 +7.2874e-01 -5.0980e-02 +1.0066e+00 -2.9099e-01 +1.3025e+00 +1.5220e+00 +1.3100e+00 -4.0211e+00
% f evaluations | g evaluations | best noise-free fitness - Fopt (-5.349000000000e+01) + sum g_i+ | measured fitness | best measured fitness or single-digit g-values | x1 | x2...
1 0 +2.129517977e+09 +2.129517924e+09 +2.129517924e+09 +4.4689e+00 -4.4330e+00 +1.8285e+00 -1.9761e+00 +1.2815e+00 +3.3604e+00 +2.3927e+00 +3.9343e+00 +1.5605e+00 -1.4670e-01 +8.2749e-01 +4.9045e-01 -4.0543e+00 -4.7411e+00 -2.5409e+00 +1.8613e+00 +2.9841e+00 +3.2139e+00 +4.9512e+00 +8.9211e-01
2 0 +1.224633974e+09 +1.224633921e+09 +1.224633921e+09 +2.5399e+00 +5.7952e-01 +1.8391e+00 +4.4479e+00 +2.3813e+00 +2.2247e+00 -2.9051e+00 -4.2847e+00 +1.9333e+00 -2.0178e+00 -6.3107e-01 +1.8614e+00 +1.3245e+00 -1.0744e+00 -2.4115e+00 +2.4913e-01 +4.6458e+00 -3.1714e+00 +1.7220e+00 +1.4715e+00
4 0 +4.014137748e+08 +4.014137213e+08 +4.014137213e+08 -4.4923e+00 -1.1947e+00 +3.5054e+00 +3.6369e+00 -1.9424e+00 -3.5597e+00 -4.2321e+00 +3.5471e+00 -2.2993e+00 -2.1718e+00 -1.2385e+00 -1.4917e+00 +7.8425e-02 -4.9669e+00 +1.3523e-02 -3.2992e+00 -3.3424e+00 -8.8746e-01 +4.1545e+00 -4.9003e-02
13 0 +2.074979114e+08 +2.074978579e+08 +2.074978579e+08 +4.2998e+00 -1.1716e+00 -4.4362e-01 +4.8075e+00 +1.9357e+00 +1.7929e+00 -2.6430e+00 -1.5076e+00 -1.6154e+00 -1.6993e+00 -4.2805e+00 +6.9010e-01 +3.1950e+00 +1.7803e+00 +3.2799e+00 +7.4739e-01 +9.5430e-01 -9.7039e-01 +2.4094e+00 +2.2298e+00
19 0 +1.438571436e+08 +1.438570901e+08 +1.438570901e+08 +3.2811e+00 -2.5280e+00 -9.1519e-01 -1.3818e+00 +4.8256e+00 -3.3584e+00 -6.9133e-01 +4.5590e+00 -1.1063e+00 -1.3164e+00 -2.6219e+00 -1.0260e+00 -3.9659e+00 +1.0365e+00 +1.6283e+00 -2.4375e+00 +8.8971e-01 +2.4150e+00 -1.8478e+00 +1.6640e+00
108 0 +1.255014803e+08 +1.255014268e+08 +1.255014268e+08 +3.5747e+00 -1.9602e+00 -1.0263e+00 -9.1126e-01 +4.7745e+00 -2.4717e+00 -1.8034e-01 +3.8501e+00 -3.0988e-01 -6.6473e-01 -1.9485e+00 -3.2475e-01 -2.5426e+00 +5.5951e-01 +1.5974e+00 -2.0276e+00 -9.3478e-02 +2.2385e+00 -2.0484e+00 +1.0964e+00
157 0 +1.203386251e+08 +1.203385716e+08 +1.203385716e+08 +3.2257e+00 -2.4609e+00 -6.6844e-01 -7.6986e-01 +2.3823e+00 -1.5908e+00 +7.1882e-01 +3.9158e+00 +3.6844e-01 +2.5833e-01 -5.8834e-01 +5.8910e-02 -1.6912e+00 +1.1282e+00 +9.1955e-01 -8.2285e-01 +5.2116e-01 +7.4738e-01 -1.0947e+00 +5.9500e-01
204 0 +1.183169052e+08 +1.183168517e+08 +1.183168517e+08 +5.4195e-01 +2.9393e-02 +8.0672e-01 -2.6299e-01 +1.9910e+00 +5.5143e-01 -1.4923e+00 +2.1957e+00 -8.7135e-01 -2.0250e+00 +1.7444e+00 +9.5502e-01 -1.3026e+00 -1.0977e+00 -6.6578e-01 -2.6070e-01 +6.5672e-01 -1.5140e+00 -1.9846e+00 +2.4838e-01
252 0 +1.133248996e+08 +1.133248461e+08 +1.133248461e+08 +2.0407e+00 -2.7894e+00 +5.3397e-01 -7.9382e-01 +1.8788e+00 -1.6610e+00 -8.9821e-01 +3.0099e+00 -9.2843e-01 -6.7866e-01 -1.1669e+00 +1.4273e-01 -2.0548e+00 -1.4646e-01 +4.4902e-02 -1.3702e+00 -2.0661e-01 +8.7411e-01 -1.8716e+00 +6.5689e-01
308 0 +1.118185294e+08 +1.118184759e+08 +1.118184759e+08 +1.7169e+00 -2.8704e+00 +4.3132e-01 -6.8733e-01 +1.8745e+00 -1.6645e+00 -6.5080e-01 +2.7319e+00 -1.0421e+00 -6.5648e-01 -9.7837e-01 +3.5633e-01 -1.7315e+00 +3.2971e-02 +3.4328e-02 -1.5070e+00 -1.2515e-01 +7.1718e-01 -1.6959e+00 +6.8901e-01
356 0 +1.047632765e+08 +1.047632230e+08 +1.047632230e+08 +7.1990e-01 -3.1513e+00 -1.0831e+00 -4.7655e-01 +3.7679e+00 -2.7883e+00 +8.6199e-01 +2.1906e+00 -1.7910e+00 -9.4774e-01 -8.7453e-01 +7.8599e-01 -1.1731e+00 +1.8021e+00 +1.0053e+00 -2.9632e+00 +1.0418e+00 +8.4528e-01 -7.0196e-01 +1.5230e+00
458 0 +8.205653070e+07 +8.205647721e+07 +8.205647721e+07 +1.3658e+00 -1.3743e+00 -1.4322e-01 -6.2597e-01 +3.3719e+00 -1.9324e+00 -9.9701e-01 +2.7833e+00 -1.5011e+00 -1.8018e+00 -6.6076e-01 +1.6326e-01 -2.2534e+00 -8.6973e-02 +4.2755e-01 -1.8306e+00 +5.8366e-01 +7.3230e-01 -1.5651e+00 +1.2368e+00
459 0 +8.020602600e+07 +8.020597251e+07 +8.020597251e+07 +6.1294e-01 -9.2086e-01 +1.6022e-01 -3.2886e-01 +2.8004e+00 -1.3719e+00 -1.1172e+00 +2.0853e+00 -1.6562e+00 -1.9927e+00 +1.1009e-01 +6.3073e-01 -1.5802e+00 -5.2858e-01 -4.4402e-02 -1.5920e+00 +4.6336e-01 +7.0883e-02 -1.4540e+00 +1.0689e+00
511 0 +7.492816733e+07 +7.492811384e+07 +7.492811384e+07 +6.1294e-01 -9.2086e-01 +1.6022e-01 -3.2886e-01 +1.5365e+00 -1.3719e+00 -1.1172e+00 +2.0853e+00 -1.6562e+00 -1.9927e+00 +1.1009e-01 +6.3073e-01 -1.5802e+00 -5.2858e-01 -4.4402e-02 -1.5920e+00 +4.6336e-01 +7.0883e-02 -1.4540e+00 +1.0689e+00
% f evaluations | g evaluations | best noise-free fitness - Fopt (1.172700000000e+02) + sum g_i+ | measured fitness | best measured fitness or single-digit g-values | x1 | x2...
1 0 +1.842506970e+10 +1.842506982e+10 +1.842506982e+10 +4.7374e+00 -1.4456e+00 +1.7881e+00 -2.9442e+00 +1.1420e+00 -3.5444e+00 +4.1274e+00 -4.8248e+00 +3.0560e+00 +1.3624e+00 -7.7598e-01 -1.9803e+00 -9.0290e-01 +2.5362e+00 -4.7816e+00 -2.1903e+00 +2.1260e+00 +2.9525e+00 +1.8177e+00 -9.7190e-01
2 0 +1.303236783e+09 +1.303236900e+09 +1.303236900e+09 +3.2348e+00 -4.7972e+00 +2.7884e+00 +4.7992e+00 -4.7199e+00 +2.2578e+00 +4.0134e+00 -2.4719e-01 +1.2414e+00 -3.8726e+00 -2.9516e-01 +3.3852e+00 +4.4135e+00 -2.2453e+00 -2.8112e+00 -3.2712e+00 -4.1929e+00 -3.3260e+00 -3.0561e+00 -2.4610e+00
5 0 +9.845279368e+08 +9.845280541e+08 +9.845280541e+08 -4.1844e-01 +1.3811e-01 -3.5934e+00 +3.4083e+00 +9.1755e-01 +2.6908e+00 -3.7607e-01 -2.0393e+00 +4.7154e+00 -4.4814e+00 +2.1833e-01 +4.7952e+00 -4.2310e+00 -3.3645e+00 -1.4998e+00 +1.7116e+00 -3.3677e+00 -1.0175e-01 -2.8296e+00 -3.6245e-01
12 0 +9.732062400e+08 +9.732063573e+08 +9.732063573e+08 +1.0665e+00 -3.7065e+00 -2.9118e+00 -3.9011e+00 +4.4741e+00 +9.7573e-01 -1.3320e+00 +3.5653e+00 +2.4823e+00 -3.7400e+00 +4.2793e+00 +2.7731e+00 -1.0851e-01 -1.9677e+00 -3.7695e+00 +2.7646e+00 +1.1335e+00 +1.7829e+00 -3.6394e+00 -1.4039e+00
18 0 +2.001894176e+08 +2.001895348e+08 +2.001895348e+08 +1.3731e+00 -3.2114e-01 -2.8560e+00 +4.1887e+00 -1.3396e+00 -2.2622e+00 +1.2282e-01 +4.2448e+00 +1.2585e+00 +1.9955e+00 -3.9198e+00 -1.6699e+00 +4.5234e+00 -4.0687e-01 +2.4719e+00 +1.9557e+00 +2.2590e-01 +3.6104e+00 +2.0619e+00 -1.7205e+00
29 0 +1.854832851e+08 +1.854834024e+08 +1.854834024e+08 +4.2112e+00 -3.8463e+00 -2.0431e-01 -2.7968e+00 +1.6016e+00 -2.4784e+00 +4.1323e+00 +1.0878e-02 +2.8821e+00 +4.8762e+00 +1.1616e+00 +7.5705e-01 +2.5820e+00 -9.9566e-01 +4.8527e+00 +2.0640e-01 -1.6143e+00 +2.9844e+00 -1.1770e+00 -2.0581e-01
104 0 +1.354597362e+08 +1.354598534e+08 +1.354598534e+08 +3.7314e+00 -3.3246e-01 +1.4205e+00 -7.1153e-01 -9.9764e-01 +7.4705e-02 +2.6049e-01 -7.6534e-01 +1.1915e-01 +1.8529e+00 +1.0300e+00 -2.0103e+00 +3.0179e+00 -8.5411e-01 -2.0791e-01 +9.2649e-01 +8.4840e-01 +8.9658e-01 +1.9698e+00 +2.1542e+00
105 0 +1.182085375e+08 +1.182086548e+08 +1.182086548e+08 +3.8113e+00 -9.1733e-01 +1.1500e+00 -1.0586e+00 -5.6499e-01 -3.5026e-01 +9.0495e-01 -6.3614e-01 +5.7905e-01 +2.3562e+00 +1.0519e+00 -1.5496e+00 +2.9453e+00 -8.7767e-01 +6.3443e-01 +8.0663e-01 +4.3849e-01 +1.2441e+00 +1.4460e+00 +1.7614e+00
% f evaluations | g evaluations | best noise-free fitness - Fopt (7.789000000000e+01) + sum g_i+ | measured fitness | best measured fitness or single-digit g-values | x1 | x2...
1 0 +6.032751403e+08 +6.032752182e+08 +6.032752182e+08 -4.9777e+00 -1.2564e+00 +1.6844e+00 +4.4434e+00 -4.3758e-01 +1.9476e+00 +1.4216e+00 -3.9335e+00 +3.6954e+00 +5.5800e-01 -2.9138e+00 +4.6860e+00 +3.0946e-01 -1.3830e+00 -9.9677e-01 +2.6826e+00 +2.6829e+00 +3.3239e+00 -1.8030e+00 +6.5761e-01
10 0 +3.131448259e+08 +3.131449038e+08 +3.131449038e+08 +7.2827e-02 +3.0015e+00 +4.5181e+00 +2.3944e+00 +1.5739e+00 -3.3975e+00 +1.8839e+00 +1.7696e+00 +1.4718e+00 +4.5655e+00 -4.8598e+00 -1.8123e+00 +3.0366e+00 +3.2567e+00 -2.3839e+00 -1.9353e+00 +6.2761e-01 -2.5048e+00 +2.6797e+00 -2.5179e+00
22 0 +2.878623529e+08 +2.878624308e+08 +2.878624308e+08 -4.6210e+00 +4.0486e+00 +3.4087e+00 +4.8403e+00 +2.5560e+00 +6.8288e-01 +3.1492e+00 -4.5737e+00 +4.1129e+00 +5.3393e-01 +2.5933e+00 +1.8861e+00 +6.9410e-01 -2.4097e+00 +2.7797e+00 -4.0183e+00 +9.6605e-02 +3.2648e+00 -3.6878e+00 -2.2550e+00
53 0 +2.269958458e+08 +2.269959237e+08 +2.269959237e+08 +1.4180e-01 +2.3878e+00 +1.1864e+00 +5.8376e-01 -8.8747e-01 -1.4403e+00 -1.5035e+00 -2.8334e+00 -1.9921e+00 +4.8703e-01 +2.9748e+00 +1.7569e+00 +3.1744e+00 +2.3483e+00 +1.3113e+00 -8.3373e-02 -1.6560e-01 +1.3090e+00 -3.0876e-01 -4.6068e-01
102 0 +1.793686062e+08 +1.793686841e+08 +1.793686841e+08 -6.2069e-01 +2.6537e+00 +1.5421e+00 +1.2652e+00 -3.3620e-01 -1.1004e+00 -7.5861e-01 -3.1120e+00 -1.0148e+00 +4.9453e-01 +2.9137e+00 +1.7776e+00 +2.7773e+00 +1.5866e+00 +1.5464e+00 -7.1333e-01 -1.2362e-01 +1.6221e+00 -8.4972e-01 -7.4793e-01
607 0 +1.756931049e+08 +1.756931828e+08 +1.756931828e+08 -1.9766e+00 +2.1800e+00 +2.0330e+00 +2.2401e+00 +1.4365e+00 +5.8501e-01 +9.6527e-01 -2.6171e+00 +2.1545e+00 +3.5664e-01 +2.0501e+00 +1.1698e+00 +1.7904e+00 -1.7301e+00 +2.2521e+00 -1.1258e+00 +2.6333e-01 +2.4273e+00 -2.1467e+00 -5.4906e-01
752 0 +1.711058312e+08 +1.711059091e+08 +1.711059091e+08 -3.2993e+00 +2.3142e+00 +2.0669e+00 +2.7727e+00 +1.6215e+00 -4.8198e-01 +2.3604e+00 -2.2989e+00 +1.4300e+00 +2.7669e-01 +1.1991e+00 +1.1731e+00 +5.7442e-01 -9.8873e-01 +1.5167e+00 -2.4989e+00 -9.0725e-01 +2.8243e+00 -2.9254e+00 -1.9793e+00
1110 0 +1.679734628e+08 +1.679735407e+08 +1.679735407e+08 -1.9615e+00 +2.1984e+00 +1.3967e+00 +1.7091e+00 +1.2257e+00 -7.7234e-01 +1.4469e+00 -2.0951e+00 +4.7101e-01 -7.8603e-02 +1.4493e+00 +9.3621e-01 +1.6137e+00 -1.9724e-01 +1.2679e+00 -1.0755e-01 -2.0358e-01 +2.2325e+00 -1.8067e+00 -1.4342e+00
