% f evaluations | g evaluations | best noise-free fitness - Fopt (-4.620900000000e+02) + sum g_i+ | measured fitness | best measured fitness or single-digit g-values | x1 | x2...
1 0 +7.661758060e+03 +7.199668060e+03 +7.199668060e+03 +1.5917e+00 +2.5429e+00 -3.9950e+00 +1.7463e+00 +3.7511e+00 -4.6626e+00 +3.6468e+00 -4.5092e+00 -3.7338e+00 -1.4432e+00 -1.0023e+00 -1.2424e+00 +1.2700e+00 -1.1774e+00 -3.5925e+00 -2.3884e+00 +2.8174e+00 -3.8856e+00 -1.8477e+00 -4.6452e+00
3 0 +1.376869556e+03 +9.147795559e+02 +9.147795559e+02 -4.3013e+00 -3.2477e+00 +2.4803e+00 +1.1757e+00 +2.8685e+00 +5.4399e-01 -6.0137e-01 +2.1926e+00 +2.6514e+00 +9.3672e-01 -4.5416e+00 -4.3602e+00 -3.1193e-01 -4.3213e+00 -1.3744e+00 -4.8247e+00 -4.3569e+00 +4.8621e+00 -4.4527e+00 +6.1745e-01
52 0 +1.155923134e+03 +6.938331341e+02 +6.938331341e+02 +1.8705e+00 +5.3468e-01 -2.3881e+00 +2.0617e+00 +1.1635e+00 -1.7926e+00 -3.3883e+00 -3.9606e+00 +7.9813e-01 -5.6750e-02 +1.1553e+00 -3.2571e+00 -3.8611e+00 +2.1434e+00 +2.0891e+00 -4.6859e+00 -1.2639e+00 -2.0169e+00 +2.0567e+00 +2.9542e-01
57 0 +1.000202172e+03 +5.381121722e+02 +5.381121722e+02 +6.2923e-01 -4.7106e-01 -1.5183e+00 +4.2841e-01 -1.0658e-01 -1.7105e+00 -4.0862e+00 +3.9192e+00 +2.1675e+00 -2.3286e+00 -2.9417e+00 -3.9880e-01 +3.3211e-01 -1.0456e+00 +1.4264e+00 +1.5413e+00 -9.8085e-01 -1.7515e+00 -9.7606e-01 +1.4322e+00
256 0 +7.623093917e+02 +3.002193917e+02 +3.002193917e+02 +4.9187e-01 +2.1862e+00 +2.3861e+00 -1.1762e+00 +1.7642e+00 -2.6937e-01 -1.6660e+00 -2.6900e+00 +1.4649e+00 +2.8250e+00 -3.9914e-02 +2.6801e+00 -1.3166e+00 -3.6982e-01 -1.6953e+00 -1.8650e+00 -1.5311e+00 +2.7588e+00 +3.2640e+00 +1.7591e+00
% f evaluations | g evaluations | best noise-free fitness - Fopt (7.766000000000e+01) + sum g_i+ | measured fitness | best measured fitness or single-digit g-values | x1 | x2...
1 0 +1.668140570e+04 +1.675906570e+04 +1.675906570e+04 +1.3349e+00 -2.2626e+00 -2.3552e+00 +4.8281e+00 -1.4296e+00 +2.1529e+00 +4.1949e+00 +4.2189e+00 -2.1444e+00 +4.8182e+00 +1.9877e+00 +9.2399e-01 +4.7839e+00 +1.5466e+00 -2.5611e+00 +4.1863e+00 -1.6272e+00 -2.3046e+00 +4.9687e+00 -3.1473e+00
3 0 +5.651160900e+03 +5.728820900e+03 +5.728820900e+03 -4.2007e-01 +3.2231e+00 +3.1695e+00 -3.3541e+00 +2.9777e+00 -3.8512e+00 +2.1734e+00 -4.4954e+00 +2.3471e+00 -3.3332e+00 +2.1155e+00 +4.0286e+00 +1.6752e+00 +4.0950e+00 +1.2093e+00 -3.1635e+00 +1.9195e+00 +2.1345e+00 +1.2318e+00 -4.3520e+00
4 0 +1.498161915e+03 +1.575821915e+03 +1.575821915e+03 +2.4617e+00 +1.4718e+00 -9.1466e-01 -3.9250e+00 -2.1532e+00 -2.8298e-01 -3.0287e-01 +2.2972e+00 -1.3273e+00 -3.0544e+00 +1.7915e+00 -4.8629e+00 -2.0613e+00 -4.0570e+00 +3.1965e+00 -4.1045e+00 -4.3314e+00 -3.8933e+00 -2.5446e+00 +2.3096e+00
52 0 +1.061517998e+03 +1.139177998e+03 +1.139177998e+03 +1.6769e+00 +2.1558e+00 -1.4457e+00 -3.6348e+00 -4.1592e-01 -1.4073e+00 -7.4420e-01 +1.8552e+00 -2.0984e-01 -2.2636e+00 +1.3916e+00 -2.4165e+00 -1.5793e+00 -3.8365e+00 +8.9412e-01 -1.5924e+00 -3.0112e+00 -2.1738e+00 -3.2219e+00 +1.7646e+00
158 0 +9.821393848e+02 +1.059799385e+03 +1.059799385e+03 +2.7427e+00 +1.0784e+00 +7.1353e-01 -1.1230e+00 -1.6064e+00 -8.3018e-01 -2.7033e-01 -9.0466e-02 -2.1164e+00 -2.8984e+00 +1.3911e+00 -1.7721e+00 -9.3405e-01 -2.8100e+00 +2.9223e+00 -1.4721e+00 -3.8669e+00 -3.1269e+00 -1.4795e+00 +2.2393e+00
208 0 +8.036199223e+02 +8.812799223e+02 +8.812799223e+02 +1.0974e+00 +2.5053e-01 -8.5915e-02 -3.0241e+00 -2.8706e-01 +7.1939e-01 -6.3587e-01 +1.3778e+00 -1.1716e-01 -1.9379e+00 +3.6538e-01 -2.0154e+00 -2.1867e+00 -2.0142e+00 +7.8819e-01 -9.8977e-01 -2.4651e+00 -1.8149e+00 +8.4233e-01 +2.1376e+00
253 0 +7.743842777e+02 +8.520442777e+02 +8.520442777e+02 +1.0092e+00 +2.3587e-02 +2.1775e-02 -2.8979e+00 -1.8496e-01 +7.5452e-01 -5.9000e-01 +1.3566e+00 -1.0999e-01 -1.9180e+00 +2.4400e-01 -1.7206e+00 -2.1743e+00 -1.7667e+00 +5.8301e-01 -5.8093e-01 -2.2011e+00 -1.6408e+00 +1.1931e+00 +2.1443e+00
356 0 +6.997246229e+02 +7.773846229e+02 +7.773846229e+02 +1.0418e+00 -5.9922e-01 +2.2518e-01 -2.5797e+00 -2.7988e-01 +6.2735e-01 -2.6725e-01 +1.4448e+00 -4.1083e-01 -2.0986e+00 +8.9796e-02 -1.2179e+00 -2.0338e+00 -1.2727e+00 +3.8827e-01 +2.3268e-01 -1.5798e+00 -1.4783e+00 +1.7294e+00 +2.2166e+00
452 0 +6.645198053e+02 +7.421798053e+02 +7.421798053e+02 +1.7762e+00 -8.0042e-01 +6.4401e-01 -8.4708e-01 -9.7596e-01 -1.6770e-02 +2.0855e-01 +3.0090e-01 -5.1262e-01 -1.6422e+00 +7.0056e-01 -1.1715e+00 -2.0115e+00 -6.7785e-01 +1.3403e+00 +2.3259e-01 -8.5167e-01 -9.0855e-01 +6.1816e-01 +2.0380e+00
502 0 +6.474506759e+02 +7.251106759e+02 +7.251106759e+02 +1.3874e+00 -4.3259e-01 -3.2280e-01 -1.8551e+00 -8.0407e-01 +6.4721e-01 +3.6571e-01 +1.8343e+00 -8.0708e-01 -1.6324e+00 +5.6327e-01 -1.5161e+00 -1.1068e+00 -1.3993e+00 +5.5844e-01 -1.5989e-01 -2.0283e+00 -2.0217e+00 +1.4323e+00 +1.6003e+00
1008 0 +6.182529873e+02 +6.959129873e+02 +6.959129873e+02 +1.3658e+00 -3.3453e-01 +2.5635e-01 -8.4600e-01 -8.8176e-01 +1.5203e-02 +2.5980e-01 +8.0972e-01 -6.9820e-01 -1.5486e+00 +6.8005e-01 -1.4731e+00 -1.0992e+00 -1.0498e+00 +1.2568e+00 -1.3678e-01 -1.2529e+00 -1.1021e+00 +7.6030e-01 +1.4648e+00
1009 0 +5.846726785e+02 +6.623326785e+02 +6.623326785e+02 +1.6186e+00 -4.2802e-01 -5.0468e-01 -6.6073e-01 -1.2571e+00 +1.3273e-01 +8.5793e-01 +1.5665e+00 -1.0466e+00 -1.1191e+00 +1.0589e+00 -1.7776e+00 -3.8185e-01 -1.2289e+00 +1.0850e+00 -6.8500e-01 -1.9778e+00 -1.9864e+00 +9.8006e-01 +9.1977e-01
% f evaluations | g evaluations | best noise-free fitness - Fopt (1.156800000000e+02) + sum g_i+ | measured fitness | best measured fitness or single-digit g-values | x1 | x2...
1 0 +1.699283994e+03 +1.814963994e+03 +1.814963994e+03 -4.1248e+00 -3.0897e+00 -4.4029e+00 +1.5426e+00 -1.1813e+00 +3.8477e+00 -1.4542e+00 +3.5581e+00 -1.8281e-01 +4.3508e+00 -1.9064e+00 -2.7255e+00 -4.5075e-01 -2.1290e+00 -4.0861e+00 +2.2025e+00 -4.8704e+00 -1.7178e+00 +8.6210e-01 +4.2822e+00
4 0 +1.213503525e+03 +1.329183525e+03 +1.329183525e+03 -3.8884e-02 -1.4325e+00 -3.2782e+00 +4.7882e-01 +3.1478e+00 +2.7775e+00 +1.5652e+00 +2.1993e+00 +4.5634e+00 -4.4420e+00 +2.5724e-01 -2.3678e+00 +4.2522e+00 +1.4694e+00 +1.1198e+00 +3.8150e+00 -3.0488e-01 -2.5258e+00 +1.2760e+00 -2.6193e+00
9 0 +1.165325543e+03 +1.281005543e+03 +1.281005543e+03 -2.3628e+00 +3.8871e+00 -1.1653e+00 +1.7440e+00 -2.1450e+00 -2.1868e+00 +2.8298e+00 +2.8125e+00 -4.6779e+00 -2.6411e+00 +3.2675e+00 -3.7623e+00 +1.5924e+00 -4.7345e+00 +3.8729e-01 +3.4331e+00 -8.5853e-01 -2.1913e+00 +3.3409e+00 +3.2557e+00
32 0 +1.089188561e+03 +1.204868561e+03 +1.204868561e+03 +1.6274e+00 -1.4935e+00 -3.2655e+00 +4.6153e-01 +2.3796e-01 +2.7408e+00 -4.3456e+00 +4.3513e+00 +6.2778e-01 +1.0975e-01 +3.1695e-01 +3.1567e+00 -2.6271e+00 -2.0386e+00 +6.9528e-01 -4.5559e-01 -3.2044e+00 +9.6017e-01 +4.0420e-01 +1.2829e+00
41 0 +9.577341532e+02 +1.073414153e+03 +1.073414153e+03 +1.6059e+00 -3.4882e+00 -1.5436e+00 -6.9296e-01 -8.0534e-01 -2.2568e+00 +1.6953e+00 +2.0756e+00 +4.7739e+00 -4.1447e+00 -1.2547e+00 +2.4851e+00 -1.5636e+00 +4.3425e-01 -4.8659e-01 -4.2605e+00 -1.0637e+00 +4.7713e+00 +2.0462e+00 -1.7160e+00
54 0 +9.106954394e+02 +1.026375439e+03 +1.026375439e+03 +1.6064e+00 -3.4418e+00 -1.5836e+00 -6.6612e-01 -7.8109e-01 -2.1407e+00 +1.5549e+00 +2.1285e+00 +4.6776e+00 -4.0458e+00 -1.2182e+00 +2.5007e+00 -1.5883e+00 +3.7678e-01 -4.5912e-01 -4.1720e+00 -1.1135e+00 +4.6827e+00 +2.0080e+00 -1.6463e+00
56 0 +8.748680674e+02 +9.905480674e+02 +9.905480674e+02 -1.2524e-01 -9.3494e-01 -3.3461e+00 -1.7273e-01 +3.1451e+00 +2.6380e+00 +1.6267e+00 +1.7622e+00 +4.0116e+00 -4.2396e+00 -3.2014e-01 -1.5067e+00 +3.9303e+00 +1.0327e+00 +1.1064e+00 +2.7402e+00 -9.6576e-01 -1.4964e+00 +1.7852e+00 -2.9425e+00
204 0 +7.075609173e+02 +8.232409173e+02 +8.232409173e+02 +1.6279e+00 -3.0961e+00 -1.7452e+00 -6.9226e-01 -6.5594e-01 -1.9386e+00 +1.6975e+00 +1.9497e+00 +4.1732e+00 -4.0799e+00 -1.0693e+00 +2.2357e+00 -1.3589e+00 +1.9861e-01 -7.2228e-01 -4.0664e+00 -1.1381e+00 +4.5477e+00 +2.2424e+00 -1.4934e+00
256 0 +6.155009625e+02 +7.311809625e+02 +7.311809625e+02 +1.6955e+00 -1.8923e+00 -2.3643e+00 -6.9010e-01 -1.9723e-01 -9.6160e-01 +1.7044e+00 +1.5633e+00 +2.3286e+00 -3.8807e+00 -5.0002e-01 +1.4699e+00 -7.3031e-01 -5.2491e-01 -1.4460e+00 -3.4707e+00 -1.3666e+00 +3.8613e+00 +2.8447e+00 -8.0991e-01
559 0 +5.988228355e+02 +7.145028355e+02 +7.145028355e+02 +1.4303e+00 -3.0453e+00 -1.1475e+00 -2.9086e-01 -9.1871e-01 -1.2098e+00 +1.6955e+00 +1.1503e+00 +3.5804e+00 -3.7991e+00 -7.3640e-01 +1.7092e+00 -1.8843e+00 +5.6369e-01 +3.7856e-01 -2.9342e+00 -8.4332e-01 +4.4706e+00 +2.3531e+00 -1.1490e+00
610 0 +5.866818605e+02 +7.023618605e+02 +7.023618605e+02 +1.4303e+00 -3.0453e+00 -1.1475e+00 -2.9086e-01 -9.1871e-01 -1.2098e+00 +1.6955e+00 +1.1503e+00 +3.5804e+00 -3.7991e+00 -7.3640e-01 +1.7092e+00 -1.8843e+00 +5.6369e-01 +3.7856e-01 -2.9342e+00 -5.0247e-02 +4.4706e+00 +2.3531e+00 -1.1490e+00
707 0 +5.739216323e+02 +6.896016323e+02 +6.896016323e+02 +1.3852e+00 -2.9317e+00 -1.0459e+00 -1.8769e-01 -9.4780e-01 -9.4117e-01 +1.6956e+00 +9.1291e-01 +3.2741e+00 -3.7105e+00 -6.0341e-01 +1.5101e+00 -1.9666e+00 +5.9691e-01 +4.9519e-01 -2.5939e+00 -7.8677e-01 +4.3935e+00 +2.4319e+00 -1.0036e+00
857 0 +5.561533699e+02 +6.718333699e+02 +6.718333699e+02 +1.3743e+00 -3.0312e+00 -8.2931e-01 -6.1468e-01 -6.6304e-01 -5.4761e-01 +1.3522e+00 +7.8083e-01 +3.2207e+00 -3.0934e+00 -5.0674e-01 +1.3355e+00 -2.0700e+00 +5.8312e-01 +3.8947e-01 -2.4977e+00 +4.5108e-01 +4.3334e+00 +1.7863e+00 -1.0523e+00
1408 0 +5.278804356e+02 +6.435604356e+02 +6.435604356e+02 +1.3646e+00 -2.9700e+00 -6.5104e-01 -6.9245e-01 -5.3897e-01 -7.7940e-02 +8.3116e-01 +4.7826e-01 +2.9054e+00 -2.7447e+00 -7.2751e-01 +8.8521e-01 -2.1876e+00 +6.5570e-01 +5.9736e-01 -2.0883e+00 +8.0772e-02 +4.2969e+00 +1.5236e+00 -9.5397e-01
% f evaluations | g evaluations | best noise-free fitness - Fopt (-3.710000000000e+00) + sum g_i+ | measured fitness | best measured fitness or single-digit g-values | x1 | x2...
1 0 +4.372114151e+03 +4.368404151e+03 +4.368404151e+03 +4.9918e+00 +5.1897e-01 -2.9868e+00 -2.6636e-01 -2.4087e+00 +4.7540e+00 +3.0893e+00 +3.5178e+00 +3.9641e-01 +2.3713e+00 +6.0282e-01 +7.2745e-01 +4.8889e+00 -4.7789e+00 +5.0452e-02 +1.7609e+00 -2.6347e+00 -2.5486e+00 -4.7803e+00 -4.3892e+00
3 0 +2.840552565e+03 +2.836842565e+03 +2.836842565e+03 +7.0378e-01 -3.8799e+00 +2.9266e-01 +1.2383e+00 +3.6763e+00 +1.9234e-01 -2.1590e+00 -2.2046e-01 +4.8003e+00 -2.2460e+00 -5.3764e-01 -6.1167e-01 +4.1778e+00 -2.5407e+00 -3.7031e+00 +1.8947e+00 +6.3388e-01 -1.6683e+00 +1.0148e-01 -8.5006e-01
8 0 +1.833421651e+03 +1.829711651e+03 +1.829711651e+03 +1.9739e+00 +4.4552e+00 +6.3575e-01 +2.6314e+00 -6.6056e-01 -3.9861e+00 -1.1503e+00 -4.0657e+00 -2.5829e-01 +8.5725e-01 -4.8084e+00 +1.6014e+00 -1.9025e+00 +4.8510e+00 +1.3677e+00 -3.0855e-01 -3.7693e+00 -3.7359e+00 +3.3349e-01 -3.8993e+00
9 0 +1.233640213e+03 +1.229930213e+03 +1.229930213e+03 -3.6060e+00 -4.0671e+00 +2.6271e+00 -2.6696e+00 -8.8604e-01 -1.8121e+00 -4.3975e+00 +1.2147e+00 +1.5139e-01 -2.8915e+00 -1.0740e+00 +1.6230e+00 -1.9602e+00 -3.8789e+00 -3.3328e+00 +2.9638e+00 -8.0313e-01 -1.4284e+00 +2.6421e+00 -4.7829e+00
54 0 +1.060380647e+03 +1.056670647e+03 +1.056670647e+03 +7.9472e-01 -3.4040e+00 -2.4620e+00 +2.1868e+00 -2.7894e+00 +1.0079e-01 +1.6930e+00 -1.9330e+00 -1.1918e+00 +4.3971e+00 +3.3973e+00 -3.5690e-01 +2.2113e+00 +1.9954e+00 -3.0359e+00 -3.6449e-01 +1.2822e+00 +8.0098e-01 +3.8139e+00 -2.0468e+00
104 0 +9.516358024e+02 +9.479258024e+02 +9.479258024e+02 -5.4190e-01 -2.5014e+00 -8.6835e-01 +1.6460e+00 -1.4548e+00 +6.4325e-01 +1.0104e+00 +2.0574e-01 -1.5989e+00 +4.1927e+00 +2.7645e+00 -5.1096e-01 +2.3406e+00 +2.1767e+00 -3.6226e+00 +1.2471e+00 -4.3751e-01 -3.5321e-01 +3.2929e+00 -2.0163e-01
164 0 +8.801418141e+02 +8.764318141e+02 +8.764318141e+02 -5.4190e-01 -2.5014e+00 -8.6835e-01 +1.6460e+00 -1.4548e+00 +6.4325e-01 +1.0104e+00 +2.0574e-01 -1.5989e+00 +4.1927e+00 +2.7645e+00 -5.1096e-01 +2.3406e+00 +2.1767e+00 -2.1045e+00 +1.2471e+00 -4.3751e-01 -3.5321e-01 +3.2929e+00 -2.0163e-01
205 0 +8.492720085e+02 +8.455620085e+02 +8.455620085e+02 -5.4589e-01 -1.8567e+00 +3.4467e-01 +4.1543e-01 -1.9116e+00 +5.0197e-01 +4.2611e-01 +2.6650e-01 -1.6176e+00 +3.4850e+00 +2.1504e+00 -4.7894e-01 +2.0071e+00 +1.1955e+00 -2.5985e+00 +1.6894e+00 -9.9112e-01 -4.0853e-01 +3.4948e+00 -1.1547e-01
606 0 +7.822218195e+02 +7.785118195e+02 +7.785118195e+02 +5.2129e-01 -9.8628e-03 +4.5142e-01 -9.4862e-01 -3.1773e-01 +1.5027e+00 -1.1354e+00 +9.7156e-01 -2.2625e-01 +2.1385e+00 -7.0374e-02 +1.3560e+00 -8.4680e-01 +1.0731e-01 +2.3323e-01 +1.0754e-01 -2.3763e+00 -1.7808e+00 +3.6554e+00 -1.3254e+00
706 0 +7.535287299e+02 +7.498187299e+02 +7.498187299e+02 +1.5493e-03 -3.0743e-01 +9.2884e-01 -1.3577e+00 -4.6484e-01 +9.7934e-01 -1.6821e+00 +8.9315e-01 -3.1093e-01 +1.3432e+00 -2.3812e-01 +1.2805e+00 -9.3947e-01 -4.6495e-01 -3.1724e-01 +7.1062e-01 -1.9915e+00 -1.6996e+00 +3.3343e+00 -1.7566e+00
908 0 +6.813133440e+02 +6.776033440e+02 +6.776033440e+02 +1.3278e+00 +9.6758e-01 +1.7675e-01 -8.9400e-01 -9.6648e-01 +2.1154e-01 -2.2259e+00 +6.8364e-01 -1.4537e-02 +5.4194e-01 +8.1537e-01 +1.5692e+00 -5.5102e-01 -1.2978e+00 -4.4704e-01 +1.5275e+00 -8.3249e-01 -3.9251e-01 +3.3899e+00 -1.8732e+00
% f evaluations | g evaluations | best noise-free fitness - Fopt (1.321800000000e+02) + sum g_i+ | measured fitness | best measured fitness or single-digit g-values | x1 | x2...
1 0 +6.703713962e+03 +6.835893962e+03 +6.835893962e+03 -3.4712e+00 +4.0859e+00 +3.7925e+00 -1.5983e+00 +8.0781e-01 +4.5501e+00 +2.3179e+00 +8.3828e-01 -4.9311e+00 -8.0657e-01 -3.1813e+00 -3.0825e+00 +4.5526e+00 -1.0934e+00 -4.2144e+00 +4.6975e+00 -2.7158e+00 +4.2837e+00 -2.8377e+00 -2.6242e+00
2 0 +1.765221514e+03 +1.897401514e+03 +1.897401514e+03 +3.5587e+00 -9.4717e-02 -3.4676e+00 -3.0580e+00 -3.0771e+00 -3.7320e+00 +3.4219e+00 -1.9760e+00 -1.4730e+00 -4.0688e+00 -3.9701e+00 -3.6307e+00 -2.3384e+00 -1.8771e+00 -4.4161e+00 +2.0156e+00 +1.0316e+00 -1.2827e+00 -1.3163e-01 -2.6960e+00
7 0 +1.481724825e+03 +1.613904825e+03 +1.613904825e+03 +2.1914e+00 -4.1235e+00 +4.9217e+00 +3.8093e+00 -2.0024e+00 -2.6988e-01 +2.1676e+00 -8.6870e-02 -4.2745e+00 +1.0097e+00 -3.6487e+00 -3.7909e+00 -2.3983e+00 -2.9825e+00 -2.3339e+00 -5.6018e-01 +2.0760e+00 +3.6594e+00 -1.6211e+00 +3.0669e+00
8 0 +1.450065118e+03 +1.582245118e+03 +1.582245118e+03 +4.0593e+00 +4.5595e+00 +1.7410e+00 +2.2037e+00 -2.5677e+00 +9.6882e-02 -1.0101e+00 +3.4303e-01 +1.6764e+00 +4.4908e+00 -4.7729e+00 -1.7113e-02 -2.2712e+00 -1.7556e+00 +7.2839e-01 -3.8877e+00 +1.0903e-01 +2.3232e+00 -4.9115e+00 -4.9064e-02
26 0 +1.065856437e+03 +1.198036437e+03 +1.198036437e+03 +4.8522e+00 +2.6878e-01 -2.1207e+00 -5.0597e-01 -4.2535e-02 +5.5709e-01 +6.6184e-01 +4.7318e+00 +3.9573e-01 +4.4344e-01 -2.5629e+00 +5.8194e-01 -3.1892e+00 -1.1056e+00 -1.4339e+00 -3.7058e+00 +1.6804e+00 +4.0540e+00 +4.5682e-01 +2.9167e+00
56 0 +7.443226163e+02 +8.765026163e+02 +8.765026163e+02 -5.3232e-02 -1.3929e+00 -2.5201e+00 -1.4449e+00 +3.2076e-01 -6.8842e-01 +8.0391e-02 +4.6531e+00 -1.0558e+00 +3.1866e+00 -2.8362e+00 +1.0802e+00 -1.5731e+00 +1.5117e+00 -6.6951e-01 -2.6587e-01 -6.4633e-01 +3.3655e+00 -1.3611e+00 -1.7411e+00
57 0 +7.267090546e+02 +8.588890546e+02 +8.588890546e+02 +1.8367e+00 -7.5272e-01 -2.3663e+00 -1.0831e+00 +1.8079e-01 -2.0855e-01 +3.0441e-01 +4.6834e+00 -4.9658e-01 +2.1298e+00 -2.7309e+00 +8.8823e-01 -2.1958e+00 +5.0335e-01 -9.6400e-01 -1.5912e+00 +2.5011e-01 +3.6308e+00 -6.6069e-01 +5.3442e-02
105 0 +7.174680946e+02 +8.496480946e+02 +8.496480946e+02 +1.1499e+00 +1.0171e+00 +3.0790e+00 +1.4165e+00 -1.8547e+00 -1.5798e-01 -1.6374e+00 +7.2271e-01 -3.6995e-01 -1.6511e+00 -3.2934e+00 +1.5515e+00 +9.8738e-01 -1.7478e+00 -6.9459e-01 +8.0987e-01 +9.0736e-01 +2.7529e+00 -1.3997e+00 -9.4371e-01
208 0 +6.725527343e+02 +8.047327343e+02 +8.047327343e+02 +1.4763e+00 -8.1768e-01 -2.3584e+00 -1.0561e+00 +2.0309e-01 -3.2308e-01 +3.0672e-01 +4.5399e+00 -5.8054e-01 +2.2860e+00 -2.6710e+00 +9.2549e-01 -2.0057e+00 +5.9363e-01 -8.3876e-01 -1.3494e+00 +2.2283e-01 +3.4875e+00 -6.9170e-01 -1.5782e-01
305 0 +6.531533806e+02 +7.853333806e+02 +7.853333806e+02 -9.3055e-02 -1.3465e+00 -2.2872e+00 -1.0602e+00 +1.1453e-01 -6.5710e-01 +7.0194e-01 +4.0803e+00 -1.3703e+00 +2.5084e+00 -2.1113e+00 +1.0331e+00 -1.1760e+00 +8.9547e-01 -2.4097e-01 +4.9484e-02 -9.9551e-01 +3.0449e+00 -8.1143e-01 -8.9058e-01
405 0 +6.006426733e+02 +7.328226733e+02 +7.328226733e+02 -8.4873e-01 -1.4147e+00 -1.5138e+00 -2.0845e-01 -4.7677e-01 -7.4420e-01 +2.2980e+00 +1.9620e+00 -2.5368e+00 +9.8877e-01 +1.7874e-01 +1.0717e+00 +7.7562e-01 -5.7749e-01 +1.0003e+00 +1.5631e+00 -2.1298e+00 +1.5468e+00 +5.3402e-01 +7.1238e-01
407 0 +5.702642529e+02 +7.024442529e+02 +7.024442529e+02 +1.1057e+00 -8.4010e-01 -1.7343e+00 -5.3098e-01 -4.0643e-01 -4.4026e-01 +1.6420e+00 +2.5915e+00 -1.5511e+00 +8.1709e-01 -8.3765e-01 +8.2947e-01 -2.2938e-01 -6.9255e-01 -6.9166e-02 -7.2494e-02 -6.6931e-01 +2.0894e+00 +3.8690e-01 +1.0267e+00
% f evaluations | g evaluations | best noise-free fitness - Fopt (-3.930000000000e+01) + sum g_i+ | measured fitness | best measured fitness or single-digit g-values | x1 | x2...
1 0 +1.373315727e+03 +1.334015727e+03 +1.334015727e+03 -3.2158e+00 +1.0405e-01 -2.2008e+00 -2.8119e+00 -3.4650e+00 +3.8716e+00 +8.6821e-01 +4.6557e+00 -2.9268e+00 +1.8370e+00 -2.7918e-01 +2.0592e+00 -3.7115e+00 -5.4295e-01 +3.8511e+00 -2.9025e+00 -3.5797e+00 -1.3407e+00 -4.0214e+00 -2.4321e+00
15 0 +1.122444684e+03 +1.083144684e+03 +1.083144684e+03 -1.4401e+00 +9.7123e-01 +3.5467e+00 +5.5396e-01 -1.0513e+00 +6.0578e-01 +3.9650e+00 -1.7096e+00 -1.9561e+00 +4.3921e+00 +9.7628e-01 -4.4466e+00 +5.8162e-01 +4.1634e+00 +2.3660e+00 -1.7005e-01 +1.1968e+00 +4.3731e+00 -2.7202e+00 -4.2708e+00
25 0 +1.003552766e+03 +9.642527662e+02 +9.642527662e+02 +1.6178e+00 -4.0181e-01 -4.1522e+00 +1.9249e+00 -3.8702e+00 -2.9596e+00 -2.1632e+00 -2.0105e+00 -1.0009e+00 -4.2879e+00 -2.7890e+00 -1.4339e+00 -4.0014e+00 -2.3565e+00 +2.6436e-01 +2.1442e+00 -1.1306e+00 -1.4657e+00 -3.8371e-01 -2.3322e+00
52 0 +9.094858240e+02 +8.701858240e+02 +8.701858240e+02 -2.0188e+00 +2.0797e+00 -2.0338e+00 +1.3796e+00 +1.6730e+00 +1.9904e+00 -1.6008e+00 -9.3820e-01 -2.1140e-01 +9.8412e-01 -3.1168e+00 -2.9195e+00 -1.2010e+00 -1.4266e+00 +3.7488e+00 +6.4493e-01 +8.4996e-01 +2.3165e+00 -1.0023e+00 -1.0339e-01
54 0 +8.310221782e+02 +7.917221782e+02 +7.917221782e+02 +8.7173e-03 -1.7829e+00 +4.6424e-01 +2.2132e+00 -6.0262e-01 -1.6760e+00 +3.3462e+00 -1.1730e+00 +1.3296e+00 +1.7389e+00 +1.6618e+00 -2.6309e+00 -1.8277e+00 +4.0882e+00 -5.2336e-01 +1.5704e+00 +1.9021e+00 +2.1679e+00 -2.7049e+00 -3.9445e+00
102 0 +7.553393610e+02 +7.160393610e+02 +7.160393610e+02 -5.4793e-02 -1.6621e+00 +3.9069e-01 +2.1919e+00 -5.7498e-01 -1.6690e+00 +3.3092e+00 -1.2040e+00 +1.3820e+00 +1.7477e+00 +1.6294e+00 -2.5901e+00 -1.7883e+00 +3.9101e+00 -5.1135e-01 +1.5025e+00 +1.7776e+00 +2.1471e+00 -2.6488e+00 -3.8887e+00
% f evaluations | g evaluations | best noise-free fitness - Fopt (4.296000000000e+01) + sum g_i+ | measured fitness | best measured fitness or single-digit g-values | x1 | x2...
1 0 +3.207332507e+03 +3.250292507e+03 +3.250292507e+03 +3.8861e+00 +1.8316e+00 -7.2319e-01 +4.3157e+00 +4.3008e+00 +4.9617e+00 -4.5963e+00 +1.6060e+00 +2.1051e+00 -4.3396e+00 +6.1514e-01 +3.5081e+00 -2.3159e+00 +1.9168e+00 -1.0052e+00 +1.1311e+00 -1.6331e+00 +2.3069e-01 +3.5762e+00 -1.2263e+00
8 0 +2.538267396e+03 +2.581227396e+03 +2.581227396e+03 -3.9546e+00 -1.1700e+00 +7.8073e-02 +6.5487e-01 +3.8024e+00 +2.2840e+00 -1.7217e+00 -4.6449e-01 +2.1835e-01 -9.2635e-01 -7.4318e-01 +3.3064e+00 -4.5846e+00 +1.2169e+00 -4.3610e+00 -1.8726e+00 -2.8545e-01 +4.4227e+00 +1.5535e+00 -3.2603e+00
11 0 +2.368673627e+03 +2.411633627e+03 +2.411633627e+03 -4.8287e+00 -3.9254e+00 +1.4459e-01 -3.4768e+00 +2.4230e+00 +4.7428e+00 +1.6993e+00 +2.7605e+00 -1.8420e+00 -2.2700e+00 -4.4747e+00 +4.4801e+00 +1.6830e+00 +2.7194e+00 -4.5777e+00 +2.2933e+00 +8.2966e-01 +1.1371e+00 +3.5289e+00 +8.3906e-01
18 0 +2.128254937e+03 +2.171214937e+03 +2.171214937e+03 +6.0854e-01 +8.5871e-01 -4.2149e+00 +4.4428e+00 -2.5767e+00 -2.3949e+00 +4.7470e-01 +1.6110e+00 +3.0103e+00 -2.2391e+00 +1.6276e+00 -1.0749e+00 -2.0974e+00 -2.8514e-01 -4.4887e+00 +2.0662e+00 -2.5702e+00 +3.6911e+00 -1.7376e+00 -3.7099e+00
21 0 +1.163968645e+03 +1.206928645e+03 +1.206928645e+03 -1.2986e+00 -1.0095e-01 -2.4936e+00 -2.9311e+00 -4.6707e+00 -1.7321e+00 -3.2513e+00 -2.8913e+00 +7.7772e-01 -2.5922e+00 -2.9005e+00 -4.0046e+00 -4.5723e+00 +6.1162e-01 -2.6460e+00 +1.3464e+00 -4.4602e+00 +2.0316e+00 +9.9150e-01 +3.2765e-01
109 0 +1.092803069e+03 +1.135763069e+03 +1.135763069e+03 -7.5396e-01 -4.6505e-01 -1.9471e+00 -2.5243e+00 -4.4918e+00 -1.4888e+00 -3.3508e+00 -2.5507e+00 +6.5934e-01 -2.6377e+00 -2.6059e+00 -3.1505e+00 -4.3205e+00 +9.4239e-01 -2.4288e+00 +1.0979e+00 -4.1198e+00 +2.2624e+00 +7.4300e-01 +1.7803e-01
306 0 +8.321800513e+02 +8.751400513e+02 +8.751400513e+02 -1.3595e-01 +3.2201e+00 -3.4157e-01 -8.0277e-02 -2.9807e+00 +1.5303e+00 -5.5790e-01 -3.0189e+00 -1.3361e+00 +1.4265e+00 -1.2550e+00 -7.2238e-01 -1.5116e+00 -2.4352e-01 +3.8475e-01 -2.8338e+00 +1.7614e+00 -9.2938e-01 +1.2490e+00 -6.0140e-01
359 0 +7.697273119e+02 +8.126873119e+02 +8.126873119e+02 +4.1051e-01 +2.4614e+00 -2.1313e-01 -1.0391e+00 -4.8668e+00 +1.0913e+00 -4.3811e-01 -3.2190e+00 -1.2662e+00 +1.6934e+00 -1.6669e+00 -5.3330e-01 -2.6608e+00 -1.0487e+00 -4.5616e-02 -2.3259e+00 +9.8578e-02 -1.4109e+00 +2.2162e+00 +3.8946e-02
% f evaluations | g evaluations | best noise-free fitness - Fopt (2.842200000000e+02) + sum g_i+ | measured fitness | best measured fitness or single-digit g-values | x1 | x2...
1 0 +1.533516412e+03 +1.817736412e+03 +1.817736412e+03 +1.5536e+00 +1.9318e+00 -4.7123e+00 -2.9409e+00 +1.0908e-01 -1.6055e+00 -1.3514e+00 -2.3277e+00 -2.4258e+00 +4.4009e+00 -2.6554e+00 -3.7357e+00 +1.7533e+00 -4.6962e+00 -6.1954e-01 +3.8572e+00 +6.2911e-01 +4.2939e+00 -2.8083e-01 +1.4547e+00
47 0 +1.284169938e+03 +1.568389938e+03 +1.568389938e+03 +1.8614e+00 -1.7775e+00 -1.1863e-01 -4.6235e-01 -1.1972e+00 -2.7994e+00 -1.1445e+00 +4.9139e+00 -2.4482e+00 +9.4993e-01 +1.8224e+00 +2.6720e+00 -4.9067e+00 -1.8219e+00 +2.7221e+00 +2.8925e+00 -1.4688e+00 +1.5424e+00 -9.9396e-02 +7.3231e-01
54 0 +1.164868938e+03 +1.449088938e+03 +1.449088938e+03 +8.8588e-01 +2.1793e+00 -4.6553e+00 -1.8981e+00 -5.6235e-01 -1.4734e+00 -7.4548e-01 -2.4042e+00 -2.6649e+00 +4.1230e+00 -2.5770e+00 -3.1378e+00 +1.0236e+00 -3.6586e+00 -6.3475e-01 +2.8986e+00 +7.0944e-01 +3.5505e+00 +1.3483e-01 +1.1272e+00
57 0 +1.015435545e+03 +1.299655545e+03 +1.299655545e+03 +2.3772e+00 -2.6969e+00 +1.0981e-01 +1.0779e+00 -1.0206e+00 -6.3654e-01 -1.5973e+00 +3.3755e+00 -3.1073e+00 -6.2702e-01 +2.2500e+00 +2.4318e+00 -2.9184e+00 -6.9604e-01 +4.3248e-01 +1.1376e+00 -2.3240e+00 -4.6416e-01 -1.3385e+00 +1.6241e+00
102 0 +9.642013857e+02 +1.248421386e+03 +1.248421386e+03 +1.9540e+00 -2.1189e+00 -7.6638e-01 +5.0948e-01 -6.8312e-01 +8.0863e-01 -9.6368e-01 +8.6249e-01 -3.0205e+00 -3.9928e-02 +1.2349e+00 +2.6120e-01 -4.9651e-02 -8.8101e-01 -1.0887e+00 +5.2517e-02 -1.6638e+00 -4.2956e-01 -1.7907e+00 +2.1748e+00
108 0 +8.806871652e+02 +1.164907165e+03 +1.164907165e+03 +1.2113e+00 -2.2471e+00 -2.1592e-01 -2.1596e+00 -1.1178e+00 -5.7088e-01 +2.0942e+00 +8.6023e-01 -1.8961e+00 +2.7025e+00 +2.8472e-01 -1.4771e-01 +7.8051e-01 -6.5842e-01 -2.2720e+00 -2.5728e-01 +1.9892e+00 -8.7258e-01 -1.6237e+00 +1.1237e+00
156 0 +7.146975452e+02 +9.989175452e+02 +9.989175452e+02 +2.2196e+00 -5.8879e-01 -3.3380e+00 -8.7908e-01 -2.3862e+00 +1.4115e+00 -1.7352e+00 +1.0651e+00 -1.5353e+00 +5.1265e-01 -4.3652e-01 +7.4174e-01 +2.8237e-01 -1.5688e+00 +7.1544e-02 +2.4190e+00 -3.2938e-01 +1.4862e+00 +9.0816e-01 -1.1127e+00
204 0 +6.860063171e+02 +9.702263171e+02 +9.702263171e+02 +2.1286e+00 -1.0113e+00 -2.5249e+00 -5.5136e-01 -1.9178e+00 +9.4375e-01 -1.5141e+00 +1.3194e+00 -1.9298e+00 +4.3605e-01 +1.0168e-01 +7.7929e-01 -1.9545e-01 -1.4439e+00 +2.9434e-02 +1.9400e+00 -7.0498e-01 +1.0797e+00 +2.3995e-01 -2.4715e-01
664 0 +6.302049486e+02 +9.144249486e+02 +9.144249486e+02 +3.2913e-01 -1.3599e+00 -5.3128e-01 +6.8522e-01 -7.5255e-01 -7.1775e-01 -1.6942e+00 +3.2062e+00 -1.9005e+00 +3.2763e-01 +3.9360e-01 +9.0394e-01 -2.7502e+00 -2.4596e+00 +1.6819e+00 +7.2433e-01 -1.9729e-01 -7.0635e-02 +3.0931e-01 +2.9821e-01
1310 0 +6.031925549e+02 +8.874125549e+02 +8.874125549e+02 +1.0883e-01 -7.0100e-01 -6.5351e-01 +8.1461e-01 -6.5196e-01 +2.0660e-01 -1.9176e+00 +2.0958e+00 -8.7919e-01 -9.6138e-02 +4.8515e-04 +3.8175e-01 -1.7894e+00 -2.5153e+00 +7.6718e-01 +6.0598e-02 -4.1813e-01 -3.1076e-01 -5.4102e-03 +7.6943e-03
1360 0 +5.851719839e+02 +8.693919839e+02 +8.693919839e+02 +1.0883e-01 -7.0100e-01 -6.5351e-01 +8.1461e-01 -6.5196e-01 +2.0660e-01 -1.9176e+00 +2.0958e+00 -1.7513e-01 -9.6138e-02 +4.8515e-04 +3.8175e-01 -1.7894e+00 -2.5153e+00 +7.6718e-01 +6.0598e-02 -4.1813e-01 -3.1076e-01 -5.4102e-03 +7.6943e-03
% f evaluations | g evaluations | best noise-free fitness - Fopt (-3.217000000000e+01) + sum g_i+ | measured fitness | best measured fitness or single-digit g-values | x1 | x2...
1 0 +1.207830809e+04 +1.204613809e+04 +1.204613809e+04 -3.6241e+00 -3.3592e+00 +3.5032e+00 +7.2167e-01 -1.8390e+00 +4.3084e+00 -4.2559e+00 -2.5136e+00 +4.9982e+00 +1.9230e+00 +3.1107e+00 -1.0039e+00 +4.8151e+00 +1.7336e+00 -3.6140e+00 -2.3934e+00 +2.5195e+00 -3.5241e+00 -3.2290e+00 -2.8967e+00
2 0 +8.291583081e+03 +8.259413081e+03 +8.259413081e+03 +3.7823e+00 -3.8090e+00 +1.8085e+00 -4.5435e+00 +2.4096e+00 -2.1648e+00 -1.1156e+00 -4.7768e+00 +4.9721e+00 +1.4565e+00 +3.6840e+00 -2.2036e+00 +1.5078e+00 +2.3779e-01 -1.2027e+00 -1.2412e+00 +1.3785e+00 +1.4672e+00 +4.5788e+00 -3.6666e+00
4 0 +1.630220180e+03 +1.598050180e+03 +1.598050180e+03 +1.2901e+00 +4.1510e+00 -2.5907e+00 -1.0405e+00 +4.5477e+00 -5.9300e-02 +3.2184e-01 +3.5288e+00 -1.7874e+00 -4.7110e+00 +1.9553e+00 -4.5530e+00 -1.9961e+00 -4.4411e+00 +3.8651e-03 -1.7017e+00 -4.6830e+00 -2.9565e+00 +3.7137e+00 -2.8124e+00
16 0 +8.484251021e+02 +8.162551021e+02 +8.162551021e+02 +1.6670e+00 -4.7904e+00 -2.8529e+00 +3.4040e+00 -6.3374e-01 -2.3706e+00 -1.6407e+00 -1.6847e+00 +1.1053e+00 +3.5383e+00 -3.9877e+00 +4.1123e+00 +6.9048e-01 -3.3081e-01 +1.5646e+00 +1.6266e+00 -1.3106e+00 +2.3318e-01 +2.5304e+00 -2.7264e+00
56 0 +6.770579308e+02 +6.448879308e+02 +6.448879308e+02 -2.3614e-01 -2.2076e+00 +3.5543e-02 +1.7966e-01 +1.7648e+00 -1.3970e-01 -2.6089e+00 -1.4923e+00 +3.1833e-01 +9.3088e-01 -2.5703e+00 +2.0997e+00 -7.0750e-01 +4.7422e-02 +1.0874e+00 -3.3088e-01 -2.4895e+00 +7.7484e-01 +6.4658e-01 -1.0670e+00
57 0 +6.650924870e+02 +6.329224870e+02 +6.329224870e+02 -4.5938e-01 -1.9046e+00 +3.7436e-01 -1.9856e-01 +2.0462e+00 +1.2199e-01 -2.7224e+00 -1.4698e+00 +2.2601e-01 +6.2502e-01 -2.4040e+00 +1.8636e+00 -8.7149e-01 +9.1790e-02 +1.0315e+00 -5.6050e-01 -2.6278e+00 +8.3838e-01 +4.2560e-01 -8.7237e-01
163 0 +6.091074223e+02 +5.769374223e+02 +5.769374223e+02 -4.5938e-01 -1.9046e+00 +3.7436e-01 -1.9856e-01 +2.0462e+00 +1.2199e-01 -2.7224e+00 -1.4698e+00 +2.2601e-01 +6.2502e-01 -2.4040e+00 +1.8636e+00 -8.7149e-01 +9.1790e-02 +1.0315e+00 -5.6050e-01 -5.2663e-01 +8.3838e-01 +4.2560e-01 -8.7237e-01
306 0 +5.063762484e+02 +4.742062484e+02 +4.742062484e+02 +2.2135e+00 +1.6508e-01 -8.9804e-01 +1.2501e+00 +1.6313e+00 +5.1759e-01 -3.2785e+00 -5.5347e-01 -3.5198e-01 -8.7475e-01 -4.2459e-01 +3.6136e+00 +1.7569e+00 +1.2021e+00 +1.4671e+00 +4.6446e-01 -7.1880e-01 -2.4143e+00 +1.3590e+00 -8.3359e-02
1159 0 +4.897670073e+02 +4.575970073e+02 +4.575970073e+02 +1.9983e+00 -1.0372e+00 -1.4904e+00 +1.1018e+00 +1.6799e+00 +2.3320e+00 -2.0419e+00 -6.8314e-01 -4.1928e-01 +7.3237e-01 +1.4794e+00 +1.6050e+00 +8.6192e-02 +4.6780e-01 +1.9803e+00 +4.0151e-01 -9.2271e-01 +1.5420e-02 +8.6350e-01 -1.1707e+00
% f evaluations | g evaluations | best noise-free fitness - Fopt (-5.858000000000e+01) + sum g_i+ | measured fitness | best measured fitness or single-digit g-values | x1 | x2...
1 0 +2.639672254e+03 +2.581092254e+03 +2.581092254e+03 -8.7944e-01 -2.6739e+00 -2.8150e+00 +3.6439e+00 -1.1565e+00 +4.9122e+00 +4.7932e+00 -2.1764e-01 +4.3058e+00 +4.5970e+00 -5.8098e-01 -1.8321e+00 -1.6439e+00 -1.9525e+00 -4.6486e+00 -4.3094e+00 +4.2923e-01 -4.0424e+00 -8.7291e-01 -5.6032e-01
2 0 +1.533033097e+03 +1.474453097e+03 +1.474453097e+03 -7.9520e-01 -1.5617e+00 +1.2533e+00 -1.4718e+00 +3.5312e+00 -3.2760e+00 +5.4944e-01 -1.0149e+00 -3.9567e+00 +4.8876e+00 -5.0824e-01 -2.7014e+00 -9.1778e-01 -4.3171e+00 +2.7107e+00 -3.4406e+00 +6.3402e-01 +1.7123e+00 -1.8462e-01 -4.9661e+00
3 0 +1.090842034e+03 +1.032262034e+03 +1.032262034e+03 +1.6190e+00 -4.1794e+00 -2.4671e+00 -4.0119e+00 -1.8872e+00 -2.3431e+00 +3.4829e+00 +1.0564e+00 +1.3941e+00 -1.3693e+00 -3.6589e+00 -2.2449e+00 -3.4013e+00 -2.3877e-01 +1.9953e+00 +2.2661e+00 -4.9168e+00 -2.6206e+00 +2.3332e+00 +1.6232e+00
52 0 +9.313650371e+02 +8.727850371e+02 +8.727850371e+02 -2.5463e+00 -7.7026e-01 -4.4009e+00 +3.5935e+00 -3.4302e-01 +2.7357e+00 -9.4897e-01 -4.7559e-01 -1.0303e+00 +2.7206e+00 -2.2210e+00 +1.6755e+00 -1.4419e+00 +2.8509e+00 -1.4950e+00 -1.4903e-01 -6.2888e-01 -7.1988e-01 +2.8141e+00 -2.5146e+00
152 0 +8.159651214e+02 +7.573851214e+02 +7.573851214e+02 -1.2690e+00 -2.2273e+00 -2.6587e+00 +2.3408e+00 -1.5494e+00 -1.1322e+00 -6.2720e-01 +1.1890e+00 -2.2955e-01 -9.7562e-01 -1.0782e+00 +9.0545e-01 -1.1182e+00 +1.0552e+00 -1.7916e+00 +3.0815e-01 -2.7574e+00 +7.9902e-01 +1.9232e+00 +5.1775e-01
153 0 +7.888418954e+02 +7.302618954e+02 +7.302618954e+02 +1.8040e+00 +1.7498e-01 +1.9827e+00 +1.3811e+00 +9.4021e-01 -2.5493e+00 +1.0173e+00 +2.8708e+00 +1.5398e+00 -2.4256e+00 -1.3200e+00 -5.8237e-01 -1.2952e+00 +3.4966e+00 +1.6605e+00 -3.0859e-01 -3.0486e+00 +4.8620e-01 +2.9085e+00 +1.4965e+00
253 0 +7.129766011e+02 +6.543966011e+02 +6.543966011e+02 +1.7799e+00 -9.3203e-01 +8.2557e-01 -8.2245e-02 +1.9260e-01 -2.4617e+00 +1.7329e+00 +2.3552e+00 +1.5451e+00 -2.1644e+00 -1.9861e+00 -1.0804e+00 -1.8885e+00 +2.4713e+00 +1.7661e+00 +3.8656e-01 -3.5652e+00 -3.3357e-01 +2.7206e+00 +1.5355e+00
354 0 +6.303364144e+02 +5.717564144e+02 +5.717564144e+02 +1.6923e+00 -1.5363e+00 -5.4616e-01 -1.0158e+00 -7.2530e-01 -1.0107e+00 +1.4844e+00 +7.4056e-01 +8.6467e-01 -1.4182e+00 -1.7257e-01 -1.7442e+00 -2.0017e+00 +7.3603e-01 +2.0143e+00 +1.4162e+00 -2.5855e+00 -1.4892e-01 +2.7738e+00 +4.4944e-01
357 0 +5.534690021e+02 +4.948890021e+02 +4.948890021e+02 +1.8776e+00 +1.0155e+00 +7.7226e-01 +1.1432e+00 -1.2385e-01 +1.2266e+00 -1.6642e-01 -6.1875e-01 +2.8144e-01 -4.1954e-01 -7.4099e-01 -1.8762e+00 -8.5234e-01 +5.9671e-01 +2.2726e+00 +1.2248e+00 +4.4527e-02 +2.2694e+00 +3.0019e+00 -1.1405e+00
% f evaluations | g evaluations | best noise-free fitness - Fopt (-6.049200000000e+02) + sum g_i+ | measured fitness | best measured fitness or single-digit g-values | x1 | x2...
1 0 +1.412588124e+04 +1.352096124e+04 +1.352096124e+04 +5.4130e-01 +3.8065e+00 +5.5342e-01 +2.4685e+00 -4.7295e+00 -2.3781e+00 +3.5945e-01 +1.5139e+00 +3.6641e+00 -2.6952e+00 -3.8071e+00 +1.5725e+00 -1.6723e+00 +1.6912e-01 -1.6428e+00 +4.0612e+00 -2.2906e+00 -1.8257e+00 +4.0391e+00 -3.7357e+00
4 0 +3.225053254e+03 +2.620133254e+03 +2.620133254e+03 -1.4068e+00 +2.0041e+00 -2.6136e+00 +2.4852e+00 -3.3051e+00 -4.2664e+00 -1.7358e+00 -3.2985e+00 +1.7212e+00 -1.2661e+00 +2.1049e+00 +1.3977e+00 +2.7573e+00 +3.7471e+00 +3.3216e+00 +4.1838e+00 -8.2428e-01 +4.0268e+00 -2.9173e+00 +2.4455e-02
17 0 +1.214804189e+03 +6.098841889e+02 +6.098841889e+02 -3.0731e+00 -2.1560e+00 +2.6935e+00 -2.3261e+00 -2.8826e+00 -2.1895e-02 -1.7326e+00 -1.5255e+00 -4.7891e+00 +4.1569e+00 +3.2009e+00 -3.9093e+00 -1.7096e+00 +3.2050e+00 -1.3944e+00 +2.2267e+00 -4.8451e+00 +2.4260e+00 -1.6267e+00 +2.7530e+00
54 0 +1.189525533e+03 +5.846055330e+02 +5.846055330e+02 -2.1644e+00 +3.4256e+00 -2.1397e+00 +1.8372e+00 -5.4074e-01 -3.8254e+00 +1.9097e+00 -2.3960e-01 -5.0773e-01 -3.6277e+00 -9.3131e-01 -2.4134e+00 +3.0197e+00 +2.3945e+00 -9.6260e-01 -4.1892e-01 +4.2741e-01 +3.7501e-01 -1.1918e+00 -3.0024e+00
55 0 +6.952686612e+02 +9.034866121e+01 +9.034866121e+01 -1.7207e+00 +2.5931e+00 -2.4173e+00 +2.2167e+00 -2.1597e+00 -4.0837e+00 -2.2527e-01 -2.0311e+00 +7.9765e-01 -2.2446e+00 +8.4685e-01 -1.8147e-01 +2.8660e+00 +3.1866e+00 +1.5465e+00 +2.2767e+00 -3.0565e-01 +2.5137e+00 -2.2023e+00 -1.2297e+00
153 0 +6.642523630e+02 +5.933236303e+01 +5.933236303e+01 -5.8219e-01 +4.0036e-02 +2.9496e-01 -9.9569e-01 -1.5901e+00 -8.3364e-01 -1.4645e-01 -2.4655e+00 -1.5042e+00 -1.0098e+00 +2.6409e-01 +2.0951e-01 -2.0879e-01 +2.1713e+00 -3.1738e-01 -3.4467e-01 -1.6614e+00 +8.5413e-01 -1.4694e+00 +2.0691e-01
256 0 +6.534755247e+02 +4.855552474e+01 +4.855552474e+01 -7.5565e-01 -1.9810e+00 +1.2175e+00 -1.4972e-01 -1.0528e+00 -1.2230e-01 -1.4103e+00 -1.8459e+00 -2.8437e+00 +1.7706e+00 +2.1837e+00 -2.8729e+00 -1.6860e+00 +2.3518e+00 +2.2775e-01 +8.6926e-01 -3.3466e+00 +2.2452e-01 -5.4801e-01 +8.0679e-01
257 0 +5.555684878e+02 -4.935151220e+01 -4.935151220e+01 +8.5038e-01 -2.3503e+00 +3.9299e-01 +1.6050e+00 +3.8011e-01 -1.9954e-02 -1.4898e+00 -1.9225e+00 -1.7871e+00 +7.5248e-01 +1.9291e+00 -2.8887e+00 -2.0302e+00 +1.7891e+00 +1.5148e+00 +2.0022e-01 -2.6925e+00 -1.4952e+00 +4.4433e-01 -4.3105e-01
% f evaluations | g evaluations | best noise-free fitness - Fopt (1.337000000000e+02) + sum g_i+ | measured fitness | best measured fitness or single-digit g-values | x1 | x2...
1 0 +1.844534928e+03 +1.978234928e+03 +1.978234928e+03 +1.1385e+00 +1.2260e+00 -1.6799e+00 -3.4874e+00 +1.7444e+00 +2.4536e+00 +2.7537e+00 -4.9827e+00 -8.3669e-01 +2.5036e+00 +3.0306e+00 +3.0336e-01 +1.8381e+00 -4.5556e+00 -3.0527e+00 +3.6850e-01 -2.0619e+00 +1.4080e+00 -7.5689e-01 +6.9855e-01
6 0 +1.430343980e+03 +1.564043980e+03 +1.564043980e+03 -2.9001e+00 -1.6357e+00 +8.6670e-01 -1.6758e+00 +2.3620e+00 +4.1306e+00 +4.6301e-02 -1.6114e+00 +2.8116e+00 -3.3834e+00 +1.5752e+00 +4.6329e-01 -3.5497e+00 +2.0145e+00 -2.5819e+00 +1.8794e+00 -4.8228e+00 -3.0447e+00 +8.6826e-01 +2.1893e+00
48 0 +1.016566516e+03 +1.150266516e+03 +1.150266516e+03 +1.7875e+00 -4.7766e+00 -4.1097e+00 +2.0396e+00 -1.3962e+00 -5.0601e-01 -3.8297e+00 -3.0666e+00 -1.0931e+00 -4.7413e+00 +1.6357e-01 -1.2520e+00 -3.9821e-01 +2.6452e-01 +6.1606e-01 -4.5145e+00 +2.8310e+00 +2.9174e+00 -2.1470e+00 -4.7846e+00
56 0 +8.701231399e+02 +1.003823140e+03 +1.003823140e+03 -2.3581e+00 -3.3720e+00 -9.5998e-01 +3.0613e-01 +1.2817e+00 +3.2739e+00 -1.9867e-01 +4.9526e-01 -5.7934e-01 -2.3605e+00 -6.6996e-01 +7.0411e-01 -3.9192e+00 +5.8888e-02 +4.1436e-01 -5.5668e-01 -1.0809e+00 -8.6441e-01 -1.1591e+00 +2.6512e+00
58 0 +7.153065396e+02 +8.490065396e+02 +8.490065396e+02 +2.4722e+00 -2.0695e+00 -2.3854e+00 +1.5126e+00 -1.8514e+00 -1.0294e+00 -2.2339e-01 -2.6656e+00 -7.7325e-01 -3.2335e+00 -4.0622e-01 -1.9825e+00 +1.5410e+00 +1.4604e+00 -4.1066e-01 -4.3976e+00 +8.4416e-01 +3.5278e+00 +2.6585e-01 -4.2397e+00
102 0 +5.812997048e+02 +7.149997048e+02 +7.149997048e+02 +8.9216e-01 -2.1450e+00 -9.1062e-01 +9.7833e-01 -4.4276e-01 +8.8876e-01 -3.0408e-01 -1.6909e+00 -3.9454e-02 -3.4508e+00 +2.9960e-01 -1.5640e+00 +1.5858e-01 +1.4000e+00 -1.4750e+00 -2.1265e+00 -1.0574e+00 +1.0099e+00 +5.7662e-01 -1.7924e+00
154 0 +5.440853812e+02 +6.777853812e+02 +6.777853812e+02 -5.9935e-01 +6.7243e-01 -1.2016e+00 +2.9361e+00 -5.5475e-01 -1.0364e+00 +8.0196e-01 -3.1846e+00 +1.3830e-01 +8.2936e-02 -2.1429e+00 +7.1824e-02 -1.0139e+00 +1.0632e+00 -9.3572e-01 -2.8260e+00 +1.2948e+00 +9.3731e-02 +1.4133e+00 -2.9378e+00
203 0 +5.328620290e+02 +6.665620290e+02 +6.665620290e+02 -3.1709e-01 +3.4954e-01 -1.2410e+00 +2.6051e+00 -7.0322e-01 -7.3392e-01 +1.0206e+00 -2.8635e+00 +5.1086e-02 +7.4789e-02 -1.9242e+00 +1.2149e-01 -4.9486e-01 +1.1510e+00 -9.7208e-01 -2.8627e+00 +1.3305e+00 +1.3835e-01 +1.0214e+00 -2.7624e+00
204 0 +5.169098446e+02 +6.506098446e+02 +6.506098446e+02 -1.5200e-01 +1.6070e-01 -1.2641e+00 +2.4115e+00 -7.9005e-01 -5.5698e-01 +1.1485e+00 -2.6757e+00 +7.7153e-05 +7.0024e-02 -1.7963e+00 +1.5054e-01 -1.9128e-01 +1.2024e+00 -9.9334e-01 -2.8841e+00 +1.3515e+00 +1.6445e-01 +7.9215e-01 -2.6599e+00
302 0 +4.815434053e+02 +6.152434053e+02 +6.152434053e+02 -8.0797e-01 +5.2670e-01 -1.0888e+00 +2.5446e+00 -5.3182e-01 -4.0869e-01 +1.3915e+00 -2.5738e+00 +2.0417e-01 +7.7147e-01 -2.1083e+00 +6.8649e-01 -3.5401e-02 +1.0659e+00 -1.1917e+00 -2.6154e+00 +1.6399e+00 -7.5115e-01 +5.9369e-01 -1.1976e+00
303 0 +4.744894014e+02 +6.081894014e+02 +6.081894014e+02 +2.2413e-01 -7.6758e-01 -1.4770e+00 +1.6854e+00 -1.0403e+00 +2.3302e-01 +1.4108e+00 -1.9016e+00 -1.7447e-01 +6.8718e-02 -1.3086e+00 +4.5349e-01 +1.0875e+00 +1.2602e+00 -1.0640e+00 -2.9466e+00 +1.7063e+00 -2.4262e-02 -4.5428e-01 -1.6106e+00
360 0 +4.457331169e+02 +5.794331169e+02 +5.794331169e+02 +2.2413e-01 -7.6758e-01 -1.4770e+00 +1.6854e+00 -1.0403e+00 +2.3302e-01 +1.4108e+00 -1.9016e+00 -1.7447e-01 +6.8718e-02 -1.3086e+00 +4.5349e-01 +1.0875e+00 +1.2602e+00 -1.0161e-01 -2.9466e+00 +1.7063e+00 -2.4262e-02 -4.5428e-01 -1.6106e+00
402 0 +4.306854807e+02 +5.643854807e+02 +5.643854807e+02 +2.8823e-01 -8.9975e-01 -1.4227e+00 +1.6175e+00 -9.8296e-01 +2.9594e-01 +1.2462e+00 -1.8814e+00 -1.6151e-01 -2.6900e-01 -1.1543e+00 +2.5990e-01 +9.9835e-01 +1.2736e+00 -2.3340e-01 -2.8679e+00 +1.4411e+00 +7.4972e-02 -3.5536e-01 -1.6281e+00
452 0 +4.148665785e+02 +5.485665785e+02 +5.485665785e+02 +3.6922e-01 -1.0667e+00 -1.3540e+00 +1.5318e+00 -9.1052e-01 +3.3242e-01 +1.0383e+00 -1.8558e+00 -1.4515e-01 -6.9569e-01 -9.5929e-01 +1.5316e-02 +8.8574e-01 +1.2906e+00 -3.9990e-01 -2.7685e+00 +1.1061e+00 +2.0035e-01 -2.3038e-01 -1.6501e+00
1006 0 +3.947377147e+02 +5.284377147e+02 +5.284377147e+02 +1.2371e-01 -7.7979e-01 -1.5108e+00 +1.7978e+00 -9.5319e-01 +1.5363e-01 +1.1649e+00 -2.0200e+00 -1.4531e-01 -7.3692e-02 -9.8368e-01 +4.0708e-01 +7.8243e-01 +1.1834e+00 -6.4307e-01 -1.8176e+00 +1.1663e+00 -4.4848e-02 -3.8864e-01 -1.7517e+00
% f evaluations | g evaluations | best noise-free fitness - Fopt (-2.098000000000e+01) + sum g_i+ | measured fitness | best measured fitness or single-digit g-values | x1 | x2...
1 0 +2.820849143e+03 +2.799869143e+03 +2.799869143e+03 -2.3857e-01 +3.4713e+00 +3.8562e+00 +1.0698e+00 +2.3941e+00 +3.6909e+00 -5.9688e-01 +4.5356e+00 +2.3729e+00 +3.0114e+00 -8.3725e-01 +1.0326e+00 -2.9885e+00 +2.5775e+00 -2.8622e+00 +4.5872e+00 -2.3996e+00 -3.2511e+00 +1.9941e+00 +1.2442e+00
6 0 +2.559838517e+03 +2.538858517e+03 +2.538858517e+03 -2.0183e+00 -2.5966e+00 +2.9362e+00 -3.3624e+00 -2.8506e+00 -5.5456e-01 +1.7351e+00 +9.9531e-01 -1.4692e+00 -3.8061e+00 -2.4990e+00 -1.0489e+00 +2.4165e+00 -3.6415e+00 -1.0393e+00 +4.0855e+00 +4.4243e-01 +2.6018e+00 -1.7090e-01 -3.0435e+00
10 0 +1.686902659e+03 +1.665922659e+03 +1.665922659e+03 -5.4391e-01 +1.0319e+00 -1.0864e+00 +3.3359e+00 +2.6792e+00 -1.7313e+00 -4.2939e+00 +6.6654e-01 -2.0667e-01 +4.7735e+00 +1.4134e+00 +9.8749e-02 -1.1013e+00 +3.2629e+00 -2.7501e+00 -1.0158e+00 -3.7515e+00 +6.4136e-01 -4.9426e+00 +1.1802e+00
16 0 +8.774451253e+02 +8.564651253e+02 +8.564651253e+02 -2.5865e+00 +2.8319e+00 -4.6918e+00 +4.8106e+00 -7.4703e-01 -8.6082e-01 +1.6186e+00 -1.1541e+00 -4.5347e-01 -1.8451e-02 -2.0951e+00 -3.9683e+00 -3.3299e+00 -3.7278e+00 -3.3628e+00 -1.5630e+00 +4.3123e-01 -1.9584e+00 +4.6796e-01 +2.0486e+00
102 0 +7.548018258e+02 +7.338218258e+02 +7.338218258e+02 -5.6906e-01 +3.4602e+00 -1.8454e+00 +2.3079e+00 +2.3506e-01 -2.4579e+00 +2.5546e+00 -1.5568e+00 +1.2995e+00 +6.5504e-01 -2.1045e+00 -2.0382e+00 -6.6932e-01 -3.7030e-01 -2.8840e+00 -1.7531e+00 +1.3771e+00 -2.9574e+00 -9.4764e-01 +1.0789e-01
108 0 +5.689028288e+02 +5.479228288e+02 +5.479228288e+02 -1.8381e+00 +1.2394e+00 -1.4814e+00 +7.6070e-01 -1.6383e+00 +1.7126e+00 -2.2148e+00 -2.2019e-01 +1.8445e+00 +8.2192e-01 -6.9223e-01 -1.8634e+00 +6.1182e-01 -6.9788e-01 +7.9252e-02 -1.0883e+00 +1.2117e+00 -2.5828e+00 +9.2080e-01 +3.8928e-01
% f evaluations | g evaluations | best noise-free fitness - Fopt (1.353300000000e+02) + sum g_i+ | measured fitness | best measured fitness or single-digit g-values | x1 | x2...
1 0 +3.548022688e+03 +3.683352688e+03 +3.683352688e+03 -3.3909e-01 +2.4059e+00 -1.8872e+00 -4.7945e+00 +2.5345e+00 +4.4884e+00 -6.6541e-01 +1.8404e+00 +2.4698e-01 -2.4251e+00 +3.5971e+00 -3.7471e+00 +4.6698e+00 +2.6147e+00 -4.6019e+00 +1.0769e+00 -2.7439e-01 -3.0708e+00 -1.1633e+00 -4.8755e+00
4 0 +1.522369481e+03 +1.657699481e+03 +1.657699481e+03 -4.1674e+00 +1.1071e+00 +9.6010e-01 +4.4398e+00 -4.6361e+00 +2.7935e+00 +1.2881e+00 +1.4117e+00 +1.8613e+00 +2.4206e+00 +1.2189e+00 +8.6638e-01 -9.2459e-01 -2.6539e+00 -4.8240e+00 +7.4922e-01 -3.0197e+00 -2.1552e+00 -3.4758e+00 +1.5168e-01
12 0 +1.462031767e+03 +1.597361767e+03 +1.597361767e+03 -3.5098e+00 -3.3692e+00 +1.8849e+00 -2.7520e+00 +3.4079e+00 -3.0757e+00 +1.5115e+00 +1.4157e+00 +3.3054e+00 -4.5855e+00 +1.6384e+00 +1.8940e+00 +2.0511e+00 +2.8484e+00 -1.4703e+00 -2.9002e+00 -4.3802e+00 +3.6983e+00 -2.8423e+00 -3.9178e-01
13 0 +1.002986715e+03 +1.138316715e+03 +1.138316715e+03 -3.8973e+00 +3.6795e+00 -7.8148e-01 +8.0599e-01 +3.1824e+00 +3.1363e+00 +1.1800e+00 +3.7491e+00 +2.5401e+00 +3.0629e+00 +2.0410e-01 -4.5312e+00 +1.3747e+00 -1.2245e+00 -4.7623e+00 -4.1124e+00 -4.5694e+00 +1.0956e+00 +2.4662e+00 -1.5270e+00
55 0 +9.168657782e+02 +1.052195778e+03 +1.052195778e+03 -3.7803e+00 +1.5504e+00 +2.3928e-02 -2.6874e-01 +3.2505e+00 +1.2599e+00 +1.2801e+00 +3.0443e+00 +2.7712e+00 +7.5258e-01 +6.3735e-01 -2.5904e+00 +1.5790e+00 +5.7511e-03 -3.7679e+00 -3.7462e+00 -4.5122e+00 +1.8818e+00 +8.6270e-01 -1.1841e+00
102 0 +8.507243565e+02 +9.860543565e+02 +9.860543565e+02 +1.7671e+00 +2.2428e-01 -3.9902e+00 +2.7847e+00 +1.3578e+00 -3.5635e+00 +7.6962e-01 +1.4054e+00 +9.3867e-01 -1.7539e+00 +6.3737e-01 +2.2614e+00 -1.3195e+00 +1.5767e+00 -2.1272e+00 -1.7091e+00 -1.8317e+00 -1.9008e+00 +9.6621e-01 -3.7683e+00
104 0 +7.073076186e+02 +8.426376186e+02 +8.426376186e+02 -2.3429e-01 +1.0539e+00 +1.0754e+00 -1.9928e+00 +3.0487e+00 +6.1920e-02 -1.6242e+00 +3.9506e+00 -6.7201e-01 +2.6645e+00 -1.5594e+00 -6.9616e-01 -2.8230e-01 -2.1595e+00 -1.1766e+00 -4.5254e+00 -1.0625e-01 -9.2662e-02 +2.8234e+00 +3.1415e-02
355 0 +6.808316040e+02 +8.161616040e+02 +8.161616040e+02 -1.3117e+00 +7.5648e-01 +3.9858e-01 -3.0425e-01 +3.5175e-02 -3.9193e-01 -5.7472e-01 +1.4078e+00 +8.0222e-02 +8.1264e-01 +5.5467e-02 -1.3864e+00 -8.9153e-01 -7.4528e-02 -8.4072e-01 -9.8507e-02 +9.3767e-01 -2.0439e+00 -2.7315e-01 -1.5641e-01
454 0 +6.484675116e+02 +7.837975116e+02 +7.837975116e+02 -1.3058e+00 +1.3495e+00 +1.0171e+00 -7.7223e-01 +8.7035e-01 +3.9025e-01 +1.8015e-01 +1.9235e+00 +2.3798e-01 +7.8527e-01 +4.6105e-01 -1.3702e+00 -4.8733e-02 -7.8556e-01 -1.3593e+00 -1.5587e+00 -3.2139e-01 -8.7465e-01 +8.5581e-01 +4.1381e-01
455 0 +6.333935402e+02 +7.687235402e+02 +7.687235402e+02 -7.4952e-01 +1.2918e+00 +1.3262e+00 -1.0310e+00 +4.9316e-01 -4.9302e-02 +3.9963e-02 +1.6913e+00 +1.4278e-01 +6.3510e-01 +4.3981e-01 -1.2489e+00 -9.7968e-02 -5.3733e-01 -1.1329e+00 -1.4265e+00 -5.9431e-02 -1.0130e+00 +8.4411e-01 +6.1655e-01
510 0 +6.308521664e+02 +7.661821664e+02 +7.661821664e+02 -7.4952e-01 +1.2918e+00 +1.3262e+00 -1.0310e+00 +4.9316e-01 -4.9302e-02 +3.9963e-02 +1.6913e+00 +1.4278e-01 +6.3510e-01 +4.3981e-01 -3.6390e-01 -9.7968e-02 -5.3733e-01 -1.1329e+00 -1.4265e+00 -5.9431e-02 -1.0130e+00 +8.4411e-01 +6.1655e-01
608 0 +6.067898835e+02 +7.421198835e+02 +7.421198835e+02 -3.5248e+00 +1.0926e+00 -5.0794e-01 -1.3383e-01 +2.1081e+00 +2.3753e+00 +6.6251e-01 +2.3764e+00 +1.8048e-01 +3.8702e-01 +1.0161e+00 -1.4530e+00 +2.9745e-01 -1.3822e+00 -1.9456e+00 -8.0627e-01 -4.2195e-01 -1.1303e+00 +3.6820e-01 -7.3069e-01
1163 0 +5.982517539e+02 +7.335817539e+02 +7.335817539e+02 -4.8317e-01 +9.6512e-01 +1.3292e+00 -1.0087e+00 +4.4916e-01 -6.6334e-02 +5.5989e-02 +1.7950e+00 +3.5106e-01 +1.0787e+00 +8.4925e-02 -2.3525e+00 +2.3228e-01 -1.4664e-01 -1.7720e+00 -1.9249e+00 -9.2822e-01 -7.0044e-01 +1.2941e+00 +5.9155e-02
% f evaluations | g evaluations | best noise-free fitness - Fopt (4.066000000000e+01) + sum g_i+ | measured fitness | best measured fitness or single-digit g-values | x1 | x2...
1 0 +1.293961813e+03 +1.334621813e+03 +1.334621813e+03 -3.5059e-01 +4.3564e+00 -2.8308e+00 +1.7424e+00 -3.1382e+00 -4.1172e+00 +3.3778e+00 +8.0103e-01 +1.1869e-01 +4.4105e+00 -4.8375e+00 -2.1027e+00 -2.8070e+00 +5.7166e-01 +1.7767e+00 +3.6740e+00 -4.4572e+00 +3.7035e+00 +1.3037e+00 +2.9952e+00
18 0 +6.035629174e+02 +6.442229174e+02 +6.442229174e+02 +1.1182e+00 -4.8589e+00 -4.6279e+00 +3.3289e+00 -2.2273e+00 +7.0963e-01 +2.1138e+00 -6.3829e-01 -4.5596e+00 +4.0526e+00 -8.5745e-01 +3.2077e-01 +2.9311e+00 +4.3130e+00 +9.0895e-01 +3.1585e+00 -1.2580e+00 +3.5331e+00 +1.1462e+00 +4.1644e+00
164 0 +5.983721212e+02 +6.390321212e+02 +6.390321212e+02 +1.1182e+00 -4.8589e+00 -4.6279e+00 +3.3289e+00 -2.2273e+00 +7.0963e-01 +2.1138e+00 -6.3829e-01 -4.5596e+00 +2.7662e+00 -8.5745e-01 +3.2077e-01 +2.9311e+00 +4.3130e+00 +9.0895e-01 +3.1585e+00 -1.2580e+00 +3.5331e+00 +1.1462e+00 +4.1644e+00
206 0 +5.526184957e+02 +5.932784957e+02 +5.932784957e+02 +2.0274e+00 -3.9851e+00 -3.6014e+00 +2.7326e+00 -1.4395e+00 +8.3389e-01 +1.3284e+00 -2.1184e+00 -1.3498e+00 +2.3854e+00 -5.6773e-01 +1.3777e+00 +8.8445e-01 +2.7519e+00 -9.5569e-01 +2.5160e+00 -9.5006e-02 +3.0693e+00 +3.5936e-01 +3.0152e+00
1163 0 +5.489086343e+02 +5.895686343e+02 +5.895686343e+02 +9.7341e-01 -2.3769e+00 -3.5672e-02 +2.2599e+00 -1.6775e+00 -8.9111e-02 +2.1069e+00 +6.3729e-02 -2.9734e+00 +3.5169e+00 -1.3871e+00 -5.3128e-01 +1.4136e+00 +2.4653e+00 +3.0589e-01 +2.5324e+00 -1.0513e+00 +2.5800e+00 +3.1552e-01 +3.1890e+00
1552 0 +5.342350078e+02 +5.748950078e+02 +5.748950078e+02 +1.1042e+00 -3.3137e+00 -3.4966e+00 +2.2696e+00 -1.5639e+00 +4.7954e-01 +1.8530e+00 -3.3195e-01 -3.2986e+00 +3.4407e+00 -1.0086e+00 -1.6252e-01 +1.4822e+00 +2.7525e+00 +8.3764e-02 +2.3512e+00 -7.1021e-01 +2.7059e+00 +2.9125e-01 +3.1104e+00
1662 0 +5.089812658e+02 +5.496412658e+02 +5.496412658e+02 +1.1052e+00 -4.5646e+00 -4.1705e+00 +3.1922e+00 -2.1524e+00 +6.5119e-01 +2.1068e+00 -5.5823e-01 -2.0955e+00 +3.9808e+00 -9.1524e-01 +2.2048e-01 +2.7369e+00 +4.0829e+00 +8.2444e-01 +3.0765e+00 -1.2119e+00 +3.4115e+00 +1.0380e+00 +4.0340e+00
