% f evaluations | g evaluations | best noise-free fitness - Fopt (-4.620900000000e+02) + sum g_i+ | measured fitness | best measured fitness or single-digit g-values | x1 | x2...
1 0 +5.918979933e+03 +5.456889933e+03 +5.456889933e+03 +5.0000e+00 -2.0000e+00 -2.0000e+00 -4.0000e+00 +3.0000e+00 -3.0000e+00 -4.0000e+00 -1.0000e+00 -3.0000e+00 +0.0000e+00 +3.0000e+00 -2.0000e+00 -0.0000e+00 +1.0000e+00 +4.0000e+00 -3.0000e+00 -3.0000e+00 +3.0000e+00 -1.0000e+00 -3.0000e+00
2 0 +2.141380122e+03 +1.679290122e+03 +1.679290122e+03 -4.0000e+00 -1.0000e+00 +3.0000e+00 -4.0000e+00 +0.0000e+00 -1.0000e+00 +1.0000e+00 +1.0000e+00 +1.0000e+00 +2.0000e+00 +3.0000e+00 +3.0000e+00 -1.0000e+00 -0.0000e+00 -3.0000e+00 +2.0000e+00 +1.0000e+00 -5.0000e+00 +2.0000e+00 -4.0000e+00
9 0 +1.187262585e+03 +7.251725850e+02 +7.251725850e+02 -0.0000e+00 +4.0000e+00 -1.0000e+00 -5.0000e+00 -1.0000e+00 -0.0000e+00 +3.0000e+00 -5.0000e+00 -3.0000e+00 -2.0000e+00 -1.0000e+00 -5.0000e+00 -2.0000e+00 -2.0000e+00 -4.0000e+00 -2.0000e+00 -0.0000e+00 -4.0000e+00 -0.0000e+00 +3.0000e+00
% f evaluations | g evaluations | best noise-free fitness - Fopt (7.766000000000e+01) + sum g_i+ | measured fitness | best measured fitness or single-digit g-values | x1 | x2...
1 0 +3.182715771e+03 +3.260375771e+03 +3.260375771e+03 -2.0000e+00 +5.0000e+00 +4.0000e+00 -3.0000e+00 -0.0000e+00 +2.0000e+00 -2.0000e+00 +0.0000e+00 +0.0000e+00 +3.0000e+00 +2.0000e+00 -1.0000e+00 +1.0000e+00 +0.0000e+00 +4.0000e+00 -0.0000e+00 -5.0000e+00 +1.0000e+00 +0.0000e+00 -0.0000e+00
11 0 +9.710330704e+02 +1.048693070e+03 +1.048693070e+03 -3.0000e+00 +4.0000e+00 +3.0000e+00 +1.0000e+00 -1.0000e+00 +1.0000e+00 -0.0000e+00 -0.0000e+00 -0.0000e+00 +1.0000e+00 -3.0000e+00 +3.0000e+00 -2.0000e+00 -1.0000e+00 -0.0000e+00 +1.0000e+00 -1.0000e+00 -3.0000e+00 +2.0000e+00 -1.0000e+00
% f evaluations | g evaluations | best noise-free fitness - Fopt (1.156800000000e+02) + sum g_i+ | measured fitness | best measured fitness or single-digit g-values | x1 | x2...
1 0 +1.398086066e+03 +1.513766066e+03 +1.513766066e+03 -1.0000e+00 -4.0000e+00 +1.0000e+00 +1.0000e+00 +3.0000e+00 -2.0000e+00 +2.0000e+00 -3.0000e+00 -5.0000e+00 +3.0000e+00 +1.0000e+00 +4.0000e+00 -3.0000e+00 +4.0000e+00 +1.0000e+00 -4.0000e+00 -2.0000e+00 -1.0000e+00 +2.0000e+00 +1.0000e+00
12 0 +1.290885310e+03 +1.406565310e+03 +1.406565310e+03 +1.0000e+00 -2.0000e+00 -4.0000e+00 -2.0000e+00 +2.0000e+00 -5.0000e+00 -3.0000e+00 -2.0000e+00 +2.0000e+00 +1.0000e+00 +2.0000e+00 +3.0000e+00 +0.0000e+00 +1.0000e+00 -1.0000e+00 +2.0000e+00 -1.0000e+00 -3.0000e+00 -3.0000e+00 +0.0000e+00
13 0 +1.213891673e+03 +1.329571673e+03 +1.329571673e+03 -4.0000e+00 +4.0000e+00 -1.0000e+00 +1.0000e+00 +1.0000e+00 +3.0000e+00 -1.0000e+00 +1.0000e+00 -5.0000e+00 +1.0000e+00 +2.0000e+00 +4.0000e+00 +2.0000e+00 +3.0000e+00 -0.0000e+00 +2.0000e+00 -3.0000e+00 -0.0000e+00 +3.0000e+00 +2.0000e+00
19 0 +1.034415764e+03 +1.150095764e+03 +1.150095764e+03 -4.0000e+00 -4.0000e+00 +0.0000e+00 +2.0000e+00 +1.0000e+00 -1.0000e+00 +3.0000e+00 -0.0000e+00 +1.0000e+00 +2.0000e+00 -1.0000e+00 +0.0000e+00 -1.0000e+00 +3.0000e+00 +1.0000e+00 -0.0000e+00 -4.0000e+00 -2.0000e+00 +1.0000e+00 -3.0000e+00
31 0 +1.011497940e+03 +1.127177940e+03 +1.127177940e+03 -4.0000e+00 -1.0000e+00 -2.0000e+00 +3.0000e+00 +3.0000e+00 -4.0000e+00 -1.0000e+00 +4.0000e+00 -1.0000e+00 -5.0000e+00 -0.0000e+00 -1.0000e+00 +3.0000e+00 +0.0000e+00 -4.0000e+00 +0.0000e+00 -1.0000e+00 -3.0000e+00 -0.0000e+00 -1.0000e+00
% f evaluations | g evaluations | best noise-free fitness - Fopt (-3.710000000000e+00) + sum g_i+ | measured fitness | best measured fitness or single-digit g-values | x1 | x2...
1 0 +5.158035510e+03 +5.154325510e+03 +5.154325510e+03 +2.0000e+00 -5.0000e+00 -4.0000e+00 +3.0000e+00 +1.0000e+00 -2.0000e+00 +3.0000e+00 -2.0000e+00 +4.0000e+00 +5.0000e+00 +5.0000e+00 +4.0000e+00 -1.0000e+00 +4.0000e+00 +1.0000e+00 +5.0000e+00 -2.0000e+00 +5.0000e+00 -5.0000e+00 +2.0000e+00
4 0 +3.040892106e+03 +3.037182106e+03 +3.037182106e+03 -1.0000e+00 -3.0000e+00 -4.0000e+00 +1.0000e+00 -2.0000e+00 +2.0000e+00 +0.0000e+00 +1.0000e+00 -1.0000e+00 +0.0000e+00 +1.0000e+00 -4.0000e+00 +1.0000e+00 +4.0000e+00 -3.0000e+00 +0.0000e+00 -1.0000e+00 -3.0000e+00 +5.0000e+00 +1.0000e+00
7 0 +1.761425207e+03 +1.757715207e+03 +1.757715207e+03 -2.0000e+00 -4.0000e+00 -3.0000e+00 +0.0000e+00 -1.0000e+00 +1.0000e+00 +0.0000e+00 -5.0000e+00 -4.0000e+00 -1.0000e+00 -5.0000e+00 +2.0000e+00 -0.0000e+00 +5.0000e+00 -5.0000e+00 -5.0000e+00 +2.0000e+00 +2.0000e+00 -3.0000e+00 -1.0000e+00
8 0 +1.524911493e+03 +1.521201493e+03 +1.521201493e+03 -1.0000e+00 -4.0000e+00 +2.0000e+00 -4.0000e+00 -0.0000e+00 +0.0000e+00 +1.0000e+00 +3.0000e+00 -4.0000e+00 +3.0000e+00 -2.0000e+00 -1.0000e+00 +0.0000e+00 +3.0000e+00 -0.0000e+00 -3.0000e+00 -2.0000e+00 -5.0000e+00 -1.0000e+00 -1.0000e+00
22 0 +1.259340431e+03 +1.255630431e+03 +1.255630431e+03 +3.0000e+00 +2.0000e+00 +1.0000e+00 +4.0000e+00 -4.0000e+00 +1.0000e+00 -0.0000e+00 +4.0000e+00 -0.0000e+00 +4.0000e+00 +1.0000e+00 +2.0000e+00 -4.0000e+00 -4.0000e+00 +1.0000e+00 -3.0000e+00 -4.0000e+00 -0.0000e+00 +0.0000e+00 -0.0000e+00
% f evaluations | g evaluations | best noise-free fitness - Fopt (1.321800000000e+02) + sum g_i+ | measured fitness | best measured fitness or single-digit g-values | x1 | x2...
1 0 +4.783310554e+03 +4.915490554e+03 +4.915490554e+03 +0.0000e+00 +4.0000e+00 -3.0000e+00 -2.0000e+00 -0.0000e+00 +4.0000e+00 +2.0000e+00 -2.0000e+00 +3.0000e+00 +0.0000e+00 +2.0000e+00 +5.0000e+00 +3.0000e+00 -2.0000e+00 -4.0000e+00 -0.0000e+00 -5.0000e+00 -2.0000e+00 +1.0000e+00 +1.0000e+00
6 0 +1.372247721e+03 +1.504427721e+03 +1.504427721e+03 -4.0000e+00 -1.0000e+00 -1.0000e+00 -4.0000e+00 +1.0000e+00 -4.0000e+00 -4.0000e+00 -2.0000e+00 -2.0000e+00 -3.0000e+00 -2.0000e+00 -0.0000e+00 -3.0000e+00 +1.0000e+00 +1.0000e+00 +0.0000e+00 +1.0000e+00 -3.0000e+00 -4.0000e+00 -3.0000e+00
10 0 +9.496785989e+02 +1.081858599e+03 +1.081858599e+03 -2.0000e+00 +4.0000e+00 -2.0000e+00 -1.0000e+00 -1.0000e+00 -2.0000e+00 +1.0000e+00 +5.0000e+00 -4.0000e+00 -3.0000e+00 -3.0000e+00 +4.0000e+00 -5.0000e+00 +2.0000e+00 +0.0000e+00 +5.0000e+00 +2.0000e+00 +1.0000e+00 -0.0000e+00 +4.0000e+00
% f evaluations | g evaluations | best noise-free fitness - Fopt (-3.930000000000e+01) + sum g_i+ | measured fitness | best measured fitness or single-digit g-values | x1 | x2...
1 0 +2.072407503e+03 +2.033107503e+03 +2.033107503e+03 +2.0000e+00 -1.0000e+00 -4.0000e+00 +1.0000e+00 +3.0000e+00 -4.0000e+00 -4.0000e+00 +0.0000e+00 -4.0000e+00 +2.0000e+00 -3.0000e+00 -4.0000e+00 -4.0000e+00 -4.0000e+00 -2.0000e+00 +4.0000e+00 -1.0000e+00 +2.0000e+00 -4.0000e+00 -1.0000e+00
7 0 +1.756025730e+03 +1.716725730e+03 +1.716725730e+03 -1.0000e+00 +2.0000e+00 +3.0000e+00 +0.0000e+00 -0.0000e+00 -5.0000e+00 -2.0000e+00 -3.0000e+00 +3.0000e+00 -3.0000e+00 -3.0000e+00 +3.0000e+00 -2.0000e+00 -0.0000e+00 -2.0000e+00 -2.0000e+00 -4.0000e+00 -2.0000e+00 -3.0000e+00 -4.0000e+00
16 0 +1.392900760e+03 +1.353600760e+03 +1.353600760e+03 +4.0000e+00 +2.0000e+00 +2.0000e+00 -1.0000e+00 -2.0000e+00 -1.0000e+00 -4.0000e+00 +4.0000e+00 +1.0000e+00 +4.0000e+00 +1.0000e+00 -1.0000e+00 -0.0000e+00 -5.0000e+00 -0.0000e+00 +0.0000e+00 +1.0000e+00 -1.0000e+00 -4.0000e+00 -1.0000e+00
% f evaluations | g evaluations | best noise-free fitness - Fopt (4.296000000000e+01) + sum g_i+ | measured fitness | best measured fitness or single-digit g-values | x1 | x2...
1 0 +5.760373715e+03 +5.803333715e+03 +5.803333715e+03 -2.0000e+00 +1.0000e+00 -3.0000e+00 +3.0000e+00 +3.0000e+00 +3.0000e+00 +0.0000e+00 +4.0000e+00 -3.0000e+00 -5.0000e+00 +4.0000e+00 -1.0000e+00 +1.0000e+00 -5.0000e+00 -2.0000e+00 +4.0000e+00 +1.0000e+00 -1.0000e+00 +3.0000e+00 -4.0000e+00
2 0 +3.985884699e+03 +4.028844699e+03 +4.028844699e+03 +0.0000e+00 +1.0000e+00 +2.0000e+00 -4.0000e+00 -1.0000e+00 -2.0000e+00 +2.0000e+00 +5.0000e+00 +1.0000e+00 -0.0000e+00 +3.0000e+00 -3.0000e+00 -4.0000e+00 +1.0000e+00 -3.0000e+00 -4.0000e+00 -1.0000e+00 -4.0000e+00 +2.0000e+00 -3.0000e+00
11 0 +2.752339098e+03 +2.795299098e+03 +2.795299098e+03 -4.0000e+00 -3.0000e+00 +1.0000e+00 -5.0000e+00 -0.0000e+00 +4.0000e+00 -3.0000e+00 -2.0000e+00 +4.0000e+00 +0.0000e+00 -2.0000e+00 +2.0000e+00 -1.0000e+00 +4.0000e+00 -4.0000e+00 -3.0000e+00 -5.0000e+00 +0.0000e+00 +4.0000e+00 +1.0000e+00
25 0 +2.322076528e+03 +2.365036528e+03 +2.365036528e+03 -2.0000e+00 -4.0000e+00 -5.0000e+00 +1.0000e+00 +3.0000e+00 +3.0000e+00 -1.0000e+00 +0.0000e+00 +1.0000e+00 -2.0000e+00 +2.0000e+00 +5.0000e+00 -3.0000e+00 +1.0000e+00 -2.0000e+00 -1.0000e+00 +2.0000e+00 +3.0000e+00 -0.0000e+00 -1.0000e+00
% f evaluations | g evaluations | best noise-free fitness - Fopt (2.842200000000e+02) + sum g_i+ | measured fitness | best measured fitness or single-digit g-values | x1 | x2...
1 0 +4.902100141e+03 +5.186320141e+03 +5.186320141e+03 -2.0000e+00 -3.0000e+00 -1.0000e+00 +5.0000e+00 +5.0000e+00 +4.0000e+00 +2.0000e+00 -3.0000e+00 -1.0000e+00 +0.0000e+00 -1.0000e+00 +0.0000e+00 -3.0000e+00 -4.0000e+00 +4.0000e+00 +3.0000e+00 +0.0000e+00 -1.0000e+00 -1.0000e+00 -1.0000e+00
2 0 +1.216479574e+03 +1.500699574e+03 +1.500699574e+03 -2.0000e+00 -2.0000e+00 +2.0000e+00 -3.0000e+00 -0.0000e+00 +2.0000e+00 -1.0000e+00 -2.0000e+00 +0.0000e+00 -1.0000e+00 -1.0000e+00 -4.0000e+00 -0.0000e+00 +3.0000e+00 +1.0000e+00 -1.0000e+00 +2.0000e+00 -4.0000e+00 -3.0000e+00 -1.0000e+00
29 0 +1.145389149e+03 +1.429609149e+03 +1.429609149e+03 -4.0000e+00 +1.0000e+00 -3.0000e+00 +0.0000e+00 +2.0000e+00 -1.0000e+00 -2.0000e+00 -2.0000e+00 -5.0000e+00 -2.0000e+00 -1.0000e+00 +2.0000e+00 -2.0000e+00 -2.0000e+00 -2.0000e+00 -2.0000e+00 +3.0000e+00 -0.0000e+00 +1.0000e+00 -4.0000e+00
% f evaluations | g evaluations | best noise-free fitness - Fopt (-3.217000000000e+01) + sum g_i+ | measured fitness | best measured fitness or single-digit g-values | x1 | x2...
1 0 +1.732990047e+03 +1.700820047e+03 +1.700820047e+03 -4.0000e+00 +5.0000e+00 -1.0000e+00 -3.0000e+00 +3.0000e+00 +3.0000e+00 +2.0000e+00 +5.0000e+00 -5.0000e+00 +0.0000e+00 -3.0000e+00 +2.0000e+00 -5.0000e+00 -4.0000e+00 -1.0000e+00 -1.0000e+00 +0.0000e+00 +2.0000e+00 -1.0000e+00 -4.0000e+00
3 0 +1.347593575e+03 +1.315423575e+03 +1.315423575e+03 -2.0000e+00 +0.0000e+00 -1.0000e+00 +0.0000e+00 -1.0000e+00 +3.0000e+00 -0.0000e+00 +5.0000e+00 +1.0000e+00 -3.0000e+00 -2.0000e+00 +5.0000e+00 -4.0000e+00 -1.0000e+00 +1.0000e+00 +2.0000e+00 -2.0000e+00 +3.0000e+00 -4.0000e+00 -1.0000e+00
% f evaluations | g evaluations | best noise-free fitness - Fopt (-5.858000000000e+01) + sum g_i+ | measured fitness | best measured fitness or single-digit g-values | x1 | x2...
1 0 +1.773575063e+03 +1.714995063e+03 +1.714995063e+03 +4.0000e+00 +1.0000e+00 +1.0000e+00 +2.0000e+00 -1.0000e+00 +0.0000e+00 +2.0000e+00 -2.0000e+00 +2.0000e+00 +0.0000e+00 -4.0000e+00 -0.0000e+00 -4.0000e+00 -3.0000e+00 +1.0000e+00 -1.0000e+00 -1.0000e+00 -5.0000e+00 -2.0000e+00 -3.0000e+00
21 0 +1.148009664e+03 +1.089429664e+03 +1.089429664e+03 -5.0000e+00 -3.0000e+00 -4.0000e+00 -0.0000e+00 -2.0000e+00 -2.0000e+00 +1.0000e+00 -2.0000e+00 +0.0000e+00 -1.0000e+00 +2.0000e+00 -2.0000e+00 -2.0000e+00 -1.0000e+00 -4.0000e+00 +1.0000e+00 +2.0000e+00 +1.0000e+00 -3.0000e+00 -3.0000e+00
% f evaluations | g evaluations | best noise-free fitness - Fopt (-6.049200000000e+02) + sum g_i+ | measured fitness | best measured fitness or single-digit g-values | x1 | x2...
1 0 +1.545705985e+04 +1.485213985e+04 +1.485213985e+04 -4.0000e+00 +1.0000e+00 -3.0000e+00 +2.0000e+00 +4.0000e+00 -2.0000e+00 +3.0000e+00 +4.0000e+00 -2.0000e+00 +2.0000e+00 -1.0000e+00 +1.0000e+00 -1.0000e+00 -0.0000e+00 +5.0000e+00 +2.0000e+00 +3.0000e+00 +4.0000e+00 +0.0000e+00 -4.0000e+00
2 0 +5.694623042e+03 +5.089703042e+03 +5.089703042e+03 +3.0000e+00 -5.0000e+00 +0.0000e+00 +4.0000e+00 +0.0000e+00 -4.0000e+00 +1.0000e+00 +1.0000e+00 -5.0000e+00 -2.0000e+00 -2.0000e+00 -1.0000e+00 +4.0000e+00 +0.0000e+00 +4.0000e+00 -3.0000e+00 -4.0000e+00 -3.0000e+00 -4.0000e+00 +2.0000e+00
3 0 +1.757188452e+03 +1.152268452e+03 +1.152268452e+03 -4.0000e+00 -2.0000e+00 -4.0000e+00 -2.0000e+00 -3.0000e+00 +2.0000e+00 -3.0000e+00 +5.0000e+00 +2.0000e+00 +1.0000e+00 +2.0000e+00 +2.0000e+00 +0.0000e+00 -1.0000e+00 -3.0000e+00 -1.0000e+00 -3.0000e+00 -2.0000e+00 +1.0000e+00 -0.0000e+00
% f evaluations | g evaluations | best noise-free fitness - Fopt (1.337000000000e+02) + sum g_i+ | measured fitness | best measured fitness or single-digit g-values | x1 | x2...
1 0 +3.275371878e+03 +3.409071878e+03 +3.409071878e+03 +3.0000e+00 +3.0000e+00 +4.0000e+00 +2.0000e+00 +5.0000e+00 -4.0000e+00 -1.0000e+00 -3.0000e+00 -1.0000e+00 +4.0000e+00 +2.0000e+00 -4.0000e+00 +2.0000e+00 -1.0000e+00 -3.0000e+00 +0.0000e+00 +3.0000e+00 +3.0000e+00 -3.0000e+00 -4.0000e+00
3 0 +2.424104628e+03 +2.557804628e+03 +2.557804628e+03 -3.0000e+00 +3.0000e+00 +0.0000e+00 +4.0000e+00 -1.0000e+00 -4.0000e+00 -1.0000e+00 +3.0000e+00 -2.0000e+00 +1.0000e+00 -3.0000e+00 +2.0000e+00 +0.0000e+00 -3.0000e+00 +3.0000e+00 -1.0000e+00 -3.0000e+00 +0.0000e+00 -4.0000e+00 +1.0000e+00
7 0 +2.352034585e+03 +2.485734585e+03 +2.485734585e+03 +3.0000e+00 +4.0000e+00 -1.0000e+00 -3.0000e+00 -1.0000e+00 +2.0000e+00 -3.0000e+00 -5.0000e+00 +1.0000e+00 +4.0000e+00 -1.0000e+00 -2.0000e+00 -1.0000e+00 +3.0000e+00 -4.0000e+00 +4.0000e+00 +4.0000e+00 +1.0000e+00 -1.0000e+00 +1.0000e+00
8 0 +1.710517247e+03 +1.844217247e+03 +1.844217247e+03 -1.0000e+00 +3.0000e+00 +2.0000e+00 +3.0000e+00 +3.0000e+00 -1.0000e+00 +2.0000e+00 +2.0000e+00 -5.0000e+00 +5.0000e+00 +0.0000e+00 -3.0000e+00 -5.0000e+00 +4.0000e+00 +1.0000e+00 +3.0000e+00 +3.0000e+00 -4.0000e+00 -4.0000e+00 -2.0000e+00
9 0 +1.042905275e+03 +1.176605275e+03 +1.176605275e+03 -3.0000e+00 -3.0000e+00 +1.0000e+00 +2.0000e+00 +2.0000e+00 +5.0000e+00 +0.0000e+00 -1.0000e+00 +2.0000e+00 -1.0000e+00 +1.0000e+00 +3.0000e+00 -4.0000e+00 +0.0000e+00 -1.0000e+00 +3.0000e+00 -0.0000e+00 +2.0000e+00 -1.0000e+00 +2.0000e+00
% f evaluations | g evaluations | best noise-free fitness - Fopt (-2.098000000000e+01) + sum g_i+ | measured fitness | best measured fitness or single-digit g-values | x1 | x2...
1 0 +6.076675300e+03 +6.055695300e+03 +6.055695300e+03 +2.0000e+00 -0.0000e+00 +0.0000e+00 -3.0000e+00 -2.0000e+00 -2.0000e+00 -2.0000e+00 +2.0000e+00 +1.0000e+00 +4.0000e+00 -1.0000e+00 +1.0000e+00 -3.0000e+00 -3.0000e+00 +3.0000e+00 -0.0000e+00 +3.0000e+00 +3.0000e+00 +1.0000e+00 -4.0000e+00
2 0 +4.026733352e+03 +4.005753352e+03 +4.005753352e+03 +5.0000e+00 +2.0000e+00 -4.0000e+00 -0.0000e+00 +2.0000e+00 -2.0000e+00 +4.0000e+00 -5.0000e+00 +4.0000e+00 -0.0000e+00 -2.0000e+00 -3.0000e+00 +2.0000e+00 +4.0000e+00 -2.0000e+00 +3.0000e+00 -5.0000e+00 -2.0000e+00 +3.0000e+00 +4.0000e+00
4 0 +1.974636152e+03 +1.953656152e+03 +1.953656152e+03 -3.0000e+00 -1.0000e+00 -4.0000e+00 +2.0000e+00 +4.0000e+00 -2.0000e+00 -4.0000e+00 -1.0000e+00 -4.0000e+00 -4.0000e+00 -2.0000e+00 -5.0000e+00 +0.0000e+00 +1.0000e+00 -4.0000e+00 -2.0000e+00 -4.0000e+00 -2.0000e+00 -4.0000e+00 +4.0000e+00
13 0 +1.739527006e+03 +1.718547006e+03 +1.718547006e+03 -1.0000e+00 -4.0000e+00 +1.0000e+00 +3.0000e+00 -4.0000e+00 -5.0000e+00 +5.0000e+00 +3.0000e+00 +3.0000e+00 -1.0000e+00 -2.0000e+00 +3.0000e+00 +1.0000e+00 -3.0000e+00 +0.0000e+00 -1.0000e+00 +0.0000e+00 -1.0000e+00 -3.0000e+00 +3.0000e+00
15 0 +1.393793872e+03 +1.372813872e+03 +1.372813872e+03 -5.0000e+00 -0.0000e+00 +1.0000e+00 -1.0000e+00 +1.0000e+00 -3.0000e+00 +3.0000e+00 +3.0000e+00 +3.0000e+00 +0.0000e+00 -1.0000e+00 -5.0000e+00 +0.0000e+00 +4.0000e+00 -2.0000e+00 +1.0000e+00 -2.0000e+00 -1.0000e+00 +1.0000e+00 +0.0000e+00
% f evaluations | g evaluations | best noise-free fitness - Fopt (1.353300000000e+02) + sum g_i+ | measured fitness | best measured fitness or single-digit g-values | x1 | x2...
1 0 +1.836786368e+03 +1.972116368e+03 +1.972116368e+03 -3.0000e+00 +2.0000e+00 -2.0000e+00 -5.0000e+00 -3.0000e+00 +4.0000e+00 +1.0000e+00 -2.0000e+00 -2.0000e+00 -4.0000e+00 -1.0000e+00 +5.0000e+00 +1.0000e+00 -1.0000e+00 -1.0000e+00 +3.0000e+00 -4.0000e+00 +3.0000e+00 -3.0000e+00 +4.0000e+00
5 0 +1.743302007e+03 +1.878632007e+03 +1.878632007e+03 -0.0000e+00 -1.0000e+00 -2.0000e+00 -3.0000e+00 -1.0000e+00 -1.0000e+00 -0.0000e+00 +1.0000e+00 +4.0000e+00 -1.0000e+00 -5.0000e+00 -1.0000e+00 -1.0000e+00 +2.0000e+00 +1.0000e+00 -4.0000e+00 -0.0000e+00 +2.0000e+00 +2.0000e+00 +2.0000e+00
15 0 +1.622220118e+03 +1.757550118e+03 +1.757550118e+03 -2.0000e+00 -4.0000e+00 +0.0000e+00 -3.0000e+00 -0.0000e+00 +1.0000e+00 -4.0000e+00 -4.0000e+00 +3.0000e+00 +5.0000e+00 -4.0000e+00 -3.0000e+00 -4.0000e+00 -5.0000e+00 -1.0000e+00 +4.0000e+00 +0.0000e+00 +4.0000e+00 +2.0000e+00 -2.0000e+00
17 0 +1.610255734e+03 +1.745585734e+03 +1.745585734e+03 -4.0000e+00 +4.0000e+00 -5.0000e+00 +3.0000e+00 +1.0000e+00 +5.0000e+00 -4.0000e+00 -1.0000e+00 +1.0000e+00 +1.0000e+00 -1.0000e+00 -1.0000e+00 -2.0000e+00 -3.0000e+00 +1.0000e+00 +3.0000e+00 +2.0000e+00 +2.0000e+00 -0.0000e+00 -3.0000e+00
21 0 +1.084970418e+03 +1.220300418e+03 +1.220300418e+03 -1.0000e+00 -1.0000e+00 -4.0000e+00 -3.0000e+00 +1.0000e+00 -2.0000e+00 +1.0000e+00 +2.0000e+00 -1.0000e+00 +5.0000e+00 +1.0000e+00 +4.0000e+00 +1.0000e+00 +2.0000e+00 -1.0000e+00 +3.0000e+00 -2.0000e+00 -0.0000e+00 -3.0000e+00 -5.0000e+00
% f evaluations | g evaluations | best noise-free fitness - Fopt (4.066000000000e+01) + sum g_i+ | measured fitness | best measured fitness or single-digit g-values | x1 | x2...
1 0 +1.790038202e+03 +1.830698202e+03 +1.830698202e+03 -4.0000e+00 -5.0000e+00 -2.0000e+00 -0.0000e+00 -3.0000e+00 +2.0000e+00 -2.0000e+00 -4.0000e+00 +4.0000e+00 +1.0000e+00 +0.0000e+00 -0.0000e+00 +1.0000e+00 +2.0000e+00 +2.0000e+00 -3.0000e+00 -5.0000e+00 -1.0000e+00 -1.0000e+00 -0.0000e+00
2 0 +1.760570768e+03 +1.801230768e+03 +1.801230768e+03 +1.0000e+00 -1.0000e+00 +3.0000e+00 -1.0000e+00 +0.0000e+00 -2.0000e+00 +1.0000e+00 +1.0000e+00 +3.0000e+00 +2.0000e+00 +2.0000e+00 +1.0000e+00 -2.0000e+00 -4.0000e+00 -1.0000e+00 +4.0000e+00 -4.0000e+00 +5.0000e+00 +3.0000e+00 +1.0000e+00
16 0 +1.522513943e+03 +1.563173943e+03 +1.563173943e+03 -4.0000e+00 +4.0000e+00 -4.0000e+00 +2.0000e+00 -5.0000e+00 -1.0000e+00 -4.0000e+00 +3.0000e+00 +3.0000e+00 -0.0000e+00 -3.0000e+00 -4.0000e+00 -4.0000e+00 -1.0000e+00 +1.0000e+00 +1.0000e+00 -5.0000e+00 -1.0000e+00 +2.0000e+00 +4.0000e+00
30 0 +1.376421007e+03 +1.417081007e+03 +1.417081007e+03 -2.0000e+00 +5.0000e+00 -3.0000e+00 +1.0000e+00 -0.0000e+00 +0.0000e+00 -0.0000e+00 +0.0000e+00 +3.0000e+00 -3.0000e+00 -3.0000e+00 -0.0000e+00 +3.0000e+00 +3.0000e+00 -1.0000e+00 -4.0000e+00 -1.0000e+00 +3.0000e+00 -3.0000e+00 -3.0000e+00
32 0 +9.967436869e+02 +1.037403687e+03 +1.037403687e+03 -4.0000e+00 -4.0000e+00 +4.0000e+00 +1.0000e+00 -1.0000e+00 -4.0000e+00 -0.0000e+00 -1.0000e+00 +0.0000e+00 -3.0000e+00 +1.0000e+00 +1.0000e+00 -0.0000e+00 +0.0000e+00 -4.0000e+00 +0.0000e+00 -2.0000e+00 +4.0000e+00 +1.0000e+00 +2.0000e+00
