% f evaluations | g evaluations | best noise-free fitness - Fopt (-2.098800000000e+02) + sum g_i+ | measured fitness | best measured fitness or single-digit g-values | x1 | x2...
1 0 +3.107945405e+07 +3.107924417e+07 +3.107924417e+07 -4.2662e+00 -2.1835e-01 +4.1933e+00 +1.4957e+00 +3.8580e+00 +2.0322e+00 +1.5373e+00 -3.5154e+00 +4.7310e+00 +3.1752e+00 -4.6646e-01 +3.5482e+00 +3.6249e+00 -3.2452e-01 -2.9261e-01 +3.5029e+00 -4.2811e+00 -4.1080e+00 +3.1216e+00 +3.6565e+00
2 0 +1.509203733e+07 +1.509182745e+07 +1.509182745e+07 +2.1451e+00 +2.1047e+00 +3.4390e+00 +3.6288e+00 -3.4049e+00 -1.1199e+00 -1.9701e+00 -2.4954e+00 -3.2184e+00 +2.1610e+00 -3.6402e+00 -5.7761e-01 +2.2225e+00 -4.0592e+00 -2.3560e+00 +3.3248e+00 -4.3599e+00 +4.5309e+00 +5.1984e-01 +4.4833e+00
8 0 +1.044857082e+07 +1.044836094e+07 +1.044836094e+07 +2.3156e+00 -1.4579e+00 -3.5327e+00 +1.9812e+00 +2.4452e+00 -2.9735e+00 +2.5767e+00 -1.7130e+00 -4.1564e+00 -1.5643e+00 -3.7779e+00 -3.2838e+00 +7.8258e-01 +1.0020e+00 +3.1351e+00 -2.6002e+00 -3.9485e+00 +1.3893e+00 -2.2036e+00 +4.9123e+00
10 0 +4.704380521e+06 +4.704170641e+06 +4.704170641e+06 -2.6514e-01 -8.7090e-01 -2.0860e+00 -4.1829e+00 +4.1897e+00 -2.2875e+00 -2.0874e+00 -1.5967e+00 -4.8646e+00 +9.2218e-01 +4.6862e+00 +2.3401e+00 -3.8031e+00 +4.8075e+00 +5.5029e-01 -2.2652e+00 -1.4834e+00 -5.3717e-01 -1.7579e+00 +1.5997e+00
53 0 +4.544619486e+06 +4.544409606e+06 +4.544409606e+06 +6.3067e-02 -1.2902e+00 -1.7113e+00 -4.0867e+00 +3.9321e+00 -1.7833e+00 -2.3579e+00 -8.7729e-01 -4.6557e+00 +7.1654e-01 +3.6171e+00 +2.2571e+00 -2.9813e+00 +4.5404e+00 +1.7979e-02 -1.8653e+00 -1.0889e+00 -4.5439e-01 -1.8528e+00 +1.5788e+00
56 0 +3.875050459e+06 +3.874840579e+06 +3.874840579e+06 -4.1431e-01 +2.7630e-01 -6.3407e-01 -3.3267e+00 +2.0835e+00 -1.7605e+00 -1.8412e+00 -2.2831e+00 -2.7453e+00 +9.7143e-01 +2.6264e+00 +1.8000e+00 -3.2750e+00 +2.9870e+00 +9.2496e-02 -1.2874e+00 -1.9527e+00 -3.6706e-01 -2.5146e+00 +2.0309e+00
154 0 +3.704060868e+06 +3.703850988e+06 +3.703850988e+06 +3.1512e+00 -3.2740e+00 +1.3561e-02 -4.7149e-01 +6.5146e-01 +9.0086e-01 -3.4952e+00 +9.7466e-01 -2.1544e+00 +2.5217e-01 -2.6405e+00 -7.4614e-01 +3.5550e+00 +7.5834e-01 -1.1814e+00 +2.2163e+00 -5.7342e-01 +1.4654e+00 -1.8864e+00 +2.0534e+00
158 0 +3.291212416e+06 +3.291002536e+06 +3.291002536e+06 +2.2483e+00 -1.2728e+00 -1.8046e+00 +4.5826e-01 +9.7031e-01 -1.3704e+00 -2.1398e+00 -3.1543e+00 -2.4881e+00 +1.4584e+00 +1.9531e+00 -1.5104e+00 +7.8916e-01 +9.1907e-01 +1.9594e+00 +1.2810e+00 -3.0681e+00 +1.7437e+00 -1.2449e+00 +2.4040e+00
159 0 +3.054300072e+06 +3.054090192e+06 +3.054090192e+06 +1.8276e+00 -1.2094e+00 -1.8518e+00 -3.1498e-01 +1.5035e+00 -1.5176e+00 -2.1325e+00 -2.8934e+00 -2.8833e+00 +1.3677e+00 +2.4068e+00 -8.7341e-01 +2.7180e-02 +1.5629e+00 +1.7275e+00 +6.9708e-01 -2.8071e+00 +1.3646e+00 -1.3292e+00 +2.2691e+00
207 0 +2.890609766e+06 +2.890399886e+06 +2.890399886e+06 +2.2791e+00 -2.0728e+00 -1.0689e+00 -5.8970e-01 +1.2836e+00 -5.2586e-01 -2.7117e+00 -1.1735e+00 -2.6787e+00 +8.6755e-01 +3.7609e-01 -6.4766e-01 +1.3268e+00 +1.3930e+00 +4.2428e-01 +1.1878e+00 -1.7841e+00 +1.3056e+00 -1.5896e+00 +2.1409e+00
303 0 +2.875770443e+06 +2.875560563e+06 +2.875560563e+06 +2.1109e+00 -1.9261e+00 -1.0417e+00 -7.6062e-01 +1.2299e+00 -6.0296e-01 -2.6573e+00 -1.2428e+00 -2.6829e+00 +8.7403e-01 +5.1662e-01 -4.9481e-01 +1.0394e+00 +1.4926e+00 +4.0356e-01 +1.0332e+00 -1.7946e+00 +1.2011e+00 -1.6474e+00 +2.1340e+00
355 0 +2.815949162e+06 +2.815739282e+06 +2.815739282e+06 +1.7300e+00 -1.3027e+00 -1.5783e+00 -2.5381e-01 +1.6327e+00 -1.5801e+00 -1.8825e+00 -2.6156e+00 -2.6898e+00 +1.4766e+00 +2.4819e+00 -9.2977e-01 -1.2229e-02 +1.3686e+00 +1.7553e+00 +7.3999e-01 -2.1455e+00 +1.4401e+00 -1.4426e+00 +2.1179e+00
763 0 +2.623457491e+06 +2.623247611e+06 +2.623247611e+06 +1.7291e+00 -1.2941e+00 -1.5875e+00 -2.7366e-01 +1.6250e+00 -1.5712e+00 -1.9021e+00 -2.6227e+00 -2.7017e+00 +1.3888e+00 +2.4661e+00 -2.0193e-01 -1.7379e-02 +1.3880e+00 +1.7384e+00 +3.3271e-01 -2.1826e+00 +1.4264e+00 -1.4415e+00 +2.1267e+00
1210 0 +2.483363815e+06 +2.483153935e+06 +2.483153935e+06 +1.7291e+00 -1.2941e+00 -1.5875e+00 -2.7366e-01 +1.6250e+00 -1.5712e+00 -1.9021e+00 -2.6227e+00 -2.7017e+00 +1.3888e+00 +2.4661e+00 -2.0193e-01 -1.7379e-02 +1.3880e+00 +1.7384e+00 +4.3351e-02 -2.1826e+00 +1.4264e+00 -1.4415e+00 +2.1267e+00
1564 0 +2.453686982e+06 +2.453477102e+06 +2.453477102e+06 +1.7291e+00 -1.2941e+00 -1.5875e+00 -2.7366e-01 +1.6250e+00 -1.5712e+00 -1.9021e+00 -2.6227e+00 -2.7017e+00 +1.3888e+00 +2.4661e+00 -2.0193e-01 -1.7379e-02 +1.3880e+00 +5.0487e-02 +4.3351e-02 -2.1826e+00 +1.4264e+00 -1.4415e+00 +1.4513e+00
1705 0 +2.375836398e+06 +2.375626518e+06 +2.375626518e+06 +1.7270e+00 -1.2941e+00 -1.5875e+00 -2.7359e-01 +1.6250e+00 -1.5712e+00 -1.9021e+00 -2.6227e+00 -2.7017e+00 +1.3888e+00 +2.4661e+00 -2.0193e-01 -1.7379e-02 +1.3880e+00 +4.3206e-01 +4.3971e-02 -2.1826e+00 +1.4264e+00 -1.4415e+00 +1.6039e+00
1760 0 +2.340441568e+06 +2.340231688e+06 +2.340231688e+06 +1.7291e+00 -1.2941e+00 -1.5875e+00 -2.7366e-01 +1.6250e+00 -1.5712e+00 -1.9021e+00 -2.6227e+00 -2.7017e+00 +1.3888e+00 +2.4661e+00 -2.0193e-01 -1.7379e-02 +9.8193e-02 +2.1211e-01 +4.3351e-02 -2.1826e+00 +1.4264e+00 -1.4415e+00 +1.5160e+00
% f evaluations | g evaluations | best noise-free fitness - Fopt (-9.209000000000e+01) + sum g_i+ | measured fitness | best measured fitness or single-digit g-values | x1 | x2...
1 0 +3.909859525e+07 +3.909850316e+07 +3.909850316e+07 +1.5331e+00 +1.4558e+00 +3.6707e+00 +2.8812e+00 -3.9618e+00 -9.3281e-01 +1.1115e-01 +2.3692e+00 -1.4455e+00 +2.9231e+00 +4.9091e+00 -2.4562e+00 -3.1134e+00 +1.5106e+00 +7.6361e-01 -4.6350e+00 -2.2526e+00 -4.9689e+00 -4.5814e+00 +3.8713e-01
2 0 +2.962908173e+07 +2.962898964e+07 +2.962898964e+07 -1.6024e-01 +3.7463e+00 +3.9879e+00 -4.9282e+00 +4.1198e+00 +4.9253e+00 +2.0566e+00 -1.5437e-01 +8.3687e-01 -1.1846e-01 -4.0450e+00 +3.3492e+00 -3.5155e+00 -3.0751e+00 +3.8191e+00 -4.2896e+00 -4.9310e+00 +8.5462e-01 -3.6391e+00 -4.9390e+00
8 0 +6.568320452e+06 +6.568228362e+06 +6.568228362e+06 -3.2535e+00 +1.0481e+00 -4.4197e+00 -1.9713e+00 -4.5110e+00 -4.6641e+00 +3.7123e+00 +2.9019e-01 -4.3832e+00 -4.7650e+00 -4.0106e+00 +3.0039e+00 +2.3254e-01 +4.1357e+00 -9.6625e-01 -8.8690e-01 +2.0530e+00 +1.9014e+00 +1.4010e+00 -2.1858e+00
17 0 +4.575274334e+06 +4.575182244e+06 +4.575182244e+06 +6.5722e-01 -3.8332e+00 +6.2671e-02 -1.0102e+00 -3.9529e+00 +2.8856e+00 -1.9187e+00 +4.9299e-01 -9.7883e-01 -5.5953e-01 -4.4411e+00 -2.8064e+00 -3.2234e+00 +3.6969e+00 +1.5269e+00 +6.3209e-01 -4.2188e+00 +6.0472e-01 +3.1421e-01 -4.1188e-01
31 0 +3.085747759e+06 +3.085655669e+06 +3.085655669e+06 +7.5938e-01 +5.9712e-01 -4.2077e+00 +3.7518e+00 +4.5539e+00 -4.7808e+00 +9.0278e-01 -2.6885e+00 +1.2753e+00 -4.8118e-01 -3.3827e+00 +2.8228e+00 -4.7295e-01 -2.6216e+00 -9.5565e-01 +1.6888e+00 -2.5752e+00 +4.5542e+00 +1.1552e+00 -2.5546e+00
52 0 +2.952012669e+06 +2.951920579e+06 +2.951920579e+06 +6.6814e-01 +6.3404e-01 -4.0929e+00 +3.7481e+00 +4.5581e+00 -4.7133e+00 +8.2931e-01 -2.6996e+00 +1.2288e+00 -3.6597e-01 -3.2058e+00 +2.6741e+00 -3.8927e-01 -2.6008e+00 -8.1853e-01 +1.6489e+00 -2.5911e+00 +4.3881e+00 +1.1212e+00 -2.5360e+00
107 0 +1.817425092e+06 +1.817333002e+06 +1.817333002e+06 +6.6663e-01 +1.8248e-02 -3.5201e+00 +3.0922e+00 +3.3849e+00 -3.6658e+00 +4.5051e-01 -2.2595e+00 +9.2449e-01 -3.9265e-01 -3.3761e+00 +1.9187e+00 -7.7993e-01 -1.7327e+00 -4.9523e-01 +1.5087e+00 -2.8154e+00 +3.8666e+00 +1.0100e+00 -2.2432e+00
156 0 +1.283890859e+06 +1.283798769e+06 +1.283798769e+06 +6.6422e-01 -9.6792e-01 -2.6027e+00 +2.0418e+00 +1.5061e+00 -1.9884e+00 -1.5611e-01 -1.5547e+00 +4.3715e-01 -4.3538e-01 -3.6488e+00 +7.0880e-01 -1.4056e+00 -3.4249e-01 +2.2525e-02 +1.2843e+00 -3.1748e+00 +3.0314e+00 +8.3184e-01 -1.7743e+00
652 0 +1.258887276e+06 +1.258795186e+06 +1.258795186e+06 +5.7543e-01 -1.1280e+00 -2.4110e+00 +1.7952e+00 +7.1966e-01 -1.6662e+00 -2.9214e-01 -1.4268e+00 +3.2509e-01 -4.4565e-01 -3.6457e+00 +5.0768e-01 -1.4642e+00 -1.1761e-01 +1.3420e-01 +1.2169e+00 -3.2459e+00 +2.8103e+00 +8.1683e-01 -1.6882e+00
1061 0 +1.224122505e+06 +1.224030415e+06 +1.224030415e+06 +6.2918e-01 -1.1434e+00 -2.4261e+00 +1.7512e+00 +3.6467e-01 -1.6727e+00 -2.7957e-01 -1.4255e+00 +3.3614e-01 -4.4738e-01 -1.5732e+00 +4.9126e-01 -1.5007e+00 -9.5306e-02 +1.2735e-01 +1.2339e+00 -3.2426e+00 +2.8492e+00 +8.0700e-01 -1.6874e+00
1211 0 +1.159758342e+06 +1.159666252e+06 +1.159666252e+06 +6.3349e-01 -1.0349e+00 -2.4074e+00 +1.7730e+00 +1.7447e-01 -1.6198e+00 -3.0512e-01 -1.4054e+00 +3.1244e-01 -4.6283e-01 -3.7125e+00 +4.4223e-01 -1.5301e+00 -2.9996e-02 +1.5472e-01 +1.2344e+00 -3.2512e+00 +2.8205e+00 +8.0572e-01 -1.4523e+00
1512 0 +1.115434327e+06 +1.115342237e+06 +1.115342237e+06 +6.3252e-01 -9.6637e-01 -2.4048e+00 +1.7716e+00 +2.2288e-01 -1.5205e+00 -3.0555e-01 -1.4041e+00 +3.1240e-01 -4.6149e-01 -9.0546e-01 +4.4159e-01 -1.5298e+00 -3.0783e-02 +1.5450e-01 +9.0610e-01 -3.2520e+00 +2.8191e+00 +8.0512e-01 -1.4861e+00
% f evaluations | g evaluations | best noise-free fitness - Fopt (-8.789000000000e+01) + sum g_i+ | measured fitness | best measured fitness or single-digit g-values | x1 | x2...
1 0 +1.591823295e+07 +1.591814506e+07 +1.591814506e+07 +2.1274e+00 +2.8179e+00 +1.3911e-01 +4.6750e+00 +3.7128e+00 -1.2932e+00 +6.0305e-01 +1.2721e+00 -3.2462e+00 +1.7670e+00 +3.2656e-02 -2.2655e+00 -6.3844e-01 +4.5704e-01 +3.5717e+00 +1.1985e+00 -3.9237e+00 -3.9239e+00 -1.7706e+00 +4.6556e+00
3 0 +1.573098910e+07 +1.573090121e+07 +1.573090121e+07 +3.3866e+00 +1.9627e+00 -7.5354e-01 -2.3625e+00 -4.2803e+00 -1.5988e+00 -2.6350e+00 +3.2495e+00 -1.1554e+00 +1.1621e+00 +6.5238e-01 -4.2301e-01 +2.7013e+00 +1.1805e+00 +1.7080e+00 -4.6189e+00 +3.7906e+00 -3.2543e+00 +1.8013e+00 +2.5861e+00
9 0 +7.335079343e+06 +7.334991453e+06 +7.334991453e+06 +3.7195e+00 -2.7924e+00 +4.4270e+00 +1.8781e+00 +2.4740e+00 +7.2965e-01 +1.2066e+00 -4.0415e+00 -1.3361e+00 +1.7266e+00 +2.9548e+00 -3.0981e-01 +2.2449e+00 +2.0308e+00 -4.1550e+00 -2.0795e+00 +3.8781e+00 -5.0210e-01 -4.2958e-01 +1.9369e+00
23 0 +4.314195652e+06 +4.314107762e+06 +4.314107762e+06 +4.2619e+00 -1.8231e-01 +1.0772e+00 +5.2312e-01 +2.5027e+00 +3.3220e-01 -1.8815e+00 -3.2375e-01 -5.3507e-02 +4.8348e+00 +4.8251e+00 -1.4476e+00 -8.2090e-01 -3.0552e+00 -1.7003e+00 +4.3412e+00 -1.0073e-01 +4.9162e+00 +5.6696e-02 +4.0052e+00
56 0 +2.909100393e+06 +2.909012503e+06 +2.909012503e+06 -2.5932e-01 -3.2188e+00 +1.6114e+00 -1.0059e-03 +3.6548e+00 +3.8698e+00 +9.3880e-01 -4.2997e-01 +5.7553e-01 +3.4464e+00 -7.0539e-01 -9.5122e-01 +6.9047e-01 +2.9978e+00 -1.2791e+00 +1.9337e+00 +7.6609e-01 +6.5877e-01 -4.9289e-01 +2.4734e+00
57 0 +2.799346474e+06 +2.799258584e+06 +2.799258584e+06 +3.3796e+00 -7.7487e-01 +1.1815e+00 +4.2084e-01 +2.7275e+00 +1.0226e+00 -1.3312e+00 -3.4448e-01 +6.9248e-02 +4.5639e+00 +3.7458e+00 -1.3507e+00 -5.2596e-01 -1.8740e+00 -1.6181e+00 +3.8714e+00 +6.8427e-02 +4.0853e+00 -5.0554e-02 +3.7063e+00
104 0 +2.394940320e+06 +2.394852430e+06 +2.394852430e+06 +8.4144e-01 -1.9249e+00 +1.0643e+00 +1.2729e-01 +2.5444e+00 +2.5966e+00 -1.4322e-01 +1.0094e-01 +4.1793e-01 +3.0930e+00 +5.7306e-01 -1.2936e+00 +3.6882e-01 +1.2227e+00 -1.2494e+00 +2.8489e+00 +7.5041e-01 +1.5758e+00 -1.5438e-01 +3.0694e+00
105 0 +2.113901337e+06 +2.113813447e+06 +2.113813447e+06 +2.3052e+00 -1.1792e+00 +1.0698e+00 +2.9669e-01 +2.5266e+00 +1.6276e+00 -8.8714e-01 -8.0806e-02 +2.1618e-01 +3.8384e+00 +2.3927e+00 -1.3595e+00 -1.4032e-01 -6.0806e-01 -1.4424e+00 +3.4875e+00 +3.8617e-01 +3.0053e+00 -6.4049e-02 +3.4699e+00
108 0 +1.797196022e+06 +1.797108132e+06 +1.797108132e+06 -4.7163e-02 -1.8798e+00 -1.9333e+00 +3.0449e+00 -4.1111e-01 -1.1038e+00 -2.7548e+00 -2.2026e+00 +5.7234e-01 +2.6344e+00 +3.9275e+00 -2.0579e+00 -2.7587e+00 +4.0544e-01 -6.4603e-01 -1.7434e-01 +1.4938e+00 +3.2310e+00 -2.7923e-01 +2.0668e+00
109 0 +1.430176511e+06 +1.430088621e+06 +1.430088621e+06 +1.9053e+00 -1.1106e+00 -5.6921e-01 +1.9022e+00 +9.0918e-01 -4.5314e-01 -2.3591e+00 -1.3513e+00 +2.8876e-01 +3.6314e+00 +4.3342e+00 -1.7814e+00 -1.8807e+00 -1.1626e+00 -1.1237e+00 +1.8717e+00 +7.7132e-01 +3.9946e+00 -1.2702e-01 +2.9451e+00
157 0 +1.368709608e+06 +1.368621718e+06 +1.368621718e+06 +1.7852e+00 -1.2026e+00 -3.8474e-01 +1.7018e+00 +1.0938e+00 -1.0873e-01 -2.1089e+00 -1.1873e+00 +3.0335e-01 +3.5706e+00 +3.9095e+00 -1.7263e+00 -1.6266e+00 -8.9326e-01 -1.1379e+00 +1.9820e+00 +7.6896e-01 +3.7214e+00 -1.3011e-01 +2.9592e+00
204 0 +1.165248085e+06 +1.165160195e+06 +1.165160195e+06 +2.0255e+00 -1.5428e+00 -8.9336e-01 +1.2633e+00 +6.0851e-01 -2.0663e-01 -2.1292e+00 -1.5067e+00 +7.0003e-01 +2.5683e+00 +3.5663e+00 -1.9918e+00 -1.1629e+00 -3.0383e-01 -6.2723e-01 +2.1605e+00 +2.3674e-01 +2.6428e+00 -4.6406e-01 +3.0664e+00
257 0 +1.036992644e+06 +1.036904754e+06 +1.036904754e+06 +1.7074e+00 -1.6336e+00 -8.9652e-01 +1.4903e+00 +4.2084e-01 -3.2747e-01 -2.2084e+00 -1.6305e+00 +7.1544e-01 +2.4867e+00 +3.5570e+00 -2.0205e+00 -1.3093e+00 -1.1697e-01 -5.8718e-01 +1.8154e+00 +3.8965e-01 +2.6189e+00 -4.6398e-01 +2.9185e+00
413 0 +9.700715184e+05 +9.699836284e+05 +9.699836284e+05 +1.7481e+00 -1.4163e+00 -6.3905e-01 +1.5956e+00 +7.6033e-01 -2.1683e-01 -2.1579e+00 -1.4069e+00 +5.0806e-01 +3.0324e+00 +3.7344e+00 -1.8724e+00 -1.4682e+00 -5.0842e-01 -8.6443e-01 +1.2763e+00 +5.7970e-01 +3.1736e+00 -2.9602e-01 +2.9397e+00
711 0 +9.238530491e+05 +9.237651591e+05 +9.237651591e+05 +1.7413e+00 -1.4399e+00 -6.8015e-01 +1.5790e+00 +7.0595e-01 -2.1607e-01 -2.1661e+00 -1.4427e+00 +5.4118e-01 +2.9452e+00 +3.7060e+00 -1.8960e+00 -1.4430e+00 -4.4574e-01 -8.2013e-01 +1.4928e+00 +6.3920e-02 +3.0851e+00 -3.2283e-01 +2.9361e+00
860 0 +8.903569439e+05 +8.902690539e+05 +8.902690539e+05 +1.7429e+00 -1.4345e+00 -6.7063e-01 +1.5828e+00 +7.1854e-01 -2.1625e-01 -2.1642e+00 -1.4344e+00 +5.3351e-01 +2.9654e+00 +3.7126e+00 -1.8906e+00 -1.4489e+00 -4.6026e-01 -8.3039e-01 +1.2215e+00 +1.8340e-01 +3.1056e+00 -3.1662e-01 +2.9370e+00
1062 0 +8.598285032e+05 +8.597406132e+05 +8.597406132e+05 +1.7413e+00 -1.4399e+00 -6.8015e-01 +1.5790e+00 +7.0595e-01 -2.1607e-01 -2.1661e+00 -1.4427e+00 +5.4118e-01 +2.9452e+00 +3.7060e+00 -1.8960e+00 -7.5024e-02 -4.4574e-01 -8.2013e-01 +1.4928e+00 +6.3920e-02 +3.0851e+00 -3.2283e-01 +2.9361e+00
1264 0 +6.786970252e+05 +6.786091352e+05 +6.786091352e+05 +1.7414e+00 -1.4384e+00 -6.7940e-01 +1.5793e+00 +7.0693e-01 -2.1609e-01 -2.1659e+00 -1.4421e+00 +5.4058e-01 +2.9468e+00 +3.7066e+00 -1.8956e+00 -1.4435e+00 -4.4688e-01 -8.2093e-01 +5.0892e-01 +7.3324e-02 +3.0867e+00 -3.2235e-01 +2.9362e+00
1562 0 +6.205224378e+05 +6.204345478e+05 +6.204345478e+05 +1.7414e+00 -1.4384e+00 -6.7940e-01 +1.5793e+00 +7.0693e-01 -2.1609e-01 -2.1659e+00 -1.4421e+00 +5.4058e-01 +2.9468e+00 +3.7066e+00 -1.8956e+00 -2.2232e-01 -4.4688e-01 -8.2093e-01 +5.0892e-01 +7.3324e-02 +3.0867e+00 -3.2235e-01 +2.9362e+00
1612 0 +5.447165949e+05 +5.446287049e+05 +5.446287049e+05 +1.7420e+00 -1.3990e+00 -6.7593e-01 +1.5807e+00 +7.1152e-01 -2.1616e-01 -2.1652e+00 -1.4391e+00 +5.3778e-01 +2.9541e+00 +3.7089e+00 -1.5707e+00 -1.4338e-01 -4.5217e-01 -8.2468e-01 +2.5769e-01 +1.1726e-01 +3.0942e+00 -3.2008e-01 +2.9365e+00
% f evaluations | g evaluations | best noise-free fitness - Fopt (3.201900000000e+02) + sum g_i+ | measured fitness | best measured fitness or single-digit g-values | x1 | x2...
1 0 +2.121493770e+07 +2.121525789e+07 +2.121525789e+07 +1.6979e+00 +4.6488e-01 +4.1809e+00 +3.1230e+00 +4.6706e+00 +6.6647e-01 +2.5423e+00 -3.5339e+00 -3.5707e+00 -4.7014e+00 -2.2921e+00 -2.1725e+00 +3.3295e+00 -3.4111e+00 -2.4606e+00 +3.1115e+00 -4.0504e-01 -3.2899e+00 -3.1773e+00 +2.0754e+00
3 0 +1.394841340e+07 +1.394873359e+07 +1.394873359e+07 +2.4956e+00 -2.2816e+00 +4.1786e+00 -2.2794e+00 -3.1687e+00 -8.7877e-01 -1.9906e+00 -9.9524e-01 -3.1777e+00 +3.0798e+00 -6.2259e-01 -4.7332e+00 +1.3692e+00 -2.6793e+00 +1.7749e+00 +3.9353e+00 -3.5844e+00 +4.4489e+00 +4.7823e+00 -1.4188e-01
13 0 +1.109274857e+07 +1.109306876e+07 +1.109306876e+07 -1.6580e-01 -7.7632e-01 +3.2302e+00 -1.1346e-01 -4.8163e+00 +4.7331e+00 +7.7857e-01 -3.6642e+00 -8.2635e-01 +3.6381e+00 +2.8815e+00 +1.1001e+00 +3.8376e+00 -1.3596e+00 -4.3868e-01 +4.9274e+00 +4.8168e+00 +4.4999e+00 -7.9034e-01 +1.5597e-01
15 0 +2.230976362e+06 +2.231296552e+06 +2.231296552e+06 -1.0624e+00 +4.0572e+00 +2.3862e+00 +3.1585e+00 -3.9663e+00 -3.0843e+00 +2.2313e+00 -1.6660e+00 +1.2249e+00 +4.9349e+00 -4.8692e+00 -1.7136e+00 -9.0350e-01 +2.1042e+00 +3.9611e-01 +3.7090e+00 +1.2703e+00 -2.7062e-01 +4.0642e+00 +1.5472e+00
109 0 +1.818629250e+06 +1.818949440e+06 +1.818949440e+06 -6.9132e-01 +3.1049e+00 +1.7978e+00 +2.6420e+00 -3.3042e+00 -2.2014e+00 +1.6176e+00 -9.8409e-01 +1.6506e+00 +3.9441e+00 -3.1906e+00 -1.4940e+00 -2.6161e-01 +1.9058e+00 +1.7229e-01 +3.3364e+00 +5.7378e-01 -3.4121e-01 +3.3860e+00 +1.3145e+00
308 0 +1.613791097e+06 +1.614111287e+06 +1.614111287e+06 -1.2099e+00 +2.2780e+00 +1.3618e+00 +1.8124e+00 -2.8275e+00 -1.9115e+00 +6.6328e-01 -1.3211e+00 +1.3566e+00 +3.0421e+00 -2.7488e+00 -1.2212e+00 -1.1694e+00 +7.5045e-01 +8.6443e-01 +2.6047e+00 +8.6661e-01 -7.4840e-01 +2.8703e+00 +1.2100e+00
655 0 +1.566150129e+06 +1.566470319e+06 +1.566470319e+06 -1.1436e+00 +2.3836e+00 +1.4175e+00 +1.9184e+00 -2.8886e+00 -1.9480e+00 +7.8588e-01 -1.2776e+00 +1.3947e+00 +3.1570e+00 -2.8046e+00 -3.2829e-01 -1.0526e+00 +8.9841e-01 +7.7538e-01 +2.6985e+00 +8.2870e-01 -6.5354e-01 +2.9362e+00 +1.2234e+00
762 0 +1.539719903e+06 +1.540040093e+06 +1.540040093e+06 -1.1436e+00 +2.3836e+00 +1.4175e+00 +1.9184e+00 -2.8886e+00 -1.9480e+00 +7.8588e-01 -1.2776e+00 +1.3947e+00 +3.1570e+00 -2.8046e+00 -3.2829e-01 -1.0526e+00 +4.6990e-01 +7.7538e-01 +2.6985e+00 +8.2870e-01 -6.5354e-01 +2.9362e+00 +1.2234e+00
763 0 +1.463413120e+06 +1.463733310e+06 +1.463733310e+06 -1.1436e+00 +2.3836e+00 +1.4175e+00 +1.9184e+00 -2.8886e+00 -1.9480e+00 +7.8588e-01 -1.2776e+00 +1.3947e+00 +3.1570e+00 -2.8046e+00 -3.2829e-01 -1.0526e+00 +8.9841e-01 +7.7538e-01 +2.6985e+00 +8.2870e-01 -5.2819e-01 +2.9362e+00 +1.2234e+00
812 0 +1.323142827e+06 +1.323463017e+06 +1.323463017e+06 -1.1436e+00 +2.3836e+00 +1.4175e+00 +1.9184e+00 -2.8886e+00 -1.9480e+00 +7.8588e-01 -1.2776e+00 +1.3947e+00 +3.1570e+00 -2.8046e+00 -3.2829e-01 -1.0526e+00 +8.9841e-01 +7.7538e-01 +2.6985e+00 +8.2870e-01 -3.4655e-01 +2.9362e+00 +1.2234e+00
1163 0 +1.308714607e+06 +1.309034797e+06 +1.309034797e+06 -1.1436e+00 +2.3836e+00 +1.4175e+00 +1.7984e+00 -2.8886e+00 -1.9480e+00 +5.9411e-01 -1.2776e+00 +1.3947e+00 +3.1570e+00 -2.8046e+00 -3.2829e-01 -1.0526e+00 +6.2675e-01 +7.7538e-01 +2.6985e+00 +8.2870e-01 -3.4662e-01 +2.9362e+00 +1.2234e+00
1264 0 +1.281749506e+06 +1.282069696e+06 +1.282069696e+06 -1.1436e+00 +2.3836e+00 +1.4175e+00 +1.4191e+00 -2.8886e+00 -1.9480e+00 +7.8588e-01 -1.2776e+00 +1.3947e+00 +2.9790e+00 -2.8046e+00 -3.2829e-01 -1.0526e+00 +3.0548e-01 +7.7538e-01 +2.6985e+00 +8.2870e-01 -3.4658e-01 +2.9362e+00 +1.2234e+00
1460 0 +1.177239989e+06 +1.177560179e+06 +1.177560179e+06 -1.1436e+00 +2.3836e+00 +1.4085e+00 +1.9184e+00 -2.8886e+00 -1.9480e+00 +2.9129e-01 -1.2776e+00 +1.3947e+00 +2.4019e+00 -2.8046e+00 -3.2829e-01 -1.0526e+00 +8.9841e-01 +7.7538e-01 +2.6985e+00 +8.2870e-01 -6.3950e-02 +2.9362e+00 +1.2234e+00
1760 0 +1.161589028e+06 +1.161909218e+06 +1.161909218e+06 -1.1436e+00 +2.3836e+00 +1.4119e+00 +1.7498e+00 -2.8886e+00 -1.9480e+00 +4.6965e-01 -1.2776e+00 +1.3947e+00 +2.6223e+00 -2.8046e+00 -3.2829e-01 -1.0526e+00 +8.9414e-02 +7.7538e-01 +2.6985e+00 +8.2870e-01 -1.7052e-01 +2.9362e+00 +1.2234e+00
1814 0 +1.139406997e+06 +1.139727187e+06 +1.139727187e+06 -1.1436e+00 +2.3836e+00 +1.4104e+00 +1.8164e+00 -2.8886e+00 -1.9480e+00 +3.9541e-01 -1.2776e+00 +1.3947e+00 +2.5300e+00 -2.8046e+00 -3.2829e-01 -1.0526e+00 +4.4483e-02 +7.7538e-01 +2.6985e+00 +8.2870e-01 -1.2527e-01 +2.9362e+00 +1.2234e+00
% f evaluations | g evaluations | best noise-free fitness - Fopt (-1.042400000000e+02) + sum g_i+ | measured fitness | best measured fitness or single-digit g-values | x1 | x2...
1 0 +7.482028770e+07 +7.482018346e+07 +7.482018346e+07 -4.0950e+00 -1.5016e+00 -2.1272e+00 -4.2654e+00 -1.4778e+00 +1.5035e+00 -1.4542e+00 +9.0138e-01 -1.0625e+00 -4.7507e+00 -3.0328e+00 -2.2214e-01 -3.6247e+00 +4.9806e+00 +3.9141e+00 +4.0723e+00 +4.4084e+00 -4.9472e-01 -3.9526e+00 +3.5324e+00
2 0 +3.259119243e+07 +3.259108819e+07 +3.259108819e+07 +3.0687e+00 +1.5045e+00 -4.3310e+00 +2.2289e-01 -1.5712e+00 +3.8346e-01 +1.8430e-01 -2.4395e+00 -7.7735e-01 +2.1155e+00 -8.9280e-01 +4.0795e+00 -4.0707e+00 +1.1885e+00 -2.9871e+00 -1.6526e+00 -4.6213e+00 +4.5020e+00 +3.9639e+00 -1.7820e+00
3 0 +1.137138530e+07 +1.137128106e+07 +1.137128106e+07 +1.6359e+00 +3.3143e+00 -3.6120e+00 +4.9654e+00 +3.4231e-01 +2.3833e+00 +2.9974e+00 +4.7767e+00 -7.8594e-01 -1.2430e+00 +2.0266e+00 +2.3682e+00 +4.2757e+00 -7.7030e-01 +4.6779e-01 -7.6422e-01 -8.7051e-01 -3.6310e+00 -3.3585e+00 -3.5148e+00
16 0 +1.064767280e+07 +1.064756856e+07 +1.064756856e+07 -3.8217e+00 -2.0550e+00 -1.4405e+00 -1.5970e+00 -4.3124e+00 +3.5392e+00 +2.2727e-01 -2.8979e+00 -4.4005e+00 -8.7127e-01 -3.0283e+00 +3.6804e+00 -3.9416e+00 -4.7855e+00 -4.5025e+00 -2.6350e+00 -3.4755e+00 -3.5172e+00 +1.4178e+00 -2.1714e+00
20 0 +4.830823410e+06 +4.830719170e+06 +4.830719170e+06 +3.6894e+00 +3.4155e+00 -4.8235e+00 -4.8262e+00 +1.6587e+00 +4.0415e+00 -3.9647e-02 -8.5394e-01 -1.9168e+00 +6.0666e-01 -3.6774e+00 +2.3101e+00 -2.0657e+00 +4.2869e+00 +2.2117e-01 -7.6523e-01 -1.0112e+00 -3.6196e+00 +1.2126e+00 -4.6573e+00
47 0 +4.328454539e+06 +4.328350299e+06 +4.328350299e+06 -8.8477e-01 -3.9360e+00 +2.5993e+00 -1.2861e+00 -3.0545e+00 +1.3769e+00 +4.4286e+00 -4.0736e+00 +2.4174e+00 -7.1991e-01 +1.5882e-01 +2.1377e+00 -4.1645e+00 -1.6638e+00 -2.4073e+00 -2.0924e+00 +2.2249e+00 -2.4272e+00 -8.4931e-01 -2.6755e+00
48 0 +1.480804495e+06 +1.480700255e+06 +1.480700255e+06 -3.6370e+00 +1.3537e+00 +4.8978e+00 +3.8729e+00 -1.5346e+00 -1.2817e+00 +6.6617e-03 +4.1221e+00 -4.6327e+00 -3.3854e+00 +4.1783e-01 -2.2092e+00 +1.5197e+00 +4.5167e+00 +2.2594e+00 -3.1131e+00 +3.9137e+00 -3.8531e+00 +1.1510e+00 -4.2484e+00
253 0 +7.805489972e+05 +7.804447572e+05 +7.804447572e+05 -2.6449e+00 +2.2816e-01 +4.1454e+00 +2.6994e+00 -1.4974e+00 -6.2126e-01 +7.2262e-01 +2.1675e+00 -2.6282e+00 -2.7134e+00 +4.5227e-01 -1.2799e+00 +4.1767e-01 +3.0697e+00 +1.2961e+00 -2.5944e+00 +3.4658e+00 -3.3635e+00 +8.6662e-01 -3.7878e+00
311 0 +7.692737956e+05 +7.691695556e+05 +7.691695556e+05 -2.6449e+00 +2.2816e-01 +4.1454e+00 +2.6994e+00 -1.4974e+00 -6.2126e-01 +7.2262e-01 +2.1675e+00 -2.6282e+00 -2.7134e+00 +4.5227e-01 -7.7550e-01 +4.1767e-01 +3.0697e+00 +1.2961e+00 -2.5944e+00 +3.4658e+00 -3.3635e+00 +8.6662e-01 -3.7878e+00
761 0 +7.416195091e+05 +7.415152691e+05 +7.415152691e+05 -1.6728e+00 -6.3643e-01 +3.0505e+00 +1.6800e+00 -1.3234e+00 -1.2505e-01 +9.6454e-01 +1.2554e+00 -2.3198e+00 -1.9793e+00 +8.5146e-01 -6.4233e-01 -4.1804e-01 +6.9111e-01 +2.4080e-01 -1.7783e+00 +3.3291e+00 -3.2767e+00 +7.3584e-01 -3.8241e+00
804 0 +7.074924197e+05 +7.073881797e+05 +7.073881797e+05 -1.9016e+00 -4.3295e-01 +3.3082e+00 +1.9200e+00 -1.3644e+00 -2.4183e-01 +9.0761e-01 +1.4700e+00 -2.1902e+00 -2.1521e+00 +7.5750e-01 -6.7367e-01 -2.2135e-01 +1.2509e+00 +4.8917e-01 -1.9703e+00 +3.3613e+00 -3.2971e+00 +7.6662e-01 -3.8155e+00
1062 0 +6.595722291e+05 +6.594679891e+05 +6.594679891e+05 -2.4379e+00 +4.3769e-02 +2.8102e+00 +2.4826e+00 -1.4508e+00 -5.1218e-01 +7.7012e-01 +1.9639e+00 -2.1849e+00 -2.5586e+00 +5.4152e-01 -7.2197e-01 +2.3920e-01 +1.7223e+00 +1.0748e+00 -2.4189e+00 +3.4446e+00 -3.3393e+00 +8.2366e-01 -3.7904e+00
1310 0 +5.392383712e+05 +5.391341312e+05 +5.391341312e+05 -2.4379e+00 +4.3769e-02 +2.8102e+00 +2.4826e+00 -1.4508e+00 -5.1218e-01 +7.7012e-01 +1.9639e+00 -8.3195e-01 -2.5586e+00 +5.4152e-01 -7.2197e-01 +2.3920e-01 +1.7223e+00 +1.0748e+00 -2.4189e+00 +3.4446e+00 -2.5376e+00 +8.2366e-01 -3.7904e+00
1763 0 +4.963150845e+05 +4.962108445e+05 +4.962108445e+05 -2.4379e+00 +4.3769e-02 +2.8102e+00 +2.4826e+00 -1.4508e+00 -5.1052e-01 +7.7012e-01 +1.9639e+00 -8.3233e-01 -2.5586e+00 +5.4152e-01 -7.2197e-01 +2.3920e-01 +1.7223e+00 +1.0748e+00 -2.4189e+00 +3.4446e+00 -2.6217e+00 +4.9832e-01 -3.7904e+00
% f evaluations | g evaluations | best noise-free fitness - Fopt (-6.785000000000e+01) + sum g_i+ | measured fitness | best measured fitness or single-digit g-values | x1 | x2...
1 0 +5.382662184e+06 +5.382594334e+06 +5.382594334e+06 +4.2183e+00 +3.7675e+00 +3.7100e+00 -4.7069e+00 -5.6780e-01 -9.0822e-01 -2.7989e+00 -2.7819e+00 -4.1696e+00 +2.1916e+00 -4.4678e+00 -3.6077e+00 -1.7826e+00 +1.1468e+00 +2.5205e+00 +4.1014e+00 -4.1931e+00 -2.1960e+00 +2.1142e+00 +1.5201e+00
41 0 +3.344823545e+06 +3.344755695e+06 +3.344755695e+06 -9.4294e-01 -3.2331e+00 -1.8661e+00 -2.9185e+00 -1.9172e+00 +4.6705e+00 +1.4065e-01 +3.1538e+00 -4.4248e+00 +2.8631e+00 -2.2156e+00 +1.0065e+00 +1.4571e+00 +6.3526e-01 +7.3867e-01 -1.5830e+00 +1.0104e+00 -4.1903e+00 +2.1049e+00 +2.5027e+00
202 0 +3.127093729e+06 +3.127025879e+06 +3.127025879e+06 -7.8688e-01 -2.4681e+00 -2.0071e+00 -2.3081e+00 -1.6616e+00 +4.0146e+00 +4.0116e-01 +2.5852e+00 -3.6479e+00 +2.3292e+00 -1.6955e+00 +6.5055e-01 +9.8420e-01 +8.4070e-01 +1.3074e+00 -1.5089e+00 +1.0883e+00 -3.2351e+00 +2.0858e+00 +2.3954e+00
255 0 +3.032493595e+06 +3.032425745e+06 +3.032425745e+06 -5.8187e-01 -2.2127e+00 -1.7730e+00 -2.3196e+00 -1.6168e+00 +3.8130e+00 +3.1082e-01 +2.3654e+00 -3.6692e+00 +2.3235e+00 -1.8090e+00 +4.7614e-01 +8.7087e-01 +8.5324e-01 +1.3570e+00 -1.2791e+00 +8.7198e-01 -3.1925e+00 +2.0869e+00 +2.3596e+00
257 0 +2.867401330e+06 +2.867333480e+06 +2.867333480e+06 -2.6969e-01 -2.3199e+00 -1.1388e+00 -2.8755e+00 -1.7412e+00 +3.9428e+00 -1.1306e-01 +2.3796e+00 -4.3915e+00 +2.7755e+00 -2.5094e+00 +4.0458e-01 +1.0345e+00 +7.0200e-01 +9.7110e-01 -8.4147e-01 +3.3167e-01 -3.9283e+00 +2.1061e+00 +2.3746e+00
302 0 +2.524225583e+06 +2.524157733e+06 +2.524157733e+06 +5.0496e-01 -8.7828e-01 -5.2057e-01 -2.4017e+00 -1.3869e+00 +2.7613e+00 -1.7939e-01 +1.2137e+00 -3.8098e+00 +2.3118e+00 -2.4318e+00 -4.4083e-01 +2.8336e-01 +9.1299e-01 +1.6022e+00 -5.7386e-02 -2.8316e-01 -2.9952e+00 +2.0938e+00 +2.1723e+00
712 0 +2.319694058e+06 +2.319626208e+06 +2.319626208e+06 +5.0496e-01 -8.7828e-01 -5.2057e-01 -2.4017e+00 -1.3869e+00 +2.7613e+00 -1.7939e-01 +1.2137e+00 -3.8098e+00 +2.3118e+00 -2.4318e+00 -4.4083e-01 +2.8336e-01 +9.1299e-01 +6.9982e-01 -5.7386e-02 -2.8316e-01 -2.9952e+00 +2.0938e+00 +2.1723e+00
960 0 +2.202464346e+06 +2.202396496e+06 +2.202396496e+06 +5.0496e-01 -8.7828e-01 -5.2057e-01 -2.4017e+00 -1.3869e+00 +2.7613e+00 -1.7939e-01 +1.2137e+00 -3.8098e+00 +2.3118e+00 -2.4318e+00 -4.4083e-01 +2.8336e-01 +9.1299e-01 +5.0664e-02 -5.7386e-02 -2.8316e-01 -2.9952e+00 +2.0938e+00 +2.1723e+00
% f evaluations | g evaluations | best noise-free fitness - Fopt (-3.639800000000e+02) + sum g_i+ | measured fitness | best measured fitness or single-digit g-values | x1 | x2...
1 0 +3.635711872e+06 +3.635347892e+06 +3.635347892e+06 +3.4627e+00 +3.9031e+00 +4.3731e-01 +2.4371e+00 +4.5099e+00 -3.9629e+00 +4.6181e+00 +4.4672e+00 -1.6900e+00 -2.1507e+00 +1.1217e+00 -2.5948e+00 -1.3895e+00 -2.0181e+00 +2.2869e+00 +3.4223e-01 -8.4732e-01 +3.3313e+00 +1.3416e+00 +2.5687e+00
6 0 +2.405826088e+06 +2.405462108e+06 +2.405462108e+06 -4.7646e+00 +4.9826e+00 +3.3241e+00 -3.7109e+00 -2.1695e+00 +1.8915e+00 +9.5117e-01 -2.1203e+00 -4.8867e+00 -2.2663e-01 -3.6445e+00 -2.0039e+00 -2.6587e+00 -4.1290e+00 -2.8555e-01 -3.1746e+00 -4.4819e+00 +1.4391e+00 -8.5936e-01 +2.1038e+00
52 0 +2.373386815e+06 +2.373022835e+06 +2.373022835e+06 +6.5217e-01 +2.0510e+00 -1.3388e+00 +9.2890e-01 +7.8536e-01 -3.8196e+00 +1.2575e+00 +3.9368e+00 +6.6017e-01 -1.1460e+00 +8.2845e-01 -1.4100e+00 -1.0464e+00 -4.2055e-01 +2.1161e+00 -1.0348e+00 -2.0741e+00 +2.0103e+00 -1.3372e-01 +1.9299e+00
55 0 +1.466899161e+06 +1.466535181e+06 +1.466535181e+06 +2.9984e+00 +2.3929e+00 +8.1977e-01 -3.5199e+00 -1.3375e+00 -2.0154e+00 -4.5371e+00 +2.4433e+00 +1.3378e+00 -2.7306e-01 -1.5603e+00 -2.8616e+00 -2.5956e+00 +3.0408e-01 -6.1763e-01 -7.0632e-02 -3.9467e+00 +3.2854e+00 -5.3848e-01 +3.6166e+00
302 0 +1.010057447e+06 +1.009693467e+06 +1.009693467e+06 -9.1288e-01 +3.4299e+00 +2.1884e+00 -3.4063e+00 -1.7791e+00 -1.7334e-01 -1.6367e+00 +1.4131e-01 -1.5658e+00 -4.1000e-01 -2.3932e+00 -2.1709e+00 -2.2681e+00 -1.7115e+00 -2.6176e-01 -1.6493e+00 -4.0502e+00 +2.2639e+00 -7.0429e-01 +2.7484e+00
303 0 +9.209273432e+05 +9.205633632e+05 +9.205633632e+05 -3.7646e-01 +3.2876e+00 +2.0007e+00 -3.4219e+00 -1.7186e+00 -4.2597e-01 -2.0345e+00 +4.5701e-01 -1.1676e+00 -3.9122e-01 -2.2790e+00 -2.2656e+00 -2.3130e+00 -1.4351e+00 -3.1056e-01 -1.4328e+00 -4.0360e+00 +2.4040e+00 -6.8155e-01 +2.8675e+00
609 0 +8.974010126e+05 +8.970370326e+05 +8.970370326e+05 -1.0202e-02 +2.9322e+00 +1.9083e+00 -3.3794e+00 -1.6411e+00 -6.7527e-01 -2.3490e+00 +7.3795e-01 -8.3351e-01 -4.0338e-01 -2.0997e+00 -2.2942e+00 -2.2693e+00 -1.1043e+00 -3.1993e-01 -1.2694e+00 -3.9916e+00 +2.4694e+00 -6.8308e-01 +2.8970e+00
761 0 +8.715471695e+05 +8.711831895e+05 +8.711831895e+05 -6.0470e-01 +3.3458e+00 +2.0895e+00 -3.4148e+00 -1.7361e+00 -3.2190e-01 -1.8675e+00 +3.2856e-01 -1.3375e+00 -4.0211e-01 -2.3274e+00 -2.2172e+00 -2.2927e+00 -7.2895e-01 -2.9378e-01 -1.5336e+00 -4.0343e+00 +2.3376e+00 -7.0055e-01 +2.8082e+00
858 0 +8.703746299e+05 +8.700106499e+05 +8.700106499e+05 -5.5506e-01 +3.3113e+00 +2.0744e+00 -3.4118e+00 -1.7282e+00 -3.5141e-01 -1.9077e+00 +3.6274e-01 -1.2954e+00 -4.0222e-01 -2.3084e+00 -2.2236e+00 -2.2907e+00 -7.6029e-01 -2.9596e-01 -1.5115e+00 -4.0308e+00 +2.3486e+00 -6.9909e-01 +2.8156e+00
911 0 +8.465222285e+05 +8.461582485e+05 +8.461582485e+05 -1.0202e-02 +2.9322e+00 +1.9083e+00 -3.3794e+00 -1.6411e+00 -6.7527e-01 -2.3490e+00 +7.3795e-01 -8.3351e-01 -4.0338e-01 -2.0997e+00 -2.2942e+00 -2.2693e+00 -1.1043e+00 -3.1993e-01 -1.2694e+00 -3.9916e+00 +2.4694e+00 -5.4744e-01 +2.8970e+00
1163 0 +8.077575711e+05 +8.073935911e+05 +8.073935911e+05 -4.8903e-02 +2.9591e+00 +1.9201e+00 -3.3817e+00 -1.6473e+00 -5.9363e-01 -2.3176e+00 +3.9761e-02 -8.6632e-01 -4.0330e-01 -2.1146e+00 -2.2892e+00 -2.2708e+00 -2.4085e-01 -3.1823e-01 -1.2866e+00 -3.9944e+00 +2.4608e+00 -6.8422e-01 +2.8912e+00
1463 0 +7.682289556e+05 +7.678649756e+05 +7.678649756e+05 -6.9956e-02 +2.9737e+00 +1.9265e+00 -3.3830e+00 -1.6507e+00 -6.3975e-01 -2.3006e+00 +6.9680e-01 -8.8417e-01 -4.0326e-01 -2.1226e+00 -1.3797e+00 -2.2716e+00 -3.5224e-01 -3.1730e-01 -1.2959e+00 -3.9959e+00 +2.4562e+00 -5.7093e-01 +2.8881e+00
1464 0 +7.450439022e+05 +7.446799222e+05 +7.446799222e+05 -5.1973e-02 +2.9612e+00 +1.9210e+00 -3.3819e+00 -1.6478e+00 -6.0742e-01 -2.3151e+00 +2.1651e-01 -8.6892e-01 -4.0329e-01 -2.1157e+00 -2.2888e+00 -7.4853e-01 -4.6238e-01 -3.1809e-01 -1.2879e+00 -3.9946e+00 +2.4602e+00 -6.5305e-01 +2.8908e+00
1706 0 +7.359738216e+05 +7.356098416e+05 +7.356098416e+05 -9.6757e-02 +2.9924e+00 +1.9347e+00 -3.2415e+00 -1.5886e+00 -5.9017e-01 -2.2353e+00 +2.9304e-01 -9.0690e-01 -4.0320e-01 -2.1329e+00 -2.0829e+00 -1.0266e+00 -5.6843e-01 -3.1613e-01 -1.3077e+00 -3.9978e+00 +2.4502e+00 -5.7344e-01 +2.8841e+00
1807 0 +7.214973196e+05 +7.211333396e+05 +7.211333396e+05 -1.1246e-01 +3.0033e+00 +1.9395e+00 -3.0320e+00 -1.6088e+00 -5.8981e-01 -2.2247e+00 +3.8497e-01 -9.2021e-01 -4.0316e-01 -2.1389e+00 -1.7864e+00 -1.3595e+00 -6.8684e-01 -3.1543e-01 -1.3147e+00 -3.9990e+00 +2.4467e+00 -4.5989e-01 +2.8817e+00
1912 0 +7.074827622e+05 +7.071187822e+05 +7.071187822e+05 -2.0548e-01 +3.0682e+00 +1.9678e+00 -2.8667e+00 -1.6724e+00 -5.4948e-01 -2.0453e+00 +4.9275e-01 -9.9910e-01 -4.0295e-01 -2.1746e+00 -1.5353e+00 -1.6238e+00 -7.8053e-01 -3.1135e-01 -1.3552e+00 -4.0057e+00 +2.4261e+00 -2.5757e-01 +2.8679e+00
% f evaluations | g evaluations | best noise-free fitness - Fopt (-1.865000000000e+01) + sum g_i+ | measured fitness | best measured fitness or single-digit g-values | x1 | x2...
1 0 +5.728595223e+06 +5.728576573e+06 +5.728576573e+06 -4.5205e+00 +2.5691e+00 +4.4625e+00 -3.7313e+00 +2.4922e+00 -4.1518e+00 -2.4570e+00 +2.8973e+00 +1.8786e+00 -9.4030e-01 -1.3757e+00 -4.2506e+00 +4.9298e+00 +1.0238e+00 -4.5831e-01 +1.2822e+00 -2.2516e+00 -1.4798e+00 +1.2505e+00 +3.4511e-01
4 0 +1.486390856e+06 +1.486372206e+06 +1.486372206e+06 +3.8371e+00 +2.2162e+00 +2.3312e+00 +2.8069e+00 +3.5949e+00 +2.9029e+00 -4.4419e+00 -3.5971e+00 +3.1260e+00 -3.2150e+00 -3.9217e+00 +3.3247e+00 +3.2695e+00 +7.4620e-01 +3.2243e+00 -2.0776e+00 +1.3150e+00 -3.3842e+00 +8.2115e-01 +2.0871e-01
56 0 +1.278542068e+06 +1.278523418e+06 +1.278523418e+06 -3.8739e+00 +2.1535e+00 +2.7675e+00 -3.6072e+00 +2.0262e+00 -2.1197e+00 +1.2985e-01 +2.1871e+00 +2.6245e+00 -1.6080e+00 -9.2172e-01 -4.0629e-01 +4.2854e-01 +2.4849e+00 +1.0474e+00 -1.1374e+00 +1.0684e+00 -1.8952e+00 +1.0339e-01 +1.1075e-01
57 0 +1.018370738e+06 +1.018352088e+06 +1.018352088e+06 -3.7656e+00 +2.0838e+00 +2.4835e+00 -3.5864e+00 +1.9481e+00 -1.7792e+00 +5.6328e-01 +2.0681e+00 +2.7495e+00 -1.7199e+00 -8.4566e-01 +2.3784e-01 -3.2567e-01 +2.7297e+00 +1.2997e+00 -1.5428e+00 +1.6247e+00 -1.9648e+00 -8.8816e-02 +7.1487e-02
156 0 +6.255788656e+05 +6.255602156e+05 +6.255602156e+05 +5.0853e-01 +1.9540e+00 +1.5930e+00 -1.9301e-01 +2.5839e+00 +1.6348e+00 -8.0905e-01 -1.2261e+00 +3.3028e+00 -2.8190e+00 -2.2326e+00 +3.6872e+00 -6.0471e-01 +2.3945e+00 +3.0239e+00 -2.9795e+00 +3.0518e+00 -2.9038e+00 -1.6320e-01 +3.0908e-02
304 0 +5.864600033e+05 +5.864413533e+05 +5.864413533e+05 +1.4608e-01 +1.6881e+00 +1.4299e+00 -4.3820e-01 +2.3803e+00 +1.6134e+00 -3.3772e-01 -9.9407e-01 +3.2745e+00 -2.5828e+00 -1.9591e+00 +3.6238e+00 -9.2042e-01 +2.5343e+00 +2.8958e+00 -2.7477e+00 +3.0416e+00 -2.7399e+00 -2.2874e-01 +7.1563e-02
309 0 +4.865768600e+05 +4.865582100e+05 +4.865582100e+05 +6.4311e-01 +2.1790e+00 +1.1780e+00 -7.2401e-01 +1.7174e+00 +1.1317e+00 -6.0241e-01 -4.0885e-01 +2.7530e+00 -2.1892e+00 -1.7411e+00 +3.6709e+00 -5.7145e-01 +2.6752e+00 +3.1963e+00 -3.1198e+00 +2.5428e+00 -2.7816e+00 -1.0441e-01 +4.3147e-01
703 0 +4.770562366e+05 +4.770375866e+05 +4.770375866e+05 +4.3171e-01 +1.9572e+00 +1.1459e+00 -7.3137e-01 +1.7349e+00 +1.2325e+00 -3.9744e-01 -4.3778e-01 +2.8139e+00 -2.1276e+00 -1.6685e+00 +3.6165e+00 -6.9359e-01 +2.6847e+00 +3.0815e+00 -2.9021e+00 +2.5647e+00 -2.6953e+00 -1.3266e-01 +4.0322e-01
1010 0 +4.001945779e+05 +4.001759279e+05 +4.001759279e+05 +3.0392e-01 +1.9239e+00 +1.1658e+00 -7.9426e-01 +1.7499e+00 +1.1959e+00 -3.2729e-01 -3.9719e-01 +2.6143e+00 -2.0737e+00 -1.6413e+00 +1.3453e+00 -7.3936e-01 +2.6953e+00 +3.0328e+00 -2.8577e+00 +2.5791e+00 -2.6711e+00 -1.4558e-01 +3.8404e-01
1414 0 +3.938978843e+05 +3.938792343e+05 +3.938792343e+05 +2.1195e-01 +1.9094e+00 +1.1792e+00 -8.4425e-01 +1.7624e+00 +1.1679e+00 -2.7255e-01 -3.6645e-01 +2.3651e+00 -2.0192e+00 -1.6234e+00 +2.1688e+00 -1.8438e-01 +2.7087e+00 +3.0055e+00 -2.8453e+00 +2.6046e+00 -2.6588e+00 -1.5939e-01 +3.6768e-01
1762 0 +3.717137531e+05 +3.716951031e+05 +3.716951031e+05 +3.0392e-01 +1.9239e+00 +1.1658e+00 -7.9426e-01 +1.7499e+00 +1.1959e+00 -3.2729e-01 -3.9719e-01 +2.6143e+00 -2.0383e+00 -1.3459e+00 +1.2190e+00 -1.5871e-01 +2.6953e+00 +3.0328e+00 -2.8577e+00 +2.5791e+00 -2.6711e+00 -1.4558e-01 +3.8404e-01
% f evaluations | g evaluations | best noise-free fitness - Fopt (1.749200000000e+02) + sum g_i+ | measured fitness | best measured fitness or single-digit g-values | x1 | x2...
1 0 +6.896891489e+07 +6.896908981e+07 +6.896908981e+07 -8.3580e-01 +1.8057e+00 -9.7853e-01 -2.2083e+00 -7.4507e-01 +2.5791e+00 +1.8154e+00 -4.3838e+00 -1.6075e+00 -3.1961e+00 +4.4305e+00 +2.8985e+00 -3.9746e+00 -2.1997e+00 +4.0458e+00 -4.6815e+00 +8.5552e-01 -2.5875e+00 +3.2889e+00 +4.3441e+00
2 0 +5.121432695e+07 +5.121450187e+07 +5.121450187e+07 +5.5707e-01 +3.6665e+00 -4.4361e+00 -1.2460e-01 -6.4658e-01 -3.3509e+00 +3.6585e+00 +4.0118e-01 -1.6808e+00 +3.7322e+00 -8.0011e-01 +3.5613e+00 +4.0044e+00 -9.7420e-01 +2.7464e+00 +1.1450e+00 -3.3606e+00 -2.2750e+00 +2.1498e+00 +2.9380e+00
3 0 +3.082656168e+07 +3.082673660e+07 +3.082673660e+07 +9.2606e-01 -4.3868e+00 +4.7162e+00 +1.2473e+00 +4.9610e-01 -4.8052e+00 +3.0730e+00 +2.4047e+00 +8.2891e-01 -2.6648e+00 -4.8028e-01 +4.9077e+00 +3.9749e+00 -1.3512e+00 -3.6111e-01 +1.3115e+00 +3.1007e+00 -4.0180e+00 +9.6300e-01 +1.8642e+00
4 0 +1.349313645e+07 +1.349331137e+07 +1.349331137e+07 -2.8007e+00 -3.1228e+00 -2.9364e+00 +4.2129e+00 +7.5770e-01 -4.2204e+00 -3.1786e-01 -2.6038e+00 -4.1686e+00 +3.0817e-01 -4.5688e+00 +1.0337e+00 -3.5188e+00 -4.4104e+00 -3.4454e+00 +2.8138e+00 +4.5059e+00 -1.4363e-01 +2.5666e+00 -4.3425e-01
6 0 +5.770599298e+06 +5.770774218e+06 +5.770774218e+06 -3.3859e+00 +3.7640e-01 -4.8356e+00 -1.8376e+00 +6.1961e-01 -2.7780e+00 -1.3903e+00 -4.7689e+00 -1.7892e+00 +3.8440e+00 +2.6058e+00 +6.3088e-01 +9.1745e-01 -3.0759e+00 -1.1686e+00 -4.9250e+00 +2.0603e+00 +7.5888e-01 +2.5324e+00 -2.9873e+00
13 0 +4.335631944e+06 +4.335806864e+06 +4.335806864e+06 +4.0473e+00 +2.2117e+00 +1.0671e+00 +3.0049e+00 +1.0398e+00 +2.3617e+00 -3.4167e+00 -1.6909e+00 +2.5720e+00 +1.3082e-01 +3.8984e+00 -4.8161e+00 -5.6448e-01 -8.4387e-01 +2.9684e+00 -4.3076e-01 +2.7453e+00 +9.9996e-01 +7.5493e-01 -4.3895e+00
157 0 +4.135888813e+06 +4.136063733e+06 +4.136063733e+06 +2.1838e+00 +1.8837e+00 -2.2550e-01 +2.7294e+00 +9.1064e-01 +1.6686e+00 -2.8146e+00 -1.5268e+00 +2.1202e+00 +2.6091e-01 +2.6617e+00 -3.6374e+00 -4.4200e-01 -1.5045e+00 +2.0088e+00 -1.3093e+00 +2.8325e+00 +1.0451e+00 +9.3605e-01 -4.1350e+00
202 0 +3.962994296e+06 +3.963169216e+06 +3.963169216e+06 -1.0959e+00 +2.1231e+00 -1.0919e+00 +2.2612e+00 -8.9908e-01 -3.7017e-02 -1.7185e+00 +1.3176e+00 +8.1357e-01 -1.9045e+00 +1.2297e+00 -2.9662e+00 -2.5853e-01 -3.2416e+00 +7.0209e-01 -8.8239e-02 +2.2571e+00 +1.1403e+00 +1.7472e+00 -3.9389e+00
204 0 +3.030389064e+06 +3.030563984e+06 +3.030563984e+06 +2.1279e+00 +2.4111e-01 -5.5037e-02 +3.3435e+00 +9.6072e-01 +5.1679e-01 -2.5481e+00 -1.9468e+00 +6.8265e-01 +1.8053e-01 +1.5251e+00 -3.1764e+00 -1.3926e+00 -1.8435e+00 +1.1706e+00 +4.7866e-01 +3.2388e+00 +6.7942e-01 +1.2627e+00 -3.2809e+00
354 0 +3.011458529e+06 +3.011633449e+06 +3.011633449e+06 +2.0166e+00 +4.8826e-01 -2.6907e-02 +3.1408e+00 +7.7769e-01 +4.8479e-01 -2.5492e+00 -1.7228e+00 +6.9148e-01 +3.5701e-02 +1.7737e+00 -3.2863e+00 -1.2450e+00 -1.8951e+00 +1.2416e+00 +4.8077e-01 +3.0854e+00 +7.1463e-01 +1.3209e+00 -3.3819e+00
461 0 +2.195986645e+06 +2.196161565e+06 +2.196161565e+06 +2.1412e+00 +6.3289e-01 -9.5695e-02 +3.1970e+00 +7.6515e-01 +7.9151e-01 -2.6117e+00 -1.8466e+00 +1.0255e+00 +4.0490e-02 +1.7962e+00 -3.2864e+00 -1.1658e+00 -1.7627e+00 +1.3705e+00 +5.2211e-02 +3.1419e+00 +4.2286e-02 +1.1848e+00 -3.4846e+00
1110 0 +2.173958556e+06 +2.174133476e+06 +2.174133476e+06 +2.1412e+00 +6.3289e-01 -9.5695e-02 +3.1970e+00 +7.6515e-01 +7.9151e-01 -2.6117e+00 -1.3382e-01 +1.0255e+00 +4.0490e-02 +1.7962e+00 -3.2864e+00 -9.1725e-01 -1.7627e+00 +1.3705e+00 +5.2211e-02 +3.1419e+00 +1.6682e-02 +1.1848e+00 -3.4846e+00
1162 0 +2.133010751e+06 +2.133185671e+06 +2.133185671e+06 +2.1412e+00 +6.3289e-01 -9.5695e-02 +3.1970e+00 +7.6515e-01 +7.9151e-01 -2.6117e+00 -1.3889e+00 +1.0255e+00 +4.0490e-02 +1.7962e+00 -7.4616e-01 -4.1990e-01 -1.7627e+00 +1.3705e+00 +5.2211e-02 +3.1419e+00 +4.2286e-02 +1.1848e+00 -3.4846e+00
% f evaluations | g evaluations | best noise-free fitness - Fopt (-5.659600000000e+02) + sum g_i+ | measured fitness | best measured fitness or single-digit g-values | x1 | x2...
1 0 +2.146653082e+07 +2.146596486e+07 +2.146596486e+07 +3.1689e+00 -4.0479e-01 -4.2215e+00 +4.4749e+00 -2.7133e+00 -8.8040e-01 +1.5037e+00 -1.2590e+00 -1.2768e-01 +4.2175e+00 -1.1119e+00 +6.9207e-01 -3.4790e+00 +3.7384e+00 -4.7452e+00 -2.8037e+00 +1.5414e+00 +1.6796e+00 -2.4063e+00 -1.0360e+00
4 0 +1.080181846e+07 +1.080125250e+07 +1.080125250e+07 +3.3460e+00 -3.5353e+00 -1.1997e+00 +2.3284e+00 +4.9248e+00 +8.3910e-01 +2.3506e+00 -3.5624e+00 +1.4328e+00 -1.5196e+00 +1.8570e+00 +2.1225e+00 -8.1839e-01 -4.7451e+00 -2.9707e+00 -1.0078e+00 +1.3488e+00 +4.9640e+00 +7.8392e-02 +3.4694e+00
5 0 +9.396103022e+06 +9.395537062e+06 +9.395537062e+06 +2.3194e+00 +1.2412e+00 -1.0872e+00 +3.3435e+00 -2.1374e+00 -9.0786e-01 +4.6605e+00 -3.0341e+00 +2.0998e+00 -2.5953e+00 +3.9479e+00 +3.6648e-01 -4.2025e+00 -1.4673e+00 -3.8936e-01 +3.7289e+00 +2.4846e-02 +2.1435e+00 -1.4876e+00 +3.2631e+00
19 0 +5.361110388e+06 +5.360544428e+06 +5.360544428e+06 +3.3367e+00 -3.2944e+00 +1.7592e+00 -6.4202e-01 +4.3767e+00 -6.5536e-01 +4.9600e+00 -2.9519e+00 +1.0288e+00 -4.8040e+00 +4.1370e+00 +3.0326e-02 +9.9701e-02 +3.5407e+00 -1.0967e+00 +3.7226e-01 -4.0961e+00 -1.9694e+00 +3.2158e+00 +1.7315e+00
53 0 +4.919991955e+06 +4.919425995e+06 +4.919425995e+06 +3.7633e+00 -6.6615e-01 +1.7921e+00 +2.0438e+00 -8.9634e-02 -4.7658e+00 +1.0555e+00 +4.8300e+00 +2.7803e+00 +9.5913e-01 +6.8271e-01 -2.8746e+00 -1.6309e+00 +2.6932e-01 +2.5769e+00 -2.4596e-01 +1.5543e+00 +8.9411e-01 +1.1263e+00 +4.2268e+00
56 0 +4.762631885e+06 +4.762065925e+06 +4.762065925e+06 +1.3619e+00 -8.2202e-01 -2.4955e-01 +6.7631e-01 -2.8775e+00 -2.2951e+00 +5.0643e-01 +2.7052e-01 +1.7685e+00 +5.9637e-01 +2.4492e+00 +9.0166e-01 -4.0972e+00 -2.0501e+00 +8.8083e-01 +1.9246e+00 -1.4228e+00 +1.9719e+00 +5.9285e-01 +1.5659e+00
102 0 +4.488573973e+06 +4.488008013e+06 +4.488008013e+06 -7.8928e-01 -2.5026e+00 +2.0202e+00 -3.0106e+00 +3.5030e+00 -1.3120e+00 +6.8048e-01 -2.6298e+00 +2.0940e-02 +8.5831e-01 +1.6168e+00 -1.3940e+00 -2.7295e+00 +1.5379e+00 +1.7563e+00 +9.7221e-01 -1.4557e+00 -4.1170e+00 +1.0224e+00 +2.5087e+00
103 0 +3.924208240e+06 +3.923642280e+06 +3.923642280e+06 +2.0626e+00 -3.0499e+00 +1.8398e+00 -1.3735e+00 +4.1069e+00 -8.5814e-01 +3.6384e+00 -2.8524e+00 +7.1756e-01 -3.0554e+00 +3.3587e+00 -4.0951e-01 -7.7396e-01 +2.9223e+00 -2.1569e-01 +5.5753e-01 -3.2807e+00 -2.6326e+00 +2.5384e+00 +1.9715e+00
154 0 +2.406894189e+06 +2.406328229e+06 +2.406328229e+06 +1.6234e+00 -1.6533e+00 +5.3004e-01 -8.8512e-02 -2.7143e-01 -1.7589e+00 +1.6751e+00 -8.9474e-01 +1.3764e+00 -7.6622e-01 +2.7886e+00 +4.1242e-01 -2.8572e+00 -1.9477e-01 +4.7169e-01 +1.4145e+00 -2.1160e+00 +2.5384e-01 +1.3188e+00 +1.7173e+00
155 0 +2.272839515e+06 +2.272273555e+06 +2.272273555e+06 +1.8011e+00 -2.2186e+00 +1.0602e+00 -6.0863e-01 +1.5008e+00 -1.3943e+00 +2.4698e+00 -1.6872e+00 +1.1097e+00 -1.6928e+00 +3.0194e+00 +7.9722e-02 -2.0140e+00 +1.0669e+00 +1.9345e-01 +1.0676e+00 -2.5875e+00 -9.1452e-01 +1.8125e+00 +1.8202e+00
256 0 +2.018946953e+06 +2.018380993e+06 +2.018380993e+06 +1.0411e+00 -2.0839e+00 +1.1197e+00 -1.0581e+00 +1.3764e+00 -1.5082e+00 +1.6943e+00 -1.6442e+00 +9.1751e-01 -6.6414e-01 +2.5577e+00 -1.9097e-01 -2.5199e+00 +7.2275e-01 +7.1575e-01 +1.1714e+00 -2.1086e+00 -1.3367e+00 +1.4168e+00 +1.9662e+00
361 0 +1.991472004e+06 +1.990906044e+06 +1.990906044e+06 +1.0411e+00 -2.0839e+00 +1.1197e+00 -1.0581e+00 +1.3764e+00 -1.5082e+00 +1.6943e+00 -1.6442e+00 +9.1751e-01 -6.6414e-01 +5.0106e-01 -1.9097e-01 -2.5199e+00 +7.2275e-01 +7.1575e-01 +1.1714e+00 -2.1086e+00 -1.3367e+00 +1.4168e+00 +1.9662e+00
512 0 +1.796189224e+06 +1.795623264e+06 +1.795623264e+06 +1.6234e+00 -1.6533e+00 +5.3004e-01 -8.8512e-02 -2.7143e-01 -1.7589e+00 +1.6751e+00 -8.9474e-01 +1.3764e+00 -7.6622e-01 +1.6452e+00 +4.1242e-01 -2.8572e+00 -1.9477e-01 +4.7169e-01 +1.7235e-01 -2.1160e+00 +2.5384e-01 +1.3188e+00 +1.7173e+00
602 0 +1.723826153e+06 +1.723260193e+06 +1.723260193e+06 +1.3329e+00 -1.8681e+00 +8.2412e-01 -5.7208e-01 +5.5043e-01 -1.6339e+00 +1.6847e+00 -1.2685e+00 +1.1475e+00 -7.1530e-01 +1.2543e+00 +1.1149e-01 -2.6890e+00 +2.6284e-01 +5.9341e-01 +6.7061e-01 -2.1123e+00 -5.3944e-01 +1.3677e+00 +1.8414e+00
813 0 +1.668907552e+06 +1.668341592e+06 +1.668341592e+06 +1.4184e+00 -1.8049e+00 +7.3759e-01 -4.2980e-01 +3.0861e-01 -1.6707e+00 +1.6818e+00 -1.1586e+00 +1.2149e+00 -7.3028e-01 +1.3693e+00 +2.0003e-01 -2.0879e-01 +1.2820e-01 +5.5760e-01 +5.2401e-01 -2.1134e+00 -3.0603e-01 +1.3533e+00 +1.8049e+00
963 0 +1.521429083e+06 +1.520863123e+06 +1.520863123e+06 +1.4221e+00 -1.8021e+00 +7.3383e-01 -4.2360e-01 +2.9809e-01 -1.6723e+00 +1.6817e+00 -1.1538e+00 +1.2178e+00 -7.3094e-01 +1.3743e+00 +2.0388e-01 -2.7407e+00 +1.2234e-01 +5.5604e-01 +1.2558e-01 -2.1135e+00 -2.9587e-01 +1.3527e+00 +1.8033e+00
1264 0 +1.492426557e+06 +1.491860597e+06 +1.491860597e+06 +1.4221e+00 -1.8022e+00 +7.3386e-01 -4.2366e-01 +1.0487e-01 -1.6722e+00 +1.6817e+00 -1.1538e+00 +1.2178e+00 -7.3093e-01 +1.3743e+00 +2.0385e-01 -2.7380e+00 +1.2232e-01 +5.5605e-01 +1.2644e-01 -1.6593e+00 -2.9596e-01 +1.3527e+00 +1.8033e+00
1512 0 +1.476168570e+06 +1.475602610e+06 +1.475602610e+06 +1.4221e+00 -1.8021e+00 +6.9600e-01 -4.2360e-01 +2.9809e-01 -1.6723e+00 +1.6817e+00 -8.8386e-01 +1.2178e+00 -7.3094e-01 +1.3743e+00 +2.0388e-01 -2.7407e+00 +1.2234e-01 +5.5604e-01 +3.2733e-02 -2.1135e+00 -2.9587e-01 +1.3527e+00 +1.8033e+00
% f evaluations | g evaluations | best noise-free fitness - Fopt (7.095000000000e+01) + sum g_i+ | measured fitness | best measured fitness or single-digit g-values | x1 | x2...
1 0 +4.975266938e+07 +4.975274033e+07 +4.975274033e+07 -3.5787e+00 +1.9036e+00 -2.2346e+00 +1.7763e+00 -4.4521e+00 +2.4942e+00 -1.2023e+00 +2.4711e+00 -1.5514e+00 -3.2971e+00 -2.9283e+00 +3.4363e+00 -4.6024e+00 -3.1709e+00 -2.7560e+00 +4.3145e+00 -2.3436e+00 +3.4806e+00 +4.1358e+00 -3.9283e+00
2 0 +1.805715239e+07 +1.805722334e+07 +1.805722334e+07 +6.3452e-01 -3.4293e+00 -4.4391e+00 -4.9535e+00 +2.8740e+00 +3.3738e+00 +1.2787e-01 -3.3517e+00 +3.9568e+00 +1.1025e+00 -4.2990e+00 -2.3713e+00 -2.4660e+00 -4.7479e+00 +4.1915e+00 +4.3688e+00 +4.5901e+00 +4.5624e+00 -4.4184e+00 -1.0972e+00
8 0 +9.950753551e+06 +9.950824501e+06 +9.950824501e+06 -7.8754e-01 -1.3838e+00 -4.7565e+00 -9.1174e-02 -1.1659e-01 -4.7515e+00 -4.2121e+00 -2.6136e+00 -9.3597e-01 -4.3963e+00 +1.2971e+00 -2.0605e+00 +1.7363e+00 +6.4784e-01 -3.5597e+00 -4.2873e+00 -2.1926e-01 +1.6412e+00 -2.5837e+00 +4.6088e+00
9 0 +2.754903427e+06 +2.754974377e+06 +2.754974377e+06 -2.5361e+00 -2.0488e+00 +1.9577e+00 +3.4429e-01 -6.9368e-01 +5.7654e-01 -1.4316e+00 +3.5974e+00 +1.0703e+00 +4.7175e-01 -4.0604e+00 +1.6607e+00 +1.3155e+00 +1.1180e+00 -4.1783e+00 +3.3712e+00 +1.4161e+00 +3.6757e+00 +4.1696e-01 +1.8633e+00
52 0 +2.275035319e+06 +2.275106269e+06 +2.275106269e+06 +4.7722e-03 -2.1599e+00 +3.3080e+00 -1.1456e+00 -4.3323e-01 +1.7330e+00 +1.3732e+00 +3.9417e+00 -6.6797e-02 -2.7044e+00 -5.3607e-01 +1.2528e+00 +1.8327e+00 -1.1794e+00 -4.0152e-01 -6.8204e-01 -5.8862e-01 +2.7906e+00 -3.2061e-01 +1.1278e+00
102 0 +2.193475697e+06 +2.193546647e+06 +2.193546647e+06 +1.7704e-01 -2.1803e+00 +3.1686e+00 -1.4293e+00 -7.9450e-01 +1.7833e+00 +1.3888e+00 +3.9986e+00 +2.5266e-01 -2.7449e+00 -5.6949e-01 +1.4791e+00 +1.6167e+00 -1.2510e+00 -5.3264e-01 -6.4398e-01 -5.6269e-01 +2.8935e+00 -4.0146e-01 +1.0746e+00
154 0 +2.074749340e+06 +2.074820290e+06 +2.074820290e+06 -8.7322e-01 -2.1047e+00 +3.1422e+00 -3.9283e-01 -2.9715e-02 +1.3698e+00 +6.3139e-01 +3.7791e+00 -1.9035e-01 -1.8346e+00 -1.3992e+00 +1.0630e+00 +1.9810e+00 -4.9525e-01 -1.2023e+00 +3.1109e-01 -3.3392e-02 +2.8843e+00 -2.5572e-02 +1.3863e+00
156 0 +2.039920355e+06 +2.039991305e+06 +2.039991305e+06 -5.5349e-01 -2.1449e+00 +2.8425e+00 -9.5174e-01 -7.6735e-01 +1.4584e+00 +6.2935e-01 +3.8906e+00 +4.7282e-01 -1.8788e+00 -1.5094e+00 +1.5280e+00 +1.5356e+00 -6.1310e-01 -1.5143e+00 +4.3713e-01 -2.9884e-02 +3.1041e+00 -1.8109e-01 +1.2869e+00
204 0 +1.773626384e+06 +1.773697334e+06 +1.773697334e+06 -1.4005e+00 -1.9741e+00 +2.6519e+00 -2.0919e-01 -1.3863e-01 +1.3426e+00 -3.4685e-01 +3.4336e+00 +3.3562e-01 -1.2759e+00 -1.8386e+00 +1.2613e+00 +1.6981e+00 -1.9584e-03 -1.6418e+00 +1.3009e+00 +4.6759e-01 +3.1940e+00 +2.7761e-02 +1.7988e+00
712 0 +1.706209924e+06 +1.706280874e+06 +1.706280874e+06 -1.2773e+00 -1.9990e+00 +1.1674e+00 -1.5897e-01 -1.0816e-01 +1.3601e+00 -1.3422e-01 +3.5001e+00 +2.1892e-01 -1.4150e+00 -1.7160e+00 +1.2154e+00 +1.7607e+00 -1.1814e-01 -1.5142e+00 +7.0580e-01 +3.5393e-01 +3.1245e+00 +1.1006e-02 +1.7153e+00
1156 0 +1.698223358e+06 +1.698294308e+06 +1.698294308e+06 -1.2819e+00 -1.9969e+00 +1.3116e+00 -1.6680e-01 -1.0818e-01 +1.1752e+00 -1.4578e-01 +3.4944e+00 +2.2470e-01 -5.9695e-01 -1.1550e+00 +1.2172e+00 +1.7575e+00 -1.1399e-01 -1.5134e+00 +7.4890e-01 +3.5896e-01 +3.1277e+00 +1.0669e-02 +1.7213e+00
1510 0 +1.636811179e+06 +1.636882129e+06 +1.636882129e+06 -1.2819e+00 -1.9969e+00 +1.3116e+00 -1.6680e-01 -1.0818e-01 +1.1752e+00 -1.4578e-01 +3.4944e+00 +2.2470e-01 -5.9695e-01 -1.1550e+00 +1.2172e+00 +1.7575e+00 -1.1399e-01 -1.5134e+00 +1.7460e-01 +3.5896e-01 +3.1277e+00 +1.0669e-02 +1.7213e+00
1712 0 +1.619726879e+06 +1.619797829e+06 +1.619797829e+06 -1.2819e+00 -1.9969e+00 +1.3116e+00 -1.6680e-01 -1.0818e-01 +1.1752e+00 -1.4578e-01 +3.4944e+00 +2.2470e-01 -5.9695e-01 -4.5228e-01 +3.5864e-02 +1.7575e+00 -1.1399e-01 -1.5134e+00 +1.7460e-01 +3.5896e-01 +3.1277e+00 +1.0669e-02 +1.7213e+00
% f evaluations | g evaluations | best noise-free fitness - Fopt (4.728000000000e+01) + sum g_i+ | measured fitness | best measured fitness or single-digit g-values | x1 | x2...
1 0 +1.795835962e+07 +1.795840690e+07 +1.795840690e+07 +2.7971e+00 +1.4823e+00 +2.4373e+00 +8.8172e-01 -7.5929e-02 +2.0163e+00 -3.2521e+00 +2.3892e-01 +4.8496e+00 +1.1376e+00 +3.1924e+00 -4.0333e+00 -2.4359e+00 +1.3739e+00 -4.8653e+00 -2.2929e+00 +4.6053e+00 -1.8850e+00 -1.4771e+00 -2.0752e+00
2 0 +1.575607725e+07 +1.575612453e+07 +1.575612453e+07 +2.4354e+00 +1.1181e+00 -6.7562e-01 -1.9508e+00 -3.5264e+00 +3.3841e+00 +4.3621e+00 -1.5693e+00 +4.4953e+00 +5.4348e-02 +1.1007e+00 -1.8577e+00 +1.1388e+00 -2.0894e+00 -3.8133e+00 +1.1540e+00 +3.5292e-03 -1.7178e-01 +2.7420e+00 -3.1915e+00
7 0 +1.230906184e+07 +1.230910912e+07 +1.230910912e+07 -1.1578e+00 -1.8387e+00 -1.9757e+00 +3.8421e+00 -3.6939e+00 -1.6530e+00 +4.8563e+00 -1.6803e+00 -9.5849e-01 +4.7029e+00 +9.5010e-01 +4.7752e+00 -6.4107e-01 -8.5445e-01 -2.4477e+00 -1.0358e+00 +2.6794e+00 -3.6369e+00 +2.9843e+00 +3.5759e+00
8 0 +7.909369660e+06 +7.909416940e+06 +7.909416940e+06 +4.8012e+00 -1.1449e+00 +1.5847e+00 -8.1094e-01 +2.1149e+00 -1.9669e+00 -2.8030e-01 +3.9408e+00 -1.3223e+00 -5.1719e-01 -3.7476e+00 +4.3399e-01 -1.3181e+00 -1.4133e+00 -2.7436e+00 -4.9997e-01 -1.7003e+00 -3.2142e+00 +6.7204e-01 +2.7494e+00
10 0 +6.174428254e+06 +6.174475534e+06 +6.174475534e+06 -4.0846e+00 +2.2173e+00 +4.7045e+00 -1.2827e+00 +2.1495e+00 +4.5076e+00 -4.7441e+00 +3.6219e+00 -4.1194e+00 +1.4680e+00 -3.5689e+00 +2.6777e+00 +1.2489e+00 +5.3593e-01 -4.3847e+00 -4.3833e+00 +3.1249e+00 +1.7746e-01 +7.1428e-01 -3.5484e-01
21 0 +5.284356600e+06 +5.284403880e+06 +5.284403880e+06 +2.8869e+00 +1.5531e+00 -4.2421e+00 -2.0234e+00 -4.8489e+00 -1.7764e+00 +1.8457e+00 -2.1341e+00 +4.8760e+00 +1.0467e+00 -2.7785e+00 +4.6611e+00 -4.9861e+00 +4.8303e+00 +2.3277e+00 -2.1128e+00 +2.7036e+00 -3.0511e-01 +4.3971e+00 +3.0516e-01
25 0 +3.176175775e+06 +3.176223055e+06 +3.176223055e+06 +2.5065e+00 +1.5183e+00 +2.3580e-01 +5.4513e-01 +3.7689e-01 -1.3842e+00 +9.7747e-01 -4.2112e+00 -3.6037e+00 +4.3299e+00 +2.1387e+00 -1.3851e+00 -2.6941e+00 +3.5741e+00 -3.4642e+00 +1.3692e+00 -3.1259e+00 +4.4206e-01 +2.8970e+00 +9.9395e-01
103 0 +2.517837852e+06 +2.517885132e+06 +2.517885132e+06 +2.0944e+00 +1.5946e+00 +5.2413e-01 +6.9547e-01 +2.3164e-01 -1.2869e+00 +9.4263e-01 -3.9409e+00 -3.6354e+00 +3.9404e+00 +1.8664e+00 -1.0585e+00 -2.6446e+00 +3.5309e+00 -3.1874e+00 +1.1667e+00 -2.6960e+00 +2.3977e-01 +2.7258e+00 +1.0316e+00
154 0 +2.320389474e+06 +2.320436754e+06 +2.320436754e+06 +6.9094e-01 +2.8124e-02 +9.8791e-01 +1.3511e+00 -3.5588e-01 -1.7130e+00 -4.1553e-01 -2.1059e+00 -3.3356e+00 +2.7972e+00 +3.0959e+00 -2.0608e+00 -1.3506e+00 +2.8730e+00 -3.5334e+00 +5.1669e-02 -1.2119e+00 +8.6114e-02 +1.4328e+00 +1.2584e+00
156 0 +2.143271843e+06 +2.143319123e+06 +2.143319123e+06 -1.0127e-01 +2.0488e+00 +1.4361e-01 +3.9069e-01 -2.9814e+00 -9.0586e-01 +1.1375e+00 -1.4420e+00 +4.1613e-02 +2.0782e-01 -1.9365e+00 +1.6283e+00 -3.4037e+00 +3.8544e+00 +1.0388e+00 -1.5817e+00 +2.4282e+00 -1.2629e+00 +2.4246e+00 +9.3476e-01
252 0 +5.606015615e+05 +5.606488415e+05 +5.606488415e+05 +2.2014e+00 +7.4009e-01 -2.8984e-01 +2.3599e+00 +1.3634e+00 -1.6115e+00 +5.3950e-01 -2.5461e+00 -1.3204e+00 +2.4309e+00 +2.5314e+00 -1.2296e+00 -1.5867e+00 +1.2038e-01 -9.8402e-01 -2.8415e-01 -4.4550e-01 -1.0043e+00 +2.1896e+00 +2.7433e-01
353 0 +5.094981915e+05 +5.095454715e+05 +5.095454715e+05 +2.2482e+00 +5.2448e-01 +2.0656e-01 +1.5817e+00 +8.1545e-01 -1.2494e+00 +5.0283e-01 -1.5550e+00 -1.5637e+00 +1.6670e+00 +1.4744e+00 -6.8188e-01 -1.4900e+00 +5.3609e-01 -9.6648e-01 -3.7175e-01 -6.0273e-01 -1.0989e+00 +2.0671e+00 +7.6993e-01
458 0 +4.984381334e+05 +4.984854134e+05 +4.984854134e+05 +2.2448e+00 +5.3621e-01 +1.8094e-01 +1.6215e+00 +8.4233e-01 -1.2679e+00 +5.0489e-01 -1.6056e+00 -1.5504e+00 +1.7054e+00 +1.5275e+00 -7.0913e-01 -1.4955e+00 +5.1544e-01 -9.6623e-01 -3.6791e-01 -5.9307e-01 -1.0944e+00 +2.0734e+00 +7.4440e-01
504 0 +4.881620526e+05 +4.882093326e+05 +4.882093326e+05 +2.2408e+00 +5.4945e-01 +1.5239e-01 +1.6654e+00 +8.7158e-01 -1.2885e+00 +5.0741e-01 -1.6628e+00 -1.5356e+00 +1.7487e+00 +1.5863e+00 -7.3934e-01 -1.5023e+00 +4.9380e-01 -9.6636e-01 -3.6343e-01 -5.8259e-01 -1.0888e+00 +2.0807e+00 +7.1606e-01
508 0 +4.617157135e+05 +4.617629935e+05 +4.617629935e+05 +2.2296e+00 +6.0987e-01 +9.9729e-03 +1.8899e+00 +1.0325e+00 -1.3928e+00 +5.1735e-01 -1.9475e+00 -1.4674e+00 +1.9695e+00 +1.8930e+00 -8.9878e-01 -1.5283e+00 +3.7146e-01 -9.7343e-01 -3.3706e-01 -5.4046e-01 -1.0615e+00 +2.1156e+00 +5.7366e-01
860 0 +4.498184362e+05 +4.498657162e+05 +4.498657162e+05 +2.2322e+00 +5.9777e-01 +3.7937e-02 +1.8460e+00 +1.0015e+00 -1.3724e+00 +5.1530e-01 -1.8916e+00 -1.4810e+00 +1.8316e-01 +1.8333e+00 -8.6785e-01 -1.5229e+00 +3.9494e-01 -9.7235e-01 -3.4205e-01 -5.4920e-01 -1.0668e+00 +2.1087e+00 +6.0158e-01
1460 0 +4.451848020e+05 +4.452320820e+05 +4.452320820e+05 +2.2322e+00 +5.9777e-01 +3.7937e-02 +2.0076e-01 +1.0015e+00 -1.3724e+00 +1.4323e-01 -1.8916e+00 -1.4810e+00 +1.8316e-01 +1.8333e+00 -8.6785e-01 -1.5229e+00 +3.9494e-01 -9.7235e-01 -3.4205e-01 -5.4920e-01 -1.0668e+00 +2.1087e+00 +5.3683e-01
% f evaluations | g evaluations | best noise-free fitness - Fopt (-5.688800000000e+02) + sum g_i+ | measured fitness | best measured fitness or single-digit g-values | x1 | x2...
1 0 +3.016521807e+07 +3.016464919e+07 +3.016464919e+07 +3.1754e+00 +2.1220e+00 -4.1705e+00 -1.3741e+00 -2.0815e+00 -1.6833e+00 -3.1427e-01 -3.0200e+00 +3.8350e+00 -1.7477e+00 +1.9347e+00 -3.7430e+00 +4.3748e+00 +3.0667e+00 -3.6319e+00 +9.2611e-01 -3.1978e+00 +1.2428e+00 -1.8383e+00 +1.8859e+00
3 0 +1.629775298e+07 +1.629718410e+07 +1.629718410e+07 -4.2120e+00 +3.7732e+00 -4.1576e+00 +1.1103e+00 -2.0354e+00 -4.6448e+00 +6.6469e-01 +4.4693e+00 +7.4708e-01 +1.7942e+00 -5.1498e-01 +3.6983e+00 -3.8447e+00 -1.5681e+00 -4.3889e+00 +1.9245e+00 -5.6739e-01 -3.4956e+00 -9.6392e-01 -3.4704e+00
11 0 +1.011930108e+07 +1.011873220e+07 +1.011873220e+07 -1.7191e+00 -4.1344e+00 -3.5781e-02 -3.4410e+00 +2.1600e+00 -1.6063e-01 +1.3430e+00 -1.2228e+00 +1.7082e+00 +1.0584e+00 +2.8052e+00 +3.0454e+00 -4.5265e+00 -2.4746e+00 -1.3651e-01 +1.7762e-01 +1.8187e+00 +2.8810e+00 +4.6360e+00 -2.7655e+00
13 0 +9.542106748e+06 +9.541537868e+06 +9.541537868e+06 +9.2911e-01 -5.5043e-01 -2.5711e+00 +4.0746e+00 +1.2141e+00 -1.4174e+00 +5.3986e-01 -2.4983e+00 +1.9187e-01 +3.9856e+00 +1.8894e+00 +2.1110e+00 +3.4916e+00 -2.2371e+00 -3.0735e+00 -4.1170e+00 -4.9081e+00 -5.7863e-01 +4.1235e+00 +1.1412e-01
15 0 +2.577451792e+06 +2.576882912e+06 +2.576882912e+06 +1.6887e+00 -3.2411e+00 -3.9316e+00 +4.3182e+00 -1.8418e+00 -1.4075e+00 -1.4557e+00 -4.6350e+00 +2.2316e+00 +3.6964e+00 -3.0371e+00 -2.1724e+00 +4.8764e+00 -9.0405e-01 +3.3900e+00 +2.0965e+00 +3.9695e+00 -1.9320e+00 +2.6498e+00 -1.7252e+00
102 0 +1.817668487e+06 +1.817099607e+06 +1.817099607e+06 -7.2045e-01 -1.6862e+00 +1.4383e-02 +2.7427e+00 -2.0850e+00 +3.0004e-01 -1.3970e+00 -3.9076e-01 -6.1900e-01 +2.4708e+00 -1.8523e+00 -2.8924e+00 +3.2299e+00 -7.9463e-01 +7.9384e-02 +1.2800e+00 +4.1009e+00 -3.2738e+00 +2.5856e+00 -8.6126e-01
103 0 +1.721781607e+06 +1.721212727e+06 +1.721212727e+06 +2.1115e-02 -2.1648e+00 -1.2002e+00 +3.2276e+00 -2.0101e+00 -2.2554e-01 -1.4150e+00 -1.6972e+00 +2.5842e-01 +2.8480e+00 -2.2170e+00 -2.6708e+00 +3.7367e+00 -8.2831e-01 +1.0984e+00 +1.5313e+00 +4.0604e+00 -2.8608e+00 +2.6054e+00 -1.1272e+00
207 0 +1.693716459e+06 +1.693147579e+06 +1.693147579e+06 -4.5777e-01 -1.8557e+00 -4.1584e-01 +2.9145e+00 -2.0585e+00 +1.1387e-01 -1.4034e+00 -8.5351e-01 -3.0820e-01 +2.6044e+00 -1.9815e+00 -2.8139e+00 +3.4094e+00 -8.0656e-01 +4.4033e-01 +1.3690e+00 +3.9816e+00 -3.1275e+00 +2.5926e+00 -9.5546e-01
256 0 +8.132677854e+05 +8.126989054e+05 +8.126989054e+05 -7.7020e-01 -1.8803e+00 +1.1828e-01 +3.2187e+00 -1.5243e+00 -4.0291e-01 +3.0288e-02 -7.9943e-01 +1.1034e+00 +2.8381e+00 -1.3277e+00 -2.0598e+00 +4.0884e+00 +8.1904e-01 -5.9698e-01 +1.3892e+00 +2.3474e+00 -3.2831e+00 +3.0909e+00 -1.2373e+00
353 0 +8.118879592e+05 +8.113190792e+05 +8.113190792e+05 -7.6584e-01 -1.8755e+00 +1.1560e-01 +3.2133e+00 -1.5158e+00 -4.0472e-01 +1.6649e-02 -8.0275e-01 +1.0803e+00 +2.8241e+00 -1.3266e+00 -2.0645e+00 +4.0692e+00 +8.0317e-01 -5.8288e-01 +1.3776e+00 +2.3720e+00 -3.2771e+00 +3.0773e+00 -1.2358e+00
455 0 +7.853236080e+05 +7.847547280e+05 +7.847547280e+05 -8.8062e-01 -1.8272e+00 +3.1188e-01 +3.2061e+00 -1.4612e+00 -4.3354e-01 +2.2000e-01 -6.7074e-01 +1.1825e+00 +2.8071e+00 -1.1911e+00 -1.9774e+00 +4.1012e+00 +1.0346e+00 -8.2351e-01 +1.3433e+00 +2.1403e+00 -3.3343e+00 +3.1356e+00 -1.2507e+00
613 0 +7.444067206e+05 +7.438378406e+05 +7.438378406e+05 -7.5775e-01 -1.8666e+00 +1.1060e-01 +3.2034e+00 -1.5383e+00 -4.0810e-01 -8.6945e-03 -6.5815e-01 +1.0375e+00 +2.7980e+00 -1.3246e+00 -2.0733e+00 +4.0337e+00 +7.7369e-01 -5.5669e-01 +1.3561e+00 +2.4177e+00 -2.9635e+00 +3.0520e+00 -1.2328e+00
905 0 +7.408284970e+05 +7.402596170e+05 +7.402596170e+05 -7.9378e-01 -1.7752e+00 +2.2699e-01 +3.1366e+00 -1.5428e+00 -4.5063e-01 -1.2950e-02 -6.6872e-01 +8.4900e-01 +2.6238e+00 -1.2105e+00 -2.0621e+00 +3.8375e+00 +7.6487e-01 -5.7517e-01 +1.1968e+00 +2.5257e+00 -3.0807e+00 +2.9392e+00 -1.2260e+00
1110 0 +6.729288785e+05 +6.723599985e+05 +6.723599985e+05 -7.9378e-01 -1.7752e+00 +2.2699e-01 +3.1366e+00 -1.5428e+00 -4.5063e-01 -1.2950e-02 -6.6872e-01 +8.4900e-01 +2.6238e+00 -1.2105e+00 -2.0621e+00 +3.8375e+00 +7.6487e-01 -5.7517e-01 +6.2853e-01 +2.5257e+00 -3.0807e+00 +2.9392e+00 -1.2260e+00
1164 0 +5.245361067e+05 +5.239672267e+05 +5.239672267e+05 -7.9378e-01 -1.7752e+00 +2.2699e-01 +3.1366e+00 -1.5428e+00 -4.5063e-01 -1.2950e-02 -6.6872e-01 +8.4900e-01 +2.6238e+00 -1.2105e+00 -2.0621e+00 +2.4932e-01 +7.6487e-01 -5.7517e-01 +6.2853e-01 +2.5257e+00 -3.0807e+00 +2.9392e+00 -1.2260e+00
1361 0 +4.515196108e+05 +4.509507308e+05 +4.509507308e+05 -7.9378e-01 -1.7752e+00 +2.2699e-01 +3.1366e+00 -1.5428e+00 -4.5063e-01 -1.2950e-02 -6.6872e-01 +8.4900e-01 +2.6238e+00 -1.2105e+00 -2.0621e+00 +2.4932e-01 +7.6487e-01 -5.7517e-01 +1.7653e-01 +2.5257e+00 -3.0807e+00 +2.9392e+00 -1.2260e+00
2014 0 +4.465703667e+05 +4.460014867e+05 +4.460014867e+05 -7.9378e-01 -1.7752e+00 +2.2699e-01 +3.1366e+00 -1.5428e+00 -1.4226e-01 -1.2950e-02 -6.6862e-01 +8.4900e-01 +2.6238e+00 -1.2105e+00 -2.0621e+00 +2.4933e-01 +7.6487e-01 -5.7517e-01 +7.5498e-02 +2.5257e+00 -3.0807e+00 +2.9392e+00 -1.2260e+00
% f evaluations | g evaluations | best noise-free fitness - Fopt (2.069000000000e+01) + sum g_i+ | measured fitness | best measured fitness or single-digit g-values | x1 | x2...
1 0 +8.722064745e+06 +8.722085435e+06 +8.722085435e+06 -3.7160e+00 +2.4007e+00 -3.8598e+00 +2.7829e+00 -2.1904e-01 +1.4404e+00 -2.0761e-01 +1.0332e+00 -3.7044e+00 +1.8670e+00 -2.9343e+00 +4.0153e+00 -3.0049e+00 -4.6470e+00 -3.7792e+00 +6.9519e-01 +4.5499e+00 -1.4181e+00 +1.6066e-01 -4.0418e+00
2 0 +7.365058354e+06 +7.365079044e+06 +7.365079044e+06 +9.1236e-01 -7.4615e-01 +1.7133e+00 -2.9649e-01 +3.8404e+00 +3.1832e+00 +4.0849e+00 +4.9519e+00 -1.5287e+00 +3.2697e-01 -2.4511e+00 -3.0495e+00 -4.1313e+00 +2.2065e+00 +9.9732e-01 -4.9971e+00 -2.1461e+00 -1.7480e+00 +1.4824e+00 -3.9816e+00
6 0 +6.820848350e+06 +6.820869040e+06 +6.820869040e+06 -3.0872e+00 -4.3110e+00 -4.7360e+00 -4.9526e+00 +1.6772e+00 -1.3215e+00 +4.0048e+00 -1.1889e+00 +2.5721e+00 +4.1292e-01 +4.9648e+00 -1.4517e+00 -3.8274e+00 -1.7059e+00 -1.0351e-01 +3.7702e+00 +5.6187e-01 -5.3781e-03 -4.4385e-01 -1.9228e+00
7 0 +6.411593047e+06 +6.411613737e+06 +6.411613737e+06 +1.8060e+00 -3.9991e+00 +2.7219e+00 +4.0921e+00 -7.0109e-01 +1.0371e+00 +5.0878e-01 -4.5290e+00 -5.5208e-01 -2.9252e+00 -3.8953e+00 -3.5820e+00 +3.3643e+00 +1.2524e+00 +1.2412e+00 +2.6478e+00 +1.3708e+00 +2.1696e+00 +3.6411e+00 -6.9469e-01
20 0 +5.825630018e+06 +5.825650708e+06 +5.825650708e+06 -1.4086e+00 -4.9637e+00 +4.9355e+00 -4.5138e+00 +8.7135e-01 +4.7177e+00 -3.9407e+00 +4.4435e+00 +2.7309e+00 +9.6243e-01 -3.9059e+00 +1.6766e+00 +4.1562e+00 -1.0073e+00 -3.5623e+00 +3.2572e-01 +2.7074e+00 +4.7049e+00 +3.5430e+00 -1.6644e+00
52 0 +4.294473055e+06 +4.294493745e+06 +4.294493745e+06 +5.4501e-01 -1.4137e+00 +2.2233e+00 -9.6398e-01 +3.3705e+00 +3.4261e+00 +2.8146e+00 +4.8715e+00 -8.5452e-01 +4.2755e-01 -2.6814e+00 -2.3014e+00 -2.8196e+00 +1.6979e+00 +2.7565e-01 -4.1546e+00 -1.3779e+00 -7.2668e-01 +1.8085e+00 -3.6148e+00
53 0 +3.290450988e+06 +3.290471678e+06 +3.290471678e+06 -1.0413e+00 -4.2962e+00 +4.4255e+00 -3.8463e+00 +1.3413e+00 +4.4749e+00 -2.6705e+00 +4.5240e+00 +2.0567e+00 +8.6185e-01 -3.6757e+00 +9.2859e-01 +2.8445e+00 -4.9864e-01 -2.8406e+00 -5.1675e-01 +1.9392e+00 +3.6835e+00 +3.2169e+00 -2.0311e+00
102 0 +3.077976612e+06 +3.077997302e+06 +3.077997302e+06 -1.0055e+00 -2.9243e+00 -1.1104e+00 -2.4585e+00 +2.4963e+00 +8.5731e-01 +2.7304e+00 +2.2350e+00 +3.0015e-01 +2.6468e-01 +3.8607e-01 -1.9562e+00 -2.6387e+00 +1.3228e-01 -3.1156e-01 -3.5619e-01 -2.1760e-01 +1.2491e-02 +3.5962e-01 -2.6107e+00
154 0 +2.334995620e+06 +2.335016310e+06 +2.335016310e+06 -1.7029e+00 -4.2236e+00 +3.5359e-01 -3.8472e+00 +1.3378e+00 +1.6066e+00 -1.5285e-01 +2.0502e+00 +1.5941e+00 +3.7328e-01 -5.0227e-01 -4.1783e-01 +3.7534e-01 -9.9443e-01 -1.8217e+00 +1.2965e+00 +1.4293e+00 +2.2315e+00 +1.0675e+00 -1.9455e+00
157 0 +1.680492769e+06 +1.680513459e+06 +1.680513459e+06 -1.0156e+00 -3.1987e+00 -2.1866e-02 -2.7360e+00 +2.2661e+00 +1.5679e+00 +1.6618e+00 +2.6826e+00 +6.4991e-01 +3.8249e-01 -4.1141e-01 -1.3848e+00 -1.5536e+00 +4.3863e-03 -8.1303e-01 -3.8047e-01 +2.1136e-01 +7.4017e-01 +9.2200e-01 -2.4940e+00
202 0 +9.902980780e+05 +9.903187680e+05 +9.903187680e+05 -7.6294e-01 -3.3694e+00 +2.3005e+00 -2.6031e+00 +1.5149e+00 +2.4568e+00 -3.4733e-01 +2.9215e+00 +1.8588e+00 +7.4443e-01 -1.9755e+00 +9.7236e-02 +2.7230e-01 -8.7449e-02 -1.6398e+00 +2.7649e-02 +1.1396e+00 +1.9065e+00 +2.0698e+00 -2.3195e+00
259 0 +9.151137189e+05 +9.151344089e+05 +9.151344089e+05 -6.5327e-01 -3.0986e+00 +1.8529e+00 -2.2786e+00 +1.6242e+00 +2.0727e+00 +2.6305e-01 +2.6630e+00 +1.7106e+00 +7.0740e-01 -1.6476e+00 -1.7104e-01 -3.8741e-01 +6.8800e-02 -1.3132e+00 -2.2982e-02 +8.7329e-01 +1.4311e+00 +1.8196e+00 -2.4308e+00
402 0 +8.882152313e+05 +8.882359213e+05 +8.882359213e+05 -8.6438e-01 -3.5809e+00 +2.5502e+00 -2.8732e+00 +1.4629e+00 +2.7251e+00 -7.4458e-01 +3.1198e+00 +1.9199e+00 +7.5677e-01 -2.1652e+00 +2.4250e-01 +7.1860e-01 -2.0983e-01 -1.8645e+00 +4.8777e-02 +1.3104e+00 +1.6236e+00 +2.2168e+00 -2.2377e+00
405 0 +8.607478060e+05 +8.607684960e+05 +8.607684960e+05 -7.2344e-01 -3.2561e+00 +2.0731e+00 -2.4741e+00 +1.5740e+00 +2.2834e+00 -6.0032e-02 +2.8119e+00 +1.7748e+00 +7.2226e-01 -1.8116e+00 -4.0864e-02 -1.4184e-01 -2.2245e-02 -1.4910e+00 -9.4944e-04 +1.0132e+00 +1.4440e+00 +1.9456e+00 -2.3681e+00
453 0 +8.304961384e+05 +8.305168284e+05 +8.305168284e+05 +7.8725e-02 -1.8997e+00 +1.3587e+00 -1.3533e+00 +1.7717e+00 +1.9677e+00 +9.2261e-01 +3.4528e+00 +7.3429e-01 +3.3909e-01 -1.6811e+00 -8.1359e-01 -1.0418e+00 +8.5515e-01 -1.1214e+00 -1.3203e+00 +1.5384e-01 +7.0716e-01 +2.0061e+00 -2.4524e+00
552 0 +7.317696339e+05 +7.317903239e+05 +7.317903239e+05 -6.3950e-01 -3.1677e+00 +2.2149e+00 -2.4907e+00 +1.5496e+00 +2.5018e+00 -2.8291e-01 +3.1606e+00 +1.6291e+00 +6.5654e-01 -2.0075e+00 -3.5762e-02 +1.8933e-01 +4.9931e-02 -1.3136e+00 -2.6727e-01 +1.0123e+00 +1.2960e+00 +2.1324e+00 -2.3009e+00
554 0 +6.887585816e+05 +6.887792716e+05 +6.887792716e+05 -5.7114e-01 -3.1543e+00 +2.5682e+00 -2.6512e+00 +1.4802e+00 +2.9559e+00 -8.2210e-01 +3.7536e+00 +1.4698e+00 +5.7488e-01 -2.3972e+00 +6.2792e-02 +8.4745e-01 +8.7146e-02 -2.0026e+00 -6.2500e-01 +1.1092e+00 +6.7295e-01 +2.4826e+00 -2.1628e+00
558 0 +6.467719017e+05 +6.467925917e+05 +6.467925917e+05 -3.5141e-01 -2.7301e+00 +2.1593e+00 -2.2123e+00 +1.5788e+00 +2.6218e+00 -2.3219e-01 +3.6519e+00 +1.2211e+00 +4.9516e-01 -2.1551e+00 -2.3352e-01 -1.1742e-01 +3.4682e-01 -1.7047e+00 -8.7718e-01 +7.8617e-01 +9.6560e-01 +2.3215e+00 -2.2608e+00
764 0 +6.441632714e+05 +6.441839614e+05 +6.441839614e+05 -3.5175e-01 -2.7215e+00 +2.1222e+00 -2.1897e+00 +1.5865e+00 +2.5785e+00 -1.7645e-01 +3.6031e+00 +5.4064e-01 +4.9974e-01 -2.1190e+00 -2.4802e-01 -1.4118e-01 +3.4983e-01 -1.6438e+00 -8.5228e-01 +7.7119e-01 +9.7814e-01 +2.2903e+00 -2.2738e+00
1061 0 +6.238817098e+05 +6.239023998e+05 +6.239023998e+05 -3.5175e-01 -2.7215e+00 +2.1222e+00 -2.1897e+00 +1.5865e+00 +2.5785e+00 -1.7645e-01 +3.6031e+00 +5.4064e-01 +4.9974e-01 -2.1190e+00 -2.4802e-01 -8.8077e-02 +1.2255e-01 -1.6438e+00 -8.5228e-01 +7.7119e-01 +9.7814e-01 +2.2903e+00 -2.2738e+00
1511 0 +5.953955391e+05 +5.954162291e+05 +5.954162291e+05 -3.5175e-01 -2.7215e+00 +2.1222e+00 -2.1897e+00 +1.5865e+00 +2.5785e+00 -1.7645e-01 +3.6031e+00 +5.4064e-01 +4.9974e-01 -2.1190e+00 -2.4802e-01 -8.6963e-02 +1.3174e-01 -1.6438e+00 -8.5228e-01 +7.7119e-01 +9.7814e-01 +1.9687e+00 -2.2738e+00
2012 0 +5.879612407e+05 +5.879819307e+05 +5.879819307e+05 -3.5175e-01 -2.7215e+00 +2.1222e+00 -2.1897e+00 +1.5865e+00 +2.5785e+00 -1.7645e-01 +3.6031e+00 +5.4064e-01 +4.9974e-01 -2.1146e+00 -2.4802e-01 -8.6968e-02 +1.8593e-02 -1.6438e+00 -8.5228e-01 +7.7119e-01 +9.7814e-01 +1.9700e+00 -2.2738e+00
% f evaluations | g evaluations | best noise-free fitness - Fopt (5.616700000000e+02) + sum g_i+ | measured fitness | best measured fitness or single-digit g-values | x1 | x2...
1 0 +7.063693556e+07 +7.063749723e+07 +7.063749723e+07 +4.5923e+00 -1.4436e+00 +4.3979e-01 -3.4124e+00 -1.4678e-01 -3.0473e-01 -4.2583e+00 -4.6435e+00 -1.5430e+00 -2.2239e+00 +9.9079e-01 -3.7041e+00 -2.3864e+00 +1.2631e+00 +3.6327e+00 -4.0782e+00 -1.0637e+00 -1.4718e+00 -3.4124e+00 +4.0645e+00
2 0 +1.223141560e+07 +1.223197727e+07 +1.223197727e+07 +4.5350e+00 -4.7208e+00 -2.3549e-01 -2.0696e+00 +2.2782e+00 -1.3541e+00 -7.4956e-01 -1.3177e+00 -4.4235e+00 +5.0567e-01 -1.2133e+00 -4.7325e+00 +1.2838e+00 -2.5167e+00 +4.9679e+00 +4.8625e-02 +1.2552e+00 -3.8055e+00 -2.2706e+00 -4.9438e+00
3 0 +1.066881140e+07 +1.066937307e+07 +1.066937307e+07 +4.6554e+00 -4.6766e+00 +4.3319e+00 +1.8263e+00 -1.9190e+00 -4.6673e-01 +3.2171e+00 -6.1373e-01 +2.0814e+00 -3.4694e+00 +2.2051e+00 -4.8898e+00 -8.2806e-01 +2.0311e+00 -1.6429e+00 -1.3686e+00 -1.6349e-01 -9.5642e-01 -4.9687e+00 -1.7366e+00
7 0 +5.358335111e+06 +5.358896781e+06 +5.358896781e+06 +2.5515e+00 -4.2094e+00 +1.6060e+00 -1.8759e+00 -1.7450e+00 -4.2659e+00 -1.3599e+00 +3.2851e+00 -2.5303e-01 -4.3093e+00 +1.8249e+00 -2.8726e+00 +3.7985e+00 -8.6924e-01 -1.8113e-01 -1.2978e-01 -3.9731e+00 +3.6239e-02 -2.3700e+00 -4.1839e+00
15 0 +3.203581558e+06 +3.204143228e+06 +3.204143228e+06 +3.7244e+00 +1.9465e-01 -1.6781e+00 +4.4497e+00 -3.1368e+00 -1.6261e+00 -2.6302e+00 -4.8191e+00 +7.7905e-02 -3.9658e+00 -1.9065e+00 +3.4735e+00 +3.2776e+00 -1.5347e+00 -1.0474e+00 -3.5205e+00 +3.3984e+00 +2.5226e+00 -4.1397e+00 -4.0297e+00
58 0 +1.179262805e+06 +1.179824475e+06 +1.179824475e+06 +3.4615e+00 -2.2718e+00 -1.8883e+00 -1.4788e+00 +7.7010e-01 +2.0067e+00 -2.1072e+00 -2.0716e+00 +1.6621e+00 -2.0803e+00 -1.1864e+00 -8.6705e-01 -6.6653e-01 +2.2875e+00 +2.8358e+00 +2.3273e+00 -9.6667e-01 +3.1072e+00 -3.1389e+00 -3.5410e+00
102 0 +9.606063825e+05 +9.611680525e+05 +9.611680525e+05 +2.5638e+00 -2.2520e+00 -1.8264e+00 -9.8866e-01 +2.3484e-01 +1.7116e+00 -1.9210e+00 -1.6683e+00 +1.6743e+00 -1.8600e+00 -9.1338e-01 -4.5191e-01 -4.2916e-01 +1.7080e+00 +2.5688e+00 +1.5878e+00 -1.0370e+00 +2.8253e+00 -2.9943e+00 -3.6637e+00
355 0 +6.849196019e+05 +6.854812719e+05 +6.854812719e+05 +2.6929e+00 -1.9011e+00 -1.6851e+00 -3.6468e-01 -3.2296e-01 +1.0589e+00 -2.0195e+00 -1.8798e+00 +1.2848e+00 -2.1249e+00 -1.0876e+00 +1.9340e-01 +9.6224e-02 +1.2307e+00 +1.8530e+00 +7.8461e-01 -4.3712e-01 +2.5958e+00 -3.1234e+00 -3.6598e+00
710 0 +6.366799050e+05 +6.372415750e+05 +6.372415750e+05 +2.6929e+00 -1.9011e+00 -1.6851e+00 -3.6468e-01 -3.2296e-01 +1.0589e+00 -2.0195e+00 -1.8798e+00 +1.2848e+00 -2.1249e+00 -9.0222e-01 +1.9340e-01 +9.6224e-02 +1.2307e+00 +1.8530e+00 +7.8461e-01 -3.2025e-01 +2.5958e+00 -3.1234e+00 -3.6598e+00
911 0 +5.797287775e+05 +5.802904475e+05 +5.802904475e+05 +2.6929e+00 -1.9011e+00 -1.6851e+00 -3.6468e-01 -3.2296e-01 +1.0589e+00 -2.0195e+00 -1.8798e+00 +1.2848e+00 -2.1249e+00 -1.0528e+00 +1.9340e-01 +9.6224e-02 +3.4060e-01 +1.8530e+00 +7.8461e-01 -4.1518e-01 +2.5958e+00 -3.1234e+00 -3.6598e+00
1604 0 +5.720103125e+05 +5.725719825e+05 +5.725719825e+05 +2.6929e+00 -1.9011e+00 -1.6851e+00 -1.6248e-01 -3.2296e-01 +1.0589e+00 -2.0195e+00 -3.6136e-01 +1.2848e+00 -2.1249e+00 -1.0528e+00 +1.9340e-01 +9.6224e-02 +3.4060e-01 +1.1126e+00 +7.8461e-01 -4.1518e-01 +2.5958e+00 -3.1234e+00 -3.6598e+00
1611 0 +4.582909484e+05 +4.588526184e+05 +4.588526184e+05 +2.6929e+00 -1.9011e+00 -1.6851e+00 -3.6468e-01 -3.2296e-01 +1.0589e+00 -2.0195e+00 -1.8798e+00 +1.2848e+00 -2.1249e+00 -1.0528e+00 +1.9340e-01 +9.6224e-02 +3.4060e-01 +1.8530e+00 +7.8461e-01 -9.5473e-02 +2.5958e+00 -3.1234e+00 -3.6598e+00
1811 0 +4.422322168e+05 +4.427938868e+05 +4.427938868e+05 +2.6929e+00 -1.9011e+00 -1.6851e+00 -2.5994e-01 -3.2296e-01 +1.0589e+00 -2.0195e+00 -1.0932e+00 +1.2848e+00 -2.1249e+00 -1.0528e+00 +1.9340e-01 +9.6224e-02 +3.4060e-01 +1.8530e+00 +7.8461e-01 -4.7367e-02 +2.5958e+00 -3.1234e+00 -3.6598e+00
2012 0 +4.320146628e+05 +4.325763328e+05 +4.325763328e+05 +2.6929e+00 -1.9011e+00 -1.6851e+00 -2.5994e-01 -3.2296e-01 +1.0589e+00 -2.0195e+00 -1.0932e+00 +1.2848e+00 -2.1249e+00 -1.5503e-01 +1.9340e-01 +9.6224e-02 +3.4060e-01 +1.8530e+00 +7.8461e-01 -4.7367e-02 +2.5958e+00 -3.1234e+00 -3.6598e+00
