% f evaluations | g evaluations | best noise-free fitness - Fopt (-1.025500000000e+02) + sum g_i+ | measured fitness | best measured fitness or single-digit g-values | x1 | x2...
1 0 +4.348708904e+01 -5.906291096e+01 -5.906291096e+01 +9.9593e-01 -3.2219e+00 -4.0856e+00 -2.7851e+00 +3.2187e+00 +2.7558e+00 -3.1484e+00 -4.9501e+00 -8.0481e-01 +3.0033e-01
2 0 +2.291239391e+01 -7.963760609e+01 -7.963760609e+01 -1.8058e+00 -7.2704e-01 +8.2274e-01 +3.6738e+00 -3.7340e-01 -1.7136e+00 +1.4849e+00 -4.9058e+00 +1.5839e-01 +5.8179e-01
10 0 +2.011138414e+01 -8.243861586e+01 -8.243861586e+01 +9.9591e-01 -3.1922e+00 +2.9212e+00 -1.2279e+00 -7.0752e-01 -3.7950e+00 +7.2753e-01 +7.3369e-01 -3.5903e+00 +2.5980e+00
23 0 +1.409581123e+01 -8.845418877e+01 -8.845418877e+01 +2.6396e-01 +1.1395e+00 +5.3779e-01 +2.8188e+00 -1.5308e+00 -1.9698e+00 +1.4688e+00 -2.8451e+00 +1.3099e+00 +8.4404e-01
52 0 +9.898123197e+00 -9.265187680e+01 -9.265187680e+01 -5.2754e-01 -2.4584e+00 -5.5798e-01 +1.6022e+00 -2.0993e+00 +3.8314e-01 -2.3431e+00 +4.6093e-01 +1.8575e+00 -5.8800e-01
109 0 +8.771878329e+00 -9.377812167e+01 -9.377812167e+01 +1.3693e+00 +5.5362e-01 +2.1032e+00 +8.2873e-01 -9.2388e-01 +1.2298e+00 +1.8486e+00 +2.2071e+00 -6.6227e-01 -1.1249e+00
204 0 +7.834057250e+00 -9.471594275e+01 -9.471594275e+01 +1.3521e+00 +6.2212e-01 +7.3263e-01 +1.3807e+00 -6.9426e-01 +1.3666e-01 +1.2486e+00 +1.2086e+00 -2.6664e-01 -6.3244e-02
252 0 +5.168294638e+00 -9.738170536e+01 -9.738170536e+01 +1.3580e+00 +5.9871e-01 +1.2011e+00 +1.1920e+00 -7.7275e-01 +5.1029e-01 +1.4537e+00 +1.5499e+00 -4.0187e-01 -4.2613e-01
358 0 +4.872328623e+00 -9.767767138e+01 -9.767767138e+01 +8.4224e-01 +8.2546e-01 +1.0675e-02 +1.3120e+00 -5.4617e-01 -2.9711e-01 +5.2640e-01 +5.3578e-01 +8.3041e-02 +5.7410e-01
509 0 +4.444252356e+00 -9.810574764e+01 -9.810574764e+01 +6.0876e-01 -1.8421e-01 +1.0282e+00 +1.5033e+00 -8.2742e-01 -1.0266e-01 +1.0220e+00 +8.0807e-01 +4.3456e-01 -5.9583e-01
703 0 +4.178943335e+00 -9.837105667e+01 -9.837105667e+01 +8.4265e-01 +8.2470e-01 +1.3654e-02 +1.3115e+00 -5.4677e-01 -2.9514e-01 +5.2636e-01 +5.3789e-01 +8.2327e-02 +5.7155e-01
% f evaluations | g evaluations | best noise-free fitness - Fopt (7.169000000000e+01) + sum g_i+ | measured fitness | best measured fitness or single-digit g-values | x1 | x2...
1 0 +1.704776989e+02 +2.421676989e+02 +2.421676989e+02 +1.2940e+00 +2.9612e+00 -2.2641e+00 +3.9852e+00 +3.6439e+00 -6.2192e-01 +3.5170e+00 -4.5729e+00 +3.8052e+00 -4.7943e+00
2 0 +6.350530075e+01 +1.351953008e+02 +1.351953008e+02 +1.7798e+00 -4.0978e-01 +3.4819e+00 +6.6739e-01 -3.6514e+00 +3.4204e+00 -3.9391e+00 +1.6402e+00 -2.3773e+00 +4.2283e+00
5 0 +2.710702735e+01 +9.879702735e+01 +9.879702735e+01 -4.6320e+00 +1.6289e+00 -3.8000e-01 -3.9868e+00 -9.6139e-01 +9.3831e-01 +4.5237e+00 +8.1484e-01 +8.8940e-01 -8.8511e-01
11 0 +2.083232268e+01 +9.252232268e+01 +9.252232268e+01 -4.0494e+00 -1.5768e+00 -4.6475e+00 +1.4056e-01 +1.8963e+00 +4.5732e+00 -3.3871e+00 +1.4595e+00 -2.7364e+00 +1.8019e+00
12 0 +1.983342244e+01 +9.152342244e+01 +9.152342244e+01 +1.1524e+00 +1.4841e+00 -3.5884e+00 -2.9427e-03 +1.2084e+00 +4.4150e+00 +2.8817e-01 +1.4653e+00 -4.9265e-01 +6.7016e-01
46 0 +1.656569132e+01 +8.825569132e+01 +8.825569132e+01 -9.6453e-01 -2.3154e+00 +2.4265e-01 +1.1367e+00 +2.7483e+00 -2.7073e+00 +4.5785e-02 -1.4059e+00 -9.0763e-01 -1.4695e+00
52 0 +1.346806621e+01 +8.515806621e+01 +8.515806621e+01 -1.3824e-02 +1.7889e-01 -3.1107e+00 +1.0783e+00 +8.9384e-01 +2.4178e+00 +4.3128e-01 +1.4187e+00 -1.5898e+00 +8.4330e-01
58 0 +1.274346936e+01 +8.443346936e+01 +8.443346936e+01 -1.9549e+00 +6.2209e-01 +3.1324e-01 -3.0543e-01 +1.9230e+00 -3.0270e+00 +1.7174e+00 +8.7055e-02 +1.1930e+00 +1.8211e+00
106 0 +1.030085268e+01 +8.199085268e+01 +8.199085268e+01 -3.8909e-01 +1.0565e+00 -1.6528e+00 -1.5300e-01 +1.5629e+00 +7.2303e-01 +9.9723e-01 +7.8155e-01 +3.4359e-01 +1.2411e+00
152 0 +9.987652961e+00 +8.167765296e+01 +8.167765296e+01 -2.7862e+00 -1.7661e-01 -1.3504e+00 -1.0073e-03 +2.0181e+00 -3.2466e-01 -2.1502e-01 +4.7099e-01 -3.7518e-01 +1.7001e+00
155 0 +9.247448969e+00 +8.093744897e+01 +8.093744897e+01 -8.7331e-01 +7.8100e-01 +1.0455e+00 +7.2177e-01 +1.2945e+00 -2.8537e+00 +2.0139e+00 -3.6393e-01 +9.2411e-01 +4.2970e-01
156 0 +5.668009533e+00 +7.735800953e+01 +7.735800953e+01 -1.2421e+00 +8.6869e-02 -1.3184e+00 +6.5597e-01 +1.3240e+00 -7.2576e-01 +1.0959e+00 +7.5459e-01 -4.8516e-01 +1.3638e+00
% f evaluations | g evaluations | best noise-free fitness - Fopt (2.140100000000e+02) + sum g_i+ | measured fitness | best measured fitness or single-digit g-values | x1 | x2...
1 0 +3.221500919e+01 +2.462250092e+02 +2.462250092e+02 +4.8019e+00 -1.9785e+00 +2.6698e+00 -4.3225e+00 +1.3128e-02 +4.6831e+00 -3.6419e+00 +2.8773e+00 +3.4720e+00 -2.1304e+00
2 0 +1.861596832e+01 +2.326259683e+02 +2.326259683e+02 -2.8432e+00 +9.6118e-01 -2.7378e+00 +2.8688e+00 -1.6050e+00 +6.6839e-01 +1.7728e+00 -2.4792e+00 -1.0358e+00 -1.6293e+00
41 0 +1.449172873e+01 +2.285017287e+02 +2.285017287e+02 -1.8266e+00 -1.8863e+00 -6.2549e-01 -7.5162e-01 +1.7689e+00 -1.7812e+00 +1.5799e+00 -2.3942e+00 +5.8120e-01 +4.0138e+00
54 0 +8.991356682e+00 +2.230013567e+02 +2.230013567e+02 -7.3308e-01 +2.0640e-01 -2.2814e+00 +1.6862e+00 -8.4770e-02 -2.7212e-01 +2.3334e+00 -1.4769e+00 -1.7559e-01 -1.2962e-01
102 0 +7.327317106e+00 +2.213373171e+02 +2.213373171e+02 -1.1325e+00 +1.0436e+00 -1.7947e+00 +9.7618e-01 -6.0727e-02 +3.0768e-01 +1.7639e+00 -1.3564e+00 -6.8315e-02 -1.0300e+00
109 0 +6.265490988e+00 +2.202754910e+02 +2.202754910e+02 -1.2928e+00 +4.0660e-01 -2.4024e+00 +1.9999e+00 -4.8798e-01 -2.2656e-02 +2.1847e+00 -1.7427e+00 -4.0376e-01 -5.2739e-01
155 0 +5.243386232e+00 +2.192533862e+02 +2.192533862e+02 +4.8834e-02 +1.1134e+00 -1.1329e+00 -3.4803e-01 +1.0114e+00 +6.6013e-02 +1.7492e+00 -5.7536e-01 +6.0479e-01 -6.2752e-01
% f evaluations | g evaluations | best noise-free fitness - Fopt (-5.848000000000e+01) + sum g_i+ | measured fitness | best measured fitness or single-digit g-values | x1 | x2...
1 0 +8.341245918e+01 +2.493245918e+01 +2.493245918e+01 -4.8973e+00 +3.1252e+00 -1.0420e+00 -4.1347e+00 -3.6576e+00 -7.7442e-01 -1.9772e+00 -3.2833e+00 -1.0577e+00 -3.5589e+00
3 0 +7.527786116e+01 +1.679786116e+01 +1.679786116e+01 +4.1499e+00 -2.7963e+00 +3.8311e+00 +4.9082e+00 -4.9141e+00 +4.7055e+00 +2.6977e+00 +1.8887e+00 +2.1896e+00 -2.1673e+00
4 0 +5.142826189e+01 -7.051738112e+00 -7.051738112e+00 +3.1194e+00 +3.1799e+00 +1.8544e+00 -9.6068e-01 -2.4746e+00 +3.6989e+00 +3.7511e+00 -3.4923e+00 +3.5530e+00 -1.4699e+00
5 0 +2.000367039e+01 -3.847632961e+01 -3.847632961e+01 +1.2847e+00 +2.8984e+00 -4.4930e-01 +5.1770e-01 -2.4055e+00 -3.0172e+00 -2.7851e+00 -2.6337e+00 -2.0380e+00 -7.9036e-01
48 0 +1.421883291e+01 -4.426116709e+01 -4.426116709e+01 +1.8965e+00 -2.7272e+00 -3.2069e+00 -1.3527e+00 -2.2388e+00 +4.4720e+00 -3.1421e+00 +3.2286e+00 -4.2074e+00 -1.6939e+00
52 0 +1.266110352e+01 -4.581889648e+01 -4.581889648e+01 +1.6393e-01 -5.2228e-01 -1.8442e+00 +9.2005e-01 -3.2620e+00 -3.5012e-01 -2.9827e+00 -3.7234e-01 -2.0002e+00 -4.3259e-01
54 0 +1.199001373e+01 -4.648998627e+01 -4.648998627e+01 -1.2258e-01 +3.3879e+00 +5.1320e-01 +3.8630e-01 -1.0564e-02 -2.8599e+00 -6.3874e-01 +4.0077e+00 +1.0042e+00 +3.9019e-01
102 0 +6.091077137e+00 -5.238892286e+01 -5.238892286e+01 +6.0120e-01 +1.5890e+00 -1.7703e+00 -5.7867e-01 -1.0898e+00 +1.0599e+00 +8.9705e-01 +8.4772e-01 -3.5581e-01 -1.2819e+00
464 0 +5.842899705e+00 -5.263710030e+01 -5.263710030e+01 -7.0974e-01 -7.5803e-01 -2.3152e-01 +1.4544e+00 -2.6994e+00 -1.7580e+00 -1.9866e+00 +1.1927e+00 +1.2919e+00 -1.0736e+00
% f evaluations | g evaluations | best noise-free fitness - Fopt (-6.130800000000e+02) + sum g_i+ | measured fitness | best measured fitness or single-digit g-values | x1 | x2...
1 0 +1.025501121e+02 -5.105298879e+02 -5.105298879e+02 -3.6349e+00 +4.7043e+00 -1.7444e+00 +1.1974e+00 +3.3855e+00 +2.2468e-01 -4.4212e+00 +3.3620e+00 -1.9345e+00 +4.6307e+00
2 0 +9.695637959e+01 -5.161236204e+02 -5.161236204e+02 +4.9940e+00 +3.5812e+00 -4.6326e-01 +1.2973e+00 +4.2471e+00 -3.2298e+00 +2.3758e+00 -1.6646e+00 -4.9228e+00 +2.3445e+00
3 0 +5.930830417e+01 -5.537716958e+02 -5.537716958e+02 -4.9141e+00 -4.8256e+00 -4.3898e+00 +2.8032e+00 +1.5549e+00 -1.5197e-01 -3.3388e+00 +1.5432e+00 -3.2288e+00 +7.3346e-01
5 0 +3.183131979e+01 -5.812486802e+02 -5.812486802e+02 +1.1405e+00 -2.5030e-01 +1.2528e+00 +1.5794e+00 +3.1250e+00 +1.0135e+00 +4.7376e+00 -2.6013e+00 +3.0721e+00 -3.1206e-01
10 0 +2.728092731e+01 -5.857990727e+02 -5.857990727e+02 -5.0703e-01 -3.1616e+00 -4.5220e-01 -1.9826e+00 +1.8625e+00 +5.0515e-01 +3.1193e+00 +3.2431e+00 -1.7943e-02 +4.9199e+00
47 0 +2.249532282e+01 -5.905846772e+02 -5.905846772e+02 +1.0430e+00 +1.3757e+00 -4.0666e+00 -4.7588e+00 -2.4147e+00 +2.6001e-01 -2.6833e+00 -5.2315e-02 -3.5311e+00 +1.8604e+00
59 0 +1.818210056e+01 -5.948978994e+02 -5.948978994e+02 +5.6533e-01 +2.2200e+00 -3.1252e+00 +2.0985e+00 +1.0852e+00 +3.5196e+00 -2.0861e+00 +3.0249e+00 -2.3115e-01 -2.0065e-02
102 0 +1.431736650e+01 -5.987626335e+02 -5.987626335e+02 -9.9277e-02 -2.4411e+00 -3.0214e-02 -1.1010e+00 +2.1749e+00 +6.3097e-01 +3.5198e+00 +1.7967e+00 +7.4683e-01 +3.6250e+00
154 0 +1.010865373e+01 -6.029713463e+02 -6.029713463e+02 +7.6995e-01 +1.3411e+00 -1.5677e+00 +1.9138e+00 +1.8108e+00 +2.6280e+00 +3.4148e-01 +1.0233e+00 +9.4400e-01 -1.2394e-01
203 0 +9.686226734e+00 -6.033937733e+02 -6.033937733e+02 +6.2087e-01 +1.1613e+00 -1.8126e+00 +1.6338e+00 +1.6583e+00 +2.6464e+00 +4.5035e-02 +1.6381e+00 +6.1108e-01 +3.1269e-01
255 0 +8.261395584e+00 -6.048186044e+02 -6.048186044e+02 +7.1875e-01 +1.6822e+00 -1.9698e+00 +1.4946e+00 +1.0652e+00 +2.8249e+00 -1.3216e-01 +2.4140e+00 +7.2308e-01 +2.7382e-01
459 0 +7.938673984e+00 -6.051413260e+02 -6.051413260e+02 +7.7163e-01 +1.3806e+00 -1.5182e+00 +1.7915e+00 +1.6709e+00 +2.6353e+00 +2.9703e-01 +1.2868e+00 +9.2213e-01 -2.3069e-02
504 0 +6.974875262e+00 -6.061051247e+02 -6.061051247e+02 +1.0326e+00 +1.7638e+00 -1.7953e+00 +1.0546e+00 +9.4582e-01 +2.5664e+00 +2.0531e-01 +2.4988e+00 +1.0788e+00 +3.0001e-01
1011 0 +5.878673306e+00 -6.072013267e+02 -6.072013267e+02 +3.8470e-01 +1.2053e+00 -1.7953e+00 +1.0546e+00 +9.4582e-01 +2.5664e+00 +2.0531e-01 +2.4988e+00 +1.0788e+00 +3.0001e-01
% f evaluations | g evaluations | best noise-free fitness - Fopt (6.189000000000e+01) + sum g_i+ | measured fitness | best measured fitness or single-digit g-values | x1 | x2...
1 0 +4.278627134e+01 +1.046762713e+02 +1.046762713e+02 -4.1155e+00 -3.9485e+00 +3.4351e+00 -1.2141e+00 -4.8846e+00 -1.1160e+00 -1.8318e+00 +2.2080e+00 -1.8936e+00 +2.3154e-01
2 0 +3.462938284e+01 +9.651938284e+01 +9.651938284e+01 +1.4430e+00 +2.6779e+00 +2.4050e+00 +3.2502e+00 -3.8962e+00 +1.9929e+00 -2.9474e-01 -1.6626e+00 +3.1952e+00 +8.6436e-01
3 0 +1.449735064e+01 +7.638735064e+01 +7.638735064e+01 +2.3687e+00 +9.8107e-01 -2.2047e+00 -1.9188e+00 -6.5578e-01 +8.2371e-02 +2.0649e+00 -1.4452e+00 +3.0327e+00 -1.3891e+00
52 0 +8.201853904e+00 +7.009185390e+01 +7.009185390e+01 +1.5037e+00 +2.4800e-01 -1.2294e+00 +2.1282e-01 -1.4115e+00 +1.6159e+00 +3.9058e-01 +2.8654e+00 -2.5364e+00 +3.4384e-01
211 0 +7.957636462e+00 +6.984763646e+01 +6.984763646e+01 +7.5379e-02 +7.5575e-01 +7.6484e-02 -1.6555e+00 -7.1589e-01 -2.0471e-01 +2.0200e+00 +1.5007e+00 -2.0014e+00 +1.6393e+00
513 0 +5.362195030e+00 +6.725219503e+01 +6.725219503e+01 +1.3724e-01 +6.7251e-01 -5.6701e-02 -1.4922e+00 -9.8822e-01 -2.7568e-01 +6.7643e-01 +1.5880e+00 -1.8363e+00 +1.7445e+00
902 0 +4.757272183e+00 +6.664727218e+01 +6.664727218e+01 +2.2593e-01 +7.5459e-01 -1.2937e-01 -1.3638e+00 -9.6726e-01 -2.8465e-01 +7.8471e-01 +1.5370e+00 -1.7776e+00 +1.5992e+00
952 0 +4.670700029e+00 +6.656070003e+01 +6.656070003e+01 +6.4431e-01 +8.9335e-01 -4.6565e-01 -7.6768e-01 -7.5945e-01 -5.3007e-01 +1.4146e+00 +1.2838e+00 -1.5139e+00 +9.5766e-01
% f evaluations | g evaluations | best noise-free fitness - Fopt (-8.456000000000e+01) + sum g_i+ | measured fitness | best measured fitness or single-digit g-values | x1 | x2...
1 0 +3.818551263e+01 -4.637448737e+01 -4.637448737e+01 +9.4086e-01 -1.2633e-01 -7.7394e-01 -2.4377e+00 +2.4253e+00 -6.8592e-01 -2.5445e+00 +2.9766e+00 +1.6900e-01 +2.7717e+00
18 0 +2.933065240e+01 -5.522934760e+01 -5.522934760e+01 -3.6109e+00 -2.5240e+00 -1.0290e+00 -2.7879e+00 +1.6520e+00 +2.3653e-02 -8.5439e-01 +2.2203e+00 +3.7774e+00 -6.0939e-01
26 0 +2.396726344e+01 -6.059273656e+01 -6.059273656e+01 +2.6913e-01 +2.8027e+00 +2.2868e+00 -1.5435e+00 -1.2032e+00 -1.6751e+00 -2.3065e+00 -3.4515e+00 +7.7105e-01 -9.5091e-01
27 0 +1.850243682e+01 -6.605756318e+01 -6.605756318e+01 +1.9072e+00 -2.8064e-01 -3.2027e+00 +3.3445e+00 -6.8659e-01 +1.7959e+00 +1.0771e+00 +3.8073e-01 +2.1105e+00 +3.4363e-01
58 0 +1.738556612e+01 -6.717443388e+01 -6.717443388e+01 +6.4681e-01 -5.9118e-01 -4.0446e+00 -3.6546e+00 +3.3622e-01 -1.8515e+00 -2.3234e+00 +1.4178e+00 -8.3623e-01 -4.7331e-01
102 0 +8.829684175e+00 -7.573031583e+01 -7.573031583e+01 +1.4161e+00 -4.0164e-01 -3.5307e+00 +6.1730e-01 -2.8805e-01 +3.7470e-01 -2.4792e-01 +7.8481e-01 +9.6231e-01 +2.5310e-02
161 0 +7.803713452e+00 -7.675628655e+01 -7.675628655e+01 +1.9072e+00 -2.8064e-01 -3.2027e+00 +1.4406e+00 -6.8659e-01 +1.7959e+00 +1.0771e+00 +3.8073e-01 +1.2772e+00 +3.4363e-01
202 0 +7.499363963e+00 -7.706063604e+01 -7.706063604e+01 +1.4437e+00 -3.9531e-01 -3.4979e+00 +6.6512e-01 -3.0013e-01 +3.7858e-01 -2.4193e-01 +7.7512e-01 +9.7267e-01 +1.6045e-02
459 0 +5.920314311e+00 -7.863968569e+01 -7.863968569e+01 +1.4361e+00 -3.9706e-01 -3.5070e+00 +6.5189e-01 -2.9679e-01 +3.7750e-01 -2.4359e-01 +7.7780e-01 +9.6980e-01 +1.8608e-02
603 0 +5.869863944e+00 -7.869013606e+01 -7.869013606e+01 +1.4363e+00 -3.9702e-01 -3.5067e+00 +6.5159e-01 -2.9681e-01 +3.7707e-01 -2.4396e-01 +7.7781e-01 +9.6955e-01 +1.8377e-02
% f evaluations | g evaluations | best noise-free fitness - Fopt (-2.602000000000e+01) + sum g_i+ | measured fitness | best measured fitness or single-digit g-values | x1 | x2...
1 0 +7.337901732e+01 +4.735901732e+01 +4.735901732e+01 -3.4588e+00 -3.7139e+00 -7.2132e-01 -1.7447e+00 +4.9361e+00 -4.5996e+00 -1.8732e-01 -3.4303e+00 -2.2101e+00 +2.7771e+00
2 0 +4.018561920e+01 +1.416561920e+01 +1.416561920e+01 +3.7458e+00 -8.3586e-01 -2.5432e+00 +1.2684e+00 +1.1319e-01 +3.0982e+00 +4.0423e+00 -1.1092e+00 -4.3245e+00 +4.0947e+00
3 0 +2.428824678e+01 -1.731753222e+00 -1.731753222e+00 -2.8153e+00 -1.0629e+00 -2.9266e+00 +4.1865e+00 +2.4993e+00 -1.0938e+00 -8.1555e-01 -1.0823e+00 +3.4514e+00 +1.2573e+00
13 0 +2.281249265e+01 -3.207507351e+00 -3.207507351e+00 +2.0881e+00 +1.7948e+00 +3.9488e+00 +1.3177e+00 -5.6377e-01 -4.2784e-01 +3.9526e-01 -4.6901e+00 +2.3045e+00 +3.5223e-01
33 0 +1.474650689e+01 -1.127349311e+01 -1.127349311e+01 +1.3825e+00 +3.0283e+00 -1.6886e+00 +1.0661e+00 +6.5574e-01 -1.1745e+00 -1.0507e+00 -3.1120e+00 -8.5860e-01 -3.0063e+00
38 0 +1.262371074e+01 -1.339628926e+01 -1.339628926e+01 -1.0957e+00 -8.7704e-01 -2.3541e+00 -2.4552e-01 +1.2318e+00 -3.0784e-01 +1.5402e+00 -1.2376e+00 +2.9114e+00 +2.5082e+00
58 0 +1.196449555e+01 -1.405550445e+01 -1.405550445e+01 -1.0898e+00 -7.6341e-01 -2.2663e+00 -1.8034e-01 +1.0833e+00 -2.9982e-01 +1.4993e+00 -1.0647e+00 +2.9216e+00 +2.4799e+00
103 0 +1.125904648e+01 -1.476095352e+01 -1.476095352e+01 -1.0909e+00 -7.8480e-01 -2.2828e+00 -1.9261e-01 +1.1113e+00 -3.0133e-01 +1.5070e+00 -1.0972e+00 +2.9197e+00 +2.4852e+00
106 0 +9.026073298e+00 -1.699392670e+01 -1.699392670e+01 +2.7260e-01 +6.8479e-01 +6.4455e-01 +6.6330e-01 -9.2046e-02 -3.2806e-01 +9.0048e-01 -2.0392e+00 +2.6938e+00 +1.4890e+00
157 0 +7.874362385e+00 -1.814563761e+01 -1.814563761e+01 -1.0950e+00 -8.6259e-01 -2.3430e+00 -2.3723e-01 +1.2129e+00 -3.0682e-01 +1.5350e+00 -1.2156e+00 +2.9127e+00 +2.5046e+00
507 0 +6.540916329e+00 -1.947908367e+01 -1.947908367e+01 -7.0531e-01 -1.6225e-01 -1.3365e+00 +1.2971e-01 +5.1305e-01 -2.1579e-01 +1.2014e+00 -1.1354e+00 +2.8248e+00 +2.0559e+00
808 0 +6.054786269e+00 -1.996521373e+01 -1.996521373e+01 -6.4310e-01 -1.3186e-01 -1.2031e+00 +1.8458e-01 +4.8943e-01 -2.9417e-01 +1.2446e+00 -1.1302e+00 +2.8612e+00 +2.1159e+00
856 0 +3.964718127e+00 -2.205528187e+01 -2.205528187e+01 -6.4265e-01 -1.3164e-01 -1.2021e+00 +1.8498e-01 +4.8926e-01 -2.9474e-01 +1.2449e+00 -1.1301e+00 +2.8615e+00 +2.1163e+00
% f evaluations | g evaluations | best noise-free fitness - Fopt (-3.015000000000e+01) + sum g_i+ | measured fitness | best measured fitness or single-digit g-values | x1 | x2...
1 0 +1.970617870e+01 -1.044382130e+01 -1.044382130e+01 -1.4433e+00 +3.5934e+00 -1.8551e+00 -1.0925e+00 -3.3728e+00 +8.2729e-01 +8.9044e-01 +3.5069e+00 -5.4029e-01 +1.3616e+00
3 0 +1.816435014e+01 -1.198564986e+01 -1.198564986e+01 -7.3332e-01 -4.2583e+00 +1.9246e+00 -2.3926e-01 +3.7441e+00 +2.5522e+00 +1.9677e-01 -6.8611e-01 +2.4651e+00 -9.5093e-01
56 0 +1.002115395e+01 -2.012884605e+01 -2.012884605e+01 -9.7879e-02 -1.4328e+00 +2.7815e+00 +4.0599e-01 +3.9293e-02 +5.9723e-01 -1.5926e+00 -8.5920e-01 +1.9881e+00 +5.4247e-01
57 0 +9.195865247e+00 -2.095413475e+01 -2.095413475e+01 -8.4299e-02 -1.3724e+00 +2.7998e+00 +4.1978e-01 -3.9882e-02 +5.5545e-01 -1.6309e+00 -8.6290e-01 +1.9779e+00 +5.7438e-01
108 0 +7.756148738e+00 -2.239385126e+01 -2.239385126e+01 +7.4943e-01 -2.4687e-01 +1.0169e+00 -3.5988e-01 +1.4042e+00 +5.6816e-01 -2.1529e+00 -5.9988e-01 +1.7933e+00 +6.2046e-01
202 0 +6.222194171e+00 -2.392780583e+01 -2.392780583e+01 -1.0436e+00 -2.3076e+00 +1.0648e+00 +1.1241e+00 +1.1691e+00 +1.2489e+00 +6.7427e-01 -1.3483e-01 +3.0741e+00 +4.3788e-01
258 0 +5.773255931e+00 -2.437674407e+01 -2.437674407e+01 +9.5094e-01 -7.4203e-01 +1.0221e+00 +1.1627e+00 +4.4638e-02 -2.5787e-02 -5.7438e-01 +3.2861e-01 +1.7489e+00 +1.2622e+00
402 0 +4.674130712e+00 -2.547586929e+01 -2.547586929e+01 +7.4277e-01 -6.2029e-01 +9.3622e-01 +1.4170e+00 +1.4762e+00 +7.4203e-01 -7.9969e-01 -3.4917e-01 +2.0464e+00 +4.7936e-01
553 0 +2.640756862e+00 -2.750924314e+01 -2.750924314e+01 +5.6991e-01 -9.2688e-01 +1.0012e+00 +1.0997e+00 +7.2186e-01 +4.3612e-01 -5.1063e-01 +8.2596e-03 +2.0493e+00 +8.6325e-01
% f evaluations | g evaluations | best noise-free fitness - Fopt (-1.000000000000e+03) + sum g_i+ | measured fitness | best measured fitness or single-digit g-values | x1 | x2...
1 0 +5.839556963e+01 -9.416044304e+02 -9.416044304e+02 -2.0671e+00 -3.8636e+00 -4.3826e+00 +2.8051e-01 +3.8428e+00 +3.9820e+00 -3.1579e+00 -3.6922e+00 +4.9610e+00 +7.0124e-01
2 0 +3.241500755e+01 -9.675849924e+02 -9.675849924e+02 +3.0351e+00 -2.7019e+00 -1.3246e+00 +1.1655e+00 -2.1044e+00 +7.3766e-01 -2.8178e+00 +2.2328e+00 -4.4557e-02 -2.4098e-01
4 0 +3.030656033e+01 -9.696934397e+02 -9.696934397e+02 +2.8231e+00 +3.0740e+00 -2.6352e+00 -4.9322e+00 -3.3529e-01 -1.1621e+00 +4.9442e+00 +1.6273e+00 +1.7145e+00 +1.4647e+00
5 0 +2.058833086e+01 -9.794116691e+02 -9.794116691e+02 +3.1130e+00 -1.0690e+00 +2.9271e-01 -3.1790e+00 -1.1901e+00 -1.2969e+00 -1.7546e+00 -2.8251e-01 +3.3856e+00 +9.0475e-02
14 0 +1.566946104e+01 -9.843305390e+02 -9.843305390e+02 -3.9912e+00 -8.1501e-01 +6.4527e-02 -2.8743e+00 +1.4845e+00 +1.1652e+00 +1.6901e-01 -3.3280e-01 +4.7599e+00 -2.0268e+00
25 0 +1.450958039e+01 -9.854904196e+02 -9.854904196e+02 -2.0121e+00 +2.0613e+00 -1.1894e+00 +2.5573e+00 +3.5923e-01 +3.0094e+00 +6.9697e-01 -1.6850e+00 +1.3668e+00 -9.8046e-01
52 0 +1.291967762e+01 -9.870803224e+02 -9.870803224e+02 -1.9451e+00 +8.4640e-01 -1.9708e+00 -1.6237e+00 +1.6528e+00 +2.4180e+00 -1.0557e+00 +8.1273e-01 +8.1164e-01 +6.6844e-01
53 0 +1.182973015e+01 -9.881702699e+02 -9.881702699e+02 -2.6960e+00 +2.3667e-01 -1.2239e+00 -2.0827e+00 +1.5911e+00 +1.9582e+00 -6.0627e-01 +3.9233e-01 +2.2606e+00 -3.2069e-01
106 0 +9.388648138e+00 -9.906113519e+02 -9.906113519e+02 +2.0584e+00 -4.2320e-01 -4.5495e-01 -1.8466e+00 +3.7430e-01 +3.2994e+00 +6.0359e-01 -4.4476e-01 +2.0489e+00 -1.6925e+00
107 0 +7.786645384e+00 -9.922133546e+02 -9.922133546e+02 -2.6584e-02 -1.3382e-01 -7.9215e-01 -1.9501e+00 +9.0789e-01 +2.7113e+00 +7.3026e-02 -7.7669e-02 +2.1418e+00 -1.0909e+00
304 0 +5.923081133e+00 -9.940769189e+02 -9.940769189e+02 +7.5675e-02 +9.1212e-01 -4.2434e-01 -1.6974e+00 +6.2792e-01 +9.4159e-01 +5.5387e-01 +6.2331e-01 +1.1630e+00 -3.1227e-01
358 0 +4.424733685e+00 -9.955752663e+02 -9.955752663e+02 -1.4261e+00 +2.1149e-01 -1.8786e+00 -2.0901e+00 +2.5727e-01 +5.9663e-01 +1.1796e-01 +3.0627e-01 +1.0616e+00 -3.1370e-01
913 0 +3.685099298e+00 -9.963149007e+02 -9.963149007e+02 -1.4261e+00 +2.1034e-01 -1.8786e+00 -2.0901e+00 +2.5727e-01 +5.9663e-01 +1.1796e-01 +3.0627e-01 +1.0616e+00 -3.1370e-01
% f evaluations | g evaluations | best noise-free fitness - Fopt (-9.243000000000e+02) + sum g_i+ | measured fitness | best measured fitness or single-digit g-values | x1 | x2...
1 0 +8.199350517e+01 -8.423064948e+02 -8.423064948e+02 -2.9388e+00 +3.8948e+00 -4.9412e+00 -4.1868e+00 -7.9590e-01 -9.5906e-01 -3.8496e+00 -2.6761e+00 +4.6843e+00 +4.6451e+00
3 0 +2.772864964e+01 -8.965713504e+02 -8.965713504e+02 +2.0463e+00 -5.0912e-01 -4.2175e+00 +2.3549e+00 -2.8023e+00 +1.2343e+00 -2.6081e+00 +3.6527e+00 +8.0509e-01 -1.7925e+00
4 0 +1.423012565e+01 -9.100698743e+02 -9.100698743e+02 -2.7281e+00 -2.6699e-01 +1.8115e+00 +3.2229e+00 +7.0087e-01 -1.1692e+00 -3.8051e+00 -2.6761e+00 +1.9816e+00 -2.6054e-01
55 0 +1.250389106e+01 -9.117961089e+02 -9.117961089e+02 -2.1040e+00 +3.7574e-01 +1.6530e+00 +3.3247e+00 +3.3315e-01 -1.5013e+00 -3.0120e+00 -1.7625e+00 +2.0424e+00 -3.6850e-01
106 0 +1.172045606e+01 -9.125795439e+02 -9.125795439e+02 -4.3171e-01 +4.4839e-01 +1.7025e+00 +2.0897e+00 -1.5775e-01 -6.7320e-01 -1.7205e+00 -1.6116e+00 +9.5547e-01 -6.1126e-01
107 0 +8.986995907e+00 -9.153130041e+02 -9.153130041e+02 +2.7579e+00 +5.8696e-01 +1.7970e+00 -2.6599e-01 -1.0941e+00 +9.0638e-01 +7.4296e-01 -1.3237e+00 -1.1176e+00 -1.0743e+00
252 0 +8.387747934e+00 -9.159122521e+02 -9.159122521e+02 +2.5639e+00 +5.4611e-01 +1.7858e+00 -1.0404e-01 -1.0111e+00 +7.7611e-01 +5.9869e-01 -1.3525e+00 -9.7414e-01 -1.0384e+00
355 0 +5.892748640e+00 -9.184072514e+02 -9.184072514e+02 +1.7816e+00 -9.1420e-03 +2.1214e-01 +1.3269e+00 +4.7949e-01 -6.2093e-01 -6.6754e-01 -1.0532e+00 +2.2247e-01 -1.5978e+00
811 0 +4.870958715e+00 -9.194290413e+02 -9.194290413e+02 +1.2102e+00 -8.8277e-03 +2.1303e-01 +1.3261e+00 +4.7864e-01 -1.3817e-01 -6.6682e-01 -1.0534e+00 +2.2179e-01 -1.5975e+00
914 0 +4.391345828e+00 -9.199086542e+02 -9.199086542e+02 +1.7816e+00 -9.1420e-03 +2.1214e-01 +1.3269e+00 +4.7949e-01 -6.2093e-01 -6.6754e-01 -1.0532e+00 +2.2247e-01 -1.4992e+00
% f evaluations | g evaluations | best noise-free fitness - Fopt (-1.035000000000e+01) + sum g_i+ | measured fitness | best measured fitness or single-digit g-values | x1 | x2...
1 0 +2.837679145e+01 +1.802679145e+01 +1.802679145e+01 -1.7178e+00 +1.7149e+00 -1.5880e+00 -1.8464e+00 +2.0395e+00 -4.8789e+00 +7.8072e-01 +2.3973e+00 +2.1197e+00 -2.5702e+00
7 0 +2.350431041e+01 +1.315431041e+01 +1.315431041e+01 +2.9439e+00 -2.3517e+00 +1.7915e-01 -1.4445e+00 -9.6452e-01 -8.8690e-02 -2.6672e+00 +2.8462e+00 -4.0081e+00 +2.3669e+00
22 0 +1.030561113e+01 -4.438886827e-02 -4.438886827e-02 +1.8555e-01 -1.2401e+00 -2.6655e+00 +2.9610e+00 -2.5942e+00 -1.5967e+00 -2.3152e+00 +2.9745e+00 -3.0690e+00 -2.2620e+00
252 0 +9.119419667e+00 -1.230580333e+00 -1.230580333e+00 +2.0899e+00 -1.4453e+00 -7.7120e-01 -1.8409e+00 -4.9420e-01 -7.1902e-01 +1.9399e+00 -5.9351e-01 +1.2230e+00 +1.3709e-01
314 0 +5.792249375e+00 -4.557750625e+00 -4.557750625e+00 +2.0899e+00 -4.3658e-02 -7.7120e-01 -1.8409e+00 -4.9420e-01 -7.1902e-01 +1.9399e+00 -5.9351e-01 +1.2230e+00 +1.3709e-01
708 0 +3.864773930e+00 -6.485226070e+00 -6.485226070e+00 +2.0899e+00 -4.3658e-02 -7.7120e-01 -1.8409e+00 -4.9420e-01 -7.1902e-01 +1.9399e+00 -5.9351e-01 +1.2230e+00 +1.3245e-01
% f evaluations | g evaluations | best noise-free fitness - Fopt (-1.000000000000e+03) + sum g_i+ | measured fitness | best measured fitness or single-digit g-values | x1 | x2...
1 0 +4.537715374e+01 -9.546228463e+02 -9.546228463e+02 -3.8540e+00 -1.5730e-01 +2.4993e+00 +7.8382e-01 -4.6061e+00 +2.0740e+00 -3.5942e+00 -1.8397e-01 -3.1038e+00 +2.8337e+00
5 0 +3.398844572e+01 -9.660115543e+02 -9.660115543e+02 +3.6575e-01 -2.0500e+00 -4.4089e+00 +3.5810e-01 -9.1672e-01 -3.3880e-01 -2.3521e+00 -4.1159e+00 -3.4444e+00 +8.3877e-01
16 0 +2.679564650e+01 -9.732043535e+02 -9.732043535e+02 +4.9469e+00 +3.1411e+00 +2.2709e-01 +1.4324e-01 +1.5411e+00 -9.5765e-01 -1.2116e+00 +1.6762e+00 +1.7880e+00 -3.9693e+00
20 0 +2.624824015e+01 -9.737517598e+02 -9.737517598e+02 -2.2003e+00 -2.1914e+00 +2.1309e+00 -6.7862e-01 -2.1618e+00 -4.1849e+00 +2.7661e+00 +2.2508e-01 +8.5447e-01 -1.2290e+00
36 0 +1.588739098e+01 -9.841126090e+02 -9.841126090e+02 -4.1563e+00 +2.2992e-01 -2.4629e+00 +1.0364e+00 +1.2839e+00 -2.0705e+00 +1.6583e+00 -7.9474e-02 -2.3867e+00 -2.8669e+00
55 0 +1.254588228e+01 -9.874541177e+02 -9.874541177e+02 -3.1292e+00 -1.3424e-01 -2.7267e+00 -6.8165e-01 +1.5019e+00 -4.9593e-02 -1.6025e+00 -2.0581e+00 +2.8763e+00 -9.3245e-01
102 0 +7.988391470e+00 -9.920116085e+02 -9.920116085e+02 -2.9142e+00 -1.8658e+00 -1.3107e+00 -1.6395e+00 +2.1418e+00 +4.2856e-01 -1.0138e+00 -9.2463e-01 +2.2715e+00 +1.0024e+00
205 0 +6.834597765e+00 -9.931654022e+02 -9.931654022e+02 -2.4443e+00 -1.0379e+00 -1.6772e+00 -7.5912e-01 +1.3462e+00 -4.9241e-01 +3.1201e-01 -7.8852e-01 +6.6154e-01 -1.3779e+00
808 0 +6.037028035e+00 -9.939629720e+02 -9.939629720e+02 -3.4089e+00 -3.0571e-01 -1.8860e+00 -2.9933e-01 +1.6377e+00 -8.3740e-01 +3.8927e-01 -5.2194e-01 -7.2712e-02 -6.9222e-01
1014 0 +5.759095167e+00 -9.942409048e+02 -9.942409048e+02 -2.4379e-01 -1.1217e+00 -1.5445e+00 -6.8944e-01 +1.8372e+00 -4.5874e-01 -6.5095e-02 -6.2456e-01 +6.1743e-01 -3.7138e-01
% f evaluations | g evaluations | best noise-free fitness - Fopt (2.880000000000e+01) + sum g_i+ | measured fitness | best measured fitness or single-digit g-values | x1 | x2...
1 0 +2.710538063e+01 +5.590538063e+01 +5.590538063e+01 +3.8685e+00 -2.0864e+00 +2.4037e+00 -4.8587e+00 +3.6399e+00 -5.4450e-02 +4.1106e-01 +2.8688e+00 +4.8656e-02 -1.7810e-01
14 0 +1.483795830e+01 +4.363795830e+01 +4.363795830e+01 +1.2707e+00 +1.7669e-02 +2.4337e+00 +6.1227e-01 -1.3892e+00 -2.6120e-01 +3.6998e+00 -5.8920e-01 +3.0059e+00 -1.0157e+00
56 0 +9.340392256e+00 +3.814039226e+01 +3.814039226e+01 +1.2687e+00 -2.0079e-02 +2.4491e+00 +5.4763e-01 -1.3534e+00 -3.1257e-01 +3.6982e+00 -5.3852e-01 +2.8853e+00 -1.0273e+00
109 0 +8.065912678e+00 +3.686591268e+01 +3.686591268e+01 +1.5546e+00 -1.0842e+00 +7.8966e-01 +7.4315e-01 -1.5385e+00 -1.5047e+00 -1.0246e+00 -1.5016e+00 -2.3682e+00 +2.8052e-01
361 0 +6.899444988e+00 +3.569944499e+01 +3.569944499e+01 +7.9239e-02 -2.2249e-01 +1.2962e+00 +9.4673e-01 -1.2169e+00 -7.0757e-01 -1.9102e-02 -5.6133e-01 +7.6817e-02 +4.2412e-02
455 0 +6.254646160e+00 +3.505464616e+01 +3.505464616e+01 +5.7199e-01 -3.7334e-02 +2.4540e+00 +6.5813e-01 -4.3488e-01 -6.3520e-01 -2.6603e+00 +5.3214e-01 +2.4649e+00 -1.9069e-01
504 0 +4.628033526e+00 +3.342803353e+01 +3.342803353e+01 +1.8950e-01 -2.6198e-01 +1.2988e+00 +9.2503e-01 -1.2367e+00 -7.3270e-01 +2.0021e-02 -6.1738e-01 +1.4666e-02 +2.7867e-02
560 0 +4.263099552e+00 +3.306309955e+01 +3.306309955e+01 +3.6253e-01 -1.1604e-01 +1.9618e+00 +7.8081e-01 -7.6731e-01 -6.6596e-01 -6.8330e-01 +6.7315e-02 +1.4497e+00 -9.1602e-02
% f evaluations | g evaluations | best noise-free fitness - Fopt (3.534000000000e+01) + sum g_i+ | measured fitness | best measured fitness or single-digit g-values | x1 | x2...
1 0 +4.670960311e+01 +8.204960311e+01 +8.204960311e+01 -3.1359e+00 -2.7976e+00 +8.0423e-01 +3.1848e+00 +2.7737e+00 +1.0888e+00 +3.5046e+00 +1.4137e+00 +6.4628e-01 -3.9130e+00
9 0 +2.776451244e+01 +6.310451244e+01 +6.310451244e+01 +5.0226e-01 -2.8974e-01 +8.1479e-01 +3.8242e+00 +3.8111e+00 -1.7795e-01 +4.0333e+00 -1.0840e+00 +4.0401e+00 -1.5120e+00
12 0 +1.755092830e+01 +5.289092830e+01 +5.289092830e+01 -8.0901e-02 +1.2648e+00 +1.6245e-01 -1.8790e+00 -1.5234e+00 -3.3068e+00 +3.9509e+00 -1.2416e+00 +2.3957e-02 +1.5243e+00
42 0 +1.681427035e+01 +5.215427035e+01 +5.215427035e+01 -2.9614e+00 -1.2366e+00 +2.3078e+00 +6.3391e-02 -9.5638e-02 -2.1678e+00 -7.4598e-01 -8.9039e-01 +2.1328e+00 +3.1173e+00
58 0 +1.328499224e+01 +4.862499224e+01 +4.862499224e+01 +3.1749e-01 +1.2163e+00 -9.6477e-02 -2.0194e+00 -5.8887e-01 -2.6334e+00 +4.0854e+00 -1.1003e+00 -3.7941e-01 +1.0613e+00
64 0 +8.792034179e+00 +4.413203418e+01 +4.413203418e+01 -2.9614e+00 -1.2366e+00 +5.2180e-01 +6.3391e-02 -9.5638e-02 -2.1678e+00 -7.4598e-01 -8.9039e-01 +2.1328e+00 +3.1173e+00
105 0 +8.301922208e+00 +4.364192221e+01 +4.364192221e+01 -1.2324e+00 -6.6863e-01 +1.1485e-01 -1.3241e+00 +6.1479e-01 -2.5633e+00 -1.6799e+00 +1.1197e-01 +8.2169e-01 +1.8097e+00
205 0 +7.084673384e+00 +4.242467338e+01 +4.242467338e+01 -2.2930e-01 -2.0822e-01 +1.1608e+00 +4.6746e-02 +1.3400e+00 -8.7885e-01 +1.5110e+00 -5.2537e-01 +2.0221e-02 +1.2859e+00
305 0 +6.949277999e+00 +4.228927800e+01 +4.228927800e+01 +1.9137e-01 +4.7861e-02 +7.0154e-01 -4.8754e-01 +1.6649e+00 -7.1992e-01 +2.1455e+00 -5.3456e-01 -3.7395e-01 +9.2002e-01
459 0 +6.204563307e+00 +4.154456331e+01 +4.154456331e+01 +5.4012e-01 -1.6162e-01 +5.3842e-01 +6.3565e-01 +2.2690e+00 -3.8660e-01 +2.4385e+00 -4.3089e-01 +2.9242e-01 +5.1950e-02
507 0 +3.701627412e+00 +3.904162741e+01 +3.904162741e+01 -2.6282e-01 -1.7213e-01 +1.2474e+00 +5.4460e-01 +1.4539e+00 -1.0309e+00 +1.4982e+00 -6.2604e-01 +6.3100e-01 +1.1223e+00
