% f evaluations | g evaluations | best noise-free fitness - Fopt (1.026100000000e+02) + sum g_i+ | measured fitness | best measured fitness or single-digit g-values | x1 | x2...
1 0 +1.677091595e+02 +2.703191595e+02 +2.703191595e+02 +2.1174e+00 -1.1071e+00 -2.0001e+00 +3.4315e+00 -1.3021e+00 +7.8472e-01 +1.3606e+00 +1.4857e+00 +1.7045e+00 +1.0042e+00
2 0 +1.632583728e+02 +2.658683728e+02 +2.658683728e+02 +1.2461e+00 -1.4666e+00 +2.3996e-02 +2.8546e+00 -2.4298e-01 -3.9729e-01 +2.8223e+00 +1.5149e+00 +1.1399e+00 -1.7206e-01
7 0 +1.306315784e+02 +2.332415784e+02 +2.332415784e+02 +3.9915e-01 -4.1810e-01 +5.2373e-01 +2.0027e+00 -1.2574e+00 -6.4428e-02 +9.0486e-01 +8.4753e-01 +1.1647e+00 +1.2784e-01
% f evaluations | g evaluations | best noise-free fitness - Fopt (9.330000000000e+01) + sum g_i+ | measured fitness | best measured fitness or single-digit g-values | x1 | x2...
1 0 +1.700922593e+02 +2.633922593e+02 +2.633922593e+02 +5.9785e-01 +6.9282e-01 -1.1277e+00 -6.6545e-01 -2.7492e+00 +2.0999e-01 -9.3604e-01 -2.6097e+00 +5.0441e-01 -1.8517e+00
4 0 +1.465680776e+02 +2.398680776e+02 +2.398680776e+02 -2.6539e-01 -6.3180e-01 -3.8162e-01 -1.1088e+00 -1.2241e+00 +3.7706e-01 +1.1826e+00 -1.2109e+00 +7.7788e-01 -1.4770e+00
17 0 +1.421569984e+02 +2.354569984e+02 +2.354569984e+02 -1.0022e+00 -5.3482e-01 -5.0834e-01 -7.5552e-01 -1.2185e+00 -8.9246e-01 +7.6832e-01 -7.0028e-01 -5.2558e-02 -6.3006e-01
% f evaluations | g evaluations | best noise-free fitness - Fopt (1.364000000000e+01) + sum g_i+ | measured fitness | best measured fitness or single-digit g-values | x1 | x2...
1 0 +1.974657701e+02 +2.111057701e+02 +2.111057701e+02 +1.7450e-01 -3.9080e+00 +9.3558e-01 +9.9967e-01 +1.9368e+00 -3.6486e-01 -1.1702e-01 -2.3099e+00 +7.6729e-03 +4.4930e-01
2 0 +1.634014229e+02 +1.770414229e+02 +1.770414229e+02 +3.2565e-01 -3.6757e+00 +6.6298e-01 +8.1814e-01 +2.1224e+00 -7.3261e-02 +2.0707e-01 -1.7865e+00 +3.2155e-01 +3.7726e-01
5 0 +1.354923710e+02 +1.491323710e+02 +1.491323710e+02 +1.6754e+00 -2.1289e+00 +2.6740e-01 +7.3365e-01 +2.0349e-01 +4.2411e-01 +6.4340e-01 +5.3077e-01 +5.1997e-02 +1.0788e+00
6 0 +1.290080716e+02 +1.426480716e+02 +1.426480716e+02 +7.9530e-01 -2.2543e+00 +2.2131e-01 +1.1262e+00 +8.4673e-02 -2.2688e-03 +8.3039e-01 -1.9675e-01 +3.7883e-01 +4.6732e-01
% f evaluations | g evaluations | best noise-free fitness - Fopt (1.948000000000e+02) + sum g_i+ | measured fitness | best measured fitness or single-digit g-values | x1 | x2...
1 0 +2.086038543e+02 +4.034038543e+02 +4.034038543e+02 +1.8151e+00 +1.7723e+00 +4.1360e-01 -1.3969e+00 +1.7602e+00 -7.6005e-01 +2.4037e+00 +1.8952e-01 -1.3476e+00 +1.5781e-01
2 0 +1.917120344e+02 +3.865120344e+02 +3.865120344e+02 +1.5002e+00 +1.2278e+00 -4.0461e-01 -1.9674e+00 +1.0403e+00 -8.6197e-01 +1.3704e+00 +9.3705e-01 -1.6323e+00 -4.1323e-01
4 0 +1.576065115e+02 +3.524065115e+02 +3.524065115e+02 +1.1407e+00 +6.9443e-01 -2.6890e-01 -1.2578e+00 +9.8598e-01 -1.1995e+00 +7.7141e-01 +8.9903e-01 -1.2988e+00 -4.9599e-01
8 0 +1.174256346e+02 +3.122256346e+02 +3.122256346e+02 -1.6332e-01 +2.8130e-01 -1.2720e-04 -2.3734e-01 +6.7021e-01 -9.8865e-01 +1.0064e+00 -3.0595e-01 -1.8255e-01 -1.3991e-01
% f evaluations | g evaluations | best noise-free fitness - Fopt (-1.335900000000e+02) + sum g_i+ | measured fitness | best measured fitness or single-digit g-values | x1 | x2...
1 0 +2.304178289e+02 +9.682782888e+01 +9.682782888e+01 -3.1054e-01 +1.3690e+00 +2.4674e+00 +8.3368e-01 +3.6279e+00 -1.9092e+00 -1.2685e-01 -1.4640e+00 -9.9091e-01 +7.2444e-01
2 0 +1.561779812e+02 +2.258798123e+01 +2.258798123e+01 +1.4214e+00 -5.8223e-01 +9.1274e-01 -3.3447e+00 -1.1607e+00 +8.6579e-01 +2.4067e+00 +9.6169e-02 -1.9338e+00 -1.9389e-01
3 0 +1.328807943e+02 -7.092056886e-01 -7.092056886e-01 +1.4466e+00 -4.4509e-01 +4.7112e-01 -2.6935e+00 -8.5942e-01 +1.0994e+00 +2.0961e+00 -1.7182e-01 -1.8694e+00 -1.6222e-01
% f evaluations | g evaluations | best noise-free fitness - Fopt (-3.085000000000e+01) + sum g_i+ | measured fitness | best measured fitness or single-digit g-values | x1 | x2...
1 0 +2.423464230e+02 +2.114964230e+02 +2.114964230e+02 -2.0997e+00 +8.2331e-01 -1.8439e+00 -9.3433e-01 -1.7437e+00 -5.6460e-01 +3.5854e+00 +4.4622e-01 -7.0713e-01 -9.3772e-01
2 0 +2.177395713e+02 +1.868895713e+02 +1.868895713e+02 -7.7926e-01 -1.3190e-01 -9.3374e-01 -5.7020e-03 -7.7306e-01 -2.6322e-01 +3.3056e+00 +6.1862e-01 +5.4943e-01 -5.5693e-01
3 0 +1.890775232e+02 +1.582275232e+02 +1.582275232e+02 -3.0097e+00 +8.1877e-02 -1.2333e+00 +2.8550e-01 -2.1498e-01 -1.6554e+00 +1.7405e+00 -7.3127e-01 -8.4588e-01 +2.9933e-01
5 0 +1.763671599e+02 +1.455171599e+02 +1.455171599e+02 -2.0918e+00 -2.1677e-01 -6.7376e-01 -5.7884e-01 +9.3082e-02 -3.3407e-01 +8.3506e-01 +4.5597e-01 -2.3262e-01 +3.5790e-01
8 0 +1.626854519e+02 +1.318354519e+02 +1.318354519e+02 -1.8445e+00 -2.5834e-01 -5.8147e-01 -6.8951e-01 +2.1182e-01 -7.9886e-02 +7.2552e-01 +7.6592e-01 -5.4658e-02 +3.6098e-01
15 0 +1.187137455e+02 +8.786374550e+01 +8.786374550e+01 -3.3828e-01 -1.9605e-01 -6.6215e-01 -4.6920e-01 +2.7605e-01 -1.1881e-01 +1.1361e+00 +2.6300e-01 +1.4455e-01 +2.5826e-01
% f evaluations | g evaluations | best noise-free fitness - Fopt (-9.200000000000e+00) + sum g_i+ | measured fitness | best measured fitness or single-digit g-values | x1 | x2...
1 0 +2.050499477e+02 +1.958499477e+02 +1.958499477e+02 +1.7561e+00 -2.0748e+00 -3.1661e-01 -2.8395e+00 -1.8609e+00 -1.7081e+00 +3.9469e+00 -1.6086e-01 -2.2333e-01 -1.2786e+00
2 0 +1.831895761e+02 +1.739895761e+02 +1.739895761e+02 +1.3662e-01 +2.4392e+00 +1.3679e-01 -1.0901e-01 +3.0185e+00 +7.3592e-01 +1.6283e+00 +6.0354e-03 +1.2491e+00 +9.5127e-01
5 0 +1.633025941e+02 +1.541025941e+02 +1.541025941e+02 +2.3302e+00 +4.6563e-01 +6.0655e-01 -9.5680e-01 -4.1683e-01 -1.1897e+00 +1.3217e+00 -4.6472e-01 +3.1860e-01 +4.5316e-01
12 0 +1.520294735e+02 +1.428294735e+02 +1.428294735e+02 +4.0206e-01 +4.7179e-01 +4.3708e-01 -8.7802e-01 +1.2591e-01 -1.1494e+00 +1.4261e+00 -4.3633e-01 +4.2894e-01 +4.4158e-01
13 0 +1.327008164e+02 +1.235008164e+02 +1.235008164e+02 +2.1317e+00 +4.7206e-01 +4.2975e-01 -8.7462e-01 +1.4940e-01 -1.1477e+00 +8.9010e-02 -4.3510e-01 +4.3372e-01 +4.4108e-01
% f evaluations | g evaluations | best noise-free fitness - Fopt (-2.037600000000e+02) + sum g_i+ | measured fitness | best measured fitness or single-digit g-values | x1 | x2...
1 0 +1.885451504e+02 -1.521484959e+01 -1.521484959e+01 +1.0824e+00 -6.6944e-02 -3.4933e-01 +1.9219e+00 +2.3034e+00 -8.1117e-01 -3.4485e-01 +7.3439e-01 -2.5419e+00 +2.4123e-01
5 0 +1.611099131e+02 -4.265008691e+01 -4.265008691e+01 +2.9754e+00 +1.1464e+00 -7.1955e-01 -8.0543e-01 +1.1632e-01 -6.7331e-01 -8.8942e-01 +5.9061e-01 -9.6232e-01 -1.6263e-03
7 0 +1.336239670e+02 -7.013603296e+01 -7.013603296e+01 +1.6230e+00 -4.9711e-02 +3.8532e-01 +2.6882e-01 +1.1213e+00 -5.0905e-02 -1.3744e-02 +4.5313e-01 -1.4475e+00 -5.0536e-01
19 0 +1.199571578e+02 -8.380284217e+01 -8.380284217e+01 +5.0006e-01 +5.7672e-02 +1.5678e-01 +1.8247e-01 +6.4800e-01 -1.1445e-01 -9.2439e-02 +4.6963e-01 -7.5328e-01 -4.5473e-01
% f evaluations | g evaluations | best noise-free fitness - Fopt (3.399000000000e+01) + sum g_i+ | measured fitness | best measured fitness or single-digit g-values | x1 | x2...
1 0 +1.310285729e+02 +1.650185729e+02 +1.650185729e+02 -7.1268e-01 +6.2801e-01 -3.2359e+00 -8.8216e-01 +1.1285e+00 -1.9545e+00 +2.3757e+00 -6.0971e-01 -4.9344e-01 -2.0783e+00
9 0 +1.005525158e+02 +1.345425158e+02 +1.345425158e+02 -7.5082e-01 +1.3007e+00 -9.6905e-01 +1.4972e-01 -1.4267e-02 -7.6291e-01 +1.1118e+00 +1.2252e-01 +4.7559e-01 -3.6168e-01
% f evaluations | g evaluations | best noise-free fitness - Fopt (-1.000000000000e+03) + sum g_i+ | measured fitness | best measured fitness or single-digit g-values | x1 | x2...
1 0 +1.571639220e+02 -8.428360780e+02 -8.428360780e+02 -3.4755e+00 -1.7693e+00 -4.0692e+00 -1.3583e+00 +1.0788e+00 +5.4379e-01 +7.5116e-01 +1.3421e+00 -1.7978e-01 +1.5472e+00
14 0 +1.522756179e+02 -8.477243821e+02 -8.477243821e+02 -4.6861e-01 -1.0562e+00 -3.9308e-01 -2.3540e-01 +8.2047e-01 -1.8831e-01 +6.3732e-01 -5.8211e-02 -1.2755e+00 +3.0385e-01
% f evaluations | g evaluations | best noise-free fitness - Fopt (-1.000000000000e+03) + sum g_i+ | measured fitness | best measured fitness or single-digit g-values | x1 | x2...
1 0 +2.070228916e+02 -7.929771084e+02 -7.929771084e+02 +3.1506e+00 -1.9684e+00 +9.3757e-02 -2.4242e-01 -1.0023e+00 -2.7075e+00 +5.9822e-01 +1.6931e-01 +1.3287e-01 +4.0716e-01
2 0 +1.968672990e+02 -8.031327010e+02 -8.031327010e+02 +2.4073e+00 -9.4399e-01 -9.4500e-01 -9.5932e-01 -1.4904e+00 -7.5394e-01 -2.3017e-01 -4.7825e-02 +6.2533e-01 -5.5966e-02
3 0 +1.783911830e+02 -8.216088170e+02 -8.216088170e+02 +2.3882e+00 -1.0134e+00 -8.4678e-01 -1.0009e+00 -1.3672e+00 -9.5103e-01 -2.1042e-01 +4.8485e-02 +5.6681e-01 +1.1321e-02
8 0 +1.653884071e+02 -8.346115929e+02 -8.346115929e+02 +5.3032e-01 -7.0139e-01 -5.8648e-01 -1.0082e+00 -1.3906e+00 -8.7930e-01 -5.6547e-01 +1.8152e-01 +7.1524e-01 -1.7380e-01
11 0 +1.265464008e+02 -8.734535992e+02 -8.734535992e+02 +2.1017e+00 -7.0589e-01 -5.2028e-01 -1.0262e+00 -2.0358e-01 -1.1520e+00 -4.5072e-01 +3.1856e-01 +4.6144e-01 -5.2893e-02
14 0 +1.216988513e+02 -8.783011487e+02 -8.783011487e+02 +1.8281e+00 -5.0806e-01 -5.7141e-01 -9.7084e-01 -7.3512e-01 -9.4063e-01 -5.1642e-01 +2.5999e-01 +5.5732e-01 -1.6235e-01
% f evaluations | g evaluations | best noise-free fitness - Fopt (-1.272000000000e+01) + sum g_i+ | measured fitness | best measured fitness or single-digit g-values | x1 | x2...
1 0 +1.930731407e+02 +1.803531407e+02 +1.803531407e+02 +1.5217e+00 +1.6952e+00 -1.5541e+00 -4.1261e-01 -1.2560e+00 +4.2786e+00 +3.5139e-01 -1.6992e+00 -1.3906e+00 +2.0460e+00
3 0 +1.764516230e+02 +1.637316230e+02 +1.637316230e+02 +8.3956e-01 +8.1482e-01 -6.1686e-01 +1.4577e-01 +1.4980e-01 +1.2686e+00 -8.2630e-01 -1.1102e-01 +1.5310e+00 +3.7720e-02
4 0 +1.415006313e+02 +1.287806313e+02 +1.287806313e+02 +1.2295e+00 +7.1541e-01 -4.7983e-01 +2.5650e-01 +1.1062e-01 +1.6448e+00 -4.7851e-01 -3.8285e-01 +1.1584e+00 +3.4607e-01
7 0 +1.390175105e+02 +1.262975105e+02 +1.262975105e+02 +1.4678e+00 +6.1060e-01 -9.0884e-02 -1.7343e-01 -3.6749e-01 +1.1813e+00 -3.4594e-01 -2.2389e-01 +5.6946e-01 +3.2181e-01
% f evaluations | g evaluations | best noise-free fitness - Fopt (-5.954000000000e+01) + sum g_i+ | measured fitness | best measured fitness or single-digit g-values | x1 | x2...
1 0 +1.500627713e+02 +9.052277126e+01 +9.052277126e+01 -2.3072e+00 +1.1938e-01 -1.0666e+00 +2.5931e+00 +8.9580e-01 +1.0366e+00 +1.7712e+00 -7.7220e-01 +5.8487e-01 -6.5617e-01
19 0 +1.451769001e+02 +8.563690012e+01 +8.563690012e+01 -1.8635e+00 -8.6511e-01 -1.1430e+00 +1.6772e-01 +2.4150e-01 +7.2151e-01 +4.8510e-01 +1.6791e-01 -2.7054e-01 -8.4274e-01
% f evaluations | g evaluations | best noise-free fitness - Fopt (-1.000000000000e+03) + sum g_i+ | measured fitness | best measured fitness or single-digit g-values | x1 | x2...
1 0 +2.117468104e+02 -7.882531896e+02 -7.882531896e+02 +1.2423e+00 +2.9905e+00 +1.6739e+00 -2.6198e+00 -1.8292e+00 -4.0822e-01 -2.3454e-01 -1.0333e+00 -7.7045e-01 -4.1848e-01
2 0 +1.691579514e+02 -8.308420486e+02 -8.308420486e+02 +2.0750e+00 -1.2450e+00 -1.6428e+00 -7.8221e-01 -1.4664e+00 +1.0829e+00 +2.0546e+00 -4.7912e-01 -2.8571e-01 -4.8606e-01
3 0 +1.237467783e+02 -8.762532217e+02 -8.762532217e+02 +2.0119e+00 -4.4100e-01 +1.4423e-01 +6.7312e-01 -1.3241e+00 -2.7591e-01 +1.7697e+00 +4.9708e-01 +7.3373e-01 -6.1774e-02
4 0 +1.179532050e+02 -8.820467950e+02 -8.820467950e+02 +2.0440e+00 -4.6541e-01 +1.5390e-01 +6.6652e-01 -1.2813e+00 -2.1657e-01 +1.7797e+00 +5.1281e-01 +6.8713e-01 -8.5045e-02
% f evaluations | g evaluations | best noise-free fitness - Fopt (4.303000000000e+01) + sum g_i+ | measured fitness | best measured fitness or single-digit g-values | x1 | x2...
1 0 +2.597191783e+02 +3.027491783e+02 +3.027491783e+02 +2.7462e+00 +3.2597e+00 -8.0861e-01 -5.5760e-01 +6.2677e-01 -1.2053e+00 +6.0115e-02 -2.6443e+00 +2.3432e-01 -1.8049e-01
2 0 +2.168728052e+02 +2.599028052e+02 +2.599028052e+02 +2.0461e+00 +2.7113e+00 -9.3621e-01 -7.9224e-01 +3.9309e-01 -1.0806e+00 +2.1718e-01 -2.4583e+00 +5.6680e-01 +1.3011e-01
3 0 +2.049495394e+02 +2.479795394e+02 +2.479795394e+02 +2.0529e+00 +2.4755e+00 -1.1908e-01 -5.6566e-01 +9.4454e-01 -4.2893e-01 +4.6768e-01 -2.3783e+00 +3.0452e-02 +2.6687e-01
6 0 +1.464775919e+02 +1.895075919e+02 +1.895075919e+02 +8.1423e-01 +1.5114e+00 -3.6588e-01 -9.8659e-01 +5.1692e-01 -2.2502e-01 +7.3908e-01 -2.0512e+00 +6.3245e-01 +8.1282e-01
