% f evaluations | g evaluations | best noise-free fitness - Fopt (1.026100000000e+02) + sum g_i+ | measured fitness | best measured fitness or single-digit g-values | x1 | x2...
1 0 +7.931281989e+02 +8.957381989e+02 +8.957381989e+02 +7.9840e-01 -1.1789e+00 +2.1088e+00 +3.9060e+00 -3.9904e+00 +9.1289e-01 -3.5570e+00 -1.7161e+00 +3.6726e+00 +4.9432e+00 +2.1044e+00 +4.1148e+00 +2.2470e+00 -2.6658e+00 -1.9080e+00 -3.6235e+00 +6.0458e-01 -4.1705e+00 -1.2484e+00 -1.2987e+00
2 0 +7.654401040e+02 +8.680501040e+02 +8.680501040e+02 -4.9415e-01 +4.2430e+00 +4.4688e+00 +3.9889e+00 +1.3269e-01 +1.1556e+00 -2.7282e+00 +2.4286e+00 +4.6409e+00 +4.8979e+00 +2.1617e+00 -1.4710e+00 +1.2342e+00 +1.3493e+00 -2.1762e-01 -1.5381e+00 +2.0825e-01 +3.6986e+00 +3.3982e+00 -1.3309e+00
3 0 +6.046394984e+02 +7.072494984e+02 +7.072494984e+02 +3.8609e+00 +8.6823e-01 +1.6481e+00 +3.6894e-01 -3.4594e+00 -1.2573e+00 -4.3888e+00 -7.7730e-01 +2.2469e+00 +2.5681e+00 -3.0364e+00 -1.1185e+00 +1.4892e+00 -4.9609e+00 -1.8898e+00 +2.6655e+00 -1.7043e+00 +7.8765e-01 -1.7552e+00 +3.5204e+00
17 0 +4.440363688e+02 +5.466463688e+02 +5.466463688e+02 -2.4611e+00 +9.6807e-01 -1.7289e+00 +1.8065e+00 +2.8865e-01 -4.0449e+00 -2.5093e+00 -2.6173e-01 -4.1318e+00 -2.0435e+00 -1.3777e+00 -1.3601e+00 +4.9379e-01 -1.3783e+00 -2.0738e+00 -1.7258e+00 +1.1252e+00 -3.1907e+00 +3.2599e+00 +4.4153e+00
% f evaluations | g evaluations | best noise-free fitness - Fopt (9.330000000000e+01) + sum g_i+ | measured fitness | best measured fitness or single-digit g-values | x1 | x2...
1 0 +7.613711909e+02 +8.546711909e+02 +8.546711909e+02 +4.8395e-01 +3.8797e+00 -3.7872e+00 -4.2443e-01 -3.3961e+00 -1.3726e+00 -7.9090e-01 +3.6577e+00 +4.5715e+00 -2.2838e+00 +4.5904e+00 +4.2963e-01 +2.3017e+00 -3.5081e+00 -4.8029e+00 -7.6562e-02 -4.5857e+00 +3.7052e+00 -2.9775e+00 +2.9047e+00
9 0 +6.878570763e+02 +7.811570763e+02 +7.811570763e+02 +3.7226e+00 -3.2872e+00 +4.2152e+00 +8.2571e-01 -2.0175e+00 -2.2573e+00 +3.7616e+00 +1.9489e-01 -3.4953e+00 -1.0303e+00 +1.8555e-01 -9.5761e-02 -2.3329e-01 -4.6340e+00 +7.7363e-01 +2.0247e+00 -3.3341e+00 +8.1586e-01 +3.5879e+00 -1.3289e+00
11 0 +6.626773248e+02 +7.559773248e+02 +7.559773248e+02 +4.1095e+00 -8.4182e-01 -3.4513e+00 +1.7044e+00 +7.8677e-01 +1.7854e+00 -3.4758e+00 -1.4063e+00 +3.5739e+00 -4.9395e+00 +1.9902e+00 -1.1020e+00 -4.5068e+00 +1.7567e+00 +1.7429e+00 +1.7372e+00 -2.4849e-01 -1.3311e+00 +2.6121e-01 -1.5046e+00
19 0 +6.363113934e+02 +7.296113934e+02 +7.296113934e+02 -2.0268e+00 -3.9253e-01 +3.6203e+00 +8.8605e-01 +1.2098e+00 +4.9694e-01 -3.6707e-01 +2.5268e+00 -4.0692e-01 +1.9241e+00 -4.5309e+00 -4.2510e+00 +1.2684e+00 +2.4142e+00 +1.1792e+00 +3.9777e+00 +2.2861e+00 +2.5230e+00 +5.0329e-01 +3.9260e+00
25 0 +6.056918355e+02 +6.989918355e+02 +6.989918355e+02 -2.9412e+00 -1.4197e+00 +9.7742e-01 +3.2925e-01 -3.8222e+00 +9.4081e-02 -4.3083e+00 -1.1619e+00 -4.8853e+00 -7.4266e-01 +1.7839e+00 +4.3330e+00 -5.2077e-01 -7.0631e-01 +2.9677e+00 -2.7161e+00 -4.5009e+00 +2.6565e+00 +2.6169e+00 -2.0764e+00
26 0 +5.961461469e+02 +6.894461469e+02 +6.894461469e+02 +4.7058e+00 -1.4999e+00 -2.7397e-01 +1.3291e+00 -3.3515e+00 +2.2719e+00 -3.9652e+00 -3.7082e+00 +2.1420e+00 -3.6140e+00 +8.8460e-01 +4.0293e-01 +4.9393e+00 +4.6641e+00 -2.4581e+00 -4.7012e+00 -4.7695e+00 +3.6354e+00 -3.2433e+00 -2.9849e+00
% f evaluations | g evaluations | best noise-free fitness - Fopt (1.364000000000e+01) + sum g_i+ | measured fitness | best measured fitness or single-digit g-values | x1 | x2...
1 0 +8.897007250e+02 +9.033407250e+02 +9.033407250e+02 +4.2903e+00 -3.3571e+00 +4.4269e+00 +1.7843e+00 -1.9429e+00 +1.6984e+00 -4.4272e+00 -3.5191e+00 -8.5631e-01 -4.4465e+00 +7.8881e-01 +9.4008e-01 -5.8334e-01 +1.3396e+00 -3.7005e+00 +4.3016e+00 +2.3726e+00 +3.4550e+00 -3.0912e+00 -1.5194e+00
2 0 +7.010706778e+02 +7.147106778e+02 +7.147106778e+02 -3.5144e+00 -4.3854e+00 +3.6663e+00 +7.7386e-01 +2.6202e+00 +9.6858e-01 -8.7276e-01 -2.1093e+00 +1.4872e+00 +3.8840e-01 +5.5945e-01 -2.8988e-02 -1.4910e+00 +4.6247e+00 -1.5470e+00 +3.7056e+00 -1.4523e+00 +6.2723e-01 -4.8105e+00 -8.1186e-01
3 0 +6.165044366e+02 +6.301444366e+02 +6.301444366e+02 -2.5822e-01 +1.4418e+00 -1.6035e+00 -9.4256e-01 +3.4540e+00 +5.8299e-01 +6.2826e-01 +3.1476e+00 -1.1757e+00 +2.8852e+00 +4.2796e+00 +1.0577e+00 +3.2323e+00 +3.1018e+00 +2.2658e+00 +6.9083e-01 +7.2881e-01 -2.6800e+00 +6.2963e-01 -2.8727e-01
% f evaluations | g evaluations | best noise-free fitness - Fopt (1.948000000000e+02) + sum g_i+ | measured fitness | best measured fitness or single-digit g-values | x1 | x2...
1 0 +1.033116976e+03 +1.227916976e+03 +1.227916976e+03 +3.2805e+00 -4.4438e+00 -6.3108e-01 +3.7990e-01 +2.9280e-01 +1.5349e+00 +4.8226e+00 +3.4214e+00 +4.6527e+00 -4.8287e+00 -4.6702e+00 +1.6069e+00 -1.7033e+00 +5.9418e-01 +2.0978e+00 -3.8911e+00 +3.9153e+00 +2.5079e+00 -2.9463e+00 -4.6408e+00
2 0 +9.387206631e+02 +1.133520663e+03 +1.133520663e+03 -4.5856e-01 -1.5727e+00 -2.8636e+00 -4.1088e+00 +1.5409e-01 +1.6374e+00 -3.8741e-01 +2.1157e+00 +4.8283e+00 +6.7675e-01 +6.6301e-01 -4.3653e+00 +2.7067e+00 +1.4647e+00 -1.8896e+00 +2.8996e+00 -4.5385e+00 +2.2532e+00 -4.0736e+00 -4.0595e+00
3 0 +8.497800183e+02 +1.044580018e+03 +1.044580018e+03 -6.6873e-01 +3.6455e+00 -2.5410e+00 -4.8672e+00 -4.5854e+00 -5.9946e-01 -1.6360e-01 +2.3742e+00 +1.0879e-01 -3.4807e+00 +2.3699e+00 -1.9307e+00 -4.5259e+00 -2.1119e+00 -2.3169e+00 -2.6779e+00 +3.9112e+00 +1.3154e+00 +3.1105e+00 +3.5553e+00
4 0 +5.450779914e+02 +7.398779914e+02 +7.398779914e+02 -3.4097e+00 -8.6394e-01 -4.6079e+00 -2.2583e+00 +3.6191e+00 -1.0696e-01 +2.0569e+00 -6.5414e-01 -1.0367e+00 -1.6796e+00 +4.8095e+00 +1.6601e+00 +7.7846e-01 -2.4838e+00 -4.4755e+00 +1.1337e+00 -4.4630e+00 -2.9812e+00 +3.9143e+00 +2.2595e-01
% f evaluations | g evaluations | best noise-free fitness - Fopt (-1.335900000000e+02) + sum g_i+ | measured fitness | best measured fitness or single-digit g-values | x1 | x2...
1 0 +7.275749108e+02 +5.939849108e+02 +5.939849108e+02 -6.0527e-01 -9.0904e-01 +1.6132e+00 +5.8745e-02 +1.4027e+00 -4.6442e+00 +3.0990e+00 -4.3716e+00 -4.7809e+00 -1.9398e+00 +2.7162e-01 -1.2075e+00 +2.7718e+00 +1.7714e+00 -2.2628e+00 -2.9918e+00 -4.6837e+00 +3.3802e+00 +1.3235e+00 -2.9762e+00
6 0 +6.902173216e+02 +5.566273216e+02 +5.566273216e+02 +1.6790e+00 +1.9825e+00 -2.0989e+00 +3.1045e+00 +3.9695e+00 +2.4895e+00 -4.3893e-02 -1.3962e+00 -7.4073e-01 -4.2979e+00 -3.0692e+00 -1.1613e-01 -1.7311e+00 +1.2641e+00 -2.0980e-01 -1.0243e-01 +3.3329e+00 -4.0036e+00 +2.3055e+00 -1.7370e+00
10 0 +6.519918476e+02 +5.184018476e+02 +5.184018476e+02 +2.3491e-01 +4.8584e+00 +2.8934e+00 -1.9750e+00 +1.4792e+00 -3.1883e+00 +6.1008e-01 -2.4242e+00 -1.0505e+00 -3.5625e+00 -1.8709e+00 +4.1724e-01 -1.4964e+00 +6.2732e-01 -1.2114e+00 -3.6635e+00 -5.6085e-01 +2.0780e+00 -1.2591e+00 -4.3561e+00
20 0 +5.181913202e+02 +3.846013202e+02 +3.846013202e+02 -3.3875e+00 -9.0368e-01 +1.3400e+00 -9.2289e-01 +3.0323e+00 -2.3642e+00 +1.7268e-01 +2.5568e+00 -1.8703e+00 +5.9024e-01 -4.8286e-01 -2.2925e+00 -3.4318e+00 -3.1312e+00 -3.0166e+00 +4.0368e-01 -3.6529e+00 -4.1551e+00 -3.0629e+00 +2.7837e+00
% f evaluations | g evaluations | best noise-free fitness - Fopt (-3.085000000000e+01) + sum g_i+ | measured fitness | best measured fitness or single-digit g-values | x1 | x2...
1 0 +6.077999660e+02 +5.769499660e+02 +5.769499660e+02 +3.6822e-01 +4.8238e+00 -3.7033e-01 +2.6710e+00 -4.2614e+00 +1.7373e+00 +4.2790e+00 -3.5742e+00 -2.0504e-01 +3.7623e-02 +4.4802e+00 -1.5915e+00 -1.0747e+00 +4.6887e-01 -3.1624e+00 -8.8068e-01 +8.3711e-01 -6.8446e-01 +1.0905e+00 +4.0292e+00
10 0 +5.264186885e+02 +4.955686885e+02 +4.955686885e+02 -2.4615e+00 +3.9451e+00 +1.8083e+00 +1.6304e+00 -2.4921e-01 -2.7810e+00 -2.5257e+00 +2.2187e+00 +7.7833e-01 +2.9007e+00 -9.2539e-01 +3.8404e+00 -3.0423e+00 -1.4722e-01 +4.6330e+00 -2.5107e+00 -9.4311e-01 -1.3426e+00 +2.9329e+00 +1.8597e+00
% f evaluations | g evaluations | best noise-free fitness - Fopt (-9.200000000000e+00) + sum g_i+ | measured fitness | best measured fitness or single-digit g-values | x1 | x2...
1 0 +1.125448913e+03 +1.116248913e+03 +1.116248913e+03 +2.6528e+00 -3.5965e+00 -4.1845e+00 -4.7258e+00 +3.1470e+00 -4.0406e+00 +3.4799e+00 +3.7760e+00 +2.9678e+00 +3.6786e+00 -1.7370e+00 -2.5251e+00 +1.6922e+00 -4.7458e+00 +1.2387e+00 +4.1944e+00 -1.1293e+00 -4.7942e+00 +3.8760e+00 +2.6760e+00
2 0 +6.953139510e+02 +6.861139510e+02 +6.861139510e+02 -2.7195e-01 +3.8909e-01 -4.0631e+00 -4.9884e+00 +4.5841e+00 -7.1965e-01 +4.5831e+00 -4.6860e+00 +4.9768e-01 -2.0137e+00 -3.9395e-01 -2.3068e+00 -2.1364e+00 +1.3686e+00 +3.6807e+00 +2.8616e+00 -1.0917e+00 -2.9080e+00 -2.4028e+00 -2.7643e+00
22 0 +6.775839478e+02 +6.683839478e+02 +6.683839478e+02 -8.3580e-01 +3.0514e-01 +3.0674e+00 -1.3985e+00 +4.8927e+00 +2.7056e+00 +4.5803e+00 +1.3713e+00 -4.0168e+00 -9.4089e-01 -7.3173e-01 +5.6420e-01 -4.8502e+00 +2.0158e-01 -3.3087e-01 -1.1450e-01 +5.3765e-01 +1.5796e-01 +2.3593e+00 +1.6294e+00
23 0 +6.621756670e+02 +6.529756670e+02 +6.529756670e+02 +3.4737e+00 -5.7226e-01 -3.0048e+00 -4.3063e+00 -1.3980e+00 +1.7523e+00 -2.6749e-01 -3.1288e+00 +2.3717e+00 +2.1600e+00 -3.8423e-01 -2.4764e-03 +3.6074e+00 +4.2658e-01 -6.4562e-01 +2.1254e+00 +1.0271e+00 +3.7551e-01 +4.0205e+00 +3.8392e+00
27 0 +5.980890893e+02 +5.888890893e+02 +5.888890893e+02 +2.5943e+00 +2.5318e+00 -1.8717e+00 -3.1378e+00 +7.2850e-01 +6.8964e-01 -3.5467e+00 +4.5204e+00 +4.7371e-01 +1.4021e+00 +1.0093e-01 +6.6844e-01 +3.5021e+00 +1.0797e+00 -2.7363e+00 -2.6107e+00 +1.8276e+00 +3.7821e+00 +3.9241e+00 +3.5641e+00
% f evaluations | g evaluations | best noise-free fitness - Fopt (-2.037600000000e+02) + sum g_i+ | measured fitness | best measured fitness or single-digit g-values | x1 | x2...
1 0 +8.992060995e+02 +6.954460995e+02 +6.954460995e+02 +1.3898e-01 +2.0998e+00 -3.6329e+00 +4.1737e+00 +4.7966e+00 +2.9963e+00 -2.3240e+00 -1.2068e+00 -3.9303e+00 -1.9721e+00 +1.3665e-02 -4.4641e+00 -2.3004e+00 -1.9765e+00 -2.9997e+00 +4.3713e+00 +1.4561e+00 -1.9549e+00 +8.1349e-01 -3.7682e+00
2 0 +7.634746836e+02 +5.597146836e+02 +5.597146836e+02 +1.6209e+00 -4.6145e+00 -1.7667e+00 +8.6651e-01 +1.2286e+00 +8.8042e-01 +9.3082e-01 -4.0188e+00 +2.8528e+00 -3.4651e+00 +9.1431e-01 +4.2624e+00 -3.7441e+00 +3.2951e+00 +7.5259e-01 +2.4924e+00 -3.5366e+00 +3.9946e+00 +4.8484e-02 +4.8115e+00
9 0 +7.120616893e+02 +5.083016893e+02 +5.083016893e+02 -2.1718e+00 +1.9316e+00 +3.3815e+00 +5.1295e-02 -3.1170e+00 +1.9788e+00 -4.1382e+00 -7.8176e-01 -1.1123e+00 +4.4917e+00 -1.3226e+00 +3.1377e+00 -2.5188e+00 +4.1862e+00 -4.9031e+00 -4.8775e+00 -4.7598e+00 +2.0020e+00 -3.0835e+00 -3.0460e-01
18 0 +7.037869403e+02 +5.000269403e+02 +5.000269403e+02 -1.0929e+00 -4.0080e-01 +1.8045e+00 +5.1447e-02 -3.1701e+00 -6.2987e-01 -3.6804e+00 -4.7742e+00 -1.6433e+00 +4.0258e+00 +2.7552e+00 +8.9740e-01 -9.3037e-01 +1.1041e+00 +7.4603e-01 +2.5257e+00 +2.9647e+00 -1.0935e+00 +6.8878e-01 -4.3149e-01
19 0 +6.050989684e+02 +4.013389684e+02 +4.013389684e+02 +7.9762e-01 -3.4444e+00 -3.2600e-01 +1.8824e+00 -3.9535e+00 -4.4906e-01 +3.1668e+00 +2.1598e+00 -1.2660e+00 -3.4796e+00 +1.2556e+00 +4.1157e+00 -2.5370e+00 -1.8318e+00 -5.4072e-01 +4.8624e+00 -2.4794e+00 -2.5247e+00 -4.2159e-01 -7.5810e-01
22 0 +5.872088633e+02 +3.834488633e+02 +3.834488633e+02 -1.7972e+00 -3.3806e+00 +2.0708e+00 +1.7455e+00 +1.5436e+00 -3.1825e+00 -2.0989e+00 -1.7063e+00 -4.7431e-01 +1.0128e+00 +7.4746e-02 -4.1261e+00 +1.0162e+00 -1.7003e+00 +2.6700e+00 -1.9881e+00 -2.2684e+00 +1.8411e+00 -2.7195e+00 -3.6342e-01
% f evaluations | g evaluations | best noise-free fitness - Fopt (3.399000000000e+01) + sum g_i+ | measured fitness | best measured fitness or single-digit g-values | x1 | x2...
1 0 +8.516180147e+02 +8.856080147e+02 +8.856080147e+02 -2.2713e+00 +4.3194e+00 -3.2037e+00 -1.7581e+00 -2.3692e+00 +4.7041e-01 +3.2091e+00 +1.1040e+00 -4.2489e+00 -2.7326e+00 +2.9623e+00 -9.3627e-01 -3.5386e+00 +2.9327e+00 -3.4865e+00 +4.0803e+00 -1.2901e+00 -3.5953e+00 +7.0113e-01 +3.9475e-01
2 0 +8.488550095e+02 +8.828450095e+02 +8.828450095e+02 +6.1701e-01 -4.3633e+00 -3.1731e+00 -7.6809e-02 +4.5827e+00 +1.7623e+00 +6.3571e-02 +4.3304e+00 +2.7652e+00 -5.1294e-01 -2.6064e+00 +4.5338e+00 +3.4589e+00 +3.1178e+00 -2.1928e+00 +3.0589e+00 -4.2798e-02 -4.7722e-01 -2.7841e+00 +1.1883e+00
7 0 +5.548938089e+02 +5.888838089e+02 +5.888838089e+02 -4.5920e-01 -7.8722e-01 +4.2522e+00 +3.7544e+00 +2.3405e-01 -5.2199e-01 -2.1596e+00 +3.3271e+00 -9.6918e-01 +3.0426e+00 +2.0840e+00 +1.8370e+00 -1.7219e+00 -1.8733e+00 +3.1783e+00 +2.7112e+00 +4.8818e+00 +2.4091e+00 -3.0381e+00 -3.1310e-01
24 0 +5.378081930e+02 +5.717981930e+02 +5.717981930e+02 -9.2896e-01 -5.1663e-01 +4.5109e-01 -1.2112e+00 -2.6645e+00 +1.7266e+00 +1.3718e+00 -1.6118e+00 -1.9280e+00 +4.2755e+00 +1.2362e+00 -3.8893e+00 -4.7986e+00 -1.5097e+00 -6.4353e-01 +3.4135e+00 -7.5805e-01 +1.6952e+00 -2.3497e+00 -2.2468e+00
% f evaluations | g evaluations | best noise-free fitness - Fopt (-1.000000000000e+03) + sum g_i+ | measured fitness | best measured fitness or single-digit g-values | x1 | x2...
1 0 +9.030842050e+02 -9.691579501e+01 -9.691579501e+01 +1.2832e+00 +2.0242e+00 +2.4921e+00 +1.6983e+00 -4.3646e+00 -3.3605e+00 +1.4832e+00 -3.5219e+00 -3.0690e-02 -6.4675e-01 +6.9336e-01 +2.4625e+00 -4.2184e+00 -9.3339e-01 +4.8986e+00 +3.8656e+00 -1.2697e+00 -4.0694e+00 -4.4392e+00 -3.1123e+00
5 0 +6.688149846e+02 -3.311850154e+02 -3.311850154e+02 +9.3911e-01 -1.1222e+00 +2.7147e+00 +1.0470e+00 -1.6765e+00 +1.5290e+00 +1.8014e+00 -3.0629e+00 -1.7376e+00 +4.3794e+00 -1.5395e+00 -3.3108e-01 -3.1937e+00 -4.1771e+00 -9.2415e-01 -7.5636e-01 +1.9096e+00 -4.7382e+00 -2.3434e+00 -4.0040e+00
6 0 +4.492745865e+02 -5.507254135e+02 -5.507254135e+02 +2.9651e+00 -3.2261e+00 -3.7663e+00 -8.3743e-01 -7.9645e-02 +1.4698e+00 -2.3959e+00 +1.2501e+00 +5.1339e-01 +5.8295e-01 +1.4665e+00 +2.6873e+00 -3.0532e+00 +4.3570e-01 -3.1000e+00 -2.5321e+00 -3.2728e+00 +3.2861e+00 +1.9577e-01 -3.4144e-01
% f evaluations | g evaluations | best noise-free fitness - Fopt (-1.000000000000e+03) + sum g_i+ | measured fitness | best measured fitness or single-digit g-values | x1 | x2...
1 0 +6.850804102e+02 -3.149195898e+02 -3.149195898e+02 +2.2416e+00 -5.1128e-01 +4.1424e+00 -5.6716e-01 -3.9232e-01 +3.2133e+00 +3.7755e+00 +1.5392e+00 -3.2392e+00 +2.9156e+00 +2.3500e+00 -3.3824e+00 +8.1829e-01 -2.6128e-01 +2.8293e+00 +5.7019e-02 +1.3054e+00 -6.1573e-01 -1.8433e+00 -9.8676e-01
5 0 +5.729043025e+02 -4.270956975e+02 -4.270956975e+02 -2.2424e+00 +2.8697e+00 +4.7260e+00 -2.9794e+00 +1.4696e+00 -3.8259e+00 +2.7123e+00 +1.8759e+00 +7.2351e-01 -1.0831e+00 +7.7254e-01 -6.7733e-01 +3.2900e+00 -1.2950e+00 -1.2274e+00 +8.1722e-01 +1.5588e+00 +5.2590e-01 +4.1879e+00 -4.8249e+00
32 0 +5.249309460e+02 -4.750690540e+02 -4.750690540e+02 +1.1077e+00 +2.7343e+00 +8.6126e-01 -3.2901e+00 -3.2843e-01 -8.1112e-01 +4.2405e-02 -3.0974e+00 -1.0696e+00 +1.5047e+00 +1.8775e+00 -2.4786e+00 -1.8218e+00 -1.9083e+00 +1.2373e+00 +3.6551e+00 +4.3829e+00 -5.6696e-01 -3.6300e+00 -7.7084e-01
% f evaluations | g evaluations | best noise-free fitness - Fopt (-1.272000000000e+01) + sum g_i+ | measured fitness | best measured fitness or single-digit g-values | x1 | x2...
1 0 +8.018013655e+02 +7.890813655e+02 +7.890813655e+02 -3.1550e+00 -1.0576e+00 -1.6713e+00 -2.4723e+00 +3.0798e-01 +2.0776e+00 +1.2202e-01 -2.1947e+00 +1.5160e+00 -3.5512e+00 +2.4806e+00 +4.2956e+00 +1.1276e+00 -1.1713e+00 +1.7577e+00 -4.6133e+00 -3.7456e+00 -2.5787e+00 +3.3265e+00 -4.0716e+00
2 0 +6.201664638e+02 +6.074464638e+02 +6.074464638e+02 -5.8116e-01 -2.8341e+00 -1.6264e-01 +1.5014e+00 -5.1778e-01 -1.3083e+00 +1.4144e+00 -1.6217e+00 -1.1520e-01 -1.5266e-01 -1.4296e+00 +3.0743e+00 -4.2331e+00 -2.5733e+00 +8.3455e-01 +4.8423e+00 +2.4422e+00 +1.1324e+00 -4.6632e+00 +3.4747e+00
18 0 +6.039535500e+02 +5.912335500e+02 +5.912335500e+02 +3.2796e-02 -9.2349e-01 +2.6570e+00 +2.0745e+00 +4.0145e+00 +1.0219e+00 +2.6175e+00 -9.3598e-01 -1.6423e-01 +1.0866e+00 -3.7277e+00 -2.1231e+00 +3.7656e+00 -2.8112e+00 +4.3561e+00 -1.3496e+00 +2.4535e+00 +2.7794e+00 +3.2373e+00 -2.9420e+00
20 0 +5.482128862e+02 +5.354928862e+02 +5.354928862e+02 -3.3566e+00 -1.8808e+00 +1.1561e+00 -1.1800e+00 -2.2736e+00 -1.0098e+00 +1.1603e+00 +2.3178e+00 +3.0548e+00 +3.8052e-01 +2.7099e+00 +1.8455e+00 -1.2479e-01 -4.0046e+00 +4.5250e+00 +2.5231e+00 +1.4718e+00 -1.8702e-01 +4.1478e+00 -5.1141e-01
22 0 +5.001979971e+02 +4.874779971e+02 +4.874779971e+02 +1.6731e+00 +1.4116e+00 +4.9191e-02 -2.2793e+00 +1.9496e+00 -4.4196e+00 -1.7304e+00 -1.7698e+00 +1.9422e-01 +2.1402e+00 +3.6647e+00 +4.4170e+00 -2.9743e+00 -3.1562e+00 -1.5509e+00 +1.3414e+00 -4.9881e+00 -1.7938e+00 -1.1659e+00 +5.9190e-01
% f evaluations | g evaluations | best noise-free fitness - Fopt (-5.954000000000e+01) + sum g_i+ | measured fitness | best measured fitness or single-digit g-values | x1 | x2...
1 0 +8.120465483e+02 +7.525065483e+02 +7.525065483e+02 -3.1827e+00 +2.8198e+00 -4.8358e+00 +3.8728e+00 -7.9077e-02 -4.3226e+00 -4.6418e-01 -4.2626e+00 -2.0799e+00 -2.8930e+00 +2.2364e-01 -4.8014e-01 +1.6221e+00 -3.3925e+00 +1.4183e+00 +4.1103e+00 -4.2174e-01 -4.7048e+00 -1.9448e-01 +2.9299e+00
3 0 +7.437635740e+02 +6.842235740e+02 +6.842235740e+02 +3.4725e-01 +3.3583e+00 +4.0709e+00 +4.7274e+00 -1.5412e+00 -9.9371e-01 -4.8536e+00 -4.9970e-01 +2.7037e+00 -4.4071e-01 +3.1968e-01 +4.0360e+00 +2.5979e+00 +7.5721e-01 +2.8917e+00 +2.9210e+00 -4.9280e-01 -5.1045e-02 -3.7503e+00 +1.9181e+00
4 0 +7.315867715e+02 +6.720467715e+02 +6.720467715e+02 -3.3010e-01 +2.2886e+00 +4.1681e+00 -2.1793e+00 +4.7738e+00 +3.2619e+00 +1.8651e+00 +4.5198e-01 -3.7870e-01 -1.7625e+00 +7.4085e-01 +3.6422e+00 +4.2922e+00 -6.9621e-01 +3.4935e+00 +1.8178e+00 +4.9418e-01 +1.1369e+00 -4.2100e+00 -2.8625e+00
5 0 +6.202282423e+02 +5.606882423e+02 +5.606882423e+02 -8.1077e-01 -1.5108e+00 -4.4796e-01 +1.1058e+00 +1.0115e+00 -4.9947e-01 -5.7416e-01 +2.6789e+00 -4.2374e+00 -3.7179e+00 -4.0179e+00 -2.7881e+00 -6.2670e-01 -6.7887e-01 -1.1139e+00 -7.7098e-01 +3.2305e+00 +3.1222e+00 -2.1097e+00 -2.9011e+00
16 0 +5.737900595e+02 +5.142500595e+02 +5.142500595e+02 +3.1374e+00 -9.4391e-01 +2.1110e+00 -1.5655e+00 +1.9727e+00 +2.7785e+00 +2.0521e+00 +2.4541e+00 +3.4602e+00 -2.4189e+00 -1.8024e+00 -2.9477e+00 -4.5212e+00 -4.9136e+00 +1.1240e+00 +1.8278e+00 -1.4173e+00 +6.6340e-01 -2.9956e+00 +3.4105e+00
31 0 +5.324267113e+02 +4.728867113e+02 +4.728867113e+02 +2.4437e+00 +2.2561e+00 -2.1451e+00 +2.4966e+00 -2.6502e+00 -6.0641e-01 +8.0314e-01 +2.9986e+00 -2.2367e+00 +1.3443e+00 +1.9329e+00 +2.4453e+00 +1.8456e+00 -1.6945e+00 -1.7101e+00 -2.9569e+00 +5.9032e-01 +4.2897e-01 -3.2692e+00 -3.4488e-01
% f evaluations | g evaluations | best noise-free fitness - Fopt (-1.000000000000e+03) + sum g_i+ | measured fitness | best measured fitness or single-digit g-values | x1 | x2...
1 0 +7.279252949e+02 -2.720747051e+02 -2.720747051e+02 +1.5683e+00 -4.5368e-04 -4.3239e+00 -3.9065e+00 +3.0100e+00 +3.1861e-01 -2.2851e+00 +1.9790e+00 +2.5599e+00 +4.1059e+00 +1.2426e+00 +6.0780e-01 +4.7458e+00 +4.6569e+00 -3.1497e+00 +3.1427e+00 -2.0889e+00 +3.4801e-01 +4.8343e+00 -1.8208e+00
3 0 +6.163886895e+02 -3.836113105e+02 -3.836113105e+02 -2.3362e-01 -3.5257e+00 -2.1503e+00 -4.4669e-01 +8.9243e-02 +3.7704e+00 -5.0537e-01 -3.8746e+00 -2.4944e-01 +1.4882e+00 -3.4699e+00 +1.1959e+00 +4.6339e+00 +1.1651e-01 -1.6270e+00 +1.4111e+00 -3.3639e+00 -4.2971e+00 +2.6287e+00 +4.7513e+00
8 0 +5.856407675e+02 -4.143592325e+02 -4.143592325e+02 -1.8619e+00 +3.1889e+00 +3.9823e+00 -3.0651e-02 +2.5928e+00 -5.1114e-01 -1.1472e+00 +1.2851e+00 +1.5627e+00 +1.6330e+00 -3.7497e+00 -4.2073e-01 +3.1675e+00 -1.5553e+00 +1.6372e+00 -3.9373e+00 -2.2904e+00 +2.0416e+00 +1.4272e+00 +2.5615e+00
% f evaluations | g evaluations | best noise-free fitness - Fopt (4.303000000000e+01) + sum g_i+ | measured fitness | best measured fitness or single-digit g-values | x1 | x2...
1 0 +8.582255758e+02 +9.012555758e+02 +9.012555758e+02 -2.7353e+00 -2.2842e+00 -4.8206e-01 +3.7128e+00 +4.1824e+00 -3.8429e+00 +1.5025e+00 -1.9482e+00 +1.5231e+00 -3.9370e+00 +3.4108e+00 +1.8247e+00 +2.8966e+00 +3.3874e+00 +1.4971e+00 +3.5645e+00 +4.1688e+00 +4.3773e+00 -7.9160e-02 -1.0109e+00
2 0 +7.379200396e+02 +7.809500396e+02 +7.809500396e+02 +3.4812e+00 -4.4314e+00 -9.2170e-01 +4.2707e+00 -1.3305e+00 -3.6026e+00 +8.3181e-01 +2.0527e+00 +1.6360e+00 +3.1278e+00 +1.3179e+00 +3.4828e-01 +2.9267e+00 -3.9288e+00 +4.7737e+00 -1.8998e+00 +4.9046e+00 +1.6464e+00 +1.8178e+00 -3.5378e+00
4 0 +6.856241295e+02 +7.286541295e+02 +7.286541295e+02 -2.6583e+00 +7.4585e-01 +1.0192e+00 -4.1367e+00 +3.2967e-01 +2.7419e+00 +4.5629e+00 -1.2702e+00 +4.5076e+00 +7.4722e-01 -4.7133e+00 -1.0597e+00 +1.1877e+00 -9.8577e-01 +8.8043e-01 -1.3778e+00 -3.1222e+00 +7.0304e-01 -2.5030e+00 +3.3814e+00
5 0 +5.660570831e+02 +6.090870831e+02 +6.090870831e+02 +2.4570e+00 -1.2857e+00 -3.6909e-01 +2.8339e+00 -2.2159e+00 -1.8593e+00 +2.1947e-01 -3.6994e+00 +2.8954e+00 -3.5888e+00 +9.3806e-01 -3.6888e+00 -2.9545e+00 -1.5631e+00 -4.9642e+00 -3.2449e+00 +1.4876e+00 -2.0414e+00 +3.3327e+00 -4.2260e+00
11 0 +5.456887116e+02 +5.887187116e+02 +5.887187116e+02 -1.8350e+00 +2.4747e+00 -3.4343e+00 +1.9061e-01 +3.2022e-01 +3.0891e-01 +3.5820e+00 -2.7805e+00 -9.8445e-02 -1.3574e+00 -2.2205e+00 -2.1860e+00 -9.2117e-01 -1.2472e+00 +3.3684e-01 -1.0295e+00 +3.5142e+00 -5.8041e-01 -3.7385e+00 +1.4919e+00
