% f evaluations | g evaluations | best noise-free fitness - Fopt (7.948000000000e+01) + sum g_i+ | measured fitness | best measured fitness or single-digit g-values | x1 | x2...
1 0 +2.253655248e+02 +3.048455248e+02 +3.048455248e+02 +2.5343e+00 -3.3301e+00 +2.2942e+00 -4.0835e+00 -3.7675e+00 -3.2465e+00 +1.1052e+00 +4.1629e+00 +1.0615e+00 +2.4485e+00 +4.0827e+00 +1.9290e+00 +4.2209e-02 +2.9308e+00 +3.3063e+00 +1.8884e+00 +4.2380e+00 -2.0644e+00 +3.8546e+00 +2.3567e+00
2 0 +1.620923409e+02 +2.415723409e+02 +2.415723409e+02 -4.6417e+00 +4.7657e-01 -1.6659e+00 +3.3289e+00 +2.3851e+00 -8.6893e-01 -2.2786e+00 +6.6746e-01 +1.8676e+00 -9.9255e-01 -4.7837e-01 +7.2084e-01 +1.3299e+00 -6.3829e-01 -7.5142e-02 +1.2134e+00 +1.1422e+00 -3.6317e-01 -3.9031e+00 +1.4469e+00
8 0 +1.245716979e+02 +2.040516979e+02 +2.040516979e+02 -1.9707e+00 +3.1144e+00 -3.5656e+00 +5.3247e-01 -5.1982e-01 +1.4719e+00 -3.1763e+00 -1.2653e+00 -1.3732e+00 +1.1367e-01 -5.6996e-02 +1.4395e+00 +2.6700e+00 +8.8360e-01 -1.0316e+00 +4.1053e+00 +4.0832e+00 -2.0861e+00 +1.3811e+00 +2.1848e+00
52 0 +1.169041877e+02 +1.963841877e+02 +1.963841877e+02 -1.1716e+00 +6.0722e-01 +2.0186e+00 +1.9016e+00 -2.2447e+00 +2.8182e+00 +3.9752e+00 +2.6042e+00 +2.3501e+00 -7.3407e-01 -2.3373e+00 -6.9327e-01 -1.0425e+00 +2.8870e+00 +1.2094e+00 -1.6973e+00 -2.2216e-01 -3.5870e+00 +6.1595e-01 +4.3250e-01
156 0 +1.121501187e+02 +1.916301187e+02 +1.916301187e+02 -7.1007e-01 +6.5908e-01 -1.6786e+00 +1.1375e+00 -1.5661e-01 +9.5986e-01 +2.7749e+00 -9.0908e-01 +2.3387e+00 -1.9664e+00 -9.9874e-01 +1.5849e-01 +2.1986e+00 -2.5113e+00 +2.1158e+00 -9.7991e-02 +1.6830e-01 -8.1842e-01 -3.2086e+00 -2.0537e-01
158 0 +1.068308064e+02 +1.863108064e+02 +1.863108064e+02 +1.4288e+00 -5.3598e-01 +8.4248e-01 +2.3172e+00 +1.7191e+00 -1.1289e-01 +3.7325e+00 -5.4975e-01 +1.2241e+00 -3.2907e+00 -8.6253e-01 -1.4006e+00 +1.8758e+00 +6.8222e-01 +3.7939e+00 +1.8544e+00 +2.7124e-01 -1.9626e+00 -2.7615e+00 -1.0989e+00
254 0 +1.038680204e+02 +1.833480204e+02 +1.833480204e+02 -1.7862e+00 +2.7550e+00 -3.2894e+00 +6.2102e-01 -4.6666e-01 +1.3969e+00 -2.3052e+00 -1.2132e+00 -8.2989e-01 -1.9079e-01 -1.9484e-01 +1.2520e+00 +2.6010e+00 +3.8669e-01 -5.7094e-01 +3.4900e+00 +3.5102e+00 -1.9006e+00 +7.0931e-01 +1.8349e+00
255 0 +9.508273674e+01 +1.745627367e+02 +1.745627367e+02 -8.9459e-01 +1.0185e+00 -1.9548e+00 +1.0489e+00 -2.0977e-01 +1.0348e+00 +1.9038e+00 -9.6123e-01 +1.7954e+00 -1.6620e+00 -8.6090e-01 +3.4599e-01 +2.2676e+00 -2.0144e+00 +1.6552e+00 +5.1724e-01 +7.4133e-01 -1.0040e+00 -2.5368e+00 +1.4447e-01
308 0 +8.501376876e+01 +1.644937688e+02 +1.644937688e+02 -1.1331e+00 +1.0059e+00 -1.0937e+00 +1.3166e+00 -5.9311e-01 +1.5804e+00 +2.4745e+00 -6.5691e-02 +1.9760e+00 -1.6961e+00 -1.4473e+00 +1.0502e-01 +1.5032e+00 -9.4477e-01 +1.3218e+00 +9.4344e-02 +4.3378e-01 -1.2129e+00 -1.9007e+00 +3.2693e-01
357 0 +7.343436043e+01 +1.529143604e+02 +1.529143604e+02 -2.0058e-01 +1.2133e+00 -8.7924e-01 +1.5530e+00 +1.0498e+00 +7.8078e-01 -5.6723e-01 -5.9776e-01 -9.4792e-01 -1.3010e+00 -2.3335e-01 -2.8473e-01 +2.0368e+00 +2.2941e+00 +1.0714e+00 +3.8481e+00 +2.8833e+00 -2.1596e+00 +2.9374e-01 +8.9519e-01
359 0 +7.224444720e+01 +1.517244472e+02 +1.517244472e+02 -1.4531e+00 +1.8114e+00 -2.0381e+00 +1.0170e+00 -5.6511e-01 +1.5389e+00 +3.1567e-01 -5.2401e-01 +6.9645e-01 -1.0047e+00 -9.1618e-01 +6.1483e-01 +1.9490e+00 -2.4625e-01 +4.2270e-01 +1.6267e+00 +1.8280e+00 -1.5465e+00 -6.4693e-01 +1.0367e+00
904 0 +6.425611415e+01 +1.437361141e+02 +1.437361141e+02 -5.5239e-01 +1.4277e+00 -1.9624e+00 +2.5467e-01 -1.3260e+00 +7.7218e-01 -3.9328e-01 +2.3127e-01 +9.3386e-01 -1.6941e+00 -5.0871e-01 +1.8379e+00 +9.5880e-01 +7.3923e-01 +1.0496e-01 +2.1879e+00 +2.7465e+00 -1.2950e+00 +1.7089e+00 +2.5919e+00
% f evaluations | g evaluations | best noise-free fitness - Fopt (3.944800000000e+02) + sum g_i+ | measured fitness | best measured fitness or single-digit g-values | x1 | x2...
1 0 +3.054416495e+02 +6.999216495e+02 +6.999216495e+02 -1.3463e+00 +2.3963e+00 -3.3259e+00 -2.6510e+00 -3.0672e-01 -2.4728e+00 +1.3118e+00 -3.0962e-01 +4.7726e+00 -4.3856e+00 -2.3277e+00 -4.1849e+00 -4.3996e+00 +5.4719e-01 -9.2551e-01 -3.8908e+00 +1.2297e+00 -4.1047e+00 +3.9092e+00 +2.4075e+00
2 0 +2.889887908e+02 +6.834687908e+02 +6.834687908e+02 -3.9103e+00 -4.7812e+00 -2.2047e+00 -7.9174e-01 +4.4716e+00 -2.4401e-01 +6.6717e-01 +2.0862e+00 -1.5981e+00 -2.6069e+00 +2.7297e+00 -3.5613e+00 -3.5199e+00 -4.3510e-01 +3.0816e+00 -4.7780e+00 -4.7636e+00 +2.6130e+00 -9.7308e-02 -4.1303e+00
6 0 +2.561308902e+02 +6.506108902e+02 +6.506108902e+02 +2.3820e+00 +1.8985e+00 +2.6136e-01 -8.3957e-02 -2.3601e+00 -1.5678e+00 +2.9102e+00 +1.3408e+00 +1.1033e+00 +3.6180e+00 -5.0636e-01 -2.5226e+00 +4.9983e+00 +1.2382e+00 -4.5172e+00 +3.0595e+00 -3.9025e+00 -3.4977e+00 -2.7680e+00 -4.5940e+00
17 0 +2.364841827e+02 +6.309641827e+02 +6.309641827e+02 -3.1616e+00 -3.4186e+00 +4.1651e+00 +6.4128e-01 +6.2362e-01 +1.8854e-01 -2.7700e+00 +4.0126e-01 -2.2186e-01 -1.7599e+00 +3.1369e+00 -3.4755e+00 -1.8985e+00 +1.5379e-01 +1.6953e+00 +5.4307e-01 +1.1059e+00 -1.4724e+00 -1.1705e+00 +3.4978e+00
26 0 +2.150972966e+02 +6.095772966e+02 +6.095772966e+02 -4.7834e+00 -1.7403e+00 -3.6004e+00 +3.2340e+00 -1.0781e+00 -2.0405e+00 -2.2665e+00 -3.4786e+00 +4.9512e+00 +3.5077e-01 +1.8902e+00 +1.6350e+00 -4.4519e+00 -2.5971e+00 -3.9800e+00 +4.7109e-01 -3.8712e+00 +4.0802e+00 -8.6771e-01 +1.2699e-01
54 0 +1.821055985e+02 +5.765855985e+02 +5.765855985e+02 -2.6833e+00 -6.7231e-01 -1.9562e+00 +2.5083e+00 -1.3723e+00 -1.8928e+00 -1.0262e+00 -2.1010e+00 +3.1773e+00 -5.7281e-01 +1.8714e+00 +1.8092e+00 -4.0649e+00 -3.0873e+00 -3.6569e+00 +6.1645e-01 -3.8871e+00 +3.6534e+00 -1.8771e+00 +4.8396e-01
102 0 +1.740683318e+02 +5.685483318e+02 +5.685483318e+02 -3.1415e+00 -2.0680e+00 -3.0008e+00 +3.3880e+00 -1.6840e+00 -2.1224e+00 -1.2661e+00 -3.5475e+00 +4.3910e+00 +8.7295e-01 +8.6296e-01 +2.0644e+00 -3.7741e+00 -1.6589e+00 -3.5516e+00 +1.1268e+00 -3.8630e+00 +3.0497e+00 -6.6429e-01 +6.2509e-01
106 0 +1.564322149e+02 +5.509122149e+02 +5.509122149e+02 +1.7357e+00 -7.0706e-01 +1.5738e-01 +2.3973e+00 -2.7294e+00 -1.9697e+00 +1.6438e+00 -1.4514e+00 +1.0673e+00 -7.3893e-02 -1.5562e-01 +2.7513e+00 -2.5140e+00 -1.5250e+00 -2.6319e+00 +1.9863e+00 -3.8801e+00 +1.3876e+00 -2.0527e+00 +1.6650e+00
155 0 +1.483695689e+02 +5.428495689e+02 +5.428495689e+02 -1.7024e-02 -9.8486e-01 -8.5293e-01 +2.6223e+00 -2.2854e+00 -1.9887e+00 +5.9252e-01 -1.9965e+00 +2.1115e+00 +4.0279e-02 +3.9441e-01 +2.4512e+00 -3.0350e+00 -1.8132e+00 -2.9944e+00 +1.5789e+00 -3.8777e+00 +2.1115e+00 -1.7341e+00 +1.2515e+00
202 0 +1.469256921e+02 +5.414056921e+02 +5.414056921e+02 -1.2143e+00 +1.6023e-01 +1.2605e-02 +1.5065e+00 -9.7417e-01 -1.7196e+00 +2.2893e-01 -6.7524e-01 +2.7177e+00 +1.4580e+00 +3.2580e-01 +1.6619e+00 -2.0970e+00 -5.7639e-01 -3.1828e+00 +8.4773e-01 -2.2536e+00 +2.0478e+00 -1.5907e+00 +1.0471e+00
204 0 +1.419950047e+02 +5.364750047e+02 +5.364750047e+02 -1.2024e+00 -1.2038e+00 -2.4121e+00 +2.4952e+00 -6.4301e-01 -1.9871e+00 -7.7856e-01 +3.6830e-01 +8.9769e-01 +1.7489e+00 -1.9805e-01 +3.0951e+00 -2.0719e+00 -5.8356e-01 +4.9240e-01 +1.6124e+00 -3.4119e-01 -8.3243e-01 +1.1984e+00 -8.1735e-01
205 0 +1.398341187e+02 +5.343141187e+02 +5.343141187e+02 -1.2751e+00 -1.2398e+00 -2.4226e+00 +2.5203e+00 -6.7116e-01 -1.9983e+00 -7.9958e-01 +2.1652e-01 +1.0358e+00 +1.7067e+00 -1.5080e-01 +3.0518e+00 -2.1352e+00 -6.1877e-01 +3.4875e-01 +1.5822e+00 -4.6493e-01 -6.8517e-01 +1.1158e+00 -7.5538e-01
258 0 +1.373527851e+02 +5.318327851e+02 +5.318327851e+02 -1.2713e+00 -1.1531e+00 -2.2717e+00 +2.4575e+00 -6.8994e-01 -1.9810e+00 -7.3585e-01 +1.6127e-01 +1.1400e+00 +1.6913e+00 -1.2127e-01 +2.9656e+00 -2.1329e+00 -6.1614e-01 +1.2992e-01 +1.5367e+00 -5.7576e-01 -5.1583e-01 +9.4809e-01 -6.4369e-01
510 0 +1.289413477e+02 +5.234213477e+02 +5.234213477e+02 -8.2943e-01 -1.8152e+00 -2.6225e+00 +1.9228e+00 -6.5072e-01 -2.0176e+00 -9.0472e-01 -1.1634e+00 +1.4373e-01 +9.6935e-01 +8.4683e-01 +1.8398e-01 -3.1164e+00 -9.8116e-01 -3.2885e+00 +6.9911e-01 -3.4835e+00 +1.8422e+00 -1.6823e+00 +1.4345e-01
% f evaluations | g evaluations | best noise-free fitness - Fopt (-2.471100000000e+02) + sum g_i+ | measured fitness | best measured fitness or single-digit g-values | x1 | x2...
1 0 +2.496235037e+02 +2.513503723e+00 +2.513503723e+00 +8.3006e-01 -1.4059e+00 -1.8318e+00 +2.4840e+00 -4.8269e-01 +1.3056e+00 -4.8844e-01 -2.7094e+00 -4.1388e+00 -2.3762e+00 -2.6085e+00 +1.8332e+00 +4.5107e+00 -3.2423e+00 -1.1152e+00 -2.1472e+00 +3.6927e+00 -5.6896e-01 -3.4995e+00 -2.5955e+00
3 0 +1.712402307e+02 -7.586976928e+01 -7.586976928e+01 -3.4828e+00 -1.7511e+00 +5.6242e-01 +2.6295e-01 -1.0484e+00 -3.8559e+00 +2.3710e+00 -3.7995e+00 +2.8967e+00 +3.2380e+00 +4.5793e+00 +3.1702e+00 -2.4985e+00 -5.4821e-01 -3.1469e+00 -2.1610e+00 +3.5874e+00 -3.9236e-01 +2.9563e+00 +8.5549e-01
8 0 +1.670568712e+02 -8.005312882e+01 -8.005312882e+01 -2.2035e-01 +1.4334e+00 -3.1775e+00 -4.0512e+00 -1.8563e+00 -1.2158e+00 +2.3602e+00 +2.5991e+00 +3.0417e+00 +2.1620e+00 -4.9318e+00 +2.1446e+00 +1.9670e+00 +1.2417e+00 +2.3664e+00 -1.0095e-01 +9.0017e-01 -3.0668e+00 -7.6076e-01 -2.7186e-01
11 0 +1.361077411e+02 -1.110022589e+02 -1.110022589e+02 +2.0444e+00 -2.6975e+00 +3.5394e+00 -3.7466e+00 -4.3353e+00 +1.7259e+00 +2.3957e+00 -3.9877e+00 -3.6440e+00 +1.5879e+00 +4.6086e+00 +7.7138e-01 -2.0743e+00 +4.4142e+00 +1.8524e+00 +9.6578e-01 +4.8970e-01 -1.3873e+00 +1.5140e+00 -1.7286e+00
52 0 +1.200744265e+02 -1.270355735e+02 -1.270355735e+02 -3.3816e+00 +2.4175e-01 -2.9343e+00 -2.0859e+00 -3.4048e+00 -1.6447e+00 +2.2964e+00 +1.1737e+00 +2.8291e+00 +3.0272e+00 +2.4773e+00 +2.9485e+00 +2.4004e-01 -1.8429e+00 +1.4762e+00 +3.6467e+00 +3.9436e+00 -4.6901e+00 +2.1923e-01 +2.1519e+00
104 0 +9.433548382e+01 -1.527745162e+02 -1.527745162e+02 -2.1236e+00 -1.4035e+00 +8.5204e-01 -3.5105e+00 +8.3277e-01 +9.7792e-01 +3.1504e+00 -1.0704e+00 +1.7149e+00 +2.0769e+00 -1.6510e-01 -6.4300e-01 +2.2896e-01 +1.5760e+00 +1.2879e+00 +4.6048e-01 +2.8046e+00 -3.9062e+00 -1.8166e+00 +1.7787e+00
109 0 +8.675101161e+01 -1.603589884e+02 -1.603589884e+02 -2.9119e+00 -3.7253e-01 -1.5206e+00 -2.6178e+00 -1.8227e+00 -6.6549e-01 +2.6152e+00 +3.3584e-01 +2.4131e+00 +2.6724e+00 +1.4907e+00 +1.6075e+00 +2.3590e-01 -5.6641e-01 +1.4059e+00 +2.4571e+00 +3.5183e+00 -4.3974e+00 -5.4087e-01 +2.0126e+00
355 0 +7.515932267e+01 -1.719506773e+02 -1.719506773e+02 -4.9257e-01 -2.3349e+00 +1.1784e+00 -1.0984e+00 -3.0509e+00 +6.1502e-01 +1.2520e+00 -2.6141e+00 -3.4960e-01 +2.6949e+00 +3.1115e+00 +1.7078e-01 -5.7089e-01 +1.3491e+00 +1.6829e+00 +5.2695e-01 +6.9093e-02 -1.2789e+00 -5.9986e-01 -1.2704e+00
% f evaluations | g evaluations | best noise-free fitness - Fopt (-1.520400000000e+02) + sum g_i+ | measured fitness | best measured fitness or single-digit g-values | x1 | x2...
1 0 +3.599322353e+02 +2.078922353e+02 +2.078922353e+02 +3.8883e+00 -1.3392e+00 -6.0056e-01 +4.6090e+00 +7.5249e-01 -3.2252e+00 +3.1037e+00 +1.9323e-01 -3.1028e+00 -3.4026e+00 -4.4585e+00 +4.0374e+00 -8.8916e-01 -4.6360e+00 -1.9973e+00 +1.4992e+00 -4.8068e+00 +3.7171e+00 +4.0160e+00 +3.5607e+00
2 0 +2.371118577e+02 +8.507185769e+01 +8.507185769e+01 +6.2698e-02 -2.7869e+00 +2.0056e+00 -3.1950e+00 -1.3093e+00 -1.1932e+00 -4.9651e+00 +1.6459e+00 +3.9635e+00 +4.9681e+00 -4.7161e+00 +3.0997e+00 -2.7205e+00 +1.1955e+00 -1.3900e+00 -2.8955e+00 +3.8374e+00 -9.5689e-01 -8.1703e-01 +1.7493e-01
3 0 +2.235997649e+02 +7.155976487e+01 +7.155976487e+01 -2.8577e+00 -4.2355e+00 +3.3142e+00 +2.3940e+00 -2.4514e+00 -8.0021e-03 -1.0405e-01 +9.4732e-01 +5.9008e-01 +2.9406e+00 -2.0415e+00 -1.9236e+00 -3.2746e+00 -4.4183e+00 +1.0294e+00 +4.9488e+00 +1.1410e+00 -3.2742e+00 +7.8952e-01 +2.2909e+00
7 0 +1.840727654e+02 +3.203276538e+01 +3.203276538e+01 +3.4186e+00 +4.4951e+00 -3.8656e+00 +2.2288e+00 +3.8166e+00 +2.9232e+00 -5.7701e-01 +2.1843e+00 +4.4034e+00 +1.4496e+00 -5.8974e-01 -1.6076e+00 +2.9658e+00 +4.2094e+00 +1.2651e+00 -3.7888e+00 +7.9240e-01 -3.7680e+00 -3.4137e+00 -1.2607e+00
8 0 +1.716351502e+02 +1.959515020e+01 +1.959515020e+01 +3.1657e+00 -9.0414e-01 -2.1658e+00 +2.5961e+00 -9.1485e-01 -4.1853e+00 +3.2536e+00 -9.1614e-01 -3.7412e+00 +2.9298e+00 -1.8449e+00 +1.3200e+00 +1.3212e+00 +4.8814e+00 -2.8935e+00 +1.8597e-01 -8.1519e-01 +8.7478e-02 -4.3986e-01 +5.5282e-01
26 0 +1.613048261e+02 +9.264826107e+00 +9.264826107e+00 -2.1650e+00 +4.4239e+00 -2.2207e+00 +2.1788e+00 +3.5357e+00 +1.7572e+00 +3.9493e+00 -4.1633e+00 -3.1962e+00 +1.1459e+00 -2.4998e+00 +1.2599e-01 -1.3081e+00 -5.7508e-01 +1.2142e-01 +4.2859e+00 +4.1190e+00 +3.6915e+00 -4.2705e+00 +3.3075e+00
55 0 +1.499769902e+02 -2.063009830e+00 -2.063009830e+00 -1.8999e+00 +4.1590e+00 -2.2180e+00 +2.1995e+00 +3.3145e+00 +1.4617e+00 +3.9148e+00 -4.0019e+00 -3.2233e+00 +1.2346e+00 -2.4673e+00 +1.8535e-01 -1.1774e+00 -3.0381e-01 -2.8472e-02 +4.0821e+00 +3.8737e+00 +3.5123e+00 -4.0801e+00 +3.1705e+00
108 0 +1.102830618e+02 -4.175693818e+01 -4.175693818e+01 +2.3206e+00 +2.6933e-01 -2.1520e+00 +3.1716e+00 -2.1504e-01 -3.4933e+00 +8.8690e-01 -1.8696e+00 -1.0125e+00 +1.2661e+00 -7.3578e-01 +1.5419e+00 +3.9580e-01 +3.4493e+00 -2.5321e+00 +1.1407e+00 -1.2149e+00 -9.8783e-01 -1.9447e-02 +1.3898e+00
157 0 +9.874676812e+01 -5.329323188e+01 -5.329323188e+01 -4.5605e-01 +2.2740e+00 -2.0212e+00 +1.8207e+00 +2.8204e+00 +7.8499e-01 +1.9874e+00 -2.3576e+00 -1.7176e+00 +6.8452e-01 -1.6203e+00 +2.2087e-01 -4.3742e-02 +1.0891e-02 -3.9251e-01 +2.3933e+00 +2.3015e+00 +3.1011e+00 -3.4173e+00 +1.7946e+00
208 0 +9.733625647e+01 -5.470374353e+01 -5.470374353e+01 -4.3314e-02 +1.3983e+00 -9.7346e-01 +2.3483e+00 +3.3318e+00 +4.1808e-01 +4.2408e-01 -7.1497e-01 -1.2135e+00 +1.4420e+00 -5.8082e-01 +1.3378e+00 +1.2782e-01 +9.3543e-01 -5.2257e-01 +1.8057e+00 -1.0806e-01 +2.7943e+00 -3.6989e+00 +8.4895e-01
213 0 +9.419015677e+01 -5.784984323e+01 -5.784984323e+01 -4.5605e-01 +2.2740e+00 -2.0212e+00 +1.8207e+00 +2.8204e+00 +7.8499e-01 +1.0337e+00 -2.3576e+00 -1.7176e+00 +6.8452e-01 -1.6203e+00 +2.2087e-01 -4.3742e-02 +1.0891e-02 -3.9251e-01 +2.3933e+00 +2.3015e+00 +3.1011e+00 -3.4173e+00 +1.7946e+00
656 0 +8.937350074e+01 -6.266649926e+01 -6.266649926e+01 +1.9677e-01 +1.7252e+00 -9.5972e-01 +1.5799e+00 +1.4482e+00 -2.3922e-01 +1.1877e+00 -1.7678e+00 -3.1284e-01 +5.5411e-02 -6.7332e-01 +1.5928e+00 +5.2569e-01 +1.0425e+00 -7.9089e-01 +1.7897e+00 +2.6599e-02 -1.2226e-02 -1.3404e+00 +2.0947e+00
657 0 +8.882695094e+01 -6.321304906e+01 -6.321304906e+01 +3.4010e-01 +1.6325e+00 -1.0008e+00 +1.6904e+00 +1.3400e+00 -4.4063e-01 +9.6456e-01 -1.7793e+00 -1.3619e-01 +1.2330e-02 -5.7632e-01 +1.6338e+00 +5.1276e-01 +1.1431e+00 -9.0299e-01 +1.7388e+00 -1.6484e-01 -2.0328e-01 -1.1714e+00 +2.0630e+00
% f evaluations | g evaluations | best noise-free fitness - Fopt (-2.525000000000e+01) + sum g_i+ | measured fitness | best measured fitness or single-digit g-values | x1 | x2...
1 0 +1.900532419e+02 +1.648032419e+02 +1.648032419e+02 +3.9020e+00 -2.5961e+00 -4.5560e+00 +2.2884e-02 -7.5790e-01 +3.8061e+00 +3.1650e+00 -3.8033e+00 +3.7187e+00 -3.1868e+00 +1.1515e-01 -2.4707e+00 +1.5813e+00 -2.0829e+00 -2.3011e+00 +4.6097e+00 -2.7803e+00 -1.8970e+00 +3.1415e+00 -5.1474e-01
7 0 +1.865232674e+02 +1.612732674e+02 +1.612732674e+02 -1.4036e+00 +1.7236e+00 -1.6376e+00 +2.3053e-01 -4.6059e+00 +1.4413e+00 +6.0114e-01 -3.6472e+00 +1.7805e+00 +7.6327e-02 +2.5113e-01 +2.6273e+00 -3.7655e+00 -2.6749e+00 +2.5373e-01 -4.3146e+00 -4.0797e+00 -2.5185e+00 -1.1809e+00 -4.5967e+00
19 0 +1.651893869e+02 +1.399393869e+02 +1.399393869e+02 -1.4497e+00 -2.5036e+00 -3.8386e+00 -2.4964e+00 -2.1389e+00 -1.0575e+00 +8.1258e-01 +1.7431e+00 +3.5705e+00 -1.7087e+00 +1.2891e+00 +2.8890e+00 +5.5396e-01 -2.3149e+00 +1.6544e+00 +1.7808e+00 -4.8830e+00 +2.9418e-01 +4.2072e+00 +1.2437e+00
22 0 +1.177425086e+02 +9.249250856e+01 +9.249250856e+01 -1.0448e+00 -2.0834e+00 -3.6074e+00 -4.4452e+00 +2.5828e+00 +3.6864e+00 -2.4555e+00 +1.9550e+00 -7.4324e-01 -2.3917e+00 +2.2496e+00 +8.1416e-01 -4.1971e+00 +4.5419e-01 +1.0767e+00 +6.7466e-01 +2.9012e+00 +2.3623e+00 -3.5223e+00 -1.4390e+00
105 0 +1.001706995e+02 +7.492069948e+01 +7.492069948e+01 -7.2440e-01 -1.8584e+00 -3.6743e+00 -4.3309e+00 +2.2670e+00 +3.0252e+00 -2.1756e+00 +1.8869e+00 -9.3561e-01 -2.5923e+00 +2.2551e+00 +4.8786e-01 -3.4883e+00 +5.3029e-01 +1.0410e+00 +5.6642e-01 +2.2435e+00 +1.8500e+00 -3.4506e+00 -1.5523e+00
107 0 +8.335839644e+01 +5.810839644e+01 +5.810839644e+01 -9.8697e-01 +6.2175e-01 -1.8792e+00 -1.4953e+00 +1.3489e+00 +9.3921e-02 -4.9638e-01 +3.1307e+00 -1.9283e+00 -3.3361e+00 +1.8465e+00 -8.3620e-01 -1.8285e+00 -1.6825e+00 +1.8793e+00 -1.1990e+00 +8.2550e-01 -6.8605e-02 -1.1384e+00 -2.6322e+00
159 0 +7.601170381e+01 +5.076170381e+01 +5.076170381e+01 -7.8380e-01 +2.0647e-01 -2.2860e+00 -2.0362e+00 +1.3950e+00 +4.0185e-01 -7.1856e-01 +2.8387e+00 -1.8094e+00 -3.2732e+00 +1.9346e+00 -7.0988e-01 -1.8481e+00 -1.1840e+00 +1.6873e+00 -8.7942e-01 +8.1819e-01 +9.6164e-02 -1.5894e+00 -2.4584e+00
406 0 +6.621024072e+01 +4.096024072e+01 +4.096024072e+01 +2.1251e-02 -5.1195e-01 -3.5713e+00 -3.2159e+00 +1.2454e+00 +1.3407e+00 -5.3126e-01 +1.2661e+00 -8.3373e-01 -2.8596e+00 +1.3772e+00 -5.1698e-01 -8.4917e-01 +1.2707e-01 +8.4181e-01 +4.8724e-01 +8.0730e-01 +7.5280e-01 -2.1926e+00 -1.8442e+00
407 0 +6.541669352e+01 +4.016669352e+01 +4.016669352e+01 +2.0682e-01 -1.4639e-01 -3.5354e+00 -2.9063e+00 +9.8009e-01 +9.1566e-01 -8.4996e-02 +1.0948e+00 -7.8624e-01 -2.9184e+00 +1.1246e+00 -7.7620e-01 -1.5187e-01 +4.7944e-03 +8.0293e-01 +4.7448e-01 +4.5402e-01 +4.8370e-01 -1.8374e+00 -1.9174e+00
% f evaluations | g evaluations | best noise-free fitness - Fopt (1.830100000000e+02) + sum g_i+ | measured fitness | best measured fitness or single-digit g-values | x1 | x2...
1 0 +4.437510335e+02 +6.267610335e+02 +6.267610335e+02 +1.5099e+00 -2.4192e+00 +3.4204e+00 +4.1050e+00 -4.9201e+00 -1.8643e+00 +2.7950e+00 -4.3291e+00 -3.4987e+00 +5.3642e-01 -3.4176e+00 -2.9399e+00 -3.8479e+00 +7.1498e-01 -2.3768e+00 -2.4048e+00 +2.5233e+00 -4.7653e+00 +1.4646e-01 +4.8241e+00
3 0 +2.727697496e+02 +4.557797496e+02 +4.557797496e+02 -1.2405e+00 +2.0058e-02 +4.3500e+00 -3.2780e+00 -2.4561e+00 -2.5451e+00 +1.1116e+00 -7.8057e-01 -2.4792e+00 -3.7202e+00 -4.9956e+00 +2.7649e+00 +1.5518e+00 -1.7352e-01 +3.7538e+00 +5.8960e-01 -1.3640e-01 +1.2845e+00 -2.1427e+00 -2.1577e+00
7 0 +1.817550963e+02 +3.647650963e+02 +3.647650963e+02 +6.5297e-01 -4.0462e+00 -3.5722e-01 +4.4755e-01 -2.3517e+00 +2.8559e+00 +2.5443e+00 +2.4091e+00 +4.3379e+00 -3.2546e+00 +8.4095e-02 +9.6006e-01 -3.2500e-01 -2.6095e+00 +5.3185e-01 +4.1036e+00 -2.8852e-01 -9.0889e-01 -3.4802e-01 +3.6354e+00
52 0 +1.717240410e+02 +3.547340410e+02 +3.547340410e+02 +1.3513e+00 -2.3982e+00 +6.0804e-01 +2.7054e+00 -2.1868e+00 +5.8836e-01 -7.6733e-01 +1.8846e-01 +2.7140e+00 -1.0961e+00 +2.1701e+00 +3.0949e+00 -8.1584e-01 +1.5530e+00 -1.1626e+00 +4.4288e+00 -2.5744e+00 +7.4518e-01 +2.0938e-01 +9.1179e-01
53 0 +1.558045325e+02 +3.388145325e+02 +3.388145325e+02 +1.0266e+00 -3.1643e+00 +1.5928e-01 +1.6557e+00 -2.2635e+00 +1.6425e+00 +7.7229e-01 +1.2209e+00 +3.4690e+00 -2.0996e+00 +1.2003e+00 +2.1024e+00 -5.8765e-01 -3.8218e-01 -3.7483e-01 +4.2776e+00 -1.5117e+00 -2.3804e-02 -4.9759e-02 +2.1780e+00
56 0 +1.242434547e+02 +3.072534547e+02 +3.072534547e+02 -8.2727e-01 -1.9162e+00 +2.8222e-01 +2.1379e-01 -2.3772e-01 +3.0783e+00 +2.9787e-01 +3.2288e+00 +7.1521e-01 -2.7955e+00 -7.2492e-01 -5.2424e-01 -7.4638e-01 -3.5776e+00 -8.8035e-02 +4.1236e+00 +1.1921e-01 -2.1411e+00 -1.7286e-01 +6.9684e-01
303 0 +1.223275956e+02 +3.053375956e+02 +3.053375956e+02 +1.8335e-01 -2.8142e+00 -1.4249e+00 +3.8914e-01 -1.5409e+00 +9.9011e-01 -1.1454e+00 +5.1375e-01 +2.7002e+00 -2.6253e+00 -1.4493e+00 -1.1699e+00 -5.3181e-02 -4.7614e-01 -1.6418e-01 +2.0498e+00 -1.9086e+00 -1.5188e+00 +4.0453e-01 +4.9917e-01
557 0 +1.142163947e+02 +2.972263947e+02 +2.972263947e+02 -3.7264e-01 -2.7421e+00 -1.2303e+00 -1.7682e-01 -1.6192e+00 +9.1290e-01 -2.0128e+00 +2.1207e-01 +2.5795e+00 -2.2226e+00 -1.6087e+00 -9.1540e-01 -5.0362e-01 +2.1251e-01 +1.0760e-01 +1.4960e+00 -1.2435e+00 -9.0717e-01 +1.0036e+00 +5.9465e-01
559 0 +1.078528528e+02 +2.908628528e+02 +2.908628528e+02 -5.3671e-01 -2.7749e+00 -3.8015e-01 -1.5322e-01 -1.6238e+00 +1.7008e+00 -1.4425e+00 +1.0697e+00 +2.5107e+00 -2.1276e+00 -8.2045e-01 +1.8910e-01 -9.2182e-01 -4.9773e-01 +2.7036e-01 +2.4446e+00 -8.3161e-01 +1.1056e-01 +8.8830e-01 +1.4153e+00
806 0 +1.062366706e+02 +2.892466706e+02 +2.892466706e+02 -7.6276e-01 -1.4641e+00 +7.4106e-01 -3.1861e-01 -2.3975e+00 +7.1478e-01 +6.1326e-01 +6.7946e-04 +2.0081e+00 -7.2238e-01 -3.8912e-01 +4.5731e-03 -3.9920e-01 -8.6334e-01 +4.7529e-02 +1.8993e+00 -1.9562e-01 -5.1506e-01 +1.4857e+00 +2.4106e-01
1163 0 +9.221476342e+01 +2.752247634e+02 +2.752247634e+02 -4.9856e-01 -1.4068e-01 +1.5825e-01 -2.4406e-01 -2.0587e+00 +1.9782e+00 +1.0859e-01 +1.2954e+00 +2.7970e+00 -1.9604e+00 -4.0996e-01 +7.4482e-01 -9.8704e-01 -1.0968e+00 +4.5410e-01 +2.8084e+00 -1.4060e-01 -2.6204e-01 +8.3943e-01 +2.0357e+00
1213 0 +8.952136809e+01 +2.725313681e+02 +2.725313681e+02 -4.9258e-01 -1.2792e-01 -2.8543e-02 -2.1692e-01 -2.0260e+00 +1.5520e+00 -1.1070e-01 +8.6403e-01 +2.0730e+00 -1.8191e+00 -6.9624e-01 +2.7382e-01 -8.2771e-01 -8.2832e-01 +3.0234e-01 +2.4157e+00 -4.0157e-01 -4.6192e-01 +9.2809e-01 +1.4174e+00
% f evaluations | g evaluations | best noise-free fitness - Fopt (1.835200000000e+02) + sum g_i+ | measured fitness | best measured fitness or single-digit g-values | x1 | x2...
1 0 +2.811888389e+02 +4.647088389e+02 +4.647088389e+02 +3.9941e+00 -2.7000e+00 +1.2821e+00 +3.1999e+00 -1.7106e+00 -3.7034e+00 +4.7725e+00 +2.0237e+00 +1.4498e+00 -5.8446e-01 -3.8660e-01 -3.1835e+00 +8.8044e-02 -2.8070e+00 +4.1623e+00 +2.9061e+00 +8.0383e-01 -3.8877e+00 +4.8778e+00 +8.9694e-01
7 0 +2.497179390e+02 +4.332379390e+02 +4.332379390e+02 -1.8328e+00 -2.7802e+00 +4.1896e-01 +4.1243e+00 -1.9773e+00 -3.8863e+00 -4.0733e-01 +4.5524e-01 -2.6095e+00 -4.7891e+00 +2.8735e+00 -1.2406e+00 +6.1215e-01 -2.7257e+00 -2.8591e+00 +4.6638e+00 +3.1150e+00 -3.8752e+00 -4.8372e+00 -1.5765e+00
14 0 +2.409794013e+02 +4.244994013e+02 +4.244994013e+02 +3.2892e+00 -8.0780e-02 -9.9441e-01 -1.8844e+00 +2.0064e+00 +3.0629e+00 -4.3526e+00 +1.1962e+00 +3.0367e+00 -3.6692e+00 -1.8108e+00 +3.6263e+00 +1.2624e+00 -7.5961e-01 -3.9703e+00 -3.9290e+00 +2.9471e+00 +4.4060e+00 -1.3107e-01 -1.9584e+00
20 0 +1.598774908e+02 +3.433974908e+02 +3.433974908e+02 -3.5305e+00 -1.7691e+00 +4.2846e+00 +8.2193e-02 -5.7022e-01 -6.9509e-01 +2.1842e+00 +1.9940e+00 -1.6746e+00 +4.0943e+00 -1.9920e+00 +6.6999e-01 -1.6094e+00 -7.9830e-01 -1.8201e-01 +2.0921e+00 -1.6033e+00 +9.3440e-01 -4.4845e+00 -5.3955e-01
52 0 +1.354798351e+02 +3.189998351e+02 +3.189998351e+02 -1.5560e+00 -2.0081e+00 -1.0520e+00 +4.2905e+00 -1.4860e-01 +8.3178e-01 +5.1547e-01 +1.4199e+00 -7.1463e-02 -3.1733e-01 +3.7210e+00 +1.4575e+00 -2.0727e+00 +1.3686e-01 -1.7716e-01 +2.2638e+00 +7.5122e-01 -1.2736e+00 -4.5599e+00 -1.3194e+00
152 0 +1.075684542e+02 +2.910884542e+02 +2.910884542e+02 -3.4721e+00 -2.4245e+00 +1.5088e+00 +1.2026e+00 -2.8894e-01 -6.5063e-02 +2.4594e+00 +7.7711e-01 -7.0634e-01 +1.6451e+00 -2.3133e+00 +1.7069e+00 -2.2698e+00 -9.4244e-01 -1.2761e-01 +1.9402e-01 -2.8616e-01 +8.4816e-01 -3.6382e+00 +2.7510e-01
206 0 +1.034085056e+02 +2.869285056e+02 +2.869285056e+02 -3.4599e+00 -2.5605e+00 +9.3242e-01 +1.4353e+00 -2.3053e-01 +6.5756e-02 +2.5165e+00 +5.2442e-01 -5.0529e-01 +1.1366e+00 -2.3800e+00 +1.9222e+00 -2.4070e+00 -9.7237e-01 -1.1632e-01 -2.0009e-01 -1.2667e-02 +8.3025e-01 -3.4625e+00 +4.4426e-01
662 0 +1.003188176e+02 +2.838388176e+02 +2.838388176e+02 -3.1075e+00 -2.1604e+00 +6.7059e-02 +1.3006e+00 -3.2825e-01 -1.0519e-01 +2.4012e+00 +6.5561e-01 -6.8840e-01 +8.6301e-01 -2.1811e+00 +1.6792e+00 -2.1270e+00 -8.5682e-01 +5.4690e-02 -1.6328e-01 +8.2296e-02 +8.0910e-01 -3.2118e+00 +6.9175e-01
% f evaluations | g evaluations | best noise-free fitness - Fopt (-5.938400000000e+02) + sum g_i+ | measured fitness | best measured fitness or single-digit g-values | x1 | x2...
1 0 +2.077587965e+02 -3.860812035e+02 -3.860812035e+02 +2.1840e+00 +2.5695e+00 -7.6408e-01 +1.0169e+00 +1.6733e+00 +1.5960e+00 -3.9369e+00 -1.3693e+00 +2.3954e+00 -3.7319e-01 -2.3088e+00 -3.8009e+00 +3.2876e+00 +2.2250e+00 +1.8434e+00 +8.8436e-01 +4.1155e+00 -1.3640e+00 +4.5740e+00 -2.8108e+00
2 0 +1.835133109e+02 -4.103266891e+02 -4.103266891e+02 -1.7064e+00 -2.9630e+00 +2.7839e+00 +2.8174e+00 +2.1341e+00 +1.5805e+00 +9.7234e-01 +1.7863e+00 +2.6028e+00 -3.2070e+00 +2.6398e+00 -5.9297e-01 +8.6992e-01 -4.1603e+00 -2.6082e+00 +4.2952e+00 -5.7434e-01 -3.1416e-01 +1.7171e+00 +3.4297e+00
15 0 +1.667557317e+02 -4.270842683e+02 -4.270842683e+02 -1.7248e+00 +4.7114e+00 +5.6295e-01 +2.9514e+00 -4.5168e+00 -1.9176e-01 -1.7790e+00 -3.3346e-01 +3.0811e+00 +4.3008e+00 +4.9212e+00 +6.5539e-01 +1.2764e+00 -2.9030e+00 -4.7180e-01 +1.2348e+00 -1.1833e+00 -7.9376e-01 +2.7114e+00 -1.8107e-01
32 0 +1.506663378e+02 -4.431736622e+02 -4.431736622e+02 -4.9471e+00 -1.6016e+00 -3.1638e+00 +3.6248e+00 -5.0370e-01 +4.5962e-01 -3.7382e+00 -2.4835e+00 -3.5184e+00 +2.8771e+00 +4.9191e+00 +3.1983e+00 -2.5164e+00 +4.2878e+00 +2.1280e+00 +1.3522e+00 +7.7069e-02 +2.1817e+00 -2.3075e+00 +9.7512e-01
41 0 +1.195814259e+02 -4.742585741e+02 -4.742585741e+02 -1.0683e+00 -1.7305e-01 -1.2519e+00 +2.5317e+00 +1.2845e+00 -6.8355e-01 -1.1467e+00 -1.8882e+00 +1.5603e+00 +2.4092e+00 -6.1215e-01 -3.2156e+00 +2.7561e-01 -2.6182e+00 +2.5869e+00 +6.5209e-02 -2.8187e+00 -3.6348e+00 -2.7065e+00 +3.2121e+00
59 0 +9.076997935e+01 -5.030700207e+02 -5.030700207e+02 +4.6297e-02 +3.5395e-01 -1.5162e+00 +1.6248e+00 +9.0455e-01 +5.6487e-01 -7.4433e-01 -1.2290e+00 +7.5551e-01 +1.1401e+00 -2.1494e-01 -2.2199e+00 -4.1381e-01 -1.9949e+00 +2.6722e+00 +8.5268e-01 -2.0000e+00 -3.1208e+00 -1.3346e+00 +1.6051e+00
159 0 +8.753341042e+01 -5.063065896e+02 -5.063065896e+02 -1.1252e+00 -1.1170e+00 -5.8697e-02 +1.6845e+00 +1.6582e+00 -1.2666e+00 -7.9784e-01 -1.0636e+00 +7.7248e-01 +1.2851e+00 +5.3441e-01 -2.0321e+00 +1.6876e-01 -2.6308e+00 +1.8326e+00 -1.5275e-01 -1.2702e+00 -3.3654e+00 -1.3890e+00 +1.7732e+00
502 0 +8.318742841e+01 -5.106525716e+02 -5.106525716e+02 -1.0620e-01 +8.6664e-01 -6.5516e-01 +2.6923e+00 -3.1749e-01 -8.0233e-01 -1.9729e+00 -1.3184e+00 -2.5828e+00 +1.8456e+00 +1.9351e+00 +1.1825e+00 +3.0427e-01 +7.7117e-02 +4.6966e-01 -2.1487e+00 +6.7703e-01 -1.0693e-02 +3.2348e-01 -4.2719e-01
556 0 +8.054378234e+01 -5.132962177e+02 -5.132962177e+02 +2.0541e-01 -2.6678e-01 -1.5970e+00 +2.3002e+00 +7.1168e-02 -8.5472e-01 -3.0013e-01 -1.1212e+00 -2.3553e-01 +2.3370e+00 +1.4115e+00 -9.9134e-01 +3.8231e-01 -1.4563e+00 +6.2137e-01 -3.7452e-01 -3.3766e-01 -1.8753e+00 -1.1570e+00 +1.5841e+00
557 0 +7.655095104e+01 -5.172890490e+02 -5.172890490e+02 -3.0035e-02 +5.8961e-01 -8.8536e-01 +2.5965e+00 -2.2249e-01 -8.1514e-01 -1.5640e+00 -1.2702e+00 -2.0091e+00 +1.9657e+00 +1.8071e+00 +6.5115e-01 +3.2335e-01 -2.9769e-01 +5.0674e-01 -1.7151e+00 +4.2901e-01 -4.6644e-01 -3.8382e-02 +6.4425e-02
559 0 +7.513301131e+01 -5.187069887e+02 -5.187069887e+02 -9.4505e-01 +2.7722e-01 -1.6269e+00 +2.6880e+00 -1.0653e+00 -7.9086e-01 +6.4764e-02 -9.5908e-01 -3.9119e-01 +2.7203e+00 +7.0293e-01 -1.0881e+00 -6.3941e-01 -3.4629e-01 -3.8793e-01 +2.5860e-01 -2.9992e-02 -1.3027e+00 -5.3917e-01 +1.9869e+00
605 0 +7.099648242e+01 -5.228435176e+02 -5.228435176e+02 -5.7943e-01 +6.4522e-01 -9.4316e-01 +2.0003e+00 -8.8862e-01 -3.9390e-01 -6.9061e-01 -6.7092e-01 -9.8137e-01 +2.1638e+00 +7.9003e-01 -4.5141e-01 -4.4455e-02 -1.0528e-01 -1.7726e-01 -9.2027e-01 +2.8158e-01 -1.0575e+00 -1.8098e-01 +6.6573e-01
709 0 +7.065658939e+01 -5.231834106e+02 -5.231834106e+02 -3.0177e-01 +9.0171e-01 -1.4854e-01 +1.9980e+00 +3.9098e-01 -4.6146e-01 -1.0013e+00 -9.4445e-01 -7.7858e-01 +1.4488e+00 +1.3280e-01 -5.5804e-01 -2.6357e-01 -3.9728e-01 +2.6693e-01 -4.2219e-01 -5.8496e-01 -2.0249e+00 -1.2210e+00 +1.2056e+00
1408 0 +6.776839501e+01 -5.260716050e+02 -5.260716050e+02 -3.7391e-01 +4.6919e-01 -8.4341e-01 +2.4617e+00 +8.1884e-02 -3.1850e-01 -1.3652e+00 -1.2817e+00 -1.2624e+00 +2.0268e+00 +1.0645e+00 -1.6449e-01 +2.1524e-01 -6.9501e-01 +8.3478e-01 -1.2704e+00 -5.5871e-01 -1.1936e+00 -5.9937e-01 +8.4090e-01
% f evaluations | g evaluations | best noise-free fitness - Fopt (-1.000000000000e+03) + sum g_i+ | measured fitness | best measured fitness or single-digit g-values | x1 | x2...
1 0 +3.003038594e+02 -6.996961406e+02 -6.996961406e+02 -8.6680e-01 +1.5487e+00 +1.4731e+00 -4.0889e+00 -2.5552e+00 +3.4919e+00 -4.8383e+00 -3.9241e-01 +3.4640e+00 -2.6885e+00 -1.5342e+00 -6.2397e-01 -3.7676e+00 -2.6697e+00 -3.3524e-01 +7.9861e-01 -4.1406e+00 +7.7059e-01 -1.9716e+00 +1.7846e+00
4 0 +2.467733075e+02 -7.532266925e+02 -7.532266925e+02 -3.4924e+00 -8.5545e-01 +3.8480e+00 +2.4672e+00 -3.3733e+00 -2.7033e+00 +2.3901e+00 +9.1303e-01 +4.1978e+00 -2.5960e-01 -2.5029e+00 -6.2687e-01 +4.9991e+00 +2.7068e+00 +2.7125e+00 +3.1849e+00 +4.8338e+00 -1.4095e+00 +3.6608e+00 -3.4538e+00
5 0 +1.788367355e+02 -8.211632645e+02 -8.211632645e+02 +4.2737e+00 +6.4504e-01 -2.5501e+00 -2.3496e+00 +1.2208e+00 +2.3445e+00 +1.3181e+00 -1.4018e+00 +9.5910e-02 +8.0968e-01 -1.5852e+00 -3.3083e+00 +3.0451e+00 -8.3411e-03 +3.3117e+00 +3.9430e+00 -3.0582e+00 -1.8138e+00 -2.4213e+00 -2.7842e+00
13 0 +1.224422692e+02 -8.775577308e+02 -8.775577308e+02 -3.7669e+00 +2.0790e+00 -3.3487e+00 -1.2455e+00 -1.1852e+00 +2.9184e+00 +3.1303e+00 +2.0547e+00 -2.3518e+00 -2.2234e-02 -1.0647e+00 +2.3735e+00 -4.7434e+00 +4.9323e+00 -4.9762e+00 +3.2109e+00 +3.2825e+00 -1.9035e+00 -1.0191e+00 -1.3381e+00
102 0 +6.306799225e+01 -9.369320077e+02 -9.369320077e+02 -1.2180e+00 +2.7238e-01 -2.7778e+00 +1.3228e+00 +3.3731e+00 +1.5869e+00 +2.0231e+00 -2.2452e-01 -1.4261e+00 +1.0237e+00 -8.2741e-01 -6.9653e-01 +5.5401e-01 -6.8079e-01 -2.4910e+00 +2.0381e+00 -1.7996e+00 +8.9453e-01 +1.4244e+00 -1.5696e-01
% f evaluations | g evaluations | best noise-free fitness - Fopt (-2.531000000000e+01) + sum g_i+ | measured fitness | best measured fitness or single-digit g-values | x1 | x2...
1 0 +1.673404232e+02 +1.420304232e+02 +1.420304232e+02 +9.0325e-01 +4.6728e-01 -2.8501e+00 +8.2658e-01 +4.3747e-01 +3.6472e+00 +2.6123e-01 -1.4892e+00 -2.1958e+00 +6.1166e-01 -1.4761e+00 +8.5393e-01 -7.3492e-01 -4.9775e+00 +1.0853e+00 -4.4136e+00 -1.6574e+00 -1.1628e+00 -2.5073e+00 -2.2371e+00
12 0 +1.199228342e+02 +9.461283419e+01 +9.461283419e+01 +1.7618e+00 +1.4053e+00 -1.5465e+00 +3.5403e+00 +3.9190e+00 -1.3549e+00 -4.2761e+00 -2.3352e+00 -4.7910e+00 -8.1235e-01 +1.5592e+00 -3.7947e+00 +2.2406e+00 +2.4516e+00 -1.5221e+00 -2.0631e+00 -4.7389e+00 +4.1939e+00 +2.3220e+00 -1.4960e+00
55 0 +1.105776570e+02 +8.526765699e+01 +8.526765699e+01 +3.2698e+00 +2.3057e-02 -3.2448e+00 +3.4215e+00 +3.4095e+00 +2.3544e-01 -1.8738e+00 -1.0193e+00 -2.6614e+00 -3.4336e+00 +3.9452e+00 +2.7666e-01 -7.5600e-01 +1.8718e+00 +1.1268e+00 -2.1443e+00 -9.9674e-01 -4.1982e+00 +2.5024e+00 +2.9603e+00
58 0 +9.835490118e+01 +7.304490118e+01 +7.304490118e+01 +1.3912e+00 +1.3095e+00 -1.4344e+00 +3.4400e+00 +3.6909e+00 -9.9027e-01 -3.5271e+00 -2.2770e+00 -4.0617e+00 -6.1029e-01 +1.5878e+00 -3.2221e+00 +2.0098e+00 +2.0257e+00 -1.1278e+00 -1.5305e+00 -4.5104e+00 +3.4395e+00 +1.8977e+00 -1.4971e+00
102 0 +7.860826121e+01 +5.329826121e+01 +5.329826121e+01 +1.0822e+00 +2.2945e+00 -1.5057e+00 +1.7024e+00 +4.0224e+00 -1.4570e-01 -1.5451e+00 +2.5286e-02 -2.4664e+00 -1.7789e+00 +1.5672e+00 -1.4611e-02 +1.9403e+00 +2.2075e+00 +1.1856e+00 -1.8429e+00 -1.9440e+00 +2.8126e+00 +2.4889e+00 -6.6330e-01
156 0 +6.318832255e+01 +3.787832255e+01 +3.787832255e+01 +1.9377e+00 -1.0980e+00 -1.6460e+00 +3.0209e+00 +7.4895e-01 -6.4113e-01 -1.0334e+00 +3.2791e-01 -1.6961e+00 -2.6437e-01 -9.5521e-01 +2.6013e-01 +3.6789e-01 +3.1762e+00 -5.1330e-01 +1.4508e-02 -2.1276e+00 +4.9036e-01 -5.7727e-01 +1.6511e+00
203 0 +5.730239934e+01 +3.199239934e+01 +3.199239934e+01 +1.8893e+00 -2.4036e-01 -1.6120e+00 +3.2379e+00 +1.8547e+00 -9.1390e-01 -2.2192e+00 -6.4825e-01 -2.8225e+00 -4.3722e-01 -7.6683e-02 -1.2298e+00 +1.0281e+00 +2.9277e+00 -9.1805e-01 -7.1578e-01 -3.0940e+00 +1.8112e+00 +4.3267e-01 +5.3525e-01
% f evaluations | g evaluations | best noise-free fitness - Fopt (2.228000000000e+01) + sum g_i+ | measured fitness | best measured fitness or single-digit g-values | x1 | x2...
1 0 +1.403839926e+02 +1.626639926e+02 +1.626639926e+02 +2.5713e+00 -4.6829e+00 -1.0930e+00 +3.4337e+00 -1.0670e+00 +4.3271e+00 -2.2175e+00 +3.9457e+00 -1.2098e+00 +7.9114e-01 +2.0428e+00 -7.4900e-02 +4.2763e+00 -2.4323e+00 +3.9889e+00 +2.1533e+00 -2.6262e+00 +3.4052e+00 -5.6189e-02 +3.0409e+00
3 0 +7.108771383e+01 +9.336771383e+01 +9.336771383e+01 +1.6689e+00 +9.2551e-01 +5.3422e-01 +2.5198e+00 +2.8610e+00 +2.5260e+00 -3.7693e-01 +2.1939e+00 +4.6012e+00 +6.4082e-01 +2.1768e+00 +1.9103e-01 -2.3622e+00 -1.5215e+00 +1.5398e+00 -1.7729e+00 -8.7739e-01 -1.0249e+00 +1.6228e+00 +2.6756e+00
203 0 +7.070223892e+01 +9.298223892e+01 +9.298223892e+01 +1.6922e+00 +9.1682e-01 +5.0628e-01 +2.5310e+00 +2.8419e+00 +2.4949e+00 -3.6990e-01 +2.1460e+00 +4.5854e+00 +6.3684e-01 +2.1687e+00 +1.5650e-01 -2.3542e+00 -1.5444e+00 +1.5482e+00 -1.7509e+00 -9.0272e-01 -9.9324e-01 +1.6361e+00 +2.6562e+00
303 0 +6.905993851e+01 +9.133993851e+01 +9.133993851e+01 +1.8727e+00 +7.1020e-01 +2.7979e-01 +2.1248e+00 +2.7523e+00 +2.0763e+00 -6.8863e-01 +2.2759e+00 +3.8855e+00 +6.7150e-01 +1.9458e+00 +5.9980e-01 -2.2604e+00 -1.1587e+00 +1.4035e+00 -1.2315e+00 -7.6291e-01 -1.3955e+00 +1.0679e+00 +2.2574e+00
352 0 +6.511610754e+01 +8.739610754e+01 +8.739610754e+01 +2.2343e+00 +6.1376e-01 -1.5126e-01 +2.4359e+00 +2.4406e+00 +1.6417e+00 -4.7612e-01 +1.3925e+00 +3.7998e+00 +5.9148e-01 +1.8643e+00 -1.3339e-01 -2.1453e+00 -1.6704e+00 +1.5923e+00 -9.8726e-01 -1.0610e+00 -7.2371e-01 +1.4602e+00 +2.0252e+00
502 0 +6.447452129e+01 +8.675452129e+01 +8.675452129e+01 +1.8700e+00 +4.5652e-01 +2.3536e-01 +2.0214e+00 +2.2989e+00 +1.8055e+00 -8.6474e-01 +1.6143e+00 +2.5168e+00 +7.4350e-01 +1.6182e+00 +6.6822e-01 -1.6927e+00 -7.7944e-01 +1.2369e+00 -7.1769e-01 -5.1114e-01 -8.0124e-01 +7.8690e-01 +1.7253e+00
557 0 +5.990141657e+01 +8.218141657e+01 +8.218141657e+01 +2.1063e+00 -3.1145e-01 -1.1216e-01 +2.0489e+00 +1.8092e+00 +1.8796e+00 -1.1600e+00 +1.9171e+00 +1.7769e+00 +7.4994e-01 +1.5754e+00 +6.8995e-01 -8.9966e-01 -9.0153e-01 +1.5621e+00 -8.5401e-02 -7.4845e-01 -4.1700e-01 +4.6397e-01 +1.7041e+00
913 0 +5.070186132e+01 +7.298186132e+01 +7.298186132e+01 +1.8259e+00 +8.3232e-01 +3.2883e-01 +1.9544e+00 +9.4998e-01 +2.3286e+00 -3.7674e-01 +1.8985e+00 +4.3854e+00 +6.3200e-01 +2.0952e+00 +2.8777e-02 -2.2841e+00 -1.6059e+00 +1.5679e+00 -1.5638e+00 -1.0176e+00 -8.6394e-01 +1.6338e+00 +2.4989e+00
1004 0 +4.767070747e+01 +6.995070747e+01 +6.995070747e+01 +1.1776e+00 -1.1251e+00 -2.6710e-02 +1.8757e+00 +1.0204e+00 +1.9863e+00 -3.4089e-01 +1.5112e+00 +1.3646e+00 +1.3624e+00 +1.4283e+00 +2.2069e-01 -4.1246e-01 -8.2212e-01 +1.1677e+00 -5.0414e-01 -1.2173e+00 +1.6316e-01 +1.0053e+00 +2.0995e+00
% f evaluations | g evaluations | best noise-free fitness - Fopt (3.561400000000e+02) + sum g_i+ | measured fitness | best measured fitness or single-digit g-values | x1 | x2...
1 0 +3.070051608e+02 +6.631451608e+02 +6.631451608e+02 +8.9684e-01 -1.3824e+00 +2.3704e+00 +7.1885e-01 -3.6313e+00 +4.6259e+00 -3.0859e+00 +4.6078e+00 -6.9948e-01 +4.3230e+00 -1.8490e+00 -1.8231e+00 -3.5628e+00 -3.6203e+00 +3.8125e+00 +4.4573e+00 +1.9209e-02 +6.0048e-01 +3.6249e-01 -6.9342e-01
4 0 +2.609186018e+02 +6.170586018e+02 +6.170586018e+02 +1.8963e+00 +4.9791e+00 -4.5553e+00 +1.0361e+00 +2.2120e+00 +4.6614e+00 -1.2420e+00 +1.3602e+00 +2.9203e+00 +2.7342e+00 -3.1882e+00 -3.5715e+00 -1.6026e+00 -8.3092e-02 -1.6651e+00 +1.9321e+00 -4.5709e+00 -2.8888e+00 +3.8792e+00 -4.0672e+00
6 0 +2.259073463e+02 +5.820473463e+02 +5.820473463e+02 -4.0944e+00 +3.8886e+00 +4.4536e-01 +3.7326e+00 +4.4107e+00 +4.8359e+00 +1.3714e+00 +2.3141e+00 +4.3575e+00 +4.7292e+00 -1.2032e-01 +4.4745e+00 -4.5170e+00 -1.0431e+00 -6.6305e-01 -1.7231e+00 -1.8580e+00 -2.1350e+00 +2.1289e+00 +4.1075e+00
13 0 +2.182296593e+02 +5.743696593e+02 +5.743696593e+02 -1.6143e+00 -4.3970e+00 -2.8402e-01 +3.0466e+00 +2.8738e+00 -1.6716e+00 -4.7248e+00 -2.9819e+00 -6.1231e-01 +1.6609e+00 -1.6944e+00 +1.2422e+00 +3.1535e+00 -4.3295e+00 -3.9897e-01 +9.9491e-01 -1.4412e+00 -2.6198e+00 +2.7097e-01 +3.1556e+00
16 0 +1.805660751e+02 +5.367060751e+02 +5.367060751e+02 -7.0165e-02 -3.0321e+00 -4.1808e+00 +1.2955e+00 +3.9662e+00 -3.5143e+00 -1.2279e+00 +2.3673e+00 -1.9941e+00 +6.8286e-01 +3.9740e+00 -5.1562e-01 +3.7377e+00 -4.6192e+00 -4.7289e+00 +3.5140e+00 -4.6837e+00 +1.7795e+00 +2.7779e+00 +4.4475e+00
30 0 +1.534993208e+02 +5.096393208e+02 +5.096393208e+02 +1.8765e+00 +2.0078e+00 +3.1936e+00 +2.5671e+00 +1.4090e+00 +7.1586e-01 +2.5163e+00 +3.7521e+00 -2.9878e+00 +4.1492e-02 +1.2640e+00 +4.3354e+00 -2.4788e+00 -2.2781e+00 +1.1512e+00 -1.2133e+00 -3.5986e+00 -9.7584e-03 -3.8596e+00 -5.8659e-02
50 0 +1.165770523e+02 +4.727170523e+02 +4.727170523e+02 +4.6705e+00 +2.1458e+00 -3.8191e+00 -1.6391e+00 +3.0463e+00 -1.0099e+00 +3.0313e+00 -6.7413e-01 -4.1446e+00 +5.8647e-01 +4.8810e+00 +3.9940e+00 +4.3173e+00 +8.4995e-01 +5.8952e-01 -3.7683e-02 +1.7650e+00 +6.6824e-01 -9.4975e-01 -3.1155e-01
52 0 +8.619002325e+01 +4.423300233e+02 +4.423300233e+02 +8.6698e-01 +3.7588e-01 -2.3462e+00 -1.2928e+00 -9.0589e-01 -5.0570e-01 +4.2827e-01 +1.5623e+00 -2.5500e+00 -1.2209e+00 +2.9255e-01 +2.5287e+00 +3.4255e+00 -1.0339e+00 +1.2929e+00 -9.7372e-01 -1.4835e+00 +7.6521e-01 +3.2898e-01 +3.3494e-01
104 0 +8.342362549e+01 +4.395636255e+02 +4.395636255e+02 -8.8934e-01 +7.3884e-01 -2.1401e+00 +1.7164e-01 +8.9849e-01 -1.3237e+00 +5.9465e-01 -1.8015e-01 -1.4845e+00 +3.9361e-01 +1.3557e+00 +2.2060e+00 +3.1894e+00 -2.2899e+00 -6.3259e-02 +4.4815e-01 +3.9876e-01 +1.5015e+00 -7.3827e-01 -1.0538e-01
259 0 +7.640173330e+01 +4.325417333e+02 +4.325417333e+02 +3.8219e+00 +2.8032e+00 -3.5785e+00 -9.7119e-01 +2.4600e+00 +1.4176e-01 +1.4858e+00 +6.1270e-02 -1.9207e+00 +7.9372e-01 +2.7637e+00 +1.6982e+00 +2.5595e+00 +2.3979e-01 +1.9148e-01 +1.7728e-01 -1.4912e-01 -5.1669e-01 +4.6381e-02 -9.4393e-01
% f evaluations | g evaluations | best noise-free fitness - Fopt (-4.757000000000e+02) + sum g_i+ | measured fitness | best measured fitness or single-digit g-values | x1 | x2...
1 0 +2.019444870e+02 -2.737555130e+02 -2.737555130e+02 -1.1392e+00 +3.9356e+00 -1.6076e+00 +1.7215e+00 -3.4836e+00 +3.2776e+00 -3.3976e+00 +1.7705e+00 +3.9285e-01 +2.4394e+00 +6.2158e-01 -1.8391e+00 -3.9977e+00 +3.0754e+00 +2.2319e+00 -1.6343e+00 -4.2428e-01 -2.7381e+00 +2.2893e+00 -4.0144e+00
18 0 +1.645819090e+02 -3.111180910e+02 -3.111180910e+02 -2.7837e+00 +4.9361e-02 -5.4377e-01 -4.7989e-01 -1.8126e+00 -2.8147e+00 -2.4471e+00 -6.9284e-02 -3.4685e+00 -2.2128e+00 +2.1202e+00 +4.3207e+00 -3.3748e+00 +1.4416e+00 +1.4124e+00 +1.0181e+00 +2.0952e+00 -1.9237e-01 -2.7299e+00 +3.1434e+00
42 0 +1.535699221e+02 -3.221300779e+02 -3.221300779e+02 +5.0040e-01 +2.7716e+00 +4.6471e+00 -2.1389e-02 -2.8907e+00 +2.5253e+00 +4.7131e+00 +2.1710e+00 -2.3719e+00 +7.3540e-02 +8.8375e-01 -3.2765e+00 +3.7482e+00 +2.3160e-03 +1.7636e+00 -4.6751e+00 +3.4382e+00 +1.8950e+00 -3.8166e+00 -2.0524e+00
56 0 +1.222052646e+02 -3.534947354e+02 -3.534947354e+02 -1.0687e+00 -9.2661e-01 -6.0055e-01 +4.6779e-03 +2.4112e-01 -1.4260e+00 -5.2442e-01 -2.5897e+00 -3.1793e+00 -1.5637e+00 +3.5705e+00 +9.5425e-02 +1.0073e-01 +9.8412e-02 -1.1395e+00 -1.5918e+00 +6.9441e-01 +1.8471e+00 -1.9329e-01 +3.6160e-01
57 0 +1.196686946e+02 -3.560313054e+02 -3.560313054e+02 -1.1765e+00 -8.6528e-01 -5.9698e-01 -2.5773e-02 +1.1207e-01 -1.5133e+00 -6.4524e-01 -2.4314e+00 -3.1975e+00 -1.6045e+00 +3.4793e+00 +3.6095e-01 -1.1767e-01 +1.8282e-01 -9.7909e-01 -1.4278e+00 +7.8243e-01 +1.7190e+00 -3.5269e-01 +5.3642e-01
158 0 +1.159506993e+02 -3.597493007e+02 -3.597493007e+02 +6.9368e-01 +2.2378e-01 -5.8285e-01 -1.7785e-01 +6.7642e-01 -7.1106e-01 +5.9590e-01 +7.8987e-01 +3.3122e-01 +1.4482e+00 +1.7029e+00 +2.4263e+00 -1.7818e+00 -4.2744e-01 +4.3625e-01 -1.5884e+00 +8.8926e-01 -6.2821e-01 -9.7701e-02 +4.5263e-01
159 0 +1.086140692e+02 -3.670859308e+02 -3.670859308e+02 -7.4587e-01 -6.1451e-01 -5.9373e-01 -6.0789e-02 +2.4201e-01 -1.3286e+00 -3.5946e-01 -1.6896e+00 -2.3849e+00 -9.0161e-01 +3.0703e+00 +8.3652e-01 -5.0084e-01 +4.2303e-02 -6.5320e-01 -1.4648e+00 +8.0703e-01 +1.1785e+00 -2.9398e-01 +5.1712e-01
356 0 +1.024598933e+02 -3.732401067e+02 -3.732401067e+02 +5.3689e-01 +1.9853e+00 +2.8518e+00 -3.0144e-02 -1.7685e+00 +1.6123e+00 +3.4431e+00 +1.6530e+00 -1.2965e+00 +6.5601e-01 +1.1342e+00 -1.5575e+00 +2.0169e+00 -1.9033e-01 +1.1602e+00 -3.6580e+00 +2.5468e+00 +1.1771e+00 -2.5097e+00 -1.3691e+00
357 0 +9.123782514e+01 -3.844621749e+02 -3.844621749e+02 +5.7064e-01 +1.2580e+00 +1.1913e+00 -3.8242e-02 -7.3054e-01 +7.6778e-01 +2.2684e+00 +1.1739e+00 -3.0185e-01 +1.1947e+00 +1.3658e+00 +3.2477e-02 +4.1555e-01 -3.6850e-01 +6.0211e-01 -2.7173e+00 +1.7224e+00 +5.1305e-01 -1.3010e+00 -7.3718e-01
454 0 +8.852720603e+01 -3.871727940e+02 -3.871727940e+02 -7.0398e-01 +1.5950e-01 +8.8068e-01 -2.4538e-02 -7.3404e-01 -3.7532e-01 +8.6461e-01 -1.1345e+00 -2.9648e+00 -1.1317e+00 +2.7480e+00 -6.8707e-01 +9.7164e-01 +1.3196e-01 -2.0627e-01 -2.3428e+00 +1.5308e+00 +1.7686e+00 -1.3287e+00 -1.9306e-01
% f evaluations | g evaluations | best noise-free fitness - Fopt (-1.000000000000e+03) + sum g_i+ | measured fitness | best measured fitness or single-digit g-values | x1 | x2...
1 0 +4.082407216e+02 -5.917592784e+02 -5.917592784e+02 -4.1994e-01 +3.1857e+00 +6.8748e-01 -4.3821e+00 -4.7153e+00 +1.4677e+00 +1.9344e+00 -1.2221e+00 -6.9523e-01 +4.2629e+00 -1.9193e+00 -2.6203e+00 +4.0058e+00 +3.1413e+00 -3.4800e+00 +4.5906e+00 -4.0736e+00 -4.4272e+00 -2.4647e-02 +2.9147e+00
2 0 +2.627353585e+02 -7.372646415e+02 -7.372646415e+02 +2.6625e+00 -6.8385e-01 +3.8724e+00 -1.6971e-01 +3.8171e+00 +1.4184e+00 -1.3655e+00 -1.6872e+00 +2.9785e+00 +8.3298e-01 +4.5523e+00 +4.1633e+00 +4.8243e+00 -2.1426e-01 -1.8122e+00 -1.6113e+00 +3.7651e+00 +3.7130e+00 -1.0289e+00 +9.6468e-03
7 0 +2.238371464e+02 -7.761628536e+02 -7.761628536e+02 -1.9767e+00 +1.7625e+00 +3.6450e+00 +2.0541e+00 -1.8476e+00 +8.6051e-01 +3.4631e+00 -3.3600e+00 -1.2796e+00 -3.8594e+00 -3.8555e+00 -1.4107e+00 -3.9050e+00 -2.9034e+00 +4.1955e+00 -2.8975e-02 +2.4332e+00 -4.9336e+00 +7.4162e-01 +8.9084e-01
10 0 +2.075696719e+02 -7.924303281e+02 -7.924303281e+02 -3.8351e+00 -7.3725e-02 +2.1128e+00 +1.0491e+00 +1.6610e+00 -4.8392e+00 -8.2323e-01 -4.6822e-01 +3.5066e+00 +3.0028e+00 -2.9184e+00 +3.0605e+00 +4.2382e+00 -3.9569e+00 -3.4659e+00 -3.3445e+00 -2.6144e+00 +1.2829e+00 +4.2291e+00 -2.2122e+00
16 0 +1.950657188e+02 -8.049342812e+02 -8.049342812e+02 -2.0228e+00 +1.3352e+00 +7.4254e-02 -4.4001e+00 -3.4831e+00 +1.1811e+00 -3.2973e+00 +1.9308e+00 -8.1725e-01 -2.2745e+00 -6.7211e-01 -2.1545e+00 -1.9989e+00 -3.4729e+00 -2.1923e+00 +4.9582e+00 -9.4153e-01 +4.6409e+00 +9.9872e-01 +2.5362e+00
19 0 +1.761552416e+02 -8.238447584e+02 -8.238447584e+02 +9.6467e-01 -5.6126e-01 +2.7308e+00 +4.7913e+00 +8.6022e-01 -2.0331e+00 -4.5928e+00 +1.8635e+00 +6.1504e-01 -1.8295e+00 -1.6960e+00 +2.5659e+00 -3.8190e-01 +5.4589e-01 +4.4803e+00 +4.2393e+00 -1.8313e-01 +4.9236e+00 -1.6872e+00 +1.1532e+00
58 0 +1.401743163e+02 -8.598256837e+02 -8.598256837e+02 -3.7881e+00 +2.7634e+00 +4.0533e+00 +3.0990e+00 -3.6696e+00 -1.3375e+00 +1.6073e+00 -3.3051e-01 -3.5161e+00 -1.6792e+00 +2.7732e+00 +7.0766e-01 +3.5565e+00 -2.4237e+00 +2.6076e-01 -4.6480e-01 -4.2072e-02 +3.9209e-01 +4.2087e-01 +1.3718e+00
59 0 +1.228857971e+02 -8.771142029e+02 -8.771142029e+02 -2.4589e-01 +2.8556e-01 +3.0676e+00 +4.3603e+00 -2.9354e-01 -1.8559e+00 -3.0136e+00 +1.3047e+00 -4.3718e-01 -1.7912e+00 -5.5764e-01 +2.0926e+00 +6.2124e-01 -2.1049e-01 +3.4056e+00 +3.0411e+00 -1.4720e-01 +3.7694e+00 -1.1502e+00 +1.2089e+00
106 0 +1.036981823e+02 -8.963018177e+02 -8.963018177e+02 +6.2258e-01 +7.8638e-01 +1.7709e+00 +2.8562e+00 -4.8416e-01 -4.4240e-01 -1.9855e+00 +8.0195e-01 +1.8202e-01 -1.8332e+00 -5.4190e-01 +2.2413e-01 +1.2183e-01 +1.3663e-01 +3.0743e+00 +1.4258e+00 -1.2834e+00 +2.2329e+00 +7.8761e-02 +1.6317e+00
358 0 +1.011661949e+02 -8.988338051e+02 -8.988338051e+02 -1.1068e+00 -1.4881e-01 +5.9682e-01 +7.4778e-01 -1.4349e+00 -1.0512e+00 -9.1070e-01 +6.2502e-01 +7.2587e-01 -3.6464e-01 -6.9104e-01 -8.4106e-01 -3.6749e-01 -2.1732e-01 +2.4823e+00 +4.0421e-01 +1.8229e+00 +3.4521e+00 -3.0334e-01 -1.3545e-02
% f evaluations | g evaluations | best noise-free fitness - Fopt (-4.158000000000e+01) + sum g_i+ | measured fitness | best measured fitness or single-digit g-values | x1 | x2...
1 0 +3.233898367e+02 +2.818098367e+02 +2.818098367e+02 -3.2572e-01 -2.2687e+00 +6.7275e-01 +4.3035e+00 -9.3390e-01 -8.7989e-01 -3.8214e+00 +4.9974e+00 +1.9394e-01 +1.7166e+00 +1.1882e-01 -3.9624e+00 -2.7834e+00 +4.8449e+00 -3.4375e+00 -1.3620e+00 +2.4282e+00 +1.6207e+00 -3.5525e+00 +1.0919e+00
2 0 +2.631317467e+02 +2.215517467e+02 +2.215517467e+02 -3.6845e+00 +5.4228e-01 -2.0303e+00 +4.4037e+00 +4.5444e+00 +2.9844e+00 +3.9992e+00 +3.0104e+00 -2.5825e+00 +2.0489e+00 +1.4210e+00 +2.6670e+00 +4.0694e+00 +4.5436e+00 -2.8286e+00 +3.2943e+00 +2.3045e-02 -2.6730e+00 +4.3831e+00 +1.7720e+00
5 0 +2.244167876e+02 +1.828367876e+02 +1.828367876e+02 -4.7461e+00 -2.2819e+00 -1.5339e+00 +2.9213e+00 +8.1293e-01 +4.7299e+00 +3.4466e+00 +1.0661e+00 +1.3135e+00 +2.5071e+00 +1.8456e+00 +1.2935e+00 -3.5009e+00 +3.7003e+00 -2.3197e+00 -2.3022e+00 +1.0726e+00 +4.2272e+00 +2.9070e+00 +3.8601e+00
7 0 +2.238678637e+02 +1.822878637e+02 +1.822878637e+02 -1.8375e+00 -4.4322e+00 -3.2342e+00 +3.8410e+00 -3.3498e+00 +1.2204e+00 -2.9488e+00 -2.2885e+00 -2.4697e+00 +3.0163e+00 +4.3455e+00 +4.7071e+00 -1.6757e+00 -8.7736e-01 -3.5898e+00 +1.2732e+00 -3.9926e+00 +3.5494e+00 +3.4231e+00 +3.6986e+00
10 0 +1.894709373e+02 +1.478909373e+02 +1.478909373e+02 -9.5641e-01 -4.5790e+00 -4.7930e+00 -3.9971e+00 +4.1558e+00 +9.2407e-02 +1.1880e+00 -1.0739e+00 +1.5537e-01 +2.4298e+00 +2.1723e+00 -3.2943e-01 +4.0558e+00 -2.8902e+00 -1.4795e+00 +4.2966e+00 -2.3048e+00 -2.2074e+00 +1.0902e+00 -5.3788e-01
16 0 +1.472554642e+02 +1.056754642e+02 +1.056754642e+02 -4.2117e+00 +4.2976e+00 +7.3661e-01 +2.1666e+00 -2.4165e+00 +1.2301e+00 -7.8857e-01 -3.6458e+00 +2.1516e+00 +1.9294e-01 +8.9453e-01 +4.5368e+00 -2.7927e+00 -1.4398e+00 -4.8204e+00 -1.1660e+00 +1.2500e+00 +2.3851e-01 -4.5009e+00 -6.1013e-01
21 0 +9.727817725e+01 +5.569817725e+01 +5.569817725e+01 +3.1160e+00 +1.9937e+00 -2.7122e+00 +2.8127e-01 +2.7809e+00 +3.4532e+00 +1.7385e+00 -4.7774e-01 -3.7134e-01 -1.5904e+00 -3.6128e+00 +1.1223e+00 +3.7670e+00 -5.9569e-01 -4.7721e+00 -2.0849e+00 +1.4856e+00 +4.6887e+00 +7.3682e-01 -2.5458e-01
55 0 +9.065138275e+01 +4.907138275e+01 +4.907138275e+01 +1.2727e+00 +2.4553e+00 -2.1159e+00 +1.7327e+00 +2.3875e+00 +2.7994e+00 -6.4072e-01 -1.3921e+00 -1.0745e+00 -3.6699e-01 -1.8596e+00 -2.7065e-01 +6.5798e-01 +6.4542e-01 -3.0839e+00 -2.0691e+00 +6.2004e-01 +3.5554e+00 -7.2239e-01 +1.6574e+00
102 0 +8.844351979e+01 +4.686351979e+01 +4.686351979e+01 -1.0054e-01 +2.3300e+00 -2.5610e-01 -1.1631e+00 +2.0660e+00 +4.0666e+00 +3.5744e+00 +3.6113e-01 -2.5444e+00 +1.7624e+00 -1.9177e+00 +3.2774e+00 +2.6410e+00 +5.9325e-01 -3.2539e+00 -7.3844e-02 -5.0074e-01 +1.8686e+00 +9.6860e-01 +1.8385e+00
103 0 +7.529946729e+01 +3.371946729e+01 +3.371946729e+01 +9.7237e-01 +2.2178e+00 -1.0754e+00 -6.8132e-01 +2.3045e+00 +3.8620e+00 +2.9620e+00 +8.1314e-02 -1.8195e+00 +6.4400e-01 -2.4831e+00 +2.5585e+00 +3.0166e+00 +1.9666e-01 -3.7603e+00 -7.4466e-01 +1.6183e-01 +2.8093e+00 +8.9129e-01 +1.1403e+00
208 0 +6.093651169e+01 +1.935651169e+01 +1.935651169e+01 +1.6926e+00 +1.1082e+00 -1.9483e+00 +9.6408e-01 +9.6374e-01 +2.3721e+00 +5.0281e-01 -1.0818e-01 -1.3033e+00 +6.0630e-01 -1.8051e+00 +2.3530e+00 +2.6967e+00 +4.4583e-01 -2.5837e+00 -7.6538e-01 -8.7335e-02 +2.4935e+00 +4.8234e-01 +1.3767e+00
353 0 +5.796794045e+01 +1.638794045e+01 +1.638794045e+01 +1.7188e+00 -1.1589e-01 -2.2980e+00 +1.5968e+00 +2.2115e-01 +1.7822e+00 +3.2717e-02 -4.7089e-01 -9.3231e-01 +5.9608e-01 -8.0023e-01 +1.7319e+00 +1.9253e+00 -7.6104e-02 -2.6496e+00 -7.1247e-01 -3.2206e-01 +2.3717e+00 +5.4215e-01 +1.0625e+00
355 0 +5.723963457e+01 +1.565963457e+01 +1.565963457e+01 +1.7950e+00 +3.8037e-01 -1.9429e+00 +9.8522e-01 +9.3768e-01 +2.2332e+00 +7.8154e-01 -2.7579e-01 -9.6681e-01 +1.9679e-01 -1.2507e+00 +1.6091e+00 +2.2326e+00 -2.4243e-01 -3.0045e+00 -7.3355e-01 -9.8772e-02 +2.5375e+00 +4.6123e-01 +9.1616e-01
511 0 +5.358065388e+01 +1.200065388e+01 +1.200065388e+01 +1.8217e+00 +5.5417e-01 -1.8186e+00 +7.7104e-01 +1.1886e+00 +2.3911e+00 +1.0438e+00 -2.0746e-01 -9.7890e-01 +5.6947e-02 -1.4085e+00 +1.5661e+00 +2.3402e+00 -3.0068e-01 -3.1287e+00 -7.4093e-01 -2.0575e-02 +2.5955e+00 +4.3289e-01 +2.6655e-03
911 0 +5.167698052e+01 +1.009698052e+01 +1.009698052e+01 +2.2759e+00 +1.1027e+00 -2.2506e+00 +6.7107e-01 +6.9785e-01 +2.7844e+00 +1.2155e+00 -3.6529e-01 -7.7281e-01 -8.9693e-02 -2.2498e+00 +1.4915e+00 +2.8782e+00 -3.3318e-01 -3.3562e+00 -2.1813e-01 +5.4427e-01 +3.4262e+00 +6.0686e-01 +4.7776e-01
