% f evaluations | g evaluations | best noise-free fitness - Fopt (-4.620900000000e+02) + sum g_i+ | measured fitness | best measured fitness or single-digit g-values | x1 | x2...
1 0 +4.149955438e+03 +3.687865438e+03 +3.687865438e+03 -3.0463e+00 +3.2921e+00 -5.0082e-01 +2.8910e+00 -4.4900e+00 -4.8101e+00 -2.3519e+00 +1.4597e+00 +4.9299e+00 +1.6581e+00 -1.6872e+00 +1.3012e+00 -4.2710e+00 +2.7638e+00 -2.7041e+00 -3.8630e+00 -7.5723e-01 +9.5370e-01 +3.7585e+00 -2.0025e+00
3 0 +3.521526129e+03 +3.059436129e+03 +3.059436129e+03 -1.6256e+00 -3.7560e+00 -9.2072e-01 +1.4459e+00 +4.3711e+00 +3.1591e+00 +7.3857e-01 +1.3604e+00 +4.3751e+00 +3.1246e+00 +4.3377e+00 +4.3450e+00 -2.1411e+00 -3.4962e+00 +3.0109e+00 +2.3126e+00 +2.3625e+00 +4.6815e+00 -2.4524e+00 +4.6094e+00
4 0 +2.065569203e+03 +1.603479203e+03 +1.603479203e+03 -3.6145e+00 +2.7801e+00 +4.0097e+00 +7.0696e-01 +4.7061e+00 -1.0725e+00 -3.3514e+00 +8.2256e-01 -4.0609e-01 +4.5084e+00 -2.7911e+00 +3.5368e+00 +6.1520e-01 -9.2389e-01 +1.9884e+00 +4.9323e-01 +3.4836e+00 +1.6275e+00 -2.2082e+00 -1.3921e+00
6 0 +1.751441940e+03 +1.289351940e+03 +1.289351940e+03 -4.0148e+00 -5.3581e-01 +3.4274e+00 -1.9977e+00 +4.5286e-01 +4.5889e+00 -1.1771e+00 -4.6082e+00 -1.5615e+00 +2.6790e+00 -3.1517e+00 +7.2947e-01 +1.4644e+00 +2.6047e+00 -8.6495e-01 +2.7666e-01 +1.8069e+00 -2.0052e+00 -4.8462e+00 -1.5700e+00
9 0 +1.668813354e+03 +1.206723354e+03 +1.206723354e+03 +4.1593e+00 +4.9009e+00 +4.9688e+00 +2.8206e+00 +4.9644e+00 +3.5884e+00 +2.5796e+00 -4.6356e-01 +2.4841e+00 -3.8748e+00 -4.7924e+00 -4.4158e+00 -3.5090e+00 +2.7846e+00 +4.0379e+00 -3.8117e+00 +1.9160e+00 -2.1984e+00 -3.6799e+00 +4.8822e-01
17 0 +1.213322789e+03 +7.512327895e+02 +7.512327895e+02 +4.7148e+00 +3.1762e+00 +7.2351e-02 +2.1315e+00 +3.1437e+00 +3.9333e+00 -1.6276e+00 -4.0996e+00 +4.0141e+00 -4.2821e+00 -1.8017e-01 -7.5028e-01 -2.3137e+00 -2.2823e+00 -1.1598e+00 -3.5810e+00 -5.4521e-01 -1.9242e+00 -4.3290e+00 -4.8274e+00
21 0 +1.148903244e+03 +6.868132445e+02 +6.868132445e+02 -2.4600e+00 -4.2054e+00 +1.6044e+00 -1.1384e-01 +1.5418e-01 -4.2267e-01 +9.9233e-01 -3.2432e+00 -3.4494e+00 -9.4644e-01 -1.1999e+00 -2.9384e+00 -3.2332e+00 +1.1787e+00 -1.7493e-01 -4.9606e+00 +4.1305e+00 +2.5632e+00 -2.8237e+00 +3.6991e+00
25 0 +1.063487112e+03 +6.013971117e+02 +6.013971117e+02 -3.7810e+00 -2.1545e+00 -3.5858e+00 -5.6662e-02 -1.2541e+00 -1.3507e+00 +4.8986e+00 -2.3266e+00 +4.0956e+00 -1.8485e+00 -4.6232e+00 -2.5933e+00 +1.3375e+00 +1.4636e+00 +1.0872e+00 -3.7546e+00 -9.2682e-01 +3.2403e+00 -4.0412e+00 -3.6116e+00
43 0 +6.567648658e+02 +1.946748658e+02 +1.946748658e+02 +3.5774e+00 +4.9551e+00 +1.1457e+00 -2.9618e+00 -1.9412e+00 -1.1425e-01 +9.6842e-01 +1.4391e+00 +4.5829e+00 -1.4395e+00 -2.2229e+00 -1.4834e-01 -5.5638e-01 -4.3429e+00 -9.5396e-01 -2.9981e-01 -3.8568e+00 +3.6361e+00 -1.9802e+00 +1.9223e+00
104 0 +6.218054962e+02 +1.597154962e+02 +1.597154962e+02 -1.3305e+00 -2.4917e+00 +1.5186e+00 -6.4665e-01 -2.3783e-01 -3.6497e-01 +9.8786e-01 -2.3672e+00 -1.9467e+00 -1.0387e+00 -1.3913e+00 -2.4164e+00 -2.7324e+00 +1.4573e-01 -3.2068e-01 -4.0886e+00 +2.6363e+00 +2.7639e+00 -2.6659e+00 +3.3667e+00
105 0 +4.526603906e+02 -9.429609440e+00 -9.429609440e+00 +2.4479e+00 +3.2413e+00 +1.2315e+00 -2.4290e+00 -1.5492e+00 -1.7195e-01 +9.7289e-01 +5.6312e-01 +3.0802e+00 -1.3473e+00 -2.0316e+00 -6.7031e-01 -1.0572e+00 -3.3099e+00 -8.0822e-01 -1.1718e+00 -2.3625e+00 +3.4354e+00 -2.1380e+00 +2.2547e+00
206 0 +3.414547422e+02 -1.206352578e+02 -1.206352578e+02 +1.3843e+00 +1.3710e+00 +1.4064e+00 -1.9939e+00 -1.0119e+00 -1.8452e-01 +9.3362e-01 -2.5266e-01 +1.4394e+00 -1.2434e+00 -1.7335e+00 -1.0848e+00 -1.5210e+00 -2.1785e+00 -5.1496e-01 -2.0534e+00 -7.4288e-01 +2.9953e+00 -2.2402e+00 +2.5219e+00
% f evaluations | g evaluations | best noise-free fitness - Fopt (7.766000000000e+01) + sum g_i+ | measured fitness | best measured fitness or single-digit g-values | x1 | x2...
1 0 +6.162314185e+03 +6.239974185e+03 +6.239974185e+03 -1.9800e-01 +3.8530e+00 +4.9823e+00 +1.7329e+00 -7.6169e-01 +2.3300e+00 +1.3546e+00 -2.3154e+00 +4.4014e+00 -4.4077e+00 -3.3477e+00 +2.9890e+00 -2.9667e-01 -2.0068e+00 -4.7992e+00 +2.8520e+00 -1.2190e+00 +3.1514e-01 +2.8200e-01 +3.8305e+00
2 0 +1.385619026e+03 +1.463279026e+03 +1.463279026e+03 +2.7664e+00 +6.6996e-01 -4.5416e+00 +2.2614e+00 +3.8375e+00 +1.3711e+00 -3.0980e+00 +4.3729e+00 +3.3312e+00 -3.0162e+00 +1.7621e+00 -3.9022e-01 -3.1729e+00 -2.1532e+00 -1.3971e+00 -2.0766e+00 -3.3716e+00 -3.3549e+00 -3.6285e+00 +3.1421e-01
4 0 +1.041534087e+03 +1.119194087e+03 +1.119194087e+03 +1.4026e+00 +4.4478e+00 -4.2358e+00 -1.3775e+00 -4.9676e+00 -3.3265e+00 +1.2732e-01 -2.0773e+00 +2.4129e+00 -6.2711e-01 -3.5307e+00 -1.9208e+00 +4.5982e+00 -2.4564e+00 -3.5025e+00 -9.5711e-01 -3.9607e+00 -4.7583e+00 -1.5211e+00 -4.8977e+00
9 0 +9.222664419e+02 +9.999264419e+02 +9.999264419e+02 -2.2753e+00 +2.9743e-01 -2.9047e+00 -8.8082e-01 +2.4670e-02 -5.8537e-01 -2.6769e-01 -3.8108e+00 -1.6564e+00 +6.4357e-01 +9.1576e-01 -2.8806e+00 -7.3112e-01 +2.4146e-01 -4.6038e+00 +4.4494e+00 -3.7264e+00 -2.5758e+00 -2.9070e+00 -3.0030e+00
53 0 +7.497418138e+02 +8.274018138e+02 +8.274018138e+02 +7.6429e-01 +4.3655e+00 -1.5562e-01 -1.3264e+00 -7.9121e-01 +1.7987e+00 -2.3405e+00 -2.6293e+00 -8.4311e-01 -3.3973e+00 -2.7637e+00 -3.4414e+00 -1.2731e+00 -3.9603e+00 +5.0300e-01 +1.6941e+00 +1.1870e+00 -1.8437e+00 -9.5017e-01 -4.8490e+00
58 0 +6.080903501e+02 +6.857503501e+02 +6.857503501e+02 -7.7005e-01 -7.2082e-01 -2.3394e+00 +1.2642e+00 +1.2778e+00 -1.2213e-01 -2.2413e+00 -1.6773e+00 -3.0709e+00 +2.9268e-01 +2.2045e+00 -5.2952e-02 +1.3316e+00 +5.5662e-01 -4.2119e+00 +6.4272e-01 -4.0297e+00 -3.4675e+00 +2.6276e-01 -1.9249e+00
59 0 +5.910250674e+02 +6.686850674e+02 +6.686850674e+02 -3.7635e-01 -9.8715e-01 -2.1916e+00 +1.8253e+00 +1.6055e+00 -9.7253e-04 -2.7576e+00 -1.1193e+00 -3.4409e+00 +2.0090e-01 +2.5416e+00 +6.8661e-01 +1.8711e+00 +6.3905e-01 -4.1094e+00 -3.5292e-01 -4.1090e+00 -3.7008e+00 +1.0918e+00 -1.6430e+00
314 0 +5.248494906e+02 +6.025094906e+02 +6.025094906e+02 -7.2586e-01 -6.6869e-01 -2.2196e+00 +1.2796e+00 +1.3187e+00 -6.9692e-02 -2.1333e+00 -1.5818e+00 -2.9434e+00 +1.8220e-01 +2.2179e+00 -2.4794e-02 +1.4013e+00 +6.7734e-01 -4.1374e+00 +6.3515e-01 -1.3880e+00 -3.3119e+00 +3.6823e-01 -1.8472e+00
463 0 +5.174661435e+02 +5.951261435e+02 +5.951261435e+02 -7.2586e-01 -6.6869e-01 -2.2196e+00 +1.2796e+00 +1.3187e+00 -6.9692e-02 -5.5064e-01 -1.5818e+00 -2.9434e+00 +1.8220e-01 +2.2179e+00 -2.4794e-02 +1.4013e+00 +6.7734e-01 -4.1374e+00 +6.3515e-01 -1.3880e+00 -3.3119e+00 +3.6823e-01 -1.8472e+00
% f evaluations | g evaluations | best noise-free fitness - Fopt (1.156800000000e+02) + sum g_i+ | measured fitness | best measured fitness or single-digit g-values | x1 | x2...
1 0 +1.382945097e+03 +1.498625097e+03 +1.498625097e+03 +2.4071e+00 -4.8266e+00 -1.6941e+00 -2.6780e+00 +1.8214e+00 +3.6907e+00 +2.0075e+00 -1.2018e+00 -2.7345e+00 -2.8891e+00 +4.6011e+00 -4.6061e+00 -2.6401e+00 -4.7370e+00 +4.9643e-01 -4.0293e+00 +3.3014e+00 +4.9595e-01 +3.1921e+00 -4.0525e+00
5 0 +1.320446690e+03 +1.436126690e+03 +1.436126690e+03 +7.0570e-02 -4.0947e-01 +7.0577e-01 -2.2638e+00 +3.2221e+00 -4.6704e+00 -4.2478e+00 +2.9525e+00 +7.6385e-01 +2.6761e+00 -1.0832e+00 -3.6122e+00 -4.1590e+00 -9.3879e-01 -4.3362e+00 +3.8632e+00 -1.6513e+00 +3.7458e-02 -1.1275e+00 -2.2792e+00
21 0 +1.048328361e+03 +1.164008361e+03 +1.164008361e+03 +3.2946e+00 +3.8795e+00 +2.4821e+00 +4.4318e+00 +4.4458e+00 +2.9751e+00 +3.0090e+00 +2.3814e+00 -1.8360e+00 -2.6545e-01 +4.4272e+00 -1.5053e+00 -3.7385e+00 -2.9962e+00 +9.4387e-01 -1.3655e+00 -3.5699e+00 +1.7476e+00 +4.4751e+00 -2.1446e+00
52 0 +1.040966679e+03 +1.156646679e+03 +1.156646679e+03 -4.0606e+00 +4.4611e+00 +1.4446e+00 -1.4021e+00 +3.2778e+00 -2.1152e+00 -1.1447e+00 +4.5903e+00 -2.2450e+00 +7.3591e-01 -2.4855e+00 -1.1211e+00 -3.1423e+00 +3.4872e+00 -2.2516e+00 -2.9531e+00 +1.7429e+00 +1.9905e-01 -8.5933e-01 -1.9397e+00
104 0 +9.056313002e+02 +1.021311300e+03 +1.021311300e+03 +5.2019e-01 -1.5722e+00 -1.2289e+00 -2.5806e+00 +1.5218e+00 -2.3521e+00 -4.0684e+00 +2.1749e+00 -1.7940e+00 +2.8974e+00 -1.4497e+00 -2.5310e+00 -2.4572e+00 -2.6765e+00 -3.3684e+00 -3.2478e-02 -5.2147e-01 +1.3734e+00 -1.2049e-01 +1.3302e+00
204 0 +8.041887234e+02 +9.198687234e+02 +9.198687234e+02 +2.9560e+00 +3.0665e+00 +1.6236e+00 +3.5206e+00 +3.6006e+00 +1.6465e+00 +8.9281e-01 +2.7840e+00 -2.2101e+00 +1.0788e+00 +3.2403e+00 -2.3411e+00 -2.4145e+00 -7.3654e-01 +1.3890e+00 -3.5522e-01 -3.7249e+00 +1.9096e+00 +1.9743e+00 -1.2669e+00
357 0 +7.902837747e+02 +9.059637747e+02 +9.059637747e+02 +5.1370e-01 -1.0014e+00 -5.6559e-01 -2.2628e+00 +2.0226e+00 -2.3982e+00 -3.8438e+00 +2.3103e+00 -1.3781e+00 +2.7369e+00 -1.2593e+00 -2.6462e+00 -2.6408e+00 -2.3236e+00 -3.1383e+00 +7.7562e-01 -9.9142e-01 +1.1982e+00 -3.3231e-01 +2.8890e-01
402 0 +7.727327223e+02 +8.884127223e+02 +8.884127223e+02 +5.1156e-01 -8.1304e-01 -3.4665e-01 -2.1580e+00 +2.1879e+00 -2.4134e+00 -3.7697e+00 +2.3550e+00 -1.2408e+00 +2.6839e+00 -1.1964e+00 -2.6842e+00 -2.7014e+00 -2.2071e+00 -3.0624e+00 +1.0423e+00 -1.1465e+00 +1.1404e+00 -4.0223e-01 -5.4792e-02
407 0 +7.181960753e+02 +8.338760753e+02 +8.338760753e+02 +6.4869e-01 -7.5649e-01 -4.4690e-01 -1.9497e+00 +2.0437e+00 -2.1207e+00 -3.6479e+00 +2.3434e+00 -1.5008e+00 +2.6694e+00 -1.0685e+00 -2.6378e+00 -2.4857e+00 -2.1277e+00 -2.7456e+00 +7.5216e-01 -1.1981e+00 +1.2867e+00 -3.5233e-01 +2.1136e-01
456 0 +6.681624575e+02 +7.838424575e+02 +7.838424575e+02 +1.8629e+00 +1.0663e+00 +5.6711e-01 +8.1322e-01 +2.9369e+00 +1.1887e+00 -6.4311e-01 +2.2748e+00 -1.8143e+00 +1.3666e+00 +1.3945e+00 -2.0346e+00 -3.0773e+00 -2.8312e+00 -1.2814e+00 -6.7762e-01 -1.9968e+00 +1.5545e+00 +2.1036e+00 -3.5148e-01
457 0 +6.454939542e+02 +7.611739542e+02 +7.611739542e+02 +1.9519e+00 +1.2410e+00 +6.8606e-01 +1.0380e+00 +3.0306e+00 +1.2997e+00 -4.1626e-01 +2.2814e+00 -1.8157e+00 +1.2653e+00 +1.5829e+00 -2.0017e+00 -3.1183e+00 -2.8415e+00 -1.1432e+00 -7.2035e-01 -2.0945e+00 +1.5665e+00 +2.2509e+00 -4.6286e-01
514 0 +6.303267050e+02 +7.460067050e+02 +7.460067050e+02 +1.9519e+00 +1.2410e+00 +6.8606e-01 +1.0380e+00 +3.0306e+00 +4.4736e-01 -4.1626e-01 +2.2814e+00 -1.8157e+00 +1.2653e+00 +1.5829e+00 -2.0017e+00 -3.1183e+00 -2.8415e+00 -1.1432e+00 -7.2035e-01 -2.0945e+00 +1.5665e+00 +2.2509e+00 -4.6286e-01
704 0 +6.092023954e+02 +7.248823954e+02 +7.248823954e+02 +1.8749e+00 +1.8016e+00 +1.3646e+00 +1.2665e+00 +3.5598e+00 +2.4318e-01 -3.1870e-01 +2.4263e+00 -1.3048e+00 +1.1428e+00 +1.6846e+00 -2.1245e+00 -3.2808e+00 -2.3993e+00 -9.3401e-01 +2.5740e-01 -2.6041e+00 +1.3673e+00 +1.8861e+00 -1.6179e+00
% f evaluations | g evaluations | best noise-free fitness - Fopt (-3.710000000000e+00) + sum g_i+ | measured fitness | best measured fitness or single-digit g-values | x1 | x2...
1 0 +2.123358534e+03 +2.119648534e+03 +2.119648534e+03 +1.5054e+00 -4.2691e-01 -6.6604e-01 +4.0445e+00 +3.0923e+00 -2.8823e+00 +3.5517e+00 +3.7529e+00 +3.4975e+00 +4.7910e+00 +4.3826e-01 -6.5465e-01 +8.6761e-01 -8.8925e-01 -3.9734e+00 -2.1912e+00 -2.4142e+00 +4.0344e-02 -2.0652e+00 +1.4192e+00
2 0 +1.028875198e+03 +1.025165198e+03 +1.025165198e+03 +6.7616e-01 -3.7446e+00 -9.6510e-01 +1.6118e+00 -2.8374e+00 -3.8122e+00 -2.6478e+00 +2.5648e+00 -1.9711e+00 -1.3330e+00 -3.7354e+00 -1.5582e+00 +1.8644e+00 -5.8230e-01 +1.9737e+00 -2.2870e+00 -2.4476e+00 +4.2253e+00 +4.8875e+00 -4.5204e+00
19 0 +8.386304905e+02 +8.349204905e+02 +8.349204905e+02 +3.4027e+00 -4.3910e+00 -3.3260e+00 -4.7113e+00 +3.9434e+00 -3.5030e+00 +5.6535e-01 +1.6832e+00 -1.1207e+00 -2.5669e+00 +4.7148e-01 -3.1993e+00 +3.6389e+00 +5.3499e-01 +1.9693e-01 -2.3609e-01 -4.1222e-01 -3.8239e-01 +1.6047e+00 -2.5788e+00
54 0 +7.792524781e+02 +7.755424781e+02 +7.755424781e+02 +3.1186e+00 -4.0340e+00 -3.2361e+00 -4.5633e+00 +3.6822e+00 -3.3538e+00 +5.4984e-01 +1.2885e+00 -1.1005e+00 -2.6918e+00 +6.0675e-01 -2.8941e+00 +2.9842e+00 +4.5939e-01 +3.3187e-01 -5.2904e-01 -3.9873e-01 -1.7539e-01 +1.5746e+00 -2.3106e+00
56 0 +7.029169231e+02 +6.992069231e+02 +6.992069231e+02 +2.0775e+00 -4.0768e+00 -2.1786e+00 -1.6381e+00 +6.4777e-01 -3.6532e+00 -9.9634e-01 +2.1117e+00 -1.5340e+00 -1.9672e+00 -1.5732e+00 -2.4017e+00 +2.7764e+00 -8.0402e-03 +1.0605e+00 -1.2329e+00 -1.4015e+00 +1.8571e+00 +3.2002e+00 -3.5225e+00
% f evaluations | g evaluations | best noise-free fitness - Fopt (1.321800000000e+02) + sum g_i+ | measured fitness | best measured fitness or single-digit g-values | x1 | x2...
1 0 +2.133846191e+03 +2.266026191e+03 +2.266026191e+03 -3.0179e+00 +4.1290e+00 +4.3541e+00 +2.8203e+00 +3.1524e-01 +8.2345e-01 +1.6711e+00 -2.9431e+00 -2.0287e+00 -3.2547e+00 +3.4338e+00 -4.2489e+00 -7.9553e-01 +3.3310e-02 -4.0615e+00 +1.5021e+00 -4.8806e+00 -3.6298e+00 +3.3561e+00 +3.4222e+00
4 0 +1.247524416e+03 +1.379704416e+03 +1.379704416e+03 -7.7245e-01 -2.7594e-01 +4.8969e-01 -1.6859e+00 +6.8764e-01 -1.5060e+00 +1.7487e+00 -1.1069e+00 +8.6931e-01 -3.5568e-01 +3.2508e-01 +2.3500e+00 +3.7322e+00 +2.4388e+00 -3.9471e+00 -3.4752e+00 +3.4813e+00 -3.7943e+00 -4.1391e+00 +3.4042e+00
5 0 +1.182663668e+03 +1.314843668e+03 +1.314843668e+03 +2.9352e+00 +4.2626e+00 -9.9150e-01 -1.9848e-01 +2.8791e+00 -3.7503e+00 -4.9115e+00 +1.0052e+00 +2.4932e+00 -2.0008e+00 +8.6112e-01 -1.8214e+00 -3.9529e+00 -1.1337e+00 -2.8535e+00 +8.6064e-01 -3.3512e+00 -2.3350e-01 -1.3595e-01 +4.5712e+00
7 0 +1.066210676e+03 +1.198390676e+03 +1.198390676e+03 +1.3657e-02 +1.3703e+00 +4.7103e+00 -1.6218e+00 -1.2606e-01 -3.3495e+00 +3.7158e+00 -2.0920e+00 +3.2984e-02 -1.3157e+00 +5.0085e-01 -3.8594e+00 +8.0664e-02 +4.9597e+00 +2.0590e-01 -2.3764e+00 +4.5362e-01 +3.1531e+00 +7.4009e-01 -1.0905e+00
30 0 +9.334521055e+02 +1.065632106e+03 +1.065632106e+03 -3.7601e+00 +1.5842e+00 +2.5372e+00 +5.9932e-01 +4.4783e+00 -3.1843e-01 -3.4677e+00 +2.1161e+00 -3.8867e+00 -1.2672e+00 +5.2638e-01 +3.6530e+00 +2.6189e+00 -4.4211e+00 -4.0340e+00 -6.4173e-01 +7.3441e-01 +1.8847e+00 -4.7283e-02 +2.9985e+00
54 0 +7.924523308e+02 +9.246323308e+02 +9.246323308e+02 -7.6986e-01 +8.7759e-01 +3.8804e+00 -2.0456e+00 -8.0831e-02 -2.4492e+00 +2.2388e+00 -1.4273e+00 -6.1222e-01 -1.6957e+00 +3.1135e-01 -2.6680e+00 +9.2612e-01 +3.7279e+00 -1.6713e-01 -2.0371e+00 +7.9036e-01 +2.7905e+00 +5.7237e-01 -6.4106e-01
58 0 +6.855310035e+02 +8.177110035e+02 +8.177110035e+02 +1.6765e+00 -3.7639e-01 -5.0803e-01 -1.0554e+00 +1.2726e+00 -2.0307e+00 -2.1828e+00 +1.9203e-01 -1.4925e-01 +5.6932e-01 +5.0695e-01 +1.3498e+00 -1.5964e+00 -2.7816e-01 -3.2398e+00 -2.0049e+00 -1.0393e+00 +5.6143e-01 +8.0231e-01 +1.6143e+00
105 0 +5.897136980e+02 +7.218936980e+02 +7.218936980e+02 -3.1834e+00 -1.1880e+00 -1.1697e-01 -1.2539e+00 +2.0605e+00 -1.4999e+00 -3.2745e+00 +1.4886e+00 -1.7772e-01 -2.9615e-01 -3.5732e-01 +2.5571e-01 +1.6761e+00 -1.8625e+00 -6.4910e-01 +8.3386e-01 +8.4546e-01 +1.9548e+00 -1.6679e+00 -4.2049e-01
452 0 +5.539183793e+02 +6.860983793e+02 +6.860983793e+02 -1.1747e+00 -4.3291e-01 +6.1905e-01 +2.7720e-03 +2.9701e+00 -9.3704e-01 -1.0338e+00 +2.3519e+00 -1.2508e+00 -6.1279e-01 -3.1964e-01 +1.1614e+00 +1.2024e+00 -1.1423e+00 -2.9678e+00 -3.8499e-01 +8.3822e-01 +8.3934e-01 -7.3333e-01 +1.7815e+00
1163 0 +5.384089753e+02 +6.705889753e+02 +6.705889753e+02 -1.1747e+00 -4.3291e-01 +6.1905e-01 +2.7720e-03 +1.2133e+00 -9.3704e-01 -4.5980e-01 +2.3519e+00 -1.2508e+00 -6.1279e-01 -3.1964e-01 +1.1614e+00 +1.2024e+00 -1.1423e+00 -2.9678e+00 -3.8499e-01 +8.3822e-01 +8.3934e-01 -7.3333e-01 +1.7815e+00
1306 0 +5.331817619e+02 +6.653617619e+02 +6.653617619e+02 -1.3916e+00 -2.6907e-01 +7.5851e-01 +5.6753e-02 +1.4760e+00 -8.6873e-01 -6.0062e-01 +2.3227e+00 -1.4654e+00 -6.5698e-01 -2.5245e-01 +1.3648e+00 +1.3154e+00 -1.4248e+00 -3.0541e+00 -3.9584e-01 +8.2107e-01 +8.3261e-01 -6.6595e-01 +1.8721e+00
% f evaluations | g evaluations | best noise-free fitness - Fopt (-3.930000000000e+01) + sum g_i+ | measured fitness | best measured fitness or single-digit g-values | x1 | x2...
1 0 +1.616895361e+03 +1.577595361e+03 +1.577595361e+03 -3.7076e+00 -2.5206e+00 +9.8106e-01 +1.1363e-01 +4.5040e+00 +4.8493e+00 +4.5439e-01 +1.8599e+00 +2.6860e+00 +4.6797e-01 -2.3197e+00 -3.8339e+00 -4.7190e+00 -3.5277e-01 -1.2802e+00 +1.3358e+00 +2.0310e+00 +1.4833e+00 -4.8554e+00 +2.9414e-01
6 0 +1.480357017e+03 +1.441057017e+03 +1.441057017e+03 +2.1666e+00 -2.3014e-01 +1.1635e+00 +1.3674e+00 +3.2166e+00 +3.5779e+00 +2.6877e+00 -5.5992e-01 -1.5392e+00 +2.1896e+00 -2.1475e-01 -2.7213e+00 +4.7567e+00 +1.2625e+00 -3.8790e+00 -1.1852e-01 -1.2743e+00 +3.0297e+00 +3.6416e+00 -3.4901e+00
12 0 +1.089731102e+03 +1.050431102e+03 +1.050431102e+03 -3.3048e+00 +2.4325e+00 -1.0180e+00 -3.7945e-01 -4.2402e+00 +3.1648e+00 -6.6009e-01 -4.0019e+00 -2.6878e+00 -1.0635e+00 +3.7716e+00 -2.1769e+00 +2.7985e+00 +1.4582e+00 -2.7575e+00 -1.1144e+00 +3.5551e+00 +1.9017e+00 -2.6848e+00 -1.4323e+00
14 0 +1.060439786e+03 +1.021139786e+03 +1.021139786e+03 -3.9256e+00 -9.5443e-02 +1.7298e+00 +2.0015e+00 -1.2538e+00 +4.8990e+00 +4.9694e+00 +1.5703e+00 +2.2548e+00 -1.6742e+00 +2.8344e+00 -3.3103e+00 +1.9731e+00 -2.7053e-01 +9.2210e-01 +1.1806e+00 -8.5942e-03 +3.1416e+00 -4.7731e+00 -4.6715e+00
21 0 +1.031101068e+03 +9.918010683e+02 +9.918010683e+02 -1.9491e+00 -1.3407e+00 +1.9290e+00 -1.9123e+00 +3.0962e+00 +4.9441e-01 -2.7861e+00 +3.7026e-01 -2.7301e+00 -2.6674e+00 +3.0916e+00 +4.7998e+00 +1.1208e+00 -1.0935e+00 -2.0915e+00 -1.3342e+00 +1.6596e+00 -4.4100e+00 -1.0238e+00 -3.5554e+00
30 0 +7.266207751e+02 +6.873207751e+02 +6.873207751e+02 +4.8543e+00 +3.9253e+00 -3.9230e+00 +3.1358e+00 -1.6438e+00 -3.3659e+00 +4.3613e+00 -1.3344e+00 +1.8503e+00 -2.5719e-01 +3.6180e+00 +4.4455e+00 +1.8577e+00 -9.0999e-01 -4.8864e+00 -2.0592e+00 +2.6687e+00 -3.7341e-01 -5.8097e-01 -4.9888e+00
59 0 +7.231076810e+02 +6.838076810e+02 +6.838076810e+02 -4.0949e+00 -8.3552e-01 +8.9053e-01 +4.0295e+00 +8.6203e-01 -3.1071e-01 +3.1544e+00 +3.8833e+00 -2.7659e-01 -2.9884e+00 +7.0874e-01 -2.6325e+00 -2.8193e+00 -4.7904e-02 -4.1693e+00 +3.3492e+00 -3.3519e+00 +3.3059e+00 -2.6743e+00 -3.6208e+00
102 0 +6.714070519e+02 +6.321070519e+02 +6.321070519e+02 +4.5347e+00 +2.8400e+00 -3.2124e+00 +3.2746e+00 -1.8600e+00 -2.4641e+00 +3.8257e+00 -1.0225e+00 +1.1675e+00 -2.4032e-01 +2.9061e+00 +4.1963e+00 +1.0071e+00 -9.1901e-01 -4.3842e+00 -1.3658e+00 +2.4692e+00 -9.5985e-01 -2.7614e-01 -4.0496e+00
104 0 +4.064075539e+02 +3.671075539e+02 +3.671075539e+02 -9.8034e-01 +8.2140e-01 -7.8472e-01 +3.7185e+00 -1.0057e-02 -1.3740e+00 +3.5745e+00 +2.0674e+00 +4.6363e-01 -2.0378e+00 +1.7213e+00 -1.6914e-01 -1.1916e+00 -3.4794e-01 -4.4189e+00 +1.4669e+00 -1.2565e+00 +2.0254e+00 -1.9458e+00 -4.0969e+00
% f evaluations | g evaluations | best noise-free fitness - Fopt (4.296000000000e+01) + sum g_i+ | measured fitness | best measured fitness or single-digit g-values | x1 | x2...
1 0 +2.144982536e+03 +2.187942536e+03 +2.187942536e+03 +1.9315e+00 -1.1289e+00 +3.5109e+00 +2.2682e+00 +4.4181e+00 +1.2971e+00 -1.5661e+00 -3.1481e+00 +3.7703e-01 +8.4067e-01 +4.5547e+00 -3.8640e+00 -1.6695e+00 -3.4148e+00 -2.3801e+00 +3.1575e+00 -8.9376e-01 +4.5685e+00 +8.6836e-01 -1.3889e+00
7 0 +9.448147850e+02 +9.877747850e+02 +9.877747850e+02 +4.0282e+00 -3.2343e+00 -1.7081e+00 -3.0968e+00 -1.6742e+00 +1.4171e+00 -4.5253e+00 -4.8820e+00 -4.4669e+00 +6.6913e-01 +4.4987e+00 +2.5827e+00 -4.6429e+00 +4.5536e-02 +2.5650e+00 +2.2138e-02 -1.5298e+00 +3.8196e-01 -3.4959e+00 +6.5827e-01
19 0 +9.287808251e+02 +9.717408251e+02 +9.717408251e+02 +4.5706e+00 -9.2436e-01 -2.8196e+00 +1.6036e+00 -4.4396e-01 +4.3124e+00 +3.7335e+00 +1.5296e+00 +4.5382e+00 -3.1351e+00 -4.3378e+00 +4.9409e+00 +6.5567e-01 +3.3535e-01 -6.8675e-01 +3.5272e+00 +2.3874e+00 +3.7217e+00 -2.1535e+00 -3.9572e-01
20 0 +9.064485494e+02 +9.494085494e+02 +9.494085494e+02 -4.4140e+00 -1.1001e-01 -6.6403e-01 -5.7304e-02 -4.9187e+00 -2.5486e+00 -1.5229e+00 -3.0489e+00 -1.5833e+00 -2.0495e+00 +3.2016e+00 +1.6014e+00 +2.1219e+00 -2.3202e-01 -3.1095e+00 +1.8328e+00 +6.4342e-01 +3.3097e+00 -2.5862e+00 +4.5384e+00
28 0 +5.780739356e+02 +6.210339356e+02 +6.210339356e+02 +1.8646e+00 +2.7268e+00 +3.5024e+00 -4.5100e-01 -3.1134e+00 +3.8064e+00 +1.7777e+00 +1.8416e-01 +2.1624e+00 +3.5908e+00 -1.8642e+00 +2.5115e+00 -1.6639e+00 -2.4908e-01 -1.1560e+00 +2.0903e+00 +4.7038e-01 +5.3859e-01 -4.4798e+00 +9.9041e-01
102 0 +5.710590134e+02 +6.140190134e+02 +6.140190134e+02 +2.4646e-01 -1.2739e+00 -2.9190e+00 -1.5625e-01 +8.8951e-01 +1.6646e-01 +1.6129e+00 +8.5841e-01 +8.1921e-01 -3.2955e+00 -3.2344e+00 +2.0904e+00 -6.0497e-01 +1.6725e+00 +9.8539e-01 +1.9903e+00 +2.2164e+00 +2.4681e+00 -1.6042e+00 +1.8495e-01
103 0 +4.791083173e+02 +5.220683173e+02 +5.220683173e+02 -4.6244e-01 -1.4106e+00 -2.9542e+00 -1.4354e-01 +1.7040e+00 -9.8340e-01 +1.5022e+00 +1.3186e+00 +2.4798e-01 -3.3582e+00 -3.0741e+00 +1.3065e+00 -9.1010e-01 +1.7819e+00 +1.4759e+00 +1.6865e+00 +1.9314e+00 +1.9557e+00 -1.1057e+00 +6.9238e-01
108 0 +4.336715958e+02 +4.766315958e+02 +4.766315958e+02 +3.9461e-01 +1.0632e+00 +1.6298e+00 -1.9540e-01 -8.7306e-01 +1.0647e+00 +1.8926e+00 +1.0406e+00 +9.1116e-01 +1.1678e+00 -2.5407e+00 +1.2545e+00 -1.7473e+00 +7.1746e-01 +3.6160e-01 +1.7634e+00 +8.7427e-01 +6.7534e-01 -2.9870e+00 +1.4184e+00
208 0 +3.992725101e+02 +4.422325101e+02 +4.422325101e+02 -1.0251e+00 -3.8878e-01 -5.0940e-01 -6.6679e-01 +1.8303e-01 -6.0070e-01 +1.3113e+00 +6.2748e-01 -6.6866e-02 -1.2598e+00 -2.9395e+00 +8.0579e-01 -1.5467e+00 +1.8219e+00 +1.2995e+00 +1.5112e+00 +1.7608e+00 +1.4481e+00 -2.2920e+00 +9.3705e-01
704 0 +3.687935130e+02 +4.117535130e+02 +4.117535130e+02 +1.2922e+00 +1.7036e+00 +1.5031e+00 +5.0826e-02 -2.0402e+00 +1.1368e+00 +1.0368e+00 +7.7760e-01 +1.6760e+00 +1.2225e+00 -1.8084e+00 +1.2487e+00 -9.2496e-01 +1.0802e+00 -1.4374e-01 +1.7338e+00 +4.3722e-01 +1.4469e-01 -1.8960e+00 +5.5298e-01
% f evaluations | g evaluations | best noise-free fitness - Fopt (2.842200000000e+02) + sum g_i+ | measured fitness | best measured fitness or single-digit g-values | x1 | x2...
1 0 +1.539294860e+03 +1.823514860e+03 +1.823514860e+03 +2.7131e+00 +4.4328e+00 -4.0995e+00 +4.1587e+00 -4.8335e+00 -8.7963e-01 +2.0321e+00 -2.9526e+00 -2.3217e+00 -4.1520e+00 -4.8389e+00 +2.1534e-02 -1.3083e+00 -4.0030e+00 +1.2357e+00 +1.9799e+00 -4.4659e+00 +2.2131e+00 +2.3433e+00 +1.5648e-01
9 0 +1.286532368e+03 +1.570752368e+03 +1.570752368e+03 -1.8132e+00 +3.1590e+00 +2.4471e+00 -9.8464e-01 -3.3945e+00 +1.5372e+00 +6.6228e-01 +2.4800e+00 -2.8390e+00 +1.4484e+00 +3.0013e-01 +7.8640e-02 -1.1203e+00 +2.1038e+00 -4.1844e+00 -1.5853e+00 -7.0419e-01 -7.5320e-01 +3.0346e-02 -3.0281e+00
20 0 +9.434053114e+02 +1.227625311e+03 +1.227625311e+03 -1.2821e+00 +3.9540e+00 -3.6764e+00 -4.0630e+00 +3.0273e+00 -4.4088e+00 -2.5330e+00 +1.9427e+00 +3.1224e+00 -2.6027e+00 -2.3229e+00 +3.5683e+00 +2.5125e+00 -4.4687e+00 +1.9085e+00 +3.3375e+00 -1.8756e+00 +1.6639e-01 -1.3929e+00 -2.4453e+00
41 0 +8.556125233e+02 +1.139832523e+03 +1.139832523e+03 -3.6687e+00 -2.5752e+00 -4.9382e+00 +1.6236e+00 -4.2596e+00 +1.4411e+00 +6.7790e-01 +4.8628e+00 -4.5225e+00 +2.7414e+00 -1.8341e+00 -3.2576e+00 +1.6767e+00 -1.8920e+00 -1.8196e-02 +2.0278e+00 -3.6820e+00 -2.5564e+00 +2.5163e+00 -3.2284e+00
52 0 +7.929890740e+02 +1.077209074e+03 +1.077209074e+03 -3.6589e+00 -2.4473e+00 -4.8825e+00 +1.6054e+00 -4.1032e+00 +1.4528e+00 +6.8331e-01 +4.6357e+00 -4.3090e+00 +2.7135e+00 -1.6760e+00 -3.2938e+00 +1.6865e+00 -1.9002e+00 +6.7497e-02 +2.0611e+00 -3.6968e+00 -2.4560e+00 +2.3678e+00 -3.2351e+00
57 0 +7.472537303e+02 +1.031473730e+03 +1.031473730e+03 -1.8920e+00 -2.7872e+00 -3.5264e+00 +2.1899e+00 -3.3920e+00 +1.0514e+00 +3.5236e-01 +4.6777e+00 -3.7521e+00 +2.6344e+00 -1.4087e+00 -1.5680e+00 +3.4995e-01 -2.0111e+00 -7.5151e-01 +1.7496e+00 -3.5646e+00 -1.7487e+00 +2.9688e+00 -3.0079e+00
105 0 +7.223599846e+02 +1.006579985e+03 +1.006579985e+03 -2.0834e+00 -2.9277e+00 -3.3419e+00 +2.1910e+00 -3.2799e+00 +9.9480e-01 +4.2700e-01 +4.4981e+00 -3.6521e+00 +2.2591e+00 -1.1162e+00 -1.3954e+00 +1.4199e-01 -1.5613e+00 -1.0315e+00 +1.8283e+00 -3.0710e+00 -1.9387e+00 +2.6711e+00 -2.9979e+00
154 0 +6.966074611e+02 +9.808274611e+02 +9.808274611e+02 -2.0042e+00 -2.9027e+00 -3.3574e+00 +2.1888e+00 -3.2111e+00 +1.0075e+00 +4.6146e-01 +4.4906e+00 -3.6662e+00 +2.2382e+00 -1.0673e+00 -1.3300e+00 +1.5942e-01 -1.5510e+00 -1.0333e+00 +1.8352e+00 -3.0475e+00 -1.8744e+00 +2.6741e+00 -2.9154e+00
204 0 +6.674303865e+02 +9.516503865e+02 +9.516503865e+02 -2.6828e-01 -2.9224e+00 -3.8601e+00 +1.3738e+00 -2.1018e+00 +1.6845e+00 +2.1292e-01 +2.2397e+00 -3.8612e+00 +9.2663e-01 +8.9848e-01 -8.3061e-02 +1.2239e+00 -3.1965e-01 +7.1452e-01 +1.4162e+00 -2.7094e+00 -1.0968e-01 +5.8171e-01 -2.6719e+00
209 0 +6.575831756e+02 +9.418031756e+02 +9.418031756e+02 -5.1249e-01 -2.8613e+00 -3.7727e+00 +1.5672e+00 -2.2172e+00 +1.5483e+00 +3.5088e-01 +2.7707e+00 -3.8453e+00 +1.1987e+00 +5.3021e-01 -2.3952e-01 +1.0041e+00 -5.9605e-01 +2.8515e-01 +1.5337e+00 -2.7389e+00 -3.9439e-01 +1.0976e+00 -2.5457e+00
810 0 +6.420117774e+02 +9.262317774e+02 +9.262317774e+02 -8.6744e-01 -2.1816e+00 -4.6170e+00 +1.7079e+00 -2.0811e+00 +7.5764e-01 +1.2950e+00 +4.1604e+00 -4.4585e+00 +1.8319e+00 -1.3033e-01 -7.4259e-01 +1.5199e+00 -1.3082e+00 -2.9346e-01 +2.0196e+00 -2.4394e+00 -3.8943e-01 +2.3194e+00 -1.2311e+00
812 0 +6.256616060e+02 +9.098816060e+02 +9.098816060e+02 -7.7151e-01 -2.2619e+00 -4.5984e+00 +1.5356e+00 -2.0405e+00 +3.6144e-02 +1.0861e+00 +3.6944e+00 -4.4210e+00 +1.6106e+00 +2.7125e-01 -6.8022e-01 +1.6372e+00 -1.0076e+00 +4.0914e-02 +1.9069e+00 -2.1802e+00 -4.0711e-01 +1.8965e+00 -1.4462e+00
% f evaluations | g evaluations | best noise-free fitness - Fopt (-3.217000000000e+01) + sum g_i+ | measured fitness | best measured fitness or single-digit g-values | x1 | x2...
1 0 +1.085577879e+03 +1.053407879e+03 +1.053407879e+03 -3.4879e+00 -4.4298e+00 +3.0516e+00 -1.4101e+00 -1.3687e+00 +4.1516e-01 +2.2988e+00 -4.6160e+00 -1.3428e+00 +4.6697e-01 +4.5604e+00 -8.9741e-01 +3.6644e+00 -2.5778e+00 -6.0459e-01 +3.9899e-01 -3.0768e+00 +7.7124e-02 -3.0300e+00 +1.0396e+00
7 0 +9.789729866e+02 +9.468029866e+02 +9.468029866e+02 +4.2189e+00 -2.8810e+00 +2.5670e+00 -1.1973e+00 -2.7328e+00 -4.8552e+00 -4.3572e+00 +1.8421e+00 -3.4872e+00 +4.2336e-01 -3.6338e+00 -4.8608e+00 -2.1169e-02 +1.6209e+00 -1.1720e+00 -3.2390e+00 +1.0427e+00 -1.0785e+00 -1.1241e+00 -4.8252e+00
23 0 +8.850488143e+02 +8.528788143e+02 +8.528788143e+02 -1.8009e+00 +5.3690e-01 +2.3805e+00 +3.9323e+00 -1.5284e+00 +1.6508e+00 -3.1318e+00 +2.8760e+00 -4.6490e+00 -1.1993e+00 -5.9546e-01 +3.1226e+00 +1.1598e+00 +3.7363e+00 +1.0656e+00 +2.4629e-02 -2.6581e+00 -3.3144e+00 +7.7963e-01 -3.7010e+00
41 0 +8.368876449e+02 +8.047176449e+02 +8.047176449e+02 -3.0815e+00 -1.8862e+00 -1.7299e+00 -3.7058e+00 -3.3130e+00 -4.2734e+00 +3.8836e+00 -3.5006e+00 -3.2015e+00 -2.7307e+00 +8.3016e-01 -1.5005e+00 -3.1944e+00 +1.6372e+00 -1.4775e+00 -4.9444e+00 -1.5868e+00 -5.9594e-01 -3.0329e+00 -2.8970e+00
56 0 +7.962013139e+02 +7.640313139e+02 +7.640313139e+02 +3.7798e+00 +1.0743e+00 +2.0406e+00 +4.3149e+00 -1.8591e+00 -4.0283e+00 +8.9425e-01 +3.5236e-02 +7.1904e-01 -3.1496e-01 +1.6454e+00 -1.8715e-03 +3.2918e+00 +2.2107e+00 -1.7415e+00 -2.3617e+00 -3.3046e-01 -2.8486e+00 -7.0095e-01 +1.7544e+00
59 0 +7.400102129e+02 +7.078402129e+02 +7.078402129e+02 -1.2921e+00 -5.9286e-01 +2.1658e+00 +1.9291e+00 -3.7902e-01 +1.3927e+00 -2.6188e+00 +3.0073e+00 -4.4801e+00 -1.5702e+00 -1.4972e+00 +1.2883e+00 -5.9077e-01 +3.8479e+00 +1.8483e+00 +5.3399e-01 -2.3345e+00 -2.4098e+00 +2.3933e-02 -4.0611e+00
109 0 +6.702203850e+02 +6.380503850e+02 +6.380503850e+02 -3.6272e+00 -1.4105e-01 -5.8852e-01 -1.5380e+00 -8.0768e-01 -3.2830e+00 +1.4408e+00 -1.7056e+00 -3.8840e-01 -4.5185e-01 +1.1427e+00 -1.6525e+00 -3.2960e+00 +1.1059e+00 +9.2495e-01 -2.6269e+00 -1.6048e+00 +7.8457e-01 -3.2690e+00 -1.9242e+00
154 0 +5.615445477e+02 +5.293745477e+02 +5.293745477e+02 +3.5782e-01 -1.5426e+00 +1.7335e-01 -3.9250e-01 +6.4213e-01 -1.6730e+00 -1.3524e+00 +2.1469e+00 +1.0307e+00 +1.0739e+00 +1.6256e+00 +1.6735e+00 +2.2717e+00 +2.9408e+00 -2.4582e+00 -3.3660e+00 -2.3437e+00 -1.3647e+00 -2.9177e+00 -2.8803e-01
155 0 +4.824864636e+02 +4.503164636e+02 +4.503164636e+02 +6.3841e-01 -1.3316e+00 +3.2868e-01 -9.0713e-03 +4.3952e-01 -1.8642e+00 -1.1744e+00 +1.9672e+00 +9.9886e-01 +9.5890e-01 +1.6203e+00 +1.5294e+00 +2.3583e+00 +2.8833e+00 -2.4048e+00 -3.2795e+00 -2.1867e+00 -1.4873e+00 -2.7349e+00 -1.2380e-01
159 0 +4.552398057e+02 +4.230698057e+02 +4.230698057e+02 -2.5566e+00 -3.4820e-01 +6.7426e-01 +5.1559e-02 -6.1115e-01 -1.1393e+00 -4.2042e-01 +4.5515e-01 -2.2643e+00 -9.6457e-01 -6.7619e-02 -3.0423e-01 -2.0557e+00 +2.3631e+00 +1.3483e+00 -1.1777e+00 -1.9394e+00 -6.7997e-01 -1.7593e+00 -2.9039e+00
% f evaluations | g evaluations | best noise-free fitness - Fopt (-5.858000000000e+01) + sum g_i+ | measured fitness | best measured fitness or single-digit g-values | x1 | x2...
1 0 +1.615705143e+03 +1.557125143e+03 +1.557125143e+03 +4.9286e-01 -3.0564e+00 -2.2278e+00 -3.9063e+00 -1.9080e+00 +1.3745e+00 -2.1811e+00 +3.6354e+00 +2.4132e+00 +3.5819e+00 +4.0873e+00 +1.6280e+00 -1.4443e-01 +4.6070e+00 +4.4102e-01 +3.9113e+00 +3.8455e+00 +1.6528e+00 -7.7393e-01 +5.8012e-01
4 0 +8.758367756e+02 +8.172567756e+02 +8.172567756e+02 +2.5866e+00 +1.8754e+00 -1.8158e+00 -1.4141e+00 +3.0751e-01 -4.1773e+00 -2.4732e+00 +3.2168e+00 -2.8456e+00 -7.6969e-02 +4.3112e+00 +4.4092e-01 -4.9613e+00 -4.5539e+00 +3.4859e+00 +3.7375e+00 -6.7439e-01 +2.4130e+00 +4.7567e+00 +3.0521e+00
33 0 +8.667147297e+02 +8.081347297e+02 +8.081347297e+02 +4.8503e+00 -1.2956e+00 -4.2626e+00 -2.0766e+00 -4.2102e+00 +9.9166e-01 -1.4077e+00 +3.6971e+00 +2.3749e+00 -4.4157e+00 +3.9607e+00 +2.1778e+00 +9.3170e-01 +3.8063e+00 +4.4103e+00 +4.1749e+00 -4.9501e+00 +2.5212e+00 +1.0339e-01 -3.0945e+00
105 0 +7.719372713e+02 +7.133572713e+02 +7.133572713e+02 -2.4676e+00 -3.9636e-01 +3.7487e+00 -3.0604e+00 -7.8094e-01 -1.4027e+00 -9.1686e-01 -7.1749e-01 -1.2726e+00 -3.0830e+00 -5.1664e-02 -2.1920e+00 -3.6303e+00 -4.2431e-01 -2.4667e+00 +2.7882e+00 -4.0605e+00 +7.9214e-01 +1.4296e+00 -2.9203e+00
106 0 +6.241147157e+02 +5.655347157e+02 +5.655347157e+02 -3.0967e+00 -4.9752e-01 +2.9445e+00 -2.4093e+00 -5.8408e-01 -1.0965e+00 -1.3085e+00 -6.8244e-01 -7.1410e-01 -2.9234e+00 +7.5683e-01 -2.4387e-01 -3.6424e+00 -1.7262e+00 -1.4959e+00 +2.2645e+00 -3.2017e+00 +1.6971e+00 +2.2098e+00 -1.7385e+00
159 0 +5.992339340e+02 +5.406539340e+02 +5.406539340e+02 -1.7894e+00 +4.6905e-01 +2.0184e+00 -2.2888e+00 +1.6029e-01 -1.0949e+00 -1.7686e+00 -3.0667e-01 -6.5291e-01 -2.3934e+00 +5.4970e-01 +4.5125e-01 -2.5114e+00 -2.0056e+00 -6.2942e-01 +1.1774e+00 -2.3193e+00 +1.6103e+00 +2.3413e+00 -6.4162e-01
% f evaluations | g evaluations | best noise-free fitness - Fopt (-6.049200000000e+02) + sum g_i+ | measured fitness | best measured fitness or single-digit g-values | x1 | x2...
1 0 +1.876322854e+03 +1.271402854e+03 +1.271402854e+03 +3.0973e+00 -4.5340e+00 +1.6101e+00 +8.4279e-01 -3.6543e+00 -4.0232e+00 -1.7930e+00 -5.0478e-01 +1.2599e-01 -4.3092e+00 +3.9601e+00 +6.3958e-01 +1.7668e+00 -1.0798e-01 +2.0256e+00 +4.7693e+00 -2.5745e+00 +1.2960e+00 +1.1243e+00 -2.3917e+00
3 0 +1.796901956e+03 +1.191981956e+03 +1.191981956e+03 -3.0178e-01 -2.6734e+00 +4.7001e-01 +4.1320e+00 +3.0417e+00 -1.7987e+00 +2.2025e+00 +4.8551e+00 -3.3408e-01 +8.8401e-02 +2.8119e+00 +4.3831e-01 -4.5831e+00 +3.0277e+00 +4.3385e-01 -1.4703e+00 +4.3713e+00 -2.4915e+00 +1.8662e+00 -1.2765e+00
5 0 +1.139217579e+03 +5.342975792e+02 +5.342975792e+02 +2.8104e+00 +1.9806e+00 -1.3994e+00 -3.7967e+00 -2.8524e+00 +3.1920e+00 -1.9673e+00 -2.5186e-01 -4.2668e+00 -1.7624e+00 -4.4163e+00 -1.5175e+00 -3.8129e+00 +5.4920e-01 -4.3900e+00 -2.0155e+00 +3.3944e+00 -4.9285e-01 -1.4757e+00 -9.8840e-01
21 0 +7.779177675e+02 +1.729977675e+02 +1.729977675e+02 +1.3334e+00 -3.1124e+00 -4.1041e+00 +6.5003e-02 -3.7844e+00 -1.0291e+00 +2.6305e+00 -2.9344e+00 -2.4857e+00 -2.9162e+00 +6.0807e-01 -1.4622e+00 -2.9475e+00 +3.2901e+00 +3.7009e-01 +9.3345e-02 -2.2220e+00 -2.2402e+00 -1.8421e+00 -3.5800e+00
53 0 +7.044336430e+02 +9.951364302e+01 +9.951364302e+01 +9.8160e-01 -3.0180e+00 -3.1201e+00 +9.3991e-01 -2.3159e+00 -1.1947e+00 +2.5384e+00 -1.2587e+00 -2.0228e+00 -2.2698e+00 +1.0822e+00 -1.0534e+00 -3.2993e+00 +3.2336e+00 +3.8381e-01 -2.4304e-01 -8.0361e-01 -2.2942e+00 -1.0444e+00 -3.0845e+00
110 0 +6.787443698e+02 +7.382436980e+01 +7.382436980e+01 +9.8160e-01 -3.0180e+00 -3.1201e+00 +9.3991e-01 -2.3159e+00 -1.1947e+00 +2.5384e+00 -1.2587e+00 -2.0228e+00 -1.0219e-01 +1.0822e+00 -1.0534e+00 -3.2993e+00 +3.2336e+00 +3.8381e-01 -2.4304e-01 -8.0361e-01 -2.2942e+00 -1.0444e+00 -3.0845e+00
154 0 +6.334874087e+02 +2.856740866e+01 +2.856740866e+01 -1.0500e+00 -3.1362e+00 -3.1139e+00 +2.4274e+00 -1.3916e+00 -4.2196e-01 +1.0019e+00 -1.2234e+00 -1.1527e+00 -2.3128e+00 -1.9982e+00 -2.6666e+00 -4.0797e+00 +1.1293e-01 +2.3700e+00 -8.8201e-01 -2.2886e+00 -6.2167e-01 -4.4999e-01 -1.8522e+00
155 0 +6.009536205e+02 -3.966379466e+00 -3.966379466e+00 -9.0154e-01 -3.1276e+00 -3.1143e+00 +2.3187e+00 -1.4592e+00 -4.7844e-01 +1.1142e+00 -1.2260e+00 -1.2163e+00 -2.1512e+00 -1.7731e+00 -2.5487e+00 -4.0226e+00 +3.4103e-01 +2.2248e+00 -8.3531e-01 -2.1800e+00 -7.4393e-01 -4.9344e-01 -1.9422e+00
209 0 +5.616687422e+02 -4.325125783e+01 -4.325125783e+01 -7.1305e-01 -3.0234e+00 -2.3174e+00 +2.6816e+00 -4.8333e-01 -7.9301e-01 +1.3979e+00 +1.2540e-01 -1.0437e+00 -1.7752e+00 -6.6989e-01 -1.8407e+00 -4.1261e+00 +1.0232e+00 +1.7726e+00 -9.5919e-01 -6.8284e-01 -1.1779e+00 +1.5179e-02 -1.8276e+00
259 0 +5.137745841e+02 -9.114541589e+01 -9.114541589e+01 +8.6249e-01 -3.0562e+00 -2.4579e+00 +1.5958e+00 -1.3211e+00 -8.9031e-01 +1.0061e+00 -1.6868e+00 -1.2440e+00 -2.5325e+00 -2.5183e-01 -1.9947e+00 -2.8365e+00 +2.0375e+00 +1.4301e+00 +2.0443e-01 -8.0514e-01 -1.7543e+00 -3.9097e-01 -2.1367e+00
363 0 +5.038054167e+02 -1.011145833e+02 -1.011145833e+02 +8.6249e-01 -3.0562e+00 -2.4579e+00 +1.5958e+00 -1.3211e+00 -8.9031e-01 +1.0061e+00 -1.6868e+00 -1.2440e+00 -2.5325e+00 -2.5183e-01 -1.9947e+00 -2.8365e+00 +2.0375e+00 +1.4301e+00 +5.5364e-02 -8.0514e-01 -1.7543e+00 -3.9097e-01 -2.1367e+00
403 0 +4.980379857e+02 -1.068820143e+02 -1.068820143e+02 +1.2896e+00 -2.1171e+00 -6.1241e-01 +1.4883e+00 -6.3745e-02 -1.3706e+00 +2.7353e-01 -3.9584e-01 +3.0254e-01 -2.4768e+00 -3.4536e-01 -1.5992e+00 -1.8976e+00 +2.1041e+00 +1.4298e+00 +1.3273e+00 +1.3642e+00 -9.4176e-01 +1.2982e-02 -3.5633e-01
404 0 +4.524637265e+02 -1.524562735e+02 -1.524562735e+02 +5.6705e-01 -2.5215e+00 -1.5377e+00 +1.7804e+00 -6.3797e-01 -1.0633e+00 +6.3874e-01 -6.9585e-01 -3.2275e-01 -2.3989e+00 -7.0988e-01 -1.8874e+00 -2.6712e+00 +1.5903e+00 +1.6462e+00 +5.2270e-01 +1.2599e-01 -9.8905e-01 -1.5863e-01 -1.0304e+00
706 0 +4.462756129e+02 -1.586443871e+02 -1.586443871e+02 +2.8373e-01 -3.0848e+00 -2.3919e+00 +1.2375e+00 -8.5990e-01 +6.4056e-05 -5.0603e-01 -1.5159e+00 -1.4244e+00 -2.0447e+00 +3.8928e-02 -1.0794e+00 -2.2027e+00 +1.9467e+00 +4.2684e-01 +1.2939e+00 -4.3890e-02 -9.9098e-01 -2.3075e-01 +2.8205e-01
852 0 +4.349524672e+02 -1.699675328e+02 -1.699675328e+02 +4.4272e-02 -3.1352e+00 -1.2917e+00 +6.3211e-01 -1.9393e+00 -5.3180e-01 +1.4472e+00 -9.8983e-01 -1.0891e+00 -2.3225e+00 +9.7573e-04 -7.6499e-01 -2.0195e+00 +2.1435e+00 +5.3761e-01 -3.7793e-02 -4.0217e-01 -9.8169e-01 -1.7370e-01 -1.0440e+00
853 0 +4.242167017e+02 -1.807032983e+02 -1.807032983e+02 +4.7119e-02 -3.1402e+00 -1.3908e+00 +6.4124e-01 -1.9147e+00 -5.0663e-01 +1.3855e+00 -1.0122e+00 -1.1098e+00 -2.2752e+00 +1.0265e-02 -7.6387e-01 -2.0189e+00 +2.1425e+00 +5.2125e-01 +4.1750e-03 -3.9508e-01 -9.8195e-01 -1.7594e-01 -9.9618e-01
% f evaluations | g evaluations | best noise-free fitness - Fopt (1.337000000000e+02) + sum g_i+ | measured fitness | best measured fitness or single-digit g-values | x1 | x2...
1 0 +2.754455550e+03 +2.888155550e+03 +2.888155550e+03 -1.1432e+00 -3.8084e+00 +3.9586e+00 -7.8996e-01 +6.9061e-01 -3.1196e+00 -8.7023e-01 +9.5296e-01 +4.9563e+00 -4.9717e+00 +1.9642e+00 +4.3925e+00 -2.5466e+00 -4.6030e+00 +1.5631e+00 +3.0116e+00 -4.8864e+00 -4.7306e+00 -2.9484e+00 -1.0476e+00
2 0 +1.941720861e+03 +2.075420861e+03 +2.075420861e+03 +3.3498e+00 -3.3967e+00 -1.4210e+00 -4.3044e+00 -7.6133e-02 +8.5422e-02 -1.3563e+00 +9.4435e-01 -3.5841e+00 -2.6627e+00 +3.1887e+00 -1.9530e+00 +4.2412e+00 -1.8837e+00 +1.7781e+00 -3.7835e+00 -5.5418e-01 -3.9627e+00 -4.6907e-01 +4.4428e+00
5 0 +1.036945079e+03 +1.170645079e+03 +1.170645079e+03 +1.8236e+00 +5.4365e-01 +2.1011e+00 -4.3315e+00 -3.1507e+00 +1.3996e+00 -3.0088e+00 -1.9981e+00 +9.9003e-01 -1.8038e+00 -3.4630e-01 -1.5701e+00 -3.7799e+00 -1.5852e+00 -5.1089e-01 +1.3735e+00 -3.7702e+00 +1.6628e+00 -3.9575e+00 -3.2105e+00
10 0 +9.128639468e+02 +1.046563947e+03 +1.046563947e+03 -2.2759e+00 +4.8835e+00 +6.0350e-01 +3.9841e+00 -1.0388e+00 +2.3878e+00 -3.3220e+00 -3.6433e+00 +3.6613e+00 -1.1721e+00 -2.8222e+00 -1.9700e+00 +4.5145e-01 +7.6006e-01 -1.5845e+00 -4.3925e-03 +1.8152e+00 +3.7312e+00 -7.6392e-01 -4.3947e+00
21 0 +8.594925064e+02 +9.931925064e+02 +9.931925064e+02 +2.8130e+00 +3.3972e+00 +1.6539e-01 -3.4992e+00 -1.9602e+00 -5.1543e-01 -3.8060e+00 +1.3066e+00 -2.2285e+00 -1.8718e+00 +3.8033e+00 +1.4129e+00 -4.1742e+00 -9.2867e-01 +1.9285e+00 -1.4296e+00 +4.6017e+00 +2.9892e+00 +4.3500e-01 -6.6347e-01
53 0 +7.983485393e+02 +9.320485393e+02 +9.320485393e+02 +2.5636e+00 +3.0104e+00 +3.6912e-01 -3.1345e+00 -1.9492e+00 -6.1209e-01 -3.5385e+00 +1.1029e+00 -2.2626e+00 -1.9832e+00 +3.8196e+00 +1.5823e+00 -3.9011e+00 -8.5206e-01 +1.9358e+00 -1.2973e+00 +4.2897e+00 +2.9639e+00 +4.5332e-01 -5.4355e-01
104 0 +7.733759240e+02 +9.070759240e+02 +9.070759240e+02 -7.2436e-01 -4.1115e+00 -2.1175e+00 -1.1762e+00 +2.3536e+00 +1.1778e+00 -1.0958e+00 +4.0993e-01 -6.8075e-02 -5.7043e-01 +2.8962e+00 +4.6618e-01 -3.0220e+00 -7.3642e-01 -9.4270e-03 -1.2417e+00 -9.0051e-01 +3.5137e+00 -7.2714e-01 -2.4022e+00
106 0 +5.625372243e+02 +6.962372243e+02 +6.962372243e+02 +3.0117e+00 +2.8858e+00 +9.9793e-01 -2.0706e+00 -2.2479e+00 -3.9520e-01 -2.2360e+00 +9.7028e-01 -9.3987e-01 -2.4403e+00 +3.5266e+00 +6.7378e-01 -3.5748e+00 +1.0836e-02 +2.3569e+00 -2.9511e-01 +3.8686e+00 +2.1942e+00 -5.1068e-01 -4.8641e-01
207 0 +5.276319462e+02 +6.613319462e+02 +6.613319462e+02 +8.5896e-01 -1.6224e+00 +4.7575e-01 -1.0493e-01 +1.5925e-01 -2.5400e-01 +5.9030e-01 +6.0828e-01 +4.6516e-01 -1.8555e+00 +3.1952e+00 +1.0355e+00 -1.4180e+00 +2.0263e+00 +8.9466e-01 +6.8290e-01 +2.0185e-01 +1.0815e+00 -1.4060e+00 -7.8669e-01
403 0 +5.155005316e+02 +6.492005316e+02 +6.492005316e+02 +1.5102e+00 +2.0710e+00 +9.6426e-01 -2.3713e+00 -2.2201e+00 +2.2074e-01 -1.5076e+00 -1.5128e-01 -4.5158e-01 -2.3006e+00 +1.9240e+00 +1.8365e-01 -2.6595e+00 +1.3568e-01 +5.6023e-01 -2.9571e-01 +2.0801e+00 +2.0868e+00 +3.1565e-01 -1.1722e+00
% f evaluations | g evaluations | best noise-free fitness - Fopt (-2.098000000000e+01) + sum g_i+ | measured fitness | best measured fitness or single-digit g-values | x1 | x2...
1 0 +2.642470672e+03 +2.621490672e+03 +2.621490672e+03 +3.9577e+00 +2.2134e-01 +1.2671e+00 +4.8094e-01 +3.5380e+00 +4.3973e-01 +3.9545e+00 -4.8897e+00 -3.3277e+00 -3.4138e+00 -1.5871e+00 -3.6762e+00 +3.0013e+00 -3.3733e+00 -8.7240e-01 +1.3322e+00 +1.6949e-01 +2.3061e-01 -3.0257e+00 -4.6776e+00
4 0 +1.755847114e+03 +1.734867114e+03 +1.734867114e+03 +4.9131e+00 +1.2488e+00 +3.4283e+00 +3.7323e-01 -3.9793e+00 +2.3539e+00 -3.0123e+00 +1.0087e+00 -4.7736e-01 +3.3430e+00 -2.8497e+00 -1.0607e-01 +3.2051e+00 -1.7757e+00 +2.5979e+00 +1.0618e+00 -6.9173e-01 -6.1315e-01 +2.6726e+00 -2.9061e+00
14 0 +1.363260422e+03 +1.342280422e+03 +1.342280422e+03 -4.2012e+00 +4.2733e+00 +3.1694e+00 -3.3907e+00 +9.7724e-01 +2.9138e+00 -4.2152e+00 +2.3537e+00 -4.2364e+00 -2.8893e+00 +9.7181e-01 +5.4546e-01 +3.0437e+00 -3.2833e+00 -1.8909e+00 -1.2402e+00 -2.2233e+00 -4.2268e+00 -4.6846e+00 +6.9358e-01
35 0 +1.084812458e+03 +1.063832458e+03 +1.063832458e+03 -1.6314e-01 +4.1508e-01 -2.9084e+00 -4.4338e+00 +2.2713e+00 -2.0859e+00 +2.0418e+00 +9.5463e-01 -1.2918e+00 +3.2813e+00 -2.6232e+00 -8.6044e-01 +2.2956e+00 -3.1813e+00 +1.5982e+00 -1.2836e+00 -4.1493e-01 +2.9635e-01 +3.5667e+00 +4.0531e-01
44 0 +1.018121247e+03 +9.971412474e+02 +9.971412474e+02 +1.5314e+00 +2.2423e+00 -1.1540e+00 -4.1629e+00 -3.8219e+00 +4.5152e+00 -4.6286e+00 +3.1707e+00 -3.4958e-01 +1.3249e+00 -2.7859e+00 +1.6042e+00 -2.0303e-01 +5.9550e-01 -3.1979e+00 -1.3650e+00 -4.4915e+00 -2.8799e+00 +2.7593e-02 -6.9504e-01
56 0 +8.963763234e+02 +8.753963234e+02 +8.753963234e+02 +9.4593e-01 +2.4497e+00 -7.1239e-01 -4.0840e+00 -3.3318e+00 +4.3516e+00 -4.5864e+00 +3.0873e+00 -7.4656e-01 +8.9449e-01 -2.4021e+00 +1.4961e+00 +1.2858e-01 +1.9933e-01 -3.0644e+00 -1.3522e+00 -4.2598e+00 -3.0175e+00 -4.5370e-01 -5.5321e-01
157 0 +8.363007598e+02 +8.153207598e+02 +8.153207598e+02 +1.2611e+00 +9.5894e-01 -1.1858e+00 -9.7817e-01 -1.4217e+00 +1.9438e+00 -1.3465e+00 +2.6488e+00 +1.0969e+00 +7.5948e-01 -1.5429e+00 +1.2406e+00 +3.3822e-01 -1.1473e+00 -2.3816e+00 -2.2486e-01 -3.7056e+00 -5.9735e-01 -3.5826e-01 -7.4857e-01
454 0 +8.221499980e+02 +8.011699980e+02 +8.011699980e+02 +3.7198e-01 +1.7384e+00 +8.5758e-01 -2.0237e+00 -3.2422e+00 +2.9518e+00 -4.0789e+00 +1.1714e+00 -3.7933e-01 +1.8610e+00 -2.7392e+00 +9.8517e-01 +1.2432e+00 +3.0856e-02 -9.2942e-01 -7.5231e-01 -1.9478e+00 -2.2229e+00 +7.7545e-01 -8.6883e-01
656 0 +7.594068300e+02 +7.384268300e+02 +7.384268300e+02 +4.2913e-01 +1.9126e+00 +3.6251e-01 -2.9377e+00 -2.3621e+00 +2.3665e+00 -3.3989e+00 +2.3688e+00 -4.6393e-01 +1.2656e+00 -2.5061e+00 +1.0794e+00 +1.1974e+00 -3.1183e-01 -2.1903e+00 -1.7595e+00 -3.0283e+00 -1.1904e+00 -4.6365e-03 +2.1479e-01
% f evaluations | g evaluations | best noise-free fitness - Fopt (1.353300000000e+02) + sum g_i+ | measured fitness | best measured fitness or single-digit g-values | x1 | x2...
1 0 +7.159300198e+03 +7.294630198e+03 +7.294630198e+03 +3.8819e+00 -3.8131e+00 +3.1481e+00 -1.7712e+00 +2.1751e+00 -1.6784e+00 -4.5670e+00 +4.9591e+00 +3.0900e+00 -3.5579e+00 -5.9326e-01 -3.9521e+00 -4.6127e+00 -4.9057e-01 -5.5133e-01 -5.0790e-01 -2.9660e+00 +1.9804e+00 -1.4478e+00 +4.1196e+00
2 0 +1.618952879e+03 +1.754282879e+03 +1.754282879e+03 +3.2726e+00 -6.2237e-01 +2.8432e+00 -4.5187e+00 -2.3250e+00 +9.9977e-01 +1.1257e+00 +3.2708e+00 +1.4307e+00 +1.4656e+00 -2.3377e+00 +1.2536e+00 +1.1604e+00 +6.0646e-01 +3.6032e+00 +2.6338e+00 -4.6336e+00 -4.1173e-01 -2.1557e+00 -4.6554e+00
3 0 +1.202436993e+03 +1.337766993e+03 +1.337766993e+03 -2.7586e+00 +4.3213e+00 -2.6586e-01 +1.0968e-01 +3.6385e+00 -2.1663e+00 -1.7983e+00 -1.1525e+00 -3.1767e-01 -2.5666e+00 +2.6678e+00 +4.4953e+00 -3.7773e+00 +1.3510e+00 +3.7079e+00 -9.5372e-01 -4.4350e+00 +9.5669e-01 +4.2991e+00 +1.6130e-01
6 0 +1.090992320e+03 +1.226322320e+03 +1.226322320e+03 -4.4735e+00 +3.4612e+00 -1.5312e+00 -1.1158e+00 -3.6658e+00 +1.8590e+00 +4.1308e+00 -2.3833e+00 -4.7993e+00 -3.5957e+00 +2.6333e+00 -4.7317e+00 -2.7941e+00 +4.6291e+00 -2.9815e+00 -4.5136e+00 -1.4643e+00 +1.4579e+00 +4.2396e+00 -1.1299e+00
15 0 +7.386240770e+02 +8.739540770e+02 +8.739540770e+02 +4.5870e+00 +3.0093e+00 -3.7255e+00 -3.3109e+00 -1.1078e+00 -2.7408e+00 -3.1009e+00 -3.4398e+00 -2.9268e+00 +2.0771e+00 +1.6930e+00 +2.4172e+00 -2.8166e+00 +2.5480e+00 -3.4522e+00 -2.4895e+00 -9.8085e-01 -1.3372e+00 +4.6846e+00 -4.0401e+00
44 0 +5.725350136e+02 +7.078650136e+02 +7.078650136e+02 -1.0557e+00 -2.7342e-01 +6.5863e-01 -6.8557e-01 -3.3844e+00 +2.5034e+00 +2.0797e+00 +7.3917e-01 -1.9642e-01 -2.4790e+00 +1.1535e+00 +1.9936e+00 -5.4481e-01 -9.6030e-01 +5.6983e-01 -2.3124e+00 +2.0797e+00 -3.6858e+00 +3.9474e+00 -3.1901e+00
57 0 +5.230101686e+02 +6.583401686e+02 +6.583401686e+02 +9.2631e-01 +8.0138e-01 +4.4967e-01 -5.8770e-01 -7.0636e-01 +3.3652e+00 -1.9608e-01 +7.5280e-01 +5.1213e-01 +1.5234e-01 +1.3717e+00 +1.5903e+00 -2.5113e-01 +6.0240e-01 +5.1288e-01 -2.4730e+00 +1.5416e+00 -6.7617e-01 +2.4968e+00 -2.8702e+00
302 0 +5.103186252e+02 +6.456486252e+02 +6.456486252e+02 -3.1949e-01 -9.5876e-01 +3.8294e-01 -9.8718e-01 -3.3343e+00 +2.6052e+00 +1.1136e+00 +8.5348e-01 -7.9673e-01 -2.6836e+00 +1.4822e+00 +1.3278e+00 -7.5403e-01 -6.9059e-01 +7.0653e-01 -2.0907e+00 +2.1343e+00 -3.1230e+00 +2.6080e+00 -2.0866e+00
506 0 +4.971032907e+02 +6.324332907e+02 +6.324332907e+02 -3.6032e-01 +4.7628e-01 +1.2357e+00 -1.5049e-01 -3.4240e+00 +2.5426e+00 +2.1156e+00 +8.0532e-01 -2.3076e-01 -1.6803e+00 +4.3705e-01 +2.0786e+00 -4.7621e-01 -1.8262e-01 +6.3973e-01 -1.9039e+00 +2.5314e+00 -2.5186e+00 +2.7534e+00 -2.5582e+00
557 0 +4.648939036e+02 +6.002239036e+02 +6.002239036e+02 -5.0726e-01 +3.1786e-01 +1.1138e+00 -2.6355e-01 -3.4157e+00 +2.5344e+00 +2.1080e+00 +7.9134e-01 -2.2350e-01 -1.8491e+00 +5.8844e-01 +2.0607e+00 -4.9070e-01 -3.4695e-01 +6.2496e-01 -1.9902e+00 +2.4359e+00 -2.7652e+00 +3.0057e+00 -2.6917e+00
754 0 +4.349529637e+02 +5.702829637e+02 +5.702829637e+02 +2.1958e-01 +1.9731e-01 +9.7291e-01 -3.9876e-01 -3.2452e+00 +2.4012e+00 +1.3598e+00 +7.7020e-01 -6.8538e-01 -1.6652e+00 +5.8969e-01 +1.6847e+00 -6.1959e-01 -1.1082e-01 +6.3253e-01 -1.7433e+00 +2.4561e+00 -2.1939e+00 +2.0381e+00 -1.9694e+00
1607 0 +4.237244094e+02 +5.590544094e+02 +5.590544094e+02 +2.6428e-01 -9.2734e-02 +9.4002e-01 -4.9973e-01 -2.6814e+00 +2.0545e+00 +1.0569e+00 +7.7664e-01 -6.9463e-01 -1.8311e+00 +4.0304e-01 +1.5450e+00 -6.5755e-01 -4.6596e-01 +5.6105e-01 -1.3754e+00 +2.2964e+00 -1.4536e+00 +1.5306e+00 -1.5810e+00
% f evaluations | g evaluations | best noise-free fitness - Fopt (4.066000000000e+01) + sum g_i+ | measured fitness | best measured fitness or single-digit g-values | x1 | x2...
1 0 +2.731260586e+03 +2.771920586e+03 +2.771920586e+03 +1.8381e+00 -1.9970e+00 -4.6829e+00 +3.9515e+00 +2.8527e-01 +6.9992e-01 -5.7358e-01 -1.8620e+00 +4.3707e+00 +2.5822e+00 -4.6143e+00 -4.7748e+00 +4.9623e+00 -2.6974e+00 +8.6195e-01 -3.5973e+00 -2.1628e+00 +9.5303e-01 +2.1787e+00 -3.1197e+00
2 0 +1.693049122e+03 +1.733709122e+03 +1.733709122e+03 -1.3399e-01 -4.8961e+00 -2.3689e+00 +9.6884e-01 -7.3251e-01 +4.2060e+00 -3.4986e+00 -2.8662e+00 -3.9199e+00 +4.4682e+00 +1.1693e+00 +3.4200e+00 -1.0725e+00 -3.5848e+00 +3.3943e+00 -2.6034e+00 -4.4984e+00 -5.4615e-01 -4.4758e+00 +2.4846e+00
3 0 +1.077376612e+03 +1.118036612e+03 +1.118036612e+03 +1.1585e-01 -1.5922e+00 +4.4855e+00 -3.8588e+00 -4.4585e+00 -1.9210e+00 +4.5122e+00 +1.1032e+00 +4.1015e+00 -2.5575e+00 -2.2634e+00 +3.2679e+00 -3.7727e+00 +6.9175e-02 +2.2556e+00 +4.7769e+00 +1.1428e+00 +3.8170e-01 +4.8947e+00 -1.6232e+00
8 0 +9.606929996e+02 +1.001353000e+03 +1.001353000e+03 -6.3467e-01 -4.8436e+00 -1.1994e+00 -2.2800e+00 +2.9227e+00 +8.5714e-01 -6.5777e-02 +9.6003e-01 +4.9651e+00 -4.3279e+00 +3.4258e+00 +4.4611e+00 -4.4586e+00 -3.2688e+00 +1.5087e+00 -3.1527e-01 -7.0435e-01 +3.7128e+00 +3.1439e+00 +4.5811e+00
31 0 +5.554284895e+02 +5.960884895e+02 +5.960884895e+02 +2.1163e+00 +6.2953e-01 -3.8955e+00 -1.8620e-01 -2.3674e+00 -7.1590e-01 -3.0082e+00 +3.3518e+00 +3.1504e+00 +3.7348e+00 -1.1124e+00 +1.1900e+00 -3.7583e+00 +2.3123e+00 +4.0166e+00 +2.0403e+00 -1.5686e+00 +4.3516e+00 +2.3530e+00 +3.9481e+00
53 0 +4.408430236e+02 +4.815030236e+02 +4.815030236e+02 +1.3598e+00 -2.1059e-01 -7.2628e-01 -1.5749e+00 -3.1581e+00 -1.1716e+00 -1.6447e-01 +2.5015e+00 +3.5101e+00 +1.3554e+00 -1.5476e+00 +1.9757e+00 -3.7638e+00 +1.4641e+00 +3.3507e+00 +3.0751e+00 -5.4330e-01 +2.8504e+00 +3.3141e+00 +1.8414e+00
159 0 +4.339054241e+02 +4.745654241e+02 +4.745654241e+02 -4.1755e-01 -1.2965e+00 +5.9364e-01 -1.8191e+00 -1.7739e+00 -3.1578e-01 -1.3676e+00 +4.4936e-01 +3.3622e+00 -1.8602e-01 -1.1984e-01 +1.0543e+00 -1.4231e+00 +1.9310e+00 +2.6784e+00 +1.8626e+00 +1.2019e+00 +2.5614e-01 +2.7628e+00 +1.2984e+00
252 0 +4.204988297e+02 +4.611588297e+02 +4.611588297e+02 +1.5740e+00 +2.2814e-01 -3.1349e+00 -4.6100e-01 -2.0965e+00 -4.9121e-01 -2.9800e+00 +2.6634e+00 +3.1734e+00 +3.0961e+00 -8.4486e-01 +1.0976e+00 -3.2515e+00 +2.3556e+00 +3.7592e+00 +1.8542e+00 -1.0155e+00 +3.5106e+00 +2.4265e+00 +3.5547e+00
256 0 +4.161200406e+02 +4.567800406e+02 +4.567800406e+02 -1.1592e-01 -1.0228e+00 -7.6473e-01 -1.3174e+00 -1.2522e+00 +2.0900e-01 -2.8920e+00 +5.1840e-01 +3.2450e+00 +1.1058e+00 -1.1051e-02 +8.0955e-01 -1.6719e+00 +2.4903e+00 +2.9572e+00 +1.2743e+00 +7.0803e-01 +8.8972e-01 +2.6554e+00 +2.3288e+00
504 0 +4.040573376e+02 +4.447173376e+02 +4.447173376e+02 +4.6881e-01 -7.8732e-01 -2.1412e+00 -5.9556e-01 -1.7623e+00 -1.9538e-01 -2.8067e+00 +2.0198e+00 +2.6724e+00 +1.9449e+00 -1.6236e-01 +6.0285e-01 -2.7324e+00 +1.9608e+00 +3.3219e+00 +1.8310e+00 -4.9884e-01 +2.4737e+00 +2.6474e+00 +2.4955e+00
508 0 +3.891570798e+02 +4.298170798e+02 +4.298170798e+02 +2.5472e-01 -1.0289e+00 -2.0920e+00 -5.2941e-01 -1.7422e+00 -1.8698e-01 -2.7451e+00 +2.0650e+00 +2.5720e+00 +1.7638e+00 +6.1458e-03 +4.4511e-01 -2.7513e+00 +1.7739e+00 +3.2787e+00 +1.9078e+00 -5.3248e-01 +2.4418e+00 +2.7068e+00 +2.3357e+00
556 0 +3.855997232e+02 +4.262597232e+02 +4.262597232e+02 +4.3104e-01 -8.2741e-01 -2.1247e+00 -5.8914e-01 -1.5551e+00 -1.8921e-01 -2.7355e+00 +2.0182e+00 +2.6566e+00 +1.9107e+00 -1.3460e-01 +5.7862e-01 -2.7291e+00 +1.9340e+00 +3.3122e+00 +1.8400e+00 -4.9718e-01 +2.4588e+00 +2.6569e+00 +2.4663e+00
603 0 +3.669147109e+02 +4.075747109e+02 +4.075747109e+02 +7.7082e-01 -5.9601e-01 -2.6825e+00 -3.8002e-01 -1.9411e+00 -3.3987e-01 -2.5770e+00 +2.5232e+00 +2.7616e+00 +2.3374e+00 -2.8085e-01 +6.1642e-01 -3.1029e+00 +1.8566e+00 +3.5138e+00 +1.9935e+00 -8.9878e-01 +3.0766e+00 +2.6188e+00 +2.8368e+00
