% f evaluations | g evaluations | best noise-free fitness - Fopt (-4.620900000000e+02) + sum g_i+ | measured fitness | best measured fitness or single-digit g-values | x1 | x2...
1 0 +3.786083241e+03 +3.323993241e+03 +3.323993241e+03 +7.4885e-01 -5.2151e-03 -9.9204e-01 +2.1660e+00 -3.4893e+00 +3.1891e+00 -1.1957e+00 +2.5425e-01 -1.3787e+00 +8.7893e-01 -7.6824e-01 +3.7703e+00 -1.6256e-01 -2.4035e+00 +8.5172e-01 +8.3554e-01 +2.2896e+00 +1.0951e+00 -2.8069e+00 -2.0999e+00
2 0 +1.008400103e+03 +5.463101029e+02 +5.463101029e+02 +1.0016e+00 -8.7888e-01 -1.8714e+00 +1.9276e-02 +7.6853e-01 +3.8283e-01 -3.5436e-01 +2.1648e+00 -2.6017e-01 -2.5179e+00 -1.6021e+00 +2.1887e+00 -8.2660e-01 -3.5951e+00 +1.2335e+00 +2.2339e+00 +1.1429e-01 +1.0143e+00 -1.8598e+00 +1.9161e+00
3 0 +9.565897495e+02 +4.944997495e+02 +4.944997495e+02 +2.4616e+00 -8.0273e-01 +1.2089e+00 +1.9222e+00 -2.6192e+00 +1.1775e+00 +6.2186e-01 +1.7130e-01 -2.0777e+00 +5.3114e-01 -2.3922e+00 +1.5590e+00 -2.2352e-01 -2.4260e+00 -5.4002e-01 +5.0320e-01 +3.0048e-01 +5.1619e-01 -2.6965e+00 +4.2041e-01
7 0 +8.885534443e+02 +4.264634443e+02 +4.264634443e+02 +2.4616e+00 -8.0273e-01 +1.2089e+00 +1.9222e+00 -2.6192e+00 +1.1775e+00 +6.2186e-01 +1.7130e-01 -2.0777e+00 +5.3114e-01 -2.3922e+00 +1.5590e+00 -2.2352e-01 -2.4260e+00 -5.4002e-01 +5.0320e-01 +3.0048e-01 +5.1619e-01 -1.6486e+00 +4.2041e-01
10 0 +8.388313128e+02 +3.767413128e+02 +3.767413128e+02 +2.4616e+00 -8.0273e-01 +1.2089e+00 +1.9222e+00 -2.6192e+00 +1.1775e+00 +6.2186e-01 +1.7130e-01 -2.0777e+00 +5.3114e-01 -2.3922e+00 +1.5590e+00 -2.2352e-01 -2.4260e+00 -5.4002e-01 +5.0320e-01 +3.0048e-01 +5.1619e-01 -9.5307e-01 +4.2041e-01
12 0 +8.115972923e+02 +3.495072923e+02 +3.495072923e+02 +2.4616e+00 -8.0265e-01 +1.2087e+00 +1.9222e+00 -2.6191e+00 +1.1775e+00 +6.2180e-01 +1.7135e-01 -2.0776e+00 +5.3107e-01 -2.3921e+00 +7.3441e-01 -2.2353e-01 -2.4260e+00 -5.3994e-01 +5.0325e-01 +3.0052e-01 +5.1622e-01 -1.1947e+00 +4.2040e-01
15 0 +7.897163447e+02 +3.276263447e+02 +3.276263447e+02 +2.3869e+00 -7.2084e-01 +1.0812e+00 +1.8775e+00 -2.5488e+00 +1.1994e+00 +5.5757e-01 +2.2540e-01 -2.0151e+00 +4.5850e-01 -2.2923e+00 +1.6226e+00 -2.3806e-01 -2.4562e+00 -4.6385e-01 +5.5571e-01 +3.3791e-01 +5.4158e-01 -2.0458e-01 +4.0606e-01
37 0 +7.101489987e+02 +2.480589987e+02 +2.480589987e+02 +1.0053e+00 -8.0265e-01 +1.2087e+00 +1.9222e+00 -2.6191e+00 +1.1775e+00 +6.2180e-01 +1.7135e-01 -2.0776e+00 +1.8655e-01 -1.0576e+00 +7.3441e-01 -2.2353e-01 -1.1586e+00 -3.5191e-02 +1.1800e-01 +3.0052e-01 +5.1622e-01 -1.9231e-01 +4.2040e-01
% f evaluations | g evaluations | best noise-free fitness - Fopt (7.766000000000e+01) + sum g_i+ | measured fitness | best measured fitness or single-digit g-values | x1 | x2...
1 0 +2.795972244e+03 +2.873632244e+03 +2.873632244e+03 +3.5821e-01 +7.2457e-01 +1.5092e+00 +4.0566e+00 -2.5004e+00 -5.3841e-01 +8.5081e-01 +4.0476e-01 -1.3462e+00 -5.6559e-01 +4.0315e+00 -3.4424e+00 -1.3810e+00 -1.5771e+00 -1.7083e+00 +5.3807e-01 +1.7913e+00 -1.0733e+00 -1.8795e+00 +1.4927e+00
2 0 +7.427973531e+02 +8.204573531e+02 +8.204573531e+02 +7.3351e-01 +2.0524e+00 +1.8896e+00 +1.2629e+00 -1.7081e-01 +1.1805e+00 -3.5997e-01 +5.5635e-01 +6.2112e-02 +1.1244e+00 +7.1039e-01 -1.2583e+00 -2.5766e+00 -6.1162e-01 -9.8389e-01 -2.4199e-01 -4.1835e-01 -2.0242e+00 -5.3976e-01 +3.8730e-01
3 0 +7.222650689e+02 +7.999250689e+02 +7.999250689e+02 +1.1690e+00 +1.5505e+00 +1.9533e+00 +7.8259e-01 -2.7326e-01 +1.3026e+00 +3.7611e-01 -9.4962e-02 -7.8761e-01 +1.8792e+00 +1.3245e+00 -1.9111e+00 -1.3717e+00 -1.9185e-02 +4.1254e-02 -3.0672e-01 -1.1265e+00 -1.6408e+00 -2.7105e-01 -1.2878e-01
5 0 +6.526864161e+02 +7.303464161e+02 +7.303464161e+02 +7.3774e-01 +1.2107e+00 +1.7261e+00 +7.0594e-01 -6.6590e-01 +1.0209e+00 -1.7982e-01 -1.6497e-01 -1.4417e+00 +1.2131e+00 +1.6782e+00 -1.0601e+00 -1.1666e+00 +4.7982e-01 +1.7197e-01 -2.5711e-01 -1.1574e+00 -1.7520e+00 -1.0550e-01 +3.6876e-01
9 0 +6.044287974e+02 +6.820887974e+02 +6.820887974e+02 +8.2458e-01 +2.0960e-01 +1.3553e+00 +6.5662e-01 -6.8879e-01 +1.1846e+00 -4.5025e-01 +6.9081e-02 -1.1630e+00 +8.4615e-01 +1.5976e+00 -1.4457e+00 -1.0549e+00 +1.9947e-01 -5.8853e-02 -1.6346e-02 -1.0931e+00 -1.3012e+00 -2.7225e-01 +3.7623e-01
24 0 +5.933455114e+02 +6.710055114e+02 +6.710055114e+02 +8.0612e-01 +5.0828e-01 +1.4630e+00 +4.9546e-01 -4.9910e-01 +1.0444e+00 -3.6828e-01 +1.3575e-02 -5.3633e-01 +9.5411e-01 +7.9914e-01 -8.6896e-01 -1.1014e+00 +2.5942e-01 -8.0670e-03 -8.3623e-02 -7.7179e-01 -1.4270e+00 -2.3277e-01 +3.6750e-01
% f evaluations | g evaluations | best noise-free fitness - Fopt (1.156800000000e+02) + sum g_i+ | measured fitness | best measured fitness or single-digit g-values | x1 | x2...
1 0 +1.044239256e+03 +1.159919256e+03 +1.159919256e+03 -6.9330e-01 -3.1639e+00 +7.3809e-01 +2.9775e+00 -7.5121e-01 -4.2972e-01 +1.5518e+00 +2.0628e+00 -1.3672e+00 -1.9731e+00 -2.8244e+00 +2.6435e+00 +1.4359e+00 +1.1078e+00 +3.6717e-01 -2.2691e+00 -6.9421e-02 -1.7619e-01 -2.0776e+00 -2.8184e+00
4 0 +9.272818525e+02 +1.042961852e+03 +1.042961852e+03 -1.9883e-01 -2.1408e+00 -4.8142e-02 +2.0730e+00 -1.7704e+00 -3.8188e-01 -2.4862e-01 +2.0113e+00 -8.6642e-01 +1.2766e+00 -1.3194e+00 +1.7642e+00 -8.3559e-01 +8.6481e-01 +1.7756e+00 -1.3787e+00 -2.1659e+00 -1.6339e-01 +6.5505e-01 +1.0545e+00
6 0 +8.187459615e+02 +9.344259615e+02 +9.344259615e+02 +1.1905e+00 +3.8301e-01 -9.6971e-01 -7.1210e-02 -1.5414e+00 +2.0055e+00 +2.0509e+00 +1.3244e+00 +4.2347e-01 -9.0078e-01 +6.8575e-01 +3.3743e-01 +1.4340e+00 -8.2816e-02 +1.3849e-01 -9.0028e-01 -6.6848e-01 -1.1291e+00 -5.8471e-01 -2.7100e-01
9 0 +7.970442754e+02 +9.127242754e+02 +9.127242754e+02 +1.1905e+00 +3.8301e-01 -9.6971e-01 -7.1210e-02 -4.9646e-01 +2.0055e+00 +2.0509e+00 +1.3244e+00 +4.2347e-01 -9.0078e-01 +6.8575e-01 +3.3743e-01 +1.4340e+00 -8.2816e-02 +1.3849e-01 -9.0028e-01 -6.6848e-01 -1.1291e+00 -5.8471e-01 -2.7100e-01
11 0 +7.850802891e+02 +9.007602891e+02 +9.007602891e+02 +1.0122e+00 +9.1017e-02 -6.7357e-01 +3.5405e-01 -7.8746e-01 +1.7415e+00 +1.8071e+00 +1.4413e+00 +2.5730e-01 -8.3413e-01 +3.2824e-01 +4.9135e-01 +1.2209e+00 +6.5329e-02 +2.6277e-01 -1.1006e+00 -7.9781e-01 -9.5151e-01 -5.3055e-01 -3.0825e-01
14 0 +7.389255884e+02 +8.546055884e+02 +8.546055884e+02 +9.1244e-01 -7.2349e-02 -5.0788e-01 +5.9199e-01 -9.5114e-01 +1.5938e+00 +1.6707e+00 +1.5068e+00 +1.6433e-01 -7.9684e-01 +1.2822e-01 +5.7747e-01 +1.1017e+00 +1.4821e-01 +3.3229e-01 -1.2127e+00 -8.7017e-01 -8.5214e-01 -5.0025e-01 -3.2907e-01
% f evaluations | g evaluations | best noise-free fitness - Fopt (-3.710000000000e+00) + sum g_i+ | measured fitness | best measured fitness or single-digit g-values | x1 | x2...
1 0 +9.382681236e+02 +9.345581236e+02 +9.345581236e+02 +1.2642e+00 -2.5964e+00 +1.5234e+00 -6.4983e-01 +3.5597e+00 -8.3995e-02 +1.9990e-01 -7.4981e-01 +2.5350e+00 -1.5214e+00 +1.3238e+00 -8.4733e-01 +2.4987e+00 -2.4284e+00 -2.3868e+00 +1.2437e+00 +1.8672e+00 +3.1604e-01 -1.1340e+00 -5.7866e-01
4 0 +8.131409863e+02 +8.094309863e+02 +8.094309863e+02 -1.9289e-01 +3.2968e-01 +9.5536e-01 -1.8585e+00 -1.9461e-01 -2.7623e-01 -3.6324e-01 +1.5271e+00 -2.8606e+00 +9.4808e-01 +1.1820e+00 -3.0088e-01 +3.4140e-01 -1.0100e-01 +1.0837e-02 +7.2354e-01 +1.2846e+00 +1.0055e+00 +1.3279e+00 +6.1954e-01
5 0 +7.596297492e+02 +7.559197492e+02 +7.559197492e+02 -3.4129e-01 +2.9861e-01 +3.7931e-01 -1.5274e+00 +8.8791e-01 -9.4021e-02 -6.7055e-01 +1.5317e+00 -2.2007e+00 +2.7514e-01 +1.4784e+00 -3.9868e-01 -7.4376e-02 -1.9793e-01 -3.4134e-01 +5.1069e-01 +1.5036e+00 +8.7148e-01 +6.1691e-01 +5.7780e-01
6 0 +6.586667681e+02 +6.549567681e+02 +6.549567681e+02 +1.3857e-01 -5.5836e-01 +7.2561e-01 -1.2722e+00 +1.6596e+00 -8.9836e-02 -4.0919e-01 +9.2196e-01 -8.1001e-01 -2.4748e-01 +1.4277e+00 -5.2926e-01 +6.8620e-01 -8.5670e-01 -6.5469e-01 +7.3142e-01 +1.6119e+00 +7.0642e-01 +1.0686e-01 +2.3694e-01
% f evaluations | g evaluations | best noise-free fitness - Fopt (1.321800000000e+02) + sum g_i+ | measured fitness | best measured fitness or single-digit g-values | x1 | x2...
1 0 +3.072283018e+03 +3.204463018e+03 +3.204463018e+03 -2.0440e+00 -2.7193e-01 -1.6733e+00 -6.2416e-01 -8.9693e-01 +1.9388e+00 -2.3655e+00 +4.3686e-01 -8.3398e-01 -7.7796e-02 -2.2737e+00 -2.1452e+00 -1.1532e+00 -4.1938e-01 -2.4438e+00 -1.4366e+00 +1.8812e-01 +1.4991e+00 +3.0693e+00 -3.5418e-02
2 0 +2.115765190e+03 +2.247945190e+03 +2.247945190e+03 -1.8372e+00 -1.0065e+00 -2.0308e+00 +1.0878e-01 -8.6415e-01 +6.7125e-02 +1.0421e+00 +7.2156e-01 -1.7699e+00 +2.3809e-01 -6.0204e-01 +3.9892e-03 +1.6446e+00 -1.8648e-01 +4.1188e-01 +7.9395e-01 -1.6580e+00 +1.1567e+00 +2.4925e+00 +1.2219e+00
3 0 +1.571769702e+03 +1.703949702e+03 +1.703949702e+03 -1.5645e+00 -9.5707e-01 -1.8103e+00 -4.0669e-02 -7.9828e-01 +1.8724e-01 +8.3805e-01 +5.2398e-01 -1.7564e+00 +4.9900e-01 -3.5347e-01 +2.8995e-01 +1.6605e+00 -2.2799e-01 +3.1236e-01 +7.2045e-01 -1.5073e+00 +8.0365e-01 +2.3476e+00 +1.0596e+00
5 0 +1.547367950e+03 +1.679547950e+03 +1.679547950e+03 -1.5645e+00 -9.5707e-01 -1.8103e+00 -4.0669e-02 -7.9828e-01 +1.8724e-01 +8.3805e-01 +5.2398e-01 -1.7564e+00 +4.9900e-01 -3.5347e-01 +2.8995e-01 +1.6605e+00 -2.2799e-01 +3.1236e-01 +7.2045e-01 -9.9173e-01 +8.0365e-01 +2.3476e+00 +1.0596e+00
13 0 +1.016057943e+03 +1.148237943e+03 +1.148237943e+03 -1.4638e+00 -8.4733e-01 -1.7304e+00 -2.7576e-01 -4.8709e-01 +4.3240e-01 +6.1201e-01 +1.2439e-01 -1.4698e+00 +3.0953e-01 -6.3767e-01 +5.5088e-01 +1.9561e+00 +3.5189e-01 -2.5027e-01 +3.8738e-01 -4.9539e-01 +1.1035e+00 +1.6627e+00 +1.3245e+00
20 0 +8.703589053e+02 +1.002538905e+03 +1.002538905e+03 -1.5018e+00 -8.8875e-01 -1.7606e+00 -1.8702e-01 -6.0456e-01 +3.3985e-01 +6.9734e-01 +2.7523e-01 -1.2083e+00 +3.7772e-01 -5.3039e-01 +4.5223e-01 +1.1104e+00 +1.3299e-01 -3.7881e-02 +5.1311e-01 -6.8375e-01 +9.9031e-01 +1.9213e+00 +1.2245e+00
21 0 +8.381134998e+02 +9.702934998e+02 +9.702934998e+02 -1.5018e+00 -8.8875e-01 -1.7606e+00 -1.8702e-01 -6.0456e-01 +3.3985e-01 +6.9734e-01 +2.7523e-01 -1.2083e+00 +3.7772e-01 -5.3039e-01 +4.5223e-01 +1.8445e+00 +1.3299e-01 -3.7881e-02 +5.1311e-01 -6.8375e-01 +9.9031e-01 +1.2535e+00 +1.2245e+00
32 0 +6.252882167e+02 +7.574682167e+02 +7.574682167e+02 -1.5015e+00 -8.8837e-01 -1.7603e+00 -1.8784e-01 -6.0347e-01 +3.4071e-01 +6.4882e-01 +2.7382e-01 -1.2104e+00 +3.7716e-01 -5.3138e-01 +4.5315e-01 +1.0960e-01 +1.3503e-01 -3.9858e-02 +5.1069e-01 -6.8200e-01 +6.4188e-01 +1.5805e+00 +5.7145e-01
36 0 +6.133157356e+02 +7.454957356e+02 +7.454957356e+02 -1.5015e+00 -8.8837e-01 -1.7603e+00 -1.8784e-01 -6.0347e-01 +3.4071e-01 +6.4882e-01 +2.7382e-01 -1.2104e+00 +3.7716e-01 -5.3138e-01 +4.5315e-01 +1.0960e-01 +1.3503e-01 -3.9858e-02 +5.1069e-01 -1.1749e-01 +6.4188e-01 +1.5805e+00 +5.7145e-01
% f evaluations | g evaluations | best noise-free fitness - Fopt (-3.930000000000e+01) + sum g_i+ | measured fitness | best measured fitness or single-digit g-values | x1 | x2...
1 0 +1.148197498e+03 +1.108897498e+03 +1.108897498e+03 -1.3804e+00 +9.3497e-01 +2.3005e+00 -3.1497e+00 +9.3577e-01 -8.6366e-01 -1.8315e+00 +4.7271e+00 -4.2914e-01 +6.8361e-01 +9.1333e-01 +7.0650e-02 -2.5493e+00 -1.3002e+00 +1.2401e+00 -1.0732e+00 -2.1519e+00 +2.0390e-01 -4.2645e-01 +2.6632e+00
3 0 +9.000200348e+02 +8.607200348e+02 +8.607200348e+02 -2.4332e-01 +6.3092e-01 +1.3891e+00 -9.6040e-01 +1.1616e+00 -7.9660e-01 -1.3211e+00 +3.4718e+00 +3.6396e-01 +1.0900e+00 -9.1867e-01 -5.5976e-01 -1.4238e+00 -6.0878e-01 -4.5354e-01 -1.1472e+00 -1.1504e+00 +2.5030e-01 -1.7301e-01 +8.9901e-01
4 0 +8.863798941e+02 +8.470798941e+02 +8.470798941e+02 -2.0228e+00 +1.2568e+00 -3.1878e-01 -3.2866e-01 +1.4977e+00 -7.2605e-01 +7.2460e-01 +5.3689e-01 +1.0676e+00 +6.5735e-01 -3.9141e-01 -3.2267e-01 -4.6155e-01 -9.6117e-01 +1.1178e+00 -2.0647e+00 -1.7628e+00 -2.9731e-02 +4.0029e-01 -2.1707e-02
6 0 +8.652911664e+02 +8.259911664e+02 +8.259911664e+02 -6.0277e-01 +6.4803e-01 +5.3050e-01 -2.2365e-01 +1.4189e+00 -5.8041e-01 -1.5454e-01 +1.8620e+00 +8.4715e-01 +8.7841e-01 -1.2761e+00 -4.2405e-01 -6.1360e-01 -5.4228e-01 -2.3288e-01 -1.6560e+00 -9.7744e-01 +1.6175e-01 +2.3228e-01 -6.5457e-02
12 0 +7.619292895e+02 +7.226292895e+02 +7.226292895e+02 -7.9551e-01 +3.8634e-01 +1.7251e-01 -3.2978e-01 +7.2677e-01 +4.6471e-01 -9.7438e-01 +1.2815e+00 +1.1123e+00 +1.3951e+00 -4.5204e-01 -1.9866e-01 -7.2999e-01 -8.7185e-01 -4.5370e-01 -1.2645e+00 -8.1751e-01 +9.0303e-01 -1.4748e-01 -2.2703e-02
18 0 +7.565713185e+02 +7.172713185e+02 +7.172713185e+02 -6.7684e-01 +5.3618e-01 +4.2559e-01 -2.6656e-01 +1.2091e+00 -2.6434e-01 -3.9948e-01 +1.5887e+00 +9.0508e-01 +7.0434e-01 -1.0091e+00 -3.4475e-01 -6.5543e-01 -6.4913e-01 -2.7892e-01 -5.0465e-01 -9.3951e-01 +3.8337e-01 +1.1750e-01 -3.9868e-02
23 0 +7.278518372e+02 +6.885518372e+02 +6.885518372e+02 -4.0038e-01 +5.6415e-01 +4.4530e-01 -2.5616e-01 +1.2499e+00 -3.2567e-01 -3.5253e-01 +1.6309e+00 +5.8373e-01 +6.3021e-01 -1.0643e+00 -3.6227e-01 -9.0275e-02 -6.2702e-01 -2.7396e-01 -4.8211e-01 -9.4487e-01 +3.4086e-01 +1.3976e-01 -4.7259e-02
% f evaluations | g evaluations | best noise-free fitness - Fopt (4.296000000000e+01) + sum g_i+ | measured fitness | best measured fitness or single-digit g-values | x1 | x2...
1 0 +3.016874273e+03 +3.059834273e+03 +3.059834273e+03 +3.4166e+00 +1.3505e+00 -4.3994e-01 -2.7907e+00 +2.1521e+00 +1.0892e-01 +1.7490e+00 -4.2259e+00 +1.5238e+00 +2.6817e+00 -1.7026e+00 +3.8256e-01 -3.6754e+00 +2.3958e+00 +1.8788e+00 +2.7715e-01 -7.0642e-01 +3.2448e-03 -6.8533e-01 +7.9924e-01
2 0 +2.077175791e+03 +2.120135791e+03 +2.120135791e+03 +2.9978e+00 +1.1404e+00 -7.9852e-01 -2.5197e+00 +1.9333e+00 -1.6324e-01 +1.3051e+00 -3.7736e+00 +1.7528e+00 +2.6640e+00 -1.0793e+00 +4.5828e-01 -3.2031e+00 +1.8933e+00 +1.4169e+00 -4.3624e-02 -5.5016e-01 +1.7490e-01 -5.6064e-01 +5.7433e-01
3 0 +1.112936299e+03 +1.155896299e+03 +1.155896299e+03 +2.5070e+00 +8.9417e-01 -1.2188e+00 -2.2021e+00 +1.6767e+00 -4.8224e-01 +7.8490e-01 -3.2436e+00 +2.0211e+00 +2.6432e+00 -3.4877e-01 +5.4703e-01 -2.6494e+00 +1.3045e+00 +8.7551e-01 -4.1959e-01 -3.6701e-01 +3.7610e-01 -4.1449e-01 +3.1071e-01
6 0 +9.287998532e+02 +9.717598532e+02 +9.717598532e+02 +1.5188e+00 +3.9843e-01 -2.0651e+00 -1.5625e+00 +1.1601e+00 -2.2360e-01 -2.6257e-01 -2.1764e+00 +2.5614e+00 +2.6013e+00 +1.1221e+00 +7.2574e-01 -1.5347e+00 +1.1881e-01 -2.1461e-01 -1.1766e+00 +1.7637e-03 +7.8121e-01 -1.2023e-01 -2.2008e-01
7 0 +7.740012156e+02 +8.169612156e+02 +8.169612156e+02 +2.3564e-01 -5.1710e-01 -2.2738e+00 +2.1814e-02 +1.3630e+00 +1.0341e-01 -1.0674e+00 -1.8087e+00 +1.8229e+00 +2.3169e+00 +1.1704e+00 +5.8247e-01 -1.5581e+00 -1.6437e-01 -1.4822e-01 -1.2627e+00 +2.5624e-01 +1.6769e+00 +4.1874e-01 -4.0612e-01
12 0 +6.817407593e+02 +7.247007593e+02 +7.247007593e+02 +4.8299e-01 -1.8468e-01 -2.0584e+00 -2.8428e-01 +8.0010e-01 -6.4942e-01 -6.6940e-01 -1.8705e+00 +1.8829e+00 +2.3704e+00 +1.0617e+00 +5.0829e-01 -8.1943e-01 -2.4275e-01 -1.1958e-01 -1.2026e+00 +6.3031e-03 +8.7203e-01 +7.6250e-02 -3.7928e-01
38 0 +5.941410109e+02 +6.371010109e+02 +6.371010109e+02 +2.0941e-01 -3.0388e-01 -8.4860e-01 -6.0970e-02 +7.3531e-01 -7.0799e-01 -8.6334e-01 -1.4537e+00 +5.6229e-01 +1.9384e+00 +1.8718e-01 +5.1594e-01 -6.2946e-01 -3.6522e-01 -2.6154e-01 -2.0660e-01 +5.6213e-02 +8.9224e-01 +3.0965e-01 -4.2523e-01
% f evaluations | g evaluations | best noise-free fitness - Fopt (2.842200000000e+02) + sum g_i+ | measured fitness | best measured fitness or single-digit g-values | x1 | x2...
1 0 +2.927683914e+03 +3.211903914e+03 +3.211903914e+03 -2.0491e+00 -1.1970e+00 +2.2994e+00 -5.1758e-01 -2.2620e+00 +1.1763e+00 +2.7654e+00 +1.3167e+00 -6.4339e-01 +3.9668e-01 -9.1744e-01 -1.4567e+00 +3.0972e+00 +7.5536e-01 -1.4711e+00 -2.4503e+00 +1.7510e-01 -8.4000e-01 -1.2310e+00 +2.8278e+00
2 0 +1.154193155e+03 +1.438413155e+03 +1.438413155e+03 -8.1935e-01 -9.4357e-01 -9.7089e-01 +4.3409e-01 -1.2456e+00 +1.0097e-01 +2.0772e-01 +3.5381e-01 +1.0314e+00 +4.5192e-01 +6.5414e-01 +7.4475e-01 +3.2518e-01 +9.9936e-01 -1.8177e+00 +5.2131e-01 -1.2088e+00 +2.4011e+00 -1.5534e+00 +8.2647e-01
3 0 +1.011783442e+03 +1.296003442e+03 +1.296003442e+03 +1.0420e-01 -1.2353e+00 -7.8951e-01 -3.3173e-02 -6.6125e-01 +7.1476e-01 +2.9981e-01 +6.3776e-01 +7.9979e-01 +1.0093e+00 +6.9949e-01 +7.4616e-01 +8.4982e-01 +1.6230e-01 -1.2856e+00 +4.2201e-01 -1.5919e+00 +2.4786e+00 -1.6004e+00 +5.2656e-01
10 0 +9.753835754e+02 +1.259603575e+03 +1.259603575e+03 -1.5718e+00 +1.2431e-01 +5.0932e-01 +4.3988e-01 -1.6463e+00 +1.8824e+00 +7.3725e-01 +2.6485e-01 +1.0923e+00 -9.8220e-01 -5.8484e-01 -1.0492e-01 +1.2477e-01 +3.5990e-01 -2.2687e+00 -1.9921e-01 +7.6476e-02 +5.7383e-01 +1.5278e-01 +1.1707e+00
16 0 +9.354188908e+02 +1.219638891e+03 +1.219638891e+03 -1.3197e+00 -7.2746e-01 +3.3164e-01 -2.6489e-01 -1.4893e+00 +2.0336e+00 -1.1941e-02 +1.0929e+00 +1.5141e+00 -6.4697e-01 +1.0328e-01 +8.3705e-01 +2.8228e-01 +1.3844e-01 -1.4139e+00 +2.7648e-01 +8.2970e-01 +6.7913e-01 +9.7017e-01 -6.6917e-02
32 0 +8.459892736e+02 +1.130209274e+03 +1.130209274e+03 -1.4884e+00 -1.5297e-01 +4.2492e-01 +1.1996e-01 -1.3421e+00 +1.9152e+00 +3.0134e-01 +5.1936e-01 +1.4409e-01 -8.9995e-01 -3.3880e-01 +2.1976e-01 +1.6849e-01 +3.1233e-01 -1.6914e+00 -5.6181e-02 +3.0834e-01 +5.0682e-01 +3.8261e-01 +4.1283e-01
36 0 +8.125003407e+02 +1.096720341e+03 +1.096720341e+03 -1.4881e+00 -1.5397e-01 +4.2520e-01 +1.2014e-01 -1.3287e+00 +2.5097e-01 +2.9868e-01 +5.2070e-01 +1.9824e-01 -8.9912e-01 -3.3831e-01 +2.2063e-01 +1.6880e-01 +3.1168e-01 -1.6938e+00 -5.5416e-02 +3.0947e-01 +5.0790e-01 +3.8417e-01 +4.0478e-01
38 0 +7.880711702e+02 +1.072291170e+03 +1.072291170e+03 -1.4865e+00 -1.5941e-01 +4.3339e-01 +1.2395e-01 -1.0206e+00 +1.9230e+00 +2.5630e-01 +5.3289e-01 +3.8439e-01 -8.8636e-01 -3.4079e-01 +2.2174e-01 +1.7291e-01 +3.0074e-01 -1.8087e-01 -4.7082e-02 +3.2066e-01 +5.2120e-01 +4.0441e-01 +2.7192e-01
% f evaluations | g evaluations | best noise-free fitness - Fopt (-3.217000000000e+01) + sum g_i+ | measured fitness | best measured fitness or single-digit g-values | x1 | x2...
1 0 +7.526440888e+02 +7.204740888e+02 +7.204740888e+02 -9.9366e-01 -5.6603e-01 +4.2500e-01 -1.7035e+00 +2.3591e+00 +6.7068e-01 -3.7876e-01 +7.9298e-01 +2.0341e+00 -2.4146e+00 -1.1049e+00 +6.1244e-01 -2.1197e+00 -2.0191e-01 +5.1385e-02 -6.5075e-01 -3.5644e+00 -1.1631e-01 +6.8380e-01 -1.2568e+00
4 0 +6.135607822e+02 +5.813907822e+02 +5.813907822e+02 -1.4728e+00 -5.1827e-01 -5.5334e-01 -2.9113e-01 +8.5307e-01 +9.9823e-01 -4.9307e-01 -2.4050e-01 +9.6022e-01 -1.7352e+00 +1.0330e+00 +4.8768e-01 -1.4664e+00 -4.7499e-01 -8.4410e-01 -1.6944e+00 -1.5765e-01 +4.6673e-01 -2.1944e-02 +3.1390e-03
24 0 +5.902173410e+02 +5.580473410e+02 +5.580473410e+02 -5.8753e-01 -2.2434e-01 -1.6559e+00 +1.9805e-01 +1.0252e-01 -2.0606e-01 -7.6555e-01 -2.0166e-01 +7.5230e-01 -3.4561e-01 +3.6215e-01 +1.7157e-01 -5.6143e-01 -2.3718e-01 -2.1199e-01 -7.3640e-01 -2.1097e-01 +5.6955e-01 -7.6136e-02 -8.5174e-02
33 0 +5.522486841e+02 +5.200786841e+02 +5.200786841e+02 -5.7261e-01 -3.9881e-01 -1.2717e+00 +2.1107e-01 +8.4075e-02 -2.1871e-01 -7.6980e-01 -1.9303e-01 +7.9895e-01 -3.2904e-01 +2.8237e-01 +1.6677e-01 -4.9205e-01 -2.3930e-01 -2.1166e-01 -8.6126e-01 -2.1505e-01 +1.9441e-01 -8.0910e-02 -7.7841e-02
% f evaluations | g evaluations | best noise-free fitness - Fopt (-5.858000000000e+01) + sum g_i+ | measured fitness | best measured fitness or single-digit g-values | x1 | x2...
1 0 +2.076990706e+03 +2.018410706e+03 +2.018410706e+03 +1.9196e-01 -6.3131e-01 +1.7955e+00 -4.1237e+00 +4.4520e-01 +9.6830e-01 +1.6870e-01 -2.6544e-01 -5.7008e-03 -1.8706e+00 +9.9551e-01 -4.1645e-01 +4.0195e-01 +1.8989e-01 +1.3109e+00 +1.5981e+00 +3.2334e+00 +1.5966e+00 -1.1460e+00 -1.0226e+00
2 0 +6.953944381e+02 +6.368144381e+02 +6.368144381e+02 +1.8392e+00 +3.1335e+00 +1.3929e-01 -4.5630e-01 -2.5881e+00 -2.4883e-01 -1.0674e+00 +8.2497e-01 -5.5082e-01 -1.1986e+00 +1.8105e-01 -2.3450e-01 +1.7374e-01 +3.9340e-01 -1.2937e+00 +6.4331e-01 +1.6804e+00 -5.7251e-01 -8.1030e-03 +1.6516e-01
4 0 +6.263233065e+02 +5.677433065e+02 +5.677433065e+02 +1.5657e+00 +2.6886e+00 +4.9484e-01 -8.3637e-01 -2.2823e+00 -9.3684e-02 -9.5679e-01 +7.2478e-01 -3.6583e-01 -1.2963e+00 +2.8795e-01 -2.9584e-01 +2.3773e-01 +3.2396e-01 -1.0431e+00 +6.7832e-01 +1.7166e+00 -3.5515e-01 -1.9104e-01 -1.1272e-02
% f evaluations | g evaluations | best noise-free fitness - Fopt (-6.049200000000e+02) + sum g_i+ | measured fitness | best measured fitness or single-digit g-values | x1 | x2...
1 0 +3.289172917e+03 +2.684252917e+03 +2.684252917e+03 -2.5486e+00 -2.6012e+00 +6.6712e-01 +3.1428e+00 -9.8615e-01 -4.3871e+00 +3.7179e+00 -2.5264e+00 -2.3826e+00 -4.5058e-01 +1.4530e+00 -2.9718e+00 +2.0674e+00 +7.0516e-01 +2.1077e+00 +7.8328e-01 +7.6627e-01 -1.0932e-01 -3.7164e-01 +5.2124e-01
2 0 +6.706868467e+02 +6.576684670e+01 +6.576684670e+01 -1.2375e+00 -3.1469e+00 -1.4671e+00 +1.4130e+00 +3.2730e-01 -2.3391e+00 +1.1990e+00 +6.2335e-01 -8.7318e-01 -6.2733e-01 +1.3381e+00 -3.6795e-01 +2.2481e+00 -4.6542e-01 +1.4041e+00 +8.4488e-01 +3.0889e-01 -1.3089e+00 -1.2384e-01 +2.3212e+00
3 0 +4.571665755e+02 -1.477534245e+02 -1.477534245e+02 -1.0123e+00 -2.0602e+00 -1.2681e+00 +1.4505e+00 -5.0726e-01 -2.3465e+00 +7.8535e-01 +1.0056e+00 -1.2022e-01 -5.7698e-01 +8.4449e-01 +5.8553e-02 +1.6751e+00 -3.9937e-01 +6.1858e-01 +1.0584e+00 +1.4157e-01 -1.6067e+00 +4.1347e-01 +1.6636e+00
% f evaluations | g evaluations | best noise-free fitness - Fopt (1.337000000000e+02) + sum g_i+ | measured fitness | best measured fitness or single-digit g-values | x1 | x2...
1 0 +8.701231399e+02 +1.003823140e+03 +1.003823140e+03 -2.3581e+00 -3.3720e+00 -9.5998e-01 +3.0613e-01 +1.2817e+00 +3.2739e+00 -1.9867e-01 +4.9526e-01 -5.7934e-01 -2.3605e+00 -6.6996e-01 +7.0411e-01 -3.9192e+00 +5.8888e-02 +4.1436e-01 -5.5668e-01 -1.0809e+00 -8.6441e-01 -1.1591e+00 +2.6512e+00
2 0 +7.016352238e+02 +8.353352238e+02 +8.353352238e+02 -3.6970e-01 -3.5318e+00 -1.7200e+00 +1.3584e+00 +1.6903e-01 +2.0351e+00 +1.5538e+00 +1.1792e+00 -1.2147e+00 +6.6530e-01 -1.0249e+00 +1.3535e+00 -4.0066e-01 -2.1944e-01 -1.5513e-01 -2.2195e+00 +8.8321e-01 +2.7274e-01 -2.5188e+00 +6.9220e-01
6 0 +6.483980974e+02 +7.820980974e+02 +7.820980974e+02 -6.1813e-01 -3.2001e+00 -2.6535e-01 +1.5580e+00 +2.5127e-01 +1.1246e+00 +1.1766e+00 +5.8870e-01 -1.1381e+00 +1.0713e-01 -1.1912e+00 +7.2751e-01 +8.4858e-01 +9.1017e-02 -3.0566e-01 -1.4571e+00 -8.4678e-02 -1.8609e-02 -2.6431e+00 +6.2344e-01
16 0 +5.862778652e+02 +7.199778652e+02 +7.199778652e+02 -9.6092e-01 -3.1230e+00 -2.2633e-01 +1.3358e+00 +5.6319e-01 +1.3595e+00 +1.0430e+00 +3.5460e-01 -1.1104e+00 -1.3043e-01 -1.0143e+00 +7.2417e-01 +3.4262e-01 +1.7199e-01 -1.7434e-01 -1.2022e+00 -3.3001e-01 -2.5928e-01 -1.5425e+00 +1.0003e+00
23 0 +5.640197742e+02 +6.977197742e+02 +6.977197742e+02 -9.5893e-01 -3.1224e+00 -2.2238e-01 +1.3371e+00 +5.6276e-01 +1.3564e+00 +1.0418e+00 +3.5267e-01 -1.1105e+00 -1.3149e-01 -1.0149e+00 +7.2353e-01 +3.4894e-01 +1.7286e-01 -1.7549e-01 -1.2006e+00 -3.3224e-01 -2.5959e-01 -1.3125e+00 +9.9907e-01
34 0 +5.537590374e+02 +6.874590374e+02 +6.874590374e+02 -9.1707e-01 -4.3457e-01 -1.0040e-01 +1.3718e+00 +5.2656e-01 +1.2653e+00 +9.9503e-01 +3.1615e-01 -4.1983e-01 -1.7656e-01 -1.0285e+00 +1.5245e-01 +5.3384e-01 +2.0196e-01 -2.0699e-01 -7.7977e-01 -4.0711e-01 -2.7573e-01 -1.1631e+00 +8.9903e-01
37 0 +5.203915912e+02 +6.540915912e+02 +6.540915912e+02 -9.1707e-01 -4.3457e-01 -1.0040e-01 +1.3718e+00 +5.2656e-01 +1.2653e+00 +9.9503e-01 +3.1615e-01 -4.1983e-01 -1.7656e-01 -1.0285e+00 +9.6161e-02 +5.3384e-01 +2.0196e-01 -2.0699e-01 -7.7977e-01 -4.0711e-01 -2.7573e-01 -5.5314e-01 +8.9903e-01
% f evaluations | g evaluations | best noise-free fitness - Fopt (-2.098000000000e+01) + sum g_i+ | measured fitness | best measured fitness or single-digit g-values | x1 | x2...
1 0 +8.927875771e+03 +8.906895771e+03 +8.906895771e+03 +1.4286e+00 +3.2696e+00 -2.7045e+00 -9.7075e-01 -2.6336e+00 +1.0180e+00 +9.3369e-01 -2.2739e+00 +9.2750e-01 -2.1330e-01 +3.9754e+00 +2.2724e+00 -2.5309e-01 -6.6120e-01 +3.4641e+00 +1.6899e+00 +1.3429e+00 -8.2436e-01 +1.4474e+00 +1.7585e+00
2 0 +3.645272167e+03 +3.624292167e+03 +3.624292167e+03 +1.9708e+00 +2.1915e+00 -2.9007e+00 +4.5724e-03 -1.7949e+00 -1.5750e-01 +1.7279e+00 -2.1496e+00 +3.7923e-01 -2.0329e+00 +3.4517e+00 -4.7262e-02 -3.1239e-01 -2.2558e-01 +9.6219e-01 +2.0555e-01 +2.8412e-01 +1.1957e+00 +3.7171e-01 +1.7636e+00
5 0 +2.944500011e+03 +2.923520011e+03 +2.923520011e+03 +1.6153e+00 +1.6910e+00 -2.1427e+00 +3.4458e-01 -1.3012e+00 -2.6460e-01 +1.1660e+00 -2.2344e+00 +5.3769e-01 -1.4936e+00 +3.0716e+00 -7.5738e-02 -4.5615e-01 -3.8252e-01 +6.8244e-01 +5.5731e-01 +4.2937e-01 +8.1776e-01 -5.5611e-02 +1.4769e+00
20 0 +1.554451704e+03 +1.533471704e+03 +1.533471704e+03 +1.6605e+00 +1.4490e+00 -2.2360e+00 +3.0623e-01 -1.2761e+00 -2.5538e-01 +1.2373e+00 -2.0873e+00 +5.1652e-01 -1.5655e+00 +2.1534e+00 -7.9768e-02 -4.3877e-01 -3.6187e-01 +7.0840e-01 +5.0944e-01 +4.0814e-01 +8.7059e-01 -6.9222e-03 +1.5120e+00
24 0 +1.072543803e+03 +1.051563803e+03 +1.051563803e+03 +1.6257e+00 +1.1743e+00 -2.1643e+00 +3.3570e-01 -1.3088e+00 -2.6247e-01 +1.1328e+00 -2.2224e+00 +5.3278e-01 -1.5102e+00 +1.5460e+00 -7.6682e-02 -4.5212e-01 -3.7773e-01 +6.8845e-01 +5.4621e-01 +4.2445e-01 +8.3001e-01 -4.1479e-02 +1.4850e+00
% f evaluations | g evaluations | best noise-free fitness - Fopt (1.353300000000e+02) + sum g_i+ | measured fitness | best measured fitness or single-digit g-values | x1 | x2...
1 0 +1.249714828e+03 +1.385044828e+03 +1.385044828e+03 +2.1105e+00 +4.9505e-01 -9.1271e-01 -1.2372e+00 -1.3618e+00 -2.2754e+00 -4.0127e+00 +5.3466e-02 +6.8286e-01 -1.5545e-01 +2.1751e+00 -8.9077e-02 +5.9494e-01 -6.8579e-01 -3.9680e-01 -1.2863e+00 -2.1097e-01 -6.3520e-01 +5.8013e-01 -1.4340e+00
2 0 +8.867516580e+02 +1.022081658e+03 +1.022081658e+03 +1.6792e+00 +5.6885e-01 -5.5820e-01 -6.8331e-01 -1.0166e+00 -2.3262e+00 -3.8627e+00 +5.0579e-01 +1.0407e-01 -7.8296e-01 +1.9155e+00 +5.7645e-01 +8.2673e-01 -1.1777e+00 +3.4555e-01 -1.2282e+00 +2.0146e-01 -5.8111e-01 +1.8655e-01 -1.4958e+00
3 0 +8.689410124e+02 +1.004271012e+03 +1.004271012e+03 +1.6792e+00 +2.2116e-03 -5.5820e-01 -6.8331e-01 -1.0166e+00 -2.3262e+00 -3.8627e+00 +5.0579e-01 +1.0407e-01 -7.8296e-01 +1.9155e+00 +5.7645e-01 +8.2673e-01 -1.1777e+00 +3.4555e-01 -1.2282e+00 +2.0146e-01 -5.8111e-01 +1.8655e-01 -1.4958e+00
5 0 +6.266368182e+02 +7.619668182e+02 +7.619668182e+02 +1.4666e+00 +2.2398e-01 -3.7559e-01 -1.3765e+00 -1.4547e+00 -1.5506e+00 -3.5378e+00 +8.8147e-01 +7.6400e-01 -9.6591e-01 +8.2594e-01 +1.2370e+00 +5.5978e-01 -5.7726e-01 +4.7911e-01 -1.3531e+00 +8.6171e-01 -1.6247e-01 +4.4016e-01 -9.0889e-01
7 0 +5.555237436e+02 +6.908537436e+02 +6.908537436e+02 +8.3586e-02 +2.2398e-01 -3.7559e-01 -1.3765e+00 -1.4547e+00 -1.5506e+00 -3.5378e+00 +8.8147e-01 +7.6400e-01 -9.6591e-01 +8.2594e-01 +1.2370e+00 +5.5978e-01 -5.7726e-01 +4.7911e-01 -1.3531e+00 +8.6171e-01 -1.6247e-01 +4.4016e-01 -9.0889e-01
11 0 +5.163372767e+02 +6.516672767e+02 +6.516672767e+02 +8.3586e-02 +2.2398e-01 -3.7559e-01 -1.3765e+00 -1.4547e+00 -1.5506e+00 -1.1935e+00 +3.1201e-01 +7.6400e-01 -9.6591e-01 +8.2594e-01 +1.2370e+00 +5.5978e-01 -5.7726e-01 +4.7911e-01 -1.3531e+00 +8.6171e-01 -1.6247e-01 +4.4016e-01 -9.0889e-01
17 0 +4.945718033e+02 +6.299018033e+02 +6.299018033e+02 +9.4212e-01 +2.9150e-01 -4.0909e-01 -1.2221e+00 -1.3780e+00 -1.4116e+00 -9.6793e-01 +5.7463e-01 +6.2168e-01 -9.2865e-01 +1.0602e+00 +1.0916e+00 +5.8851e-01 -7.0129e-01 +4.5788e-01 -6.6841e-01 +7.2390e-01 -1.7682e-01 +3.0548e-01 -1.0244e+00
34 0 +4.883558094e+02 +6.236858094e+02 +6.236858094e+02 +8.9229e-01 +2.8429e-01 -4.0649e-01 -7.4685e-01 -1.3779e+00 -1.0189e+00 -9.9393e-01 +5.6137e-01 +6.3078e-01 -9.3268e-01 +1.0425e+00 +4.5093e-01 +5.4499e-01 -6.9177e-01 +4.5968e-01 -6.5274e-01 +5.0395e-01 -1.7411e-01 +3.1535e-01 -1.0155e+00
35 0 +4.679614105e+02 +6.032914105e+02 +6.032914105e+02 +8.9757e-01 +2.8505e-01 -4.0676e-01 -7.9717e-01 -1.3779e+00 -9.4009e-01 -9.9118e-01 +5.6278e-01 +6.2982e-01 -9.3225e-01 +1.0444e+00 +5.1877e-01 +5.4959e-01 -6.9278e-01 +4.5949e-01 -6.3769e-01 +5.2165e-01 -1.7439e-01 +3.1431e-01 -1.0164e+00
% f evaluations | g evaluations | best noise-free fitness - Fopt (4.066000000000e+01) + sum g_i+ | measured fitness | best measured fitness or single-digit g-values | x1 | x2...
1 0 +9.782663631e+03 +9.823323631e+03 +9.823323631e+03 -1.1666e+00 -9.0191e-01 -2.6576e-01 -1.3053e+00 +5.6987e-01 +5.3268e-01 -8.4115e-01 -2.1308e+00 -8.0402e-01 -1.7421e+00 -3.4084e+00 -5.5528e-01 -4.4958e-01 -3.5594e+00 -3.2906e-01 +1.7480e+00 +3.7940e+00 +1.3330e+00 +3.1262e-01 -1.5646e+00
2 0 +6.211977030e+03 +6.252637030e+03 +6.252637030e+03 +1.4942e+00 -8.5768e-01 +7.2377e-01 -7.8684e-01 +2.9689e+00 -7.0573e-01 +1.9304e+00 -8.4151e-01 +2.0478e-01 -1.9219e-01 -4.9831e-01 -1.3631e+00 +8.7492e-01 -1.8758e+00 -2.8876e-01 +1.0120e+00 +2.8773e+00 +2.7782e+00 +1.4363e+00 +2.9412e-01
5 0 +2.095686157e+03 +2.136346157e+03 +2.136346157e+03 +3.8682e-01 +7.1213e-01 +7.5076e-01 -2.5006e-01 +1.9212e+00 -9.0022e-01 +1.0698e+00 -1.1919e+00 -1.1882e+00 -1.8753e+00 +3.9013e-01 -3.9186e-01 +1.7186e+00 -4.0019e-01 -3.8886e-01 +7.3519e-01 +1.4436e+00 +1.0941e+00 -5.3949e-01 -2.4802e-01
13 0 +8.480898440e+02 +8.887498440e+02 +8.887498440e+02 -4.8672e-01 +3.1496e-01 -2.5543e-01 -8.4346e-01 +4.6410e-01 +1.8947e-01 +6.3256e-01 -7.5710e-01 +6.9210e-01 -9.2520e-02 -1.2841e+00 -7.9935e-01 +6.8639e-01 +3.9820e-01 +8.4515e-01 +1.3975e+00 +6.4251e-01 +2.2164e-01 -3.0672e-01 -7.2616e-01
30 0 +7.345558622e+02 +7.752158622e+02 +7.752158622e+02 -2.3931e-01 +4.2355e-01 +1.9652e-02 -6.8123e-01 +8.6244e-01 -1.0843e-01 +7.5069e-01 -8.7596e-01 +1.7805e-01 -4.4976e-01 -8.2637e-01 -6.8795e-01 +1.8211e-01 +1.7921e-01 +5.0779e-01 +1.1870e+00 +1.2390e-01 +4.6016e-01 -3.7036e-01 -5.9544e-01
