% f evaluations | g evaluations | best noise-free fitness - Fopt (-5.235000000000e+01) + sum g_i+ | measured fitness | best measured fitness or single-digit g-values | x1 | x2...
1 0 +5.741677420e+01 +5.066774204e+00 +5.066774204e+00 +7.8304e-01 +4.9581e+00 -1.9661e+00 -2.6614e+00 -8.1528e-01 +1.9218e+00 -1.2915e+00 +4.1945e+00 +2.0255e+00 -2.8998e+00
11 0 +2.489564831e+01 -2.745435169e+01 -2.745435169e+01 -3.5009e+00 +3.2537e+00 +1.6689e+00 -2.1441e+00 -9.2366e-01 +4.5086e+00 -3.4481e+00 +2.1313e+00 -7.0807e-02 -9.5113e-02
17 0 +1.596888103e+01 -3.638111897e+01 -3.638111897e+01 -6.2920e-01 +4.0229e+00 +1.4214e+00 +1.4481e+00 +1.4194e-01 +3.3414e+00 -3.7107e+00 -3.3051e+00 +1.1176e+00 -1.8805e+00
57 0 +1.567626333e+01 -3.667373667e+01 -3.667373667e+01 -2.1504e-01 +3.6349e+00 +1.7084e+00 +1.2248e+00 +8.7371e-02 +2.8151e+00 -3.7187e+00 -2.9723e+00 +1.2262e+00 -1.2663e+00
109 0 +1.541317495e+01 -3.693682505e+01 -3.693682505e+01 -4.8647e-01 +3.6989e+00 +1.5423e+00 +1.3018e+00 +1.9047e-01 +2.8122e+00 -3.7580e+00 -2.8165e+00 +1.2717e+00 -1.2776e+00
158 0 +1.429269856e+01 -3.805730144e+01 -3.805730144e+01 -6.8863e-01 +3.6671e+00 +1.2436e+00 +1.3816e+00 -8.0493e-02 +3.1541e+00 -3.3418e+00 -3.2744e+00 +9.9099e-01 -1.8384e+00
253 0 +1.336945853e+01 -3.898054147e+01 -3.898054147e+01 -4.9148e-01 +3.0751e+00 +1.1803e+00 +1.2222e+00 -1.2280e-01 +2.5124e+00 -3.2370e+00 -2.5388e+00 +8.6932e-01 -1.4136e+00
360 0 +1.304885039e+01 -3.930114961e+01 -3.930114961e+01 -4.8647e-01 +3.6989e+00 +1.5423e+00 +1.3018e+00 +1.9047e-01 +2.8122e+00 -3.2169e+00 -2.8165e+00 +1.2717e+00 -1.2776e+00
362 0 +9.927488683e+00 -4.242251132e+01 -4.242251132e+01 -6.0613e-01 +1.4705e+00 +1.4214e+00 +1.4481e+00 +1.4194e-01 +3.3414e+00 -3.7107e+00 -3.3051e+00 +1.1176e+00 -1.8805e+00
% f evaluations | g evaluations | best noise-free fitness - Fopt (-1.795400000000e+02) + sum g_i+ | measured fitness | best measured fitness or single-digit g-values | x1 | x2...
1 0 +1.471335967e+02 -3.240640330e+01 -3.240640330e+01 +2.0861e+00 +1.0463e+00 -4.1303e+00 +4.9442e+00 +7.0289e-01 -1.0190e+00 -4.0567e+00 +4.1404e+00 +8.8225e-02 -2.7250e+00
2 0 +7.567002262e+01 -1.038699774e+02 -1.038699774e+02 +1.6394e+00 -2.8150e-01 +4.3936e+00 -1.8048e-01 +3.5069e+00 -2.5277e+00 +5.5088e-01 +3.8873e+00 -4.2825e+00 +1.9152e+00
3 0 +6.496868741e+01 -1.145713126e+02 -1.145713126e+02 -4.6207e+00 -4.2459e+00 +1.6213e+00 +5.0932e-01 -3.7518e+00 -1.1497e+00 +1.7479e+00 +2.3012e+00 -1.8918e+00 -1.7925e+00
16 0 +3.935070184e+01 -1.401892982e+02 -1.401892982e+02 -8.3771e-01 +3.0707e+00 -4.6905e+00 -4.4281e+00 +4.1139e+00 +4.7041e-01 +2.6742e+00 +3.3213e+00 +1.5108e+00 -2.0405e+00
35 0 +2.271687608e+01 -1.568231239e+02 -1.568231239e+02 -3.4346e+00 -2.9410e+00 -3.2629e+00 +3.4807e+00 +2.9393e+00 -3.1436e+00 +4.6113e+00 +8.5909e-01 -8.3668e-01 +3.5549e+00
252 0 +2.041453362e+01 -1.591254664e+02 -1.591254664e+02 -3.1199e+00 -2.6737e+00 -3.1351e+00 +3.4202e+00 +2.8864e+00 -3.1357e+00 +4.3171e+00 +7.1208e-01 -9.8632e-01 +3.1772e+00
402 0 +7.673488553e+00 -1.718665114e+02 -1.718665114e+02 -1.3436e+00 -1.9588e+00 -1.8425e+00 +1.3973e+00 +3.7280e+00 -1.9265e-01 +3.6159e+00 +1.5051e+00 +1.2918e+00 +6.7515e-01
% f evaluations | g evaluations | best noise-free fitness - Fopt (7.731000000000e+01) + sum g_i+ | measured fitness | best measured fitness or single-digit g-values | x1 | x2...
1 0 +6.706816616e+01 +1.443781662e+02 +1.443781662e+02 +3.3735e-01 -2.0272e+00 -1.0406e+00 -1.1541e+00 -9.2519e-01 +2.7851e+00 +4.9429e+00 +3.1494e+00 +2.2653e+00 +3.4010e+00
7 0 +3.288209716e+01 +1.101920972e+02 +1.101920972e+02 -8.9206e-01 -2.7247e-01 -1.8864e+00 -1.5315e+00 -2.3369e+00 +3.1365e+00 -1.4234e+00 -5.2328e-01 -3.2270e-01 +1.1668e+00
18 0 +2.375601811e+01 +1.010660181e+02 +1.010660181e+02 +3.0457e+00 -6.4546e-01 -1.5143e+00 +2.2434e+00 +2.1266e-01 -3.5046e+00 -1.9856e+00 -2.1743e+00 +1.9299e+00 +3.9326e+00
20 0 +1.987886054e+01 +9.718886054e+01 +9.718886054e+01 +4.1374e+00 -1.6058e+00 +1.3171e+00 -3.2037e+00 -3.3957e+00 -1.5199e+00 -5.6640e-01 -2.4343e+00 +4.4890e+00 +3.5031e-01
32 0 +1.241357325e+01 +8.972357325e+01 +8.972357325e+01 +4.5189e+00 -2.9330e+00 -1.1571e+00 -2.4199e+00 -3.4519e-01 -1.6884e+00 +1.3363e+00 -4.2769e+00 +1.9053e+00 +2.1512e+00
46 0 +8.941674735e+00 +8.625167473e+01 +8.625167473e+01 +8.2799e-03 +8.3392e-01 -1.8918e+00 +1.5682e+00 -1.2925e+00 -2.3109e+00 -4.0913e-01 -3.3088e+00 -1.2017e+00 +9.1236e-01
103 0 +6.562355434e+00 +8.387235543e+01 +8.387235543e+01 +3.3038e+00 -1.7317e+00 -1.3005e+00 -2.0466e+00 -1.2231e+00 -1.3693e+00 +1.7194e+00 -3.6774e+00 +2.0054e+00 +2.3192e+00
154 0 +5.784217812e+00 +8.309421781e+01 +8.309421781e+01 +3.1808e+00 -1.4240e+00 -1.0262e+00 -1.8543e+00 -8.6720e-01 -1.0946e+00 +1.2941e+00 -2.9270e+00 +1.8764e+00 +2.1310e+00
254 0 +5.384426574e+00 +8.269442657e+01 +8.269442657e+01 +1.0521e+00 +1.3160e-01 -1.4740e+00 -4.0019e-02 -1.7403e+00 -1.6669e+00 +6.3146e-01 -3.1332e+00 +3.6444e-01 +1.5829e+00
312 0 +4.183196568e+00 +8.149319657e+01 +8.149319657e+01 +2.2972e+00 -7.3651e-01 -1.4194e+00 -1.7373e+00 -2.6009e-01 -1.1050e+00 +2.0368e+00 -3.1808e+00 +2.0883e+00 +2.4584e+00
357 0 +3.959749352e+00 +8.126974935e+01 +8.126974935e+01 +2.0425e+00 -5.5892e-01 -1.4306e+00 -1.3860e+00 -5.6289e-01 -1.2199e+00 +1.7493e+00 -3.1710e+00 +1.7357e+00 +2.2793e+00
561 0 +3.702095667e+00 +8.101209567e+01 +8.101209567e+01 +2.0425e+00 -5.5892e-01 -1.4306e+00 -1.3860e+00 -5.6289e-01 -1.2199e+00 +1.7493e+00 -2.6012e+00 +1.7357e+00 +2.2452e+00
% f evaluations | g evaluations | best noise-free fitness - Fopt (3.992000000000e+01) + sum g_i+ | measured fitness | best measured fitness or single-digit g-values | x1 | x2...
1 0 +1.600837361e+02 +2.000037361e+02 +2.000037361e+02 -2.6308e+00 -4.5189e+00 +1.4623e+00 -2.1929e-01 -1.4111e+00 +2.7040e+00 -1.7693e+00 -4.9065e+00 -4.1099e+00 -2.9140e+00
2 0 +1.499082586e+02 +1.898282586e+02 +1.898282586e+02 +2.2209e+00 +5.3525e-01 +2.9323e-01 -1.2623e+00 +3.0457e+00 +1.9171e+00 +3.2411e+00 -4.1175e+00 -3.2451e+00 +4.7160e+00
3 0 +7.439626841e+01 +1.143162684e+02 +1.143162684e+02 -4.4310e+00 -4.4830e+00 -2.1288e+00 -2.3727e+00 +3.9090e+00 +4.4669e+00 +1.0938e-01 +3.3095e-01 -8.2321e-01 +7.3522e-01
4 0 +2.639238976e+01 +6.631238976e+01 +6.631238976e+01 -3.7035e+00 -2.1292e+00 +4.1984e+00 -2.9697e+00 -2.6548e+00 +1.5255e+00 +9.7500e-02 +7.4980e-01 +3.3272e+00 +4.1046e+00
19 0 +1.587404839e+01 +5.579404839e+01 +5.579404839e+01 +1.1639e+00 +5.7447e-01 +3.6986e+00 -2.6275e+00 +2.9277e-01 +9.6784e-01 +4.1434e+00 -3.6085e+00 +6.8227e-01 +3.6863e+00
43 0 +1.569925513e+01 +5.561925513e+01 +5.561925513e+01 -7.6315e-01 -1.2611e+00 +8.4887e-01 -1.9102e+00 +1.1082e+00 -5.9332e-02 +1.1316e+00 -1.1089e+00 +2.8150e-01 +2.1690e+00
202 0 +7.288757529e+00 +4.720875753e+01 +4.720875753e+01 -1.8675e+00 -1.2605e+00 +2.4375e+00 -2.3578e+00 -5.2385e-01 +9.5271e-01 +8.6647e-01 -5.4135e-01 +1.3747e+00 +3.4205e+00
% f evaluations | g evaluations | best noise-free fitness - Fopt (-5.661000000000e+01) + sum g_i+ | measured fitness | best measured fitness or single-digit g-values | x1 | x2...
1 0 +8.932082759e+01 +3.271082759e+01 +3.271082759e+01 +3.9724e+00 +5.9649e-01 -2.1659e+00 -9.8796e-01 -2.6320e+00 -4.3198e+00 +2.8748e+00 +1.6010e+00 +1.2854e+00 -3.5333e+00
12 0 +8.626353197e+01 +2.965353197e+01 +2.965353197e+01 +3.8055e-01 +4.0118e+00 +1.6700e+00 -4.9612e+00 -4.3357e+00 -2.6184e+00 -6.1052e-01 +2.1154e+00 -4.3680e+00 -1.0705e-02
16 0 +2.975886450e+01 -2.685113550e+01 -2.685113550e+01 +5.2016e-02 +3.0603e+00 -6.9657e-01 -1.9442e+00 -3.5362e+00 -3.0541e+00 -3.9457e+00 -3.6531e+00 -4.0129e+00 -3.7799e+00
41 0 +2.130815622e+01 -3.530184378e+01 -3.530184378e+01 +4.3776e+00 +1.0727e+00 -6.7231e-01 -9.6767e-01 +9.1894e-02 -3.8928e+00 +3.9213e-01 -3.8923e+00 -3.9790e+00 -3.9306e+00
914 0 +2.031516464e+01 -3.629483536e+01 -3.629483536e+01 +8.7631e-01 +1.0727e+00 -6.7231e-01 -9.6767e-01 +9.1894e-02 -3.8928e+00 +3.9213e-01 -3.8923e+00 -3.9790e+00 -3.9306e+00
% f evaluations | g evaluations | best noise-free fitness - Fopt (3.270000000000e+01) + sum g_i+ | measured fitness | best measured fitness or single-digit g-values | x1 | x2...
1 0 +1.599600520e+02 +1.926600520e+02 +1.926600520e+02 -2.3943e-01 +3.6232e+00 +8.6129e-01 -1.3896e-01 +3.0405e+00 +2.0564e+00 -1.5979e+00 -2.1044e+00 -2.1108e+00 -4.2098e+00
3 0 +9.153380198e+01 +1.242338020e+02 +1.242338020e+02 +2.8804e+00 -1.8262e+00 -5.5192e-01 +3.4194e-02 -1.7750e-01 +2.7125e+00 -3.4092e+00 -3.5854e+00 +3.7192e+00 +4.7637e+00
4 0 +4.122833766e+01 +7.392833766e+01 +7.392833766e+01 +1.0813e+00 -2.9031e+00 -2.3676e+00 +4.4068e+00 -2.5951e+00 -6.2929e-01 +1.0431e+00 +4.9507e+00 +1.9389e+00 -2.1412e+00
8 0 +2.469341554e+01 +5.739341554e+01 +5.739341554e+01 +2.2702e+00 -1.5794e+00 +1.1211e+00 -1.6081e+00 +4.9194e-01 -4.1309e+00 +1.0261e+00 -4.5217e-01 +1.3115e+00 +3.0809e+00
14 0 +6.881021201e+00 +3.958102120e+01 +3.958102120e+01 -3.3713e+00 -2.6404e+00 -1.9576e+00 +8.0933e-01 -2.6576e+00 -2.6654e+00 +4.3229e-01 +3.6114e+00 +2.9667e+00 +3.2417e+00
252 0 +4.837725236e+00 +3.753772524e+01 +3.753772524e+01 -2.9036e+00 -1.8967e+00 -1.1468e+00 +1.5036e-02 -1.9285e+00 -1.9605e+00 +3.2097e-01 +3.3398e+00 +2.5139e+00 +2.2351e+00
% f evaluations | g evaluations | best noise-free fitness - Fopt (-3.943000000000e+01) + sum g_i+ | measured fitness | best measured fitness or single-digit g-values | x1 | x2...
1 0 +7.174107688e+01 +3.231107688e+01 +3.231107688e+01 -4.4282e+00 +1.6664e+00 -2.6120e+00 -3.1280e+00 -5.2902e-01 +3.0271e+00 -4.4111e+00 +4.7804e+00 -3.4783e+00 -5.7393e-01
2 0 +5.783524338e+01 +1.840524338e+01 +1.840524338e+01 +1.7906e-01 +1.8792e+00 -4.1794e-02 -1.5180e+00 +9.7775e-01 +2.2008e+00 -3.4348e+00 +7.3620e-01 +4.6060e+00 +7.9277e-01
6 0 +5.640310539e+01 +1.697310539e+01 +1.697310539e+01 +2.6622e+00 -3.7293e+00 +9.1333e-01 +1.9933e+00 +4.5121e+00 +1.3184e+00 +9.8417e-01 +1.7106e+00 -4.7002e+00 -4.7301e+00
9 0 +3.263248062e+01 -6.797519381e+00 -6.797519381e+00 +1.1336e+00 +3.9152e+00 +9.2176e-01 -3.0430e+00 -2.7138e+00 -4.1978e+00 -1.7589e-02 +1.1757e+00 +3.5741e-01 -4.3601e+00
21 0 +2.683973011e+01 -1.259026989e+01 -1.259026989e+01 -1.0655e+00 +4.0337e+00 +7.5110e-02 +4.3107e+00 +4.2724e+00 -4.0142e+00 +1.5461e-01 -1.9293e-01 -3.9482e-01 +1.2708e+00
48 0 +1.936521768e+01 -2.006478232e+01 -2.006478232e+01 +6.9860e-01 +3.8850e+00 +1.9935e+00 +6.5454e-01 +1.5155e+00 -2.0518e+00 -1.4916e+00 +1.6716e-02 +3.5643e+00 -2.1243e+00
53 0 +1.882799578e+01 -2.060200422e+01 -2.060200422e+01 -7.0397e-01 +2.8822e+00 +2.8724e-01 +3.9538e+00 +4.1468e+00 -3.2385e+00 +3.2198e-01 -1.1679e-01 -5.4638e-01 +1.7125e+00
102 0 +1.178358896e+01 -2.764641104e+01 -2.764641104e+01 -3.7497e-01 +3.0762e+00 +1.0963e+00 +4.4549e-01 +5.6780e-01 -3.3391e-01 -1.6288e+00 +4.5400e-01 +2.6791e+00 -1.6088e+00
563 0 +8.555818127e+00 -3.087418187e+01 -3.087418187e+01 +6.9860e-01 +3.8850e+00 +1.9935e+00 +6.5454e-01 +1.5155e+00 -2.0518e+00 -1.4916e+00 +1.6716e-02 +9.7953e-01 -2.1243e+00
764 0 +8.132420421e+00 -3.129757958e+01 -3.129757958e+01 +8.1157e-01 +3.8138e+00 +1.4817e+00 +4.7412e-01 +1.2772e+00 -1.9626e+00 -1.2502e+00 -2.0092e-01 +8.7817e-01 -1.5034e+00
% f evaluations | g evaluations | best noise-free fitness - Fopt (4.197200000000e+02) + sum g_i+ | measured fitness | best measured fitness or single-digit g-values | x1 | x2...
1 0 +1.638735281e+02 +5.835935281e+02 +5.835935281e+02 -2.8893e+00 -3.8062e+00 +8.9709e-01 -3.1526e+00 -1.2996e+00 -5.4023e-01 -3.5129e+00 -1.9781e+00 -2.3013e+00 +2.7262e-01
2 0 +6.141189037e+01 +4.811318904e+02 +4.811318904e+02 -2.7367e+00 +4.0813e+00 +4.3861e+00 +1.5165e+00 +4.3077e+00 +3.5637e+00 -3.5298e+00 -3.9202e+00 -4.7080e+00 +1.6315e+00
4 0 +3.312873613e+01 +4.528487361e+02 +4.528487361e+02 -4.9307e+00 +2.9972e+00 -6.2387e-01 +1.1968e+00 +6.2843e-01 -1.3060e+00 +4.5714e+00 +3.5474e-01 -2.5041e+00 -1.9174e+00
5 0 +1.552979723e+01 +4.352497972e+02 +4.352497972e+02 -4.5869e+00 +4.3460e+00 +1.4250e+00 +1.6138e+00 +2.1631e+00 -1.6288e+00 +1.1366e+00 +3.8549e+00 +5.5674e-01 -8.9238e-01
54 0 +8.814367217e+00 +4.285343672e+02 +4.285343672e+02 +1.7199e+00 +1.9429e+00 -2.3853e+00 +4.4846e+00 +1.6107e+00 -3.4093e+00 -9.6209e-01 -1.0533e+00 +1.2002e+00 +2.9869e+00
55 0 +7.114488789e+00 +4.268344888e+02 +4.268344888e+02 -1.8230e+00 +3.7385e+00 -1.8602e+00 +3.9547e+00 +3.2760e+00 -4.9502e-02 +9.1737e-01 +2.4296e-01 +1.8612e+00 +3.7903e+00
102 0 +6.225055390e+00 +4.259450554e+02 +4.259450554e+02 -2.2047e+00 +2.9447e+00 -1.6235e+00 +2.3938e+00 +1.9478e+00 -6.0581e-01 +3.0068e-01 +1.3781e+00 +1.6139e+00 +2.1891e+00
254 0 +6.004205913e+00 +4.257242059e+02 +4.257242059e+02 -1.7844e+00 +3.0675e+00 -3.7260e-01 +3.0504e+00 +2.1051e+00 -1.2220e+00 +3.6488e-01 +1.0781e+00 +7.5394e-01 +9.6951e-01
% f evaluations | g evaluations | best noise-free fitness - Fopt (7.640000000000e+00) + sum g_i+ | measured fitness | best measured fitness or single-digit g-values | x1 | x2...
1 0 +2.420923166e+02 +2.497323166e+02 +2.497323166e+02 +3.9951e+00 +1.0970e+00 +1.4832e+00 -4.7893e+00 -2.0378e+00 +1.2440e-01 +1.6973e+00 +3.6481e+00 -1.1309e+00 +4.6532e+00
3 0 +2.727781988e+01 +3.491781988e+01 +3.491781988e+01 +1.7351e+00 +5.4952e-01 +2.4472e+00 +3.3310e+00 +1.9901e+00 -1.7033e+00 -1.1516e+00 -4.8306e-02 +1.1617e+00 -3.8530e+00
52 0 +2.099362911e+01 +2.863362911e+01 +2.863362911e+01 -8.6405e-01 +1.2652e+00 +2.7297e+00 +1.3383e+00 +1.0599e+00 -1.2657e+00 +3.1586e-01 +9.0488e-01 -1.5170e+00 -2.4465e+00
59 0 +1.962928597e+01 +2.726928597e+01 +2.726928597e+01 -1.5732e+00 +2.7272e+00 +8.6012e-01 +8.1227e-01 +1.4815e+00 +3.9281e-01 +1.4415e+00 +2.3927e+00 -2.5114e+00 +1.0690e+00
355 0 +1.831820023e+01 +2.595820023e+01 +2.595820023e+01 +1.2897e+00 +7.9094e-01 +2.6128e-01 +7.9856e-01 +2.6437e+00 -6.2265e-01 +5.5408e-01 +1.0298e+00 -2.0417e-01 -2.5754e+00
511 0 +1.594225921e+01 +2.358225921e+01 +2.358225921e+01 +1.6437e+00 +5.9903e-01 +1.9989e+00 +2.8116e+00 +2.1456e+00 -1.4889e+00 -8.0173e-01 +1.7281e-01 +8.8155e-01 -1.3480e+00
% f evaluations | g evaluations | best noise-free fitness - Fopt (-1.276800000000e+02) + sum g_i+ | measured fitness | best measured fitness or single-digit g-values | x1 | x2...
1 0 +4.053037646e+01 -8.714962354e+01 -8.714962354e+01 -2.8761e+00 -2.9878e+00 -1.3872e+00 +2.6328e+00 +3.1316e+00 +7.0005e-01 -1.2345e+00 -1.1752e+00 +4.8621e+00 -4.2431e+00
5 0 +3.998699152e+01 -8.769300848e+01 -8.769300848e+01 +2.5871e+00 +2.7208e+00 +2.8882e+00 +6.1986e-02 -1.2660e+00 -1.6995e-01 -3.4629e+00 -3.5231e+00 +1.8905e-02 -4.3985e+00
15 0 +3.423703202e+01 -9.344296798e+01 -9.344296798e+01 +2.2182e+00 +1.7465e+00 +3.8818e+00 +4.2358e+00 -3.8012e+00 -4.1892e+00 +1.6224e+00 -3.0335e+00 -4.9123e-02 -1.3084e+00
29 0 +1.957145075e+01 -1.081085492e+02 -1.081085492e+02 +1.8687e+00 +2.0890e+00 +1.1662e+00 +3.8415e+00 -3.8949e+00 +4.5492e+00 -2.9661e-01 -3.5966e+00 +1.6075e+00 -5.5117e-01
54 0 +1.083241709e+01 -1.168475829e+02 -1.168475829e+02 +3.3716e+00 +3.8666e+00 +4.4840e+00 +1.0832e+00 -2.6420e+00 +1.1438e+00 -1.6383e+00 -3.6739e+00 +1.7072e+00 +5.6754e-01
154 0 +9.325314710e+00 -1.183546853e+02 -1.183546853e+02 +8.8797e-02 +2.5134e+00 +9.4355e-01 +1.8190e+00 -2.8892e+00 +5.1765e-01 -2.2446e+00 -3.0532e+00 +9.5000e-01 -8.2755e-01
208 0 +8.874757639e+00 -1.188052424e+02 -1.188052424e+02 -8.7786e-01 +2.8489e+00 +7.3529e-01 +2.5306e+00 -3.3760e+00 +2.1602e-01 -2.4301e+00 -3.0635e+00 +1.1482e+00 -7.3355e-03
264 0 +8.709092482e+00 -1.189709075e+02 -1.189709075e+02 -8.7786e-01 +2.8489e+00 +7.3529e-01 +2.2551e+00 -3.3760e+00 +2.1602e-01 -2.4301e+00 -3.0635e+00 +1.1482e+00 -7.3355e-03
307 0 +6.895001831e+00 -1.207849982e+02 -1.207849982e+02 +2.5476e-01 +2.7861e+00 -6.0213e-02 +1.4803e+00 -1.5133e+00 -1.0174e+00 -2.3867e+00 -2.5368e+00 +1.9274e+00 +1.1888e+00
% f evaluations | g evaluations | best noise-free fitness - Fopt (-3.650000000000e+01) + sum g_i+ | measured fitness | best measured fitness or single-digit g-values | x1 | x2...
1 0 +6.980824180e+01 +3.330824180e+01 +3.330824180e+01 +1.8315e+00 -3.7571e+00 +2.3327e+00 +1.2911e+00 +3.7450e+00 +2.2259e+00 +4.9505e+00 -3.9338e+00 +2.9027e+00 -2.4573e+00
25 0 +5.278604038e+01 +1.628604038e+01 +1.628604038e+01 +9.2359e-01 -2.3258e+00 +1.0208e-01 -2.2285e+00 -1.2352e+00 +4.3467e+00 -3.3239e+00 -2.4797e+00 +1.7083e+00 -3.7483e+00
27 0 +1.993521912e+01 -1.656478088e+01 -1.656478088e+01 -1.7564e+00 +1.8996e-02 +1.8643e+00 -2.7571e+00 +3.6937e-02 +3.4754e+00 +4.1103e+00 +1.4222e-01 -4.6129e-01 -4.0978e+00
154 0 +1.103338889e+01 -2.546661111e+01 -2.546661111e+01 +1.7974e+00 -9.8561e-01 +2.9944e+00 +3.2197e+00 +3.5943e+00 +7.5244e-01 +4.1442e+00 +1.0089e+00 +1.9983e+00 -1.4924e+00
203 0 +8.446903379e+00 -2.805309662e+01 -2.805309662e+01 +2.3274e+00 -2.7885e-01 +2.7692e+00 +2.9865e+00 +3.5007e+00 +6.7907e-01 +3.7800e+00 +1.1217e+00 +1.2068e+00 -8.9028e-01
% f evaluations | g evaluations | best noise-free fitness - Fopt (1.728700000000e+02) + sum g_i+ | measured fitness | best measured fitness or single-digit g-values | x1 | x2...
1 0 +2.827502418e+01 +2.011450242e+02 +2.011450242e+02 -3.3643e+00 +2.2188e+00 -1.1795e-01 -3.4780e+00 +3.9050e+00 -2.8322e+00 +4.8435e+00 +7.7156e-01 +9.4676e-01 -4.6831e-01
34 0 +1.464492953e+01 +1.875149295e+02 +1.875149295e+02 +3.1211e+00 +2.8309e+00 +3.9385e+00 +2.5978e+00 -8.8606e-01 -4.3017e+00 +3.4427e+00 -2.8621e+00 -3.7935e+00 -2.5126e+00
40 0 +9.311471772e+00 +1.821814718e+02 +1.821814718e+02 +1.0696e+00 -7.0851e-01 +1.9748e+00 +2.9587e+00 -7.8004e-02 -4.0178e+00 +4.6511e-01 -5.3567e-01 +1.2407e+00 -4.5349e+00
360 0 +8.704509022e+00 +1.815745090e+02 +1.815745090e+02 +1.0696e+00 -7.0851e-01 +1.9748e+00 +2.9587e+00 -7.8004e-02 -4.0178e+00 +4.6511e-01 -5.3567e-01 +8.5661e-01 -4.5349e+00
663 0 +6.978140732e+00 +1.798481407e+02 +1.798481407e+02 +1.0696e+00 -7.0851e-01 +1.9748e+00 +2.9587e+00 -7.8004e-02 -4.0178e+00 +4.6511e-01 -5.3567e-01 +1.2407e+00 -3.6016e+00
711 0 +6.799089851e+00 +1.796690899e+02 +1.796690899e+02 +1.0141e+00 -6.4637e-01 +1.9652e+00 +2.9076e+00 -8.3459e-02 -3.9222e+00 +4.1343e-01 -4.9689e-01 +1.2467e+00 -2.5200e+00
1011 0 +6.742010966e+00 +1.796120110e+02 +1.796120110e+02 +1.0696e+00 -7.0851e-01 +1.9748e+00 +2.9587e+00 -7.8004e-02 -4.0178e+00 +4.6511e-01 -5.3567e-01 +1.2407e+00 -1.2174e+00
% f evaluations | g evaluations | best noise-free fitness - Fopt (1.577200000000e+02) + sum g_i+ | measured fitness | best measured fitness or single-digit g-values | x1 | x2...
1 0 +5.469413933e+01 +2.124141393e+02 +2.124141393e+02 -1.4725e+00 -1.0761e+00 +2.9253e+00 +4.4339e+00 +4.4610e+00 -4.3110e+00 +6.7826e-02 -3.7224e+00 -4.9713e+00 -4.9174e+00
4 0 +2.242940321e+01 +1.801494032e+02 +1.801494032e+02 -3.4585e+00 +2.7423e+00 -3.6156e-01 +2.4161e+00 +5.6207e-01 +4.7303e+00 -2.9773e+00 -4.5243e+00 -9.7863e-01 -2.8891e+00
59 0 +2.200722910e+01 +1.797272291e+02 +1.797272291e+02 -2.9230e+00 +2.6474e+00 +7.4670e-01 +9.1324e-01 -5.2099e-01 +3.3828e+00 -1.5238e+00 -4.0745e+00 -1.2253e+00 -2.6549e+00
156 0 +2.141067375e+01 +1.791306737e+02 +1.791306737e+02 -3.0729e+00 +2.3728e+00 -5.1127e-01 +2.6263e+00 +4.4164e-01 +3.9249e+00 -2.4581e+00 -4.0036e+00 -1.2309e+00 -2.6695e+00
355 0 +2.126498203e+01 +1.789849820e+02 +1.789849820e+02 -2.8898e+00 +1.6595e+00 -6.0388e-02 +2.3499e+00 +4.9687e-01 +2.8790e+00 -2.3835e+00 -3.4007e+00 -1.2109e+00 -2.8034e+00
664 0 +1.881320921e+01 +1.765332092e+02 +1.765332092e+02 -3.3105e+00 +2.1931e+00 -5.5672e-01 +1.4968e+00 +7.8689e-01 +3.8314e+00 -9.7340e-01 -3.7278e+00 -1.1833e+00 -2.7219e+00
% f evaluations | g evaluations | best noise-free fitness - Fopt (2.819000000000e+01) + sum g_i+ | measured fitness | best measured fitness or single-digit g-values | x1 | x2...
1 0 +6.346523086e+01 +9.165523086e+01 +9.165523086e+01 +7.9606e-01 -2.8974e+00 -4.4883e+00 +2.8223e+00 +4.8074e-01 -3.1356e+00 -4.2695e+00 -2.7037e+00 -2.9144e+00 -4.6946e+00
2 0 +2.615005942e+01 +5.434005942e+01 +5.434005942e+01 +1.0859e-01 +1.5097e+00 +1.2466e+00 +4.0201e+00 -2.0989e+00 -3.4380e+00 -4.5694e-01 -4.8019e+00 -4.6513e+00 -1.3149e+00
4 0 +1.320852964e+01 +4.139852964e+01 +4.139852964e+01 +4.5177e+00 +5.4848e-01 -2.7977e+00 +1.3804e+00 -1.5351e+00 -1.6905e+00 -1.4228e+00 -4.0466e+00 -3.5648e+00 -6.1163e-01
58 0 +1.089972220e+01 +3.908972220e+01 +3.908972220e+01 +2.3407e+00 +1.1010e+00 -3.0618e+00 +1.8079e+00 +3.2715e+00 -2.9969e+00 +5.2431e-01 -2.9315e+00 -1.4403e+00 +1.3547e+00
59 0 +6.770977626e+00 +3.496097763e+01 +3.496097763e+01 +2.3252e+00 -1.2351e+00 -1.6892e+00 +3.4185e+00 +1.8667e+00 -3.4701e+00 -2.6533e+00 +4.9928e-01 -4.0933e+00 +2.8424e-02
359 0 +6.200267698e+00 +3.439026770e+01 +3.439026770e+01 +1.9534e+00 +2.2266e-01 -2.0136e+00 +7.8851e-01 -8.0584e-01 -1.6955e+00 +5.3668e-01 -2.3016e+00 -2.3433e+00 +5.5430e-01
% f evaluations | g evaluations | best noise-free fitness - Fopt (-9.925000000000e+01) + sum g_i+ | measured fitness | best measured fitness or single-digit g-values | x1 | x2...
1 0 +1.230296289e+02 +2.377962888e+01 +2.377962888e+01 +3.1142e+00 -3.9639e+00 -2.5822e+00 -2.9703e+00 +5.9342e-01 +1.1964e+00 +1.8475e-01 +4.6001e-01 -5.5866e-01 -2.4072e-01
6 0 +6.164613269e+01 -3.760386731e+01 -3.760386731e+01 -2.5792e+00 -2.7558e+00 -4.0320e+00 -3.3008e-01 -1.5011e-01 -4.7647e+00 +1.0193e-02 +2.3145e-01 -3.6316e+00 -2.5601e+00
19 0 +5.466092750e+01 -4.458907250e+01 -4.458907250e+01 -2.6266e+00 -4.3438e+00 +2.7354e+00 -1.4392e+00 +2.3413e+00 -1.4642e+00 -1.7335e+00 +2.5578e+00 +6.6585e-01 +1.9818e+00
26 0 +4.911672491e+01 -5.013327509e+01 -5.013327509e+01 -1.5191e+00 -8.3915e-01 +2.2506e+00 -3.2615e+00 -2.0909e+00 +1.5590e+00 +7.5540e-01 +4.1711e+00 +1.7603e+00 +7.1617e-01
27 0 +4.036810980e+01 -5.888189020e+01 -5.888189020e+01 +5.0717e-01 +3.3673e+00 -3.3505e+00 +3.2852e+00 +2.5698e+00 +3.7371e+00 -1.0613e+00 +3.9385e+00 -6.5060e-01 +3.5848e+00
36 0 +2.504041437e+01 -7.420958563e+01 -7.420958563e+01 -3.3941e+00 +7.8360e-01 -3.1269e+00 +3.1691e-01 +1.4162e+00 +3.8084e+00 -3.1605e+00 +1.5051e+00 +2.1767e+00 -2.2676e+00
45 0 +1.945168571e+01 -7.979831429e+01 -7.979831429e+01 -2.5140e-01 -3.8585e+00 -1.6678e+00 +3.1693e+00 +2.6920e+00 +3.2910e+00 -3.0192e+00 +2.5340e+00 -3.5836e+00 -1.1055e+00
56 0 +1.732848772e+01 -8.192151228e+01 -8.192151228e+01 +1.5807e+00 -2.6528e+00 -2.4749e+00 +3.1216e+00 +8.0826e-01 +1.3017e+00 -9.2770e-01 +3.3947e+00 -3.9132e+00 -1.0349e+00
159 0 +1.613292043e+01 -8.311707957e+01 -8.311707957e+01 -7.7271e-01 -2.5731e+00 -1.4530e+00 +2.6775e+00 +2.0695e+00 +3.1172e+00 -2.5113e+00 +2.2457e+00 -2.8778e+00 -1.2504e+00
652 0 +1.480385985e+01 -8.444614015e+01 -8.444614015e+01 -1.6309e+00 -4.5696e-01 -1.0994e+00 +1.8680e+00 +9.0241e-01 +2.8310e+00 -1.6750e+00 +1.7711e+00 -1.7157e+00 -8.1016e-01
653 0 +1.436877017e+01 -8.488122983e+01 -8.488122983e+01 -1.4181e+00 -9.8171e-01 -1.1871e+00 +2.0687e+00 +1.1918e+00 +2.9020e+00 -1.8824e+00 +1.8888e+00 -2.0039e+00 -9.1934e-01
664 0 +1.312008883e+01 -8.612991117e+01 -8.612991117e+01 -7.7271e-01 -2.5731e+00 -1.4530e+00 +2.6775e+00 +2.0695e+00 +3.1172e+00 -1.6210e+00 +2.2457e+00 -2.8778e+00 -1.2504e+00
710 0 +9.899671206e+00 -8.935032879e+01 -8.935032879e+01 -7.7271e-01 -2.5731e+00 -1.4530e+00 +2.6775e+00 +2.0695e+00 +3.1172e+00 -1.8991e-01 +2.2457e+00 -2.8778e+00 -1.2504e+00
