% f evaluations | g evaluations | best noise-free fitness - Fopt (1.238300000000e+02) + sum g_i+ | measured fitness | best measured fitness or single-digit g-values | x1 | x2...
1 0 +1.759692987e+05 +1.760931287e+05 +1.760931287e+05 +1.9952e+00 +1.7276e+00 -3.8364e+00 +4.6066e+00 -2.9807e+00 -2.2413e+00 +4.2689e+00 -2.9847e+00 +3.6555e+00 +2.2281e+00
2 0 +1.231169300e+05 +1.232407600e+05 +1.232407600e+05 +1.3183e+00 +3.8814e+00 +2.3882e+00 +2.9289e+00 -1.5421e+00 +3.7643e+00 -1.3668e+00 -9.3209e-01 -2.7361e+00 -4.7208e+00
3 0 +7.115057607e+04 +7.127440607e+04 +7.127440607e+04 -2.1284e+00 +1.6957e-01 +4.0852e+00 +2.2220e+00 +2.2491e+00 -3.1964e+00 +4.8198e+00 -1.5655e+00 +6.9259e-01 +6.3746e-01
4 0 +6.229489955e+04 +6.241872955e+04 +6.241872955e+04 -4.2415e+00 -1.1882e+00 +2.0121e+00 +2.0869e+00 -1.1485e-01 +4.7033e+00 +1.6837e+00 +7.2024e-01 +2.3240e+00 +8.9961e-01
7 0 +6.164956278e+04 +6.177339278e+04 +6.177339278e+04 +6.7562e-01 +3.0189e+00 -5.5030e-01 +2.3163e+00 +9.3469e-01 -2.3358e+00 +3.2356e+00 -1.8977e+00 -1.6956e+00 +7.4053e-01
11 0 +4.982523811e+04 +4.994906811e+04 +4.994906811e+04 -3.8502e+00 -4.8189e+00 -2.1762e+00 -1.5670e+00 +3.5916e-01 -2.6471e+00 -1.3597e+00 +1.7890e+00 -1.2386e+00 -6.7927e-01
24 0 +3.546115033e+04 +3.558498033e+04 +3.558498033e+04 +5.0570e-01 +2.5256e+00 +6.1995e-01 -1.0823e+00 +3.0583e+00 +3.0857e+00 -2.1214e+00 +1.6989e-01 +3.5355e+00 -3.1845e+00
32 0 +1.904327750e+04 +1.916710750e+04 +1.916710750e+04 +1.2576e-02 +2.6095e+00 -1.2912e-01 +9.9906e-02 -7.9129e-01 +3.1259e+00 +3.4596e+00 -1.8245e+00 +5.3025e-01 -2.6173e+00
57 0 +1.109980794e+04 +1.122363794e+04 +1.122363794e+04 +9.4398e-02 +1.5255e+00 -3.3220e-01 -7.1625e-01 -1.1627e+00 +1.5789e+00 +2.3661e+00 -1.6587e+00 +1.1616e+00 -1.9158e+00
104 0 +9.053305052e+03 +9.177135052e+03 +9.177135052e+03 -1.4114e-01 +1.1510e+00 -4.3875e-01 -7.5725e-01 -1.0760e+00 +1.3227e+00 +2.1379e+00 -1.4450e+00 +1.0231e+00 -1.8341e+00
153 0 +6.414622249e+03 +6.538452249e+03 +6.538452249e+03 +3.4372e-01 -4.3333e-02 +1.1663e+00 +5.9291e-01 -1.0498e+00 +5.9439e-01 -2.7881e-01 +1.3714e+00 -1.2793e+00 -1.5332e+00
205 0 +4.486692285e+03 +4.610522285e+03 +4.610522285e+03 -1.0804e+00 -3.4236e-01 -8.6368e-01 -9.2076e-01 -7.2996e-01 +3.0078e-01 +1.2275e+00 -5.9281e-01 +4.7106e-01 -1.5083e+00
254 0 +3.768399934e+03 +3.892229934e+03 +3.892229934e+03 -1.3914e+00 -8.3679e-01 -1.0044e+00 -9.7489e-01 -6.1541e-01 -3.7532e-02 +9.2615e-01 -3.1068e-01 +2.8829e-01 -1.4004e+00
302 0 +2.428747701e+03 +2.552577701e+03 +2.552577701e+03 -1.7417e+00 -2.1057e-02 -1.0964e+00 -9.8355e-01 -5.8460e-01 -2.4575e-01 +6.2543e-01 +2.7257e-01 +4.8307e-02 -1.2406e+00
404 0 +1.522720734e+03 +1.646550734e+03 +1.646550734e+03 -1.3952e+00 -1.9423e+00 -2.3079e-01 -2.6736e-01 -4.9949e-01 -7.4421e-01 -6.9250e-01 +1.5146e+00 -1.1615e+00 -1.1366e+00
452 0 +1.166889672e+03 +1.290719672e+03 +1.290719672e+03 -1.6000e+00 -4.1118e-01 -8.4394e-01 -7.8484e-01 -5.8332e-01 -3.1762e-01 +3.2832e-01 +5.6068e-01 -2.4148e-01 -1.2298e+00
453 0 +8.968229374e+02 +1.020652937e+03 +1.020652937e+03 -1.4472e+00 -1.5535e+00 -3.8649e-01 -3.9877e-01 -5.2078e-01 -6.3588e-01 -4.3328e-01 +1.2723e+00 -9.2791e-01 -1.1603e+00
553 0 +8.364200173e+02 +9.602500173e+02 +9.602500173e+02 -1.5124e+00 -9.2587e-01 -7.8351e-01 -7.1211e-01 -5.2476e-01 -5.1671e-01 +4.1250e-02 +8.1303e-01 -4.6692e-01 -1.1790e+00
556 0 +6.904779211e+02 +8.143079211e+02 +8.143079211e+02 -1.5512e+00 -1.0078e+00 -6.4066e-01 -6.0845e-01 -5.4381e-01 -4.9499e-01 -5.2173e-02 +9.1103e-01 -5.7667e-01 -1.1899e+00
654 0 +6.712297380e+02 +7.950597380e+02 +7.950597380e+02 -1.5229e+00 -1.1773e+00 -5.6632e-01 -5.4659e-01 -5.3578e-01 -5.4019e-01 -1.6830e-01 +9.6892e-01 -6.8275e-01 -1.1802e+00
711 0 +6.034716852e+02 +7.273016852e+02 +7.273016852e+02 -1.3912e+00 -1.4958e+00 -4.0959e-01 -4.1826e-01 -5.2394e-01 -6.1981e-01 -3.9482e-01 +1.0292e+00 -8.9325e-01 -6.8852e-01
814 0 +5.923959899e+02 +7.162259899e+02 +7.162259899e+02 -1.0382e+00 -1.4495e+00 -4.3620e-01 -4.3963e-01 -5.2493e-01 -6.0943e-01 -3.6003e-01 +1.1885e+00 -8.6014e-01 -1.1658e+00
855 0 +5.303416073e+02 +6.541716073e+02 +6.541716073e+02 -1.1540e+00 -1.2798e+00 -5.1497e-01 -5.0464e-01 -4.5738e-01 -5.6555e-01 -2.4166e-01 +1.0791e+00 -7.5110e-01 -1.1750e+00
963 0 +4.855698996e+02 +6.093998996e+02 +6.093998996e+02 -1.5174e+00 -7.4719e-01 -4.1034e-01 -7.0874e-01 -2.4535e-01 -4.2779e-01 +1.2991e-01 +2.6992e-01 -4.0881e-01 -1.2040e+00
1008 0 +4.690405683e+02 +5.928705683e+02 +5.928705683e+02 -1.3122e+00 -1.0479e+00 -4.6941e-01 -5.9352e-01 -3.6505e-01 -5.0556e-01 -7.9858e-02 +7.2671e-01 -6.0205e-01 -1.1876e+00
1009 0 +4.649852290e+02 +5.888152290e+02 +5.888152290e+02 -1.3591e+00 -9.7913e-01 -4.5590e-01 -6.1987e-01 -3.3768e-01 -4.8778e-01 -3.1893e-02 +6.2226e-01 -5.5786e-01 -1.1914e+00
% f evaluations | g evaluations | best noise-free fitness - Fopt (4.751000000000e+01) + sum g_i+ | measured fitness | best measured fitness or single-digit g-values | x1 | x2...
1 0 +1.710397550e+05 +1.710872650e+05 +1.710872650e+05 +3.6456e-01 +3.5710e+00 -2.3399e+00 +3.3702e+00 +1.2042e-01 +3.8005e+00 +8.4455e-01 +2.8654e-01 -4.8143e+00 +2.7808e+00
4 0 +1.229255116e+05 +1.229730216e+05 +1.229730216e+05 +1.7411e+00 +4.8366e+00 -4.5823e+00 -1.6815e+00 +2.4666e+00 -1.8212e-01 +3.6134e+00 +1.6788e-01 +4.7049e+00 -4.3677e+00
8 0 +4.871241884e+04 +4.875992884e+04 +4.875992884e+04 -3.3837e+00 -3.3517e+00 -2.8373e+00 -1.2846e+00 +6.7463e-02 +1.6708e+00 -3.6665e+00 +2.5326e+00 -4.5422e-01 +4.5952e+00
11 0 +4.422399502e+04 +4.427150502e+04 +4.427150502e+04 -2.5806e+00 +2.8287e+00 -9.1094e-02 +2.1192e+00 +2.8187e+00 -7.0564e-01 +2.0531e+00 -3.5285e+00 -1.4696e+00 -5.4734e-02
17 0 +2.671703163e+04 +2.676454163e+04 +2.676454163e+04 -3.9427e+00 -3.1030e+00 +2.0593e+00 +1.7462e+00 -9.7908e-01 -5.0238e-01 -1.8009e+00 -2.7582e+00 -3.8948e+00 +4.1363e+00
28 0 +2.516174692e+04 +2.520925692e+04 +2.520925692e+04 -1.3027e+00 +1.0903e+00 +1.1426e+00 -2.7647e+00 +2.6921e+00 +3.5000e+00 -1.3908e+00 -9.5354e-01 +3.3825e+00 -2.5182e+00
29 0 +2.056578444e+04 +2.061329444e+04 +2.061329444e+04 +4.5775e+00 +4.4428e+00 +9.9494e-01 -5.7404e-01 +5.3912e-04 +1.4094e+00 +4.4596e-01 +3.0404e+00 +2.8576e+00 +2.1714e+00
54 0 +1.201031653e+04 +1.205782653e+04 +1.205782653e+04 +7.6095e-02 -2.1240e-01 -1.5171e-01 +2.5600e+00 +9.5765e-01 +1.8224e+00 +5.6708e-01 +3.2041e+00 -7.5982e-01 -1.4376e+00
102 0 +9.675896299e+03 +9.723406299e+03 +9.723406299e+03 +1.7103e+00 +1.8504e+00 +1.0082e+00 +1.0141e-03 -2.5891e-01 +9.1240e-01 -4.5400e-01 +1.4401e+00 +7.9958e-01 +2.8746e+00
108 0 +6.702687944e+03 +6.750197944e+03 +6.750197944e+03 -9.3521e-01 +9.4524e-01 -1.2863e-01 +2.3922e+00 +1.6661e+00 +8.6003e-01 +1.1328e+00 +6.4123e-01 -1.0300e+00 -9.1116e-01
161 0 +6.580904106e+03 +6.628414106e+03 +6.628414106e+03 -9.3521e-01 +9.4524e-01 -6.7164e-02 +2.3922e+00 +1.6661e+00 +8.6003e-01 +1.1328e+00 +6.4123e-01 -1.0300e+00 -9.1116e-01
202 0 +3.911829184e+03 +3.959339184e+03 +3.959339184e+03 -9.1800e-01 +7.6357e-01 +4.2504e-02 +2.1880e+00 +1.3497e+00 +8.3728e-01 +8.7395e-01 +5.2553e-01 -1.0345e+00 -4.0934e-01
206 0 +2.683601581e+03 +2.731111581e+03 +2.731111581e+03 +1.0161e+00 +1.1103e+00 +3.1322e-01 -3.2826e-01 -6.4793e-01 +1.0822e+00 -1.0203e+00 +1.7695e+00 +1.3571e+00 +2.2500e+00
208 0 +1.416117888e+03 +1.463627888e+03 +1.463627888e+03 +3.3588e-01 +1.3802e+00 +4.4949e-01 +1.2433e+00 +7.4120e-01 +8.8519e-01 +3.7038e-01 +1.0250e+00 -1.5095e-01 +9.0776e-01
255 0 +1.401092185e+03 +1.448602185e+03 +1.448602185e+03 +2.4284e-01 +1.3483e+00 +4.0289e-01 +1.3274e+00 +8.0890e-01 +8.8335e-01 +4.2619e-01 +9.9694e-01 -2.1530e-01 +7.7461e-01
312 0 +1.097264933e+03 +1.144774933e+03 +1.144774933e+03 +3.3588e-01 +1.3802e+00 +4.4949e-01 +7.1377e-01 +7.4120e-01 +8.8519e-01 +3.7038e-01 +1.0250e+00 -1.5095e-01 +9.0776e-01
461 0 +9.225227115e+02 +9.700327115e+02 +9.700327115e+02 -2.6538e-01 +3.5606e-01 +2.5438e-01 +1.3138e+00 +1.0329e+00 +8.6220e-01 +6.1174e-01 +7.8546e-01 -5.7464e-01 +2.7640e-01
553 0 +9.006241797e+02 +9.481341797e+02 +9.481341797e+02 -2.4944e-01 +3.8321e-01 +2.5955e-01 +1.3018e+00 +1.0251e+00 +8.6281e-01 +6.0534e-01 +7.9181e-01 -5.6341e-01 +2.9314e-01
556 0 +8.739197947e+02 +9.214297947e+02 +9.214297947e+02 -2.3445e-01 +4.0873e-01 +2.6441e-01 +1.2830e+00 +1.0179e+00 +8.6339e-01 +5.9933e-01 +7.9778e-01 -5.5284e-01 +3.0887e-01
562 0 +8.068548351e+02 +8.543648351e+02 +8.543648351e+02 +3.3588e-01 +3.8477e-01 +4.4949e-01 +1.2433e+00 +7.4120e-01 +8.8519e-01 +3.7038e-01 +6.4721e-01 -1.5095e-01 +9.0776e-01
602 0 +7.259539753e+02 +7.734639753e+02 +7.734639753e+02 +8.3764e-02 +9.5074e-01 +3.6768e-01 +9.6539e-01 +8.6350e-01 +8.7555e-01 +4.7159e-01 +9.2458e-01 -3.2861e-01 +6.4302e-01
603 0 +7.025833947e+02 +7.500933947e+02 +7.500933947e+02 +1.7663e-02 +8.3815e-01 +3.4623e-01 +1.0314e+00 +8.9556e-01 +8.7302e-01 +4.9812e-01 +8.9824e-01 -3.7519e-01 +5.7361e-01
664 0 +5.764833705e+02 +6.239933705e+02 +6.239933705e+02 +3.3588e-01 +4.8922e-01 +1.8838e-01 +1.2031e+00 +7.4120e-01 +8.8519e-01 +3.7038e-01 +6.8686e-01 -1.5095e-01 +9.0776e-01
762 0 +4.448154919e+02 +4.923254919e+02 +4.923254919e+02 +3.3588e-01 +4.8922e-01 +4.4949e-01 +3.5777e-01 +7.4120e-01 +8.8519e-01 +3.7038e-01 +6.8686e-01 -1.5095e-01 +5.9563e-01
1007 0 +4.343354050e+02 +4.818454050e+02 +4.818454050e+02 +3.3588e-01 +5.3700e-01 +4.2881e-01 +4.1489e-01 +7.4120e-01 +8.7082e-01 +3.7038e-01 +7.0500e-01 -1.5095e-01 +5.9152e-01
% f evaluations | g evaluations | best noise-free fitness - Fopt (5.534000000000e+01) + sum g_i+ | measured fitness | best measured fitness or single-digit g-values | x1 | x2...
1 0 +2.322759927e+05 +2.323313327e+05 +2.323313327e+05 +1.5061e+00 -6.6205e-01 -3.3176e+00 +4.1895e+00 +2.7017e+00 -4.2572e+00 -2.9253e+00 -5.7305e-01 +4.6519e+00 -2.7337e+00
2 0 +1.325818382e+05 +1.326371782e+05 +1.326371782e+05 -4.4089e+00 +2.7757e+00 +3.3640e+00 +1.3107e+00 +7.5708e-01 -4.4990e+00 -2.4396e+00 -1.7772e+00 -2.7096e+00 -2.1335e+00
5 0 +3.465432787e+04 +3.470966787e+04 +3.470966787e+04 -2.7402e+00 +3.4230e+00 +4.8250e-01 -3.2717e+00 -1.0942e+00 -1.8493e+00 +2.1478e-01 -1.8191e+00 +4.8995e+00 -1.3501e+00
52 0 +8.164854352e+03 +8.220194352e+03 +8.220194352e+03 +1.1911e+00 +1.5165e+00 +7.2443e-01 -8.5377e-01 +1.0383e+00 -5.5275e-01 -2.6802e+00 -1.0366e-01 -3.2188e-01 +4.1027e-01
53 0 +5.641445471e+03 +5.696785471e+03 +5.696785471e+03 +2.0643e+00 +5.8891e-01 +2.4103e-01 -7.6413e-01 +1.8392e+00 -1.4773e-02 -2.3399e+00 +1.3957e-01 -8.4266e-01 +7.8999e-01
154 0 +1.447164737e+03 +1.502504737e+03 +1.502504737e+03 +1.8572e+00 +4.7172e-01 +8.9293e-02 -5.5715e-01 +1.6441e+00 -1.6038e-02 -8.9925e-01 +3.1858e-01 +1.5967e-01 +4.1406e-01
155 0 +1.414761111e+03 +1.470101111e+03 +1.470101111e+03 +1.5431e+00 +2.9400e-01 -1.4082e-01 -2.4325e-01 +1.3482e+00 -1.7956e-02 +1.2856e+00 +5.9005e-01 +1.6797e+00 -1.5606e-01
253 0 +1.923075185e+02 +2.476475185e+02 +2.476475185e+02 +1.0070e+00 +6.0666e-01 +3.1588e-01 +1.7425e-01 +9.2572e-01 +2.8452e-01 +7.7530e-01 +4.2647e-01 +9.5910e-01 +4.9305e-02
308 0 +1.643592492e+02 +2.196992492e+02 +2.196992492e+02 +9.3137e-01 +6.6255e-01 +3.6469e-01 +1.7587e-01 +8.7548e-01 +2.9325e-01 +6.8209e-01 +3.8679e-01 +8.9848e-01 +6.7360e-02
363 0 +1.517335170e+02 +2.070735170e+02 +2.070735170e+02 +4.1760e-01 +6.6255e-01 +3.6469e-01 +1.7587e-01 +8.7548e-01 +2.9325e-01 +6.8209e-01 +3.8679e-01 +8.9848e-01 +6.7360e-02
458 0 +1.256367796e+02 +1.809767796e+02 +1.809767796e+02 +4.9814e-01 +8.1391e-01 +4.4025e-01 +3.4506e-02 +7.9830e-01 +1.1345e-01 +4.7701e-01 +2.8763e-01 +8.9275e-01 +7.4057e-02
512 0 +1.219374667e+02 +1.772774667e+02 +1.772774667e+02 +5.8837e-01 +9.8350e-01 +2.7675e-01 -1.2389e-01 +7.1183e-01 -8.8005e-02 +2.4724e-01 +1.7653e-01 +8.8633e-01 +8.1562e-02
562 0 +1.071827879e+02 +1.625227879e+02 +1.625227879e+02 +4.9814e-01 +8.1391e-01 +4.4025e-01 +3.4506e-02 +6.8903e-01 +1.1345e-01 +4.7701e-01 +2.8763e-01 +8.9275e-01 +7.4057e-02
614 0 +9.562471601e+01 +1.509647160e+02 +1.509647160e+02 +4.9814e-01 +8.1391e-01 +4.4025e-01 +3.4506e-02 +6.0788e-01 +1.1345e-01 +4.7701e-01 +2.8763e-01 +8.9275e-01 +7.4057e-02
862 0 +8.094641477e+01 +1.362864148e+02 +1.362864148e+02 +4.9815e-01 +8.1397e-01 +1.8973e-01 +3.4472e-02 +6.0840e-01 +1.1337e-01 +4.7693e-01 +2.8759e-01 +8.9275e-01 +7.4060e-02
910 0 +7.003120097e+01 +1.253712010e+02 +1.253712010e+02 +4.9814e-01 +8.1391e-01 +4.4025e-01 +3.4506e-02 +3.4286e-01 +1.1345e-01 +4.7701e-01 +2.8763e-01 +8.9275e-01 +7.4057e-02
963 0 +6.477128552e+01 +1.201112855e+02 +1.201112855e+02 +5.0120e-01 +8.1284e-01 +4.3972e-01 +3.5505e-02 +8.6296e-03 +1.1472e-01 +4.7846e-01 +2.8833e-01 +8.9279e-01 +7.4010e-02
% f evaluations | g evaluations | best noise-free fitness - Fopt (-9.033000000000e+01) + sum g_i+ | measured fitness | best measured fitness or single-digit g-values | x1 | x2...
1 0 +1.703179420e+05 +1.702276120e+05 +1.702276120e+05 -3.2001e+00 +3.2083e+00 +1.3779e+00 -1.7018e+00 +1.4666e+00 +1.5973e+00 +4.5725e+00 +2.8297e+00 +7.4406e-01 -9.6617e-01
2 0 +7.946423111e+04 +7.937390111e+04 +7.937390111e+04 -1.8173e+00 -4.9024e+00 -3.9691e+00 -4.1214e+00 -1.3983e+00 -6.2508e-01 -2.5537e+00 -3.1466e-01 +3.0901e-01 +6.6065e-01
3 0 +4.942340224e+04 +4.933307224e+04 +4.933307224e+04 -3.4709e-01 -8.1590e-01 +1.4287e+00 +5.5028e-01 +2.9641e+00 -3.4612e+00 -2.3809e+00 +2.0074e+00 -4.5660e+00 -9.1393e-01
37 0 +3.444168894e+04 +3.435135894e+04 +3.435135894e+04 +4.8225e+00 +3.6674e+00 +1.8196e+00 -2.8369e+00 -6.3806e-01 -6.8466e-01 +3.2138e+00 -1.6995e-01 -1.5136e+00 -1.8516e+00
53 0 +1.987924303e+04 +1.978891303e+04 +1.978891303e+04 +4.1078e+00 +2.6986e+00 +1.5310e+00 -2.5609e+00 -1.4541e+00 +4.2429e-01 +2.4899e+00 +1.0404e+00 -1.3414e+00 -6.9480e-01
109 0 +1.918817691e+04 +1.909784691e+04 +1.909784691e+04 +7.9709e-01 -2.5478e-01 +7.5455e-01 -5.6165e-01 +3.1393e+00 -9.6085e-01 -1.0238e-01 +1.8818e+00 -2.8896e+00 +7.0227e-01
154 0 +1.713597520e+04 +1.704564520e+04 +1.704564520e+04 -2.1275e+00 -1.6262e+00 -7.0874e-01 +1.1022e-01 +2.2566e+00 -2.0336e+00 -2.7212e+00 -1.5216e+00 -3.6959e-01 -1.2221e+00
155 0 +1.545501374e+04 +1.536468374e+04 +1.536468374e+04 -1.8340e+00 -1.4927e+00 -3.5637e-01 +1.8276e-01 +2.3732e+00 -2.2689e+00 -2.6651e+00 -9.3985e-01 -1.0614e+00 -1.1713e+00
202 0 +9.192074127e+03 +9.101744127e+03 +9.101744127e+03 +2.5269e+00 +1.8879e+00 +1.0692e+00 -1.7955e+00 +4.0043e-01 -1.2310e+00 +1.1864e+00 -4.3546e-01 -1.3576e+00 -1.6170e+00
203 0 +2.629055338e+03 +2.538725338e+03 +2.538725338e+03 +4.6163e-01 +2.8689e-01 +3.9405e-01 -8.5864e-01 +1.3347e+00 -1.7226e+00 -6.3764e-01 -6.7433e-01 -1.2173e+00 -1.4059e+00
205 0 +2.533479385e+03 +2.443149385e+03 +2.443149385e+03 +1.8531e-01 +7.2692e-02 +3.0372e-01 -7.3329e-01 +1.4597e+00 -1.7883e+00 -8.8168e-01 -7.0629e-01 -1.1986e+00 -1.3776e+00
308 0 +2.292729405e+03 +2.202399405e+03 +2.202399405e+03 +1.9313e+00 +8.8999e-01 +8.0185e-01 -1.5889e+00 -8.0602e-01 +2.8420e-01 +5.4159e-01 +1.1657e+00 -1.1533e+00 -1.5411e-01
309 0 +1.319096767e+03 +1.228766767e+03 +1.228766767e+03 +1.4258e+00 +6.5336e-01 +6.5763e-01 -1.3411e+00 -1.5001e-01 -3.1586e-01 +1.2951e-01 +6.2372e-01 -1.1664e+00 -5.0836e-01
353 0 +1.222471648e+03 +1.132141648e+03 +1.132141648e+03 +1.1880e+00 +5.4207e-01 +5.8980e-01 -1.0850e+00 +1.5850e-01 -5.9807e-01 -6.4290e-02 +3.6882e-01 -1.1726e+00 -6.7496e-01
458 0 +1.141473808e+03 +1.051143808e+03 +1.051143808e+03 +6.7904e-01 +1.7387e-01 +5.2236e-01 -4.3749e-01 +5.6447e-01 -9.6341e-01 -5.4008e-01 +1.8006e-01 -1.2836e+00 -9.0737e-01
704 0 +1.077807687e+03 +9.874776866e+02 +9.874776866e+02 +9.4887e-01 +3.3176e-01 +6.0174e-01 -4.9945e-01 +2.9991e-01 -7.3754e-01 -3.1132e-01 +1.3306e-01 -1.2838e+00 -7.9581e-01
705 0 +1.057375355e+03 +9.670453548e+02 +9.670453548e+02 +1.3858e+00 +6.1629e-01 +6.9214e-01 -8.6920e-01 -9.5121e-02 -3.8930e-01 +7.8531e-02 +1.3346e-01 -1.2321e+00 -5.9650e-01
760 0 +1.011384653e+03 +9.210546532e+02 +9.210546532e+02 +3.6565e-01 +5.0261e-02 +5.1229e-01 -1.3364e-01 +6.9073e-01 -1.0821e+00 -6.9701e-01 +1.3267e-01 -1.3350e+00 -9.9300e-01
852 0 +9.798187350e+02 +8.894887350e+02 +8.894887350e+02 +5.6376e-01 +1.5727e-01 +5.2682e-01 -3.2417e-01 +5.9042e-01 -9.9240e-01 -5.5756e-01 +1.5305e-01 -1.2974e+00 -8.8268e-01
958 0 +9.765639272e+02 +8.862339272e+02 +8.862339272e+02 +6.7456e-01 +2.1698e-01 +5.3497e-01 -4.3035e-01 +5.3433e-01 -9.4228e-01 -4.0923e-01 +1.6438e-01 -1.2764e+00 -8.2122e-01
963 0 +3.552438061e+02 +2.649138061e+02 +2.649138061e+02 +4.7710e-02 +3.3237e-01 +5.5607e-01 -6.2143e-01 +4.1269e-01 -8.3406e-01 -3.2736e-01 +1.8071e-01 -1.2410e+00 -7.1214e-01
% f evaluations | g evaluations | best noise-free fitness - Fopt (6.561000000000e+01) + sum g_i+ | measured fitness | best measured fitness or single-digit g-values | x1 | x2...
1 0 +1.531271797e+05 +1.531927897e+05 +1.531927897e+05 +4.7702e+00 +1.8458e+00 +4.8828e+00 +1.6949e+00 -3.9344e+00 -1.4577e-01 -2.3357e+00 +6.6592e-01 +3.6077e+00 -4.4867e+00
2 0 +1.302807829e+05 +1.303463929e+05 +1.303463929e+05 -4.2500e+00 -2.9739e+00 +3.4574e+00 +1.1347e+00 -1.7145e+00 +2.1517e+00 +2.7655e+00 +1.1509e+00 -1.9721e+00 -4.9244e+00
5 0 +2.592610891e+04 +2.599171891e+04 +2.599171891e+04 -7.4157e-01 +4.0863e-01 +1.9227e+00 -2.0515e+00 -1.3535e+00 +4.0486e+00 +4.5258e-01 +1.1240e+00 +2.7270e+00 -1.0564e+00
7 0 +8.975775794e+03 +9.041385794e+03 +9.041385794e+03 +2.8611e+00 +2.7518e+00 +3.8771e-01 -1.4139e-01 +5.0052e-01 +2.0223e+00 +7.0657e-01 +2.0799e+00 -4.8904e-01 +4.7366e-01
52 0 +6.084247878e+03 +6.149857878e+03 +6.149857878e+03 -1.8593e+00 -1.1840e-01 -7.0471e-01 -2.5003e+00 -1.5386e+00 +1.1072e+00 -1.6788e+00 +1.4181e+00 -1.8769e+00 -6.5031e-01
107 0 +5.553795633e+03 +5.619405633e+03 +5.619405633e+03 -1.7174e+00 -3.2097e-02 -6.7187e-01 -2.4293e+00 -1.4773e+00 +1.1347e+00 -1.6071e+00 +1.4380e+00 -1.8352e+00 -6.1652e-01
152 0 +5.235148896e+03 +5.300758896e+03 +5.300758896e+03 +1.1683e+00 -1.3430e+00 -8.7624e-02 -3.8272e-01 -2.5476e+00 +3.9183e-01 -3.0923e-01 +1.1518e+00 -1.3726e+00 -1.3319e+00
158 0 +4.111568033e+03 +4.177178033e+03 +4.177178033e+03 -1.1203e+00 +3.3092e-01 -5.3370e-01 -2.1310e+00 -1.2194e+00 +1.2505e+00 -1.3054e+00 +1.5217e+00 -1.6596e+00 -4.7436e-01
159 0 +3.487971771e+03 +3.553581771e+03 +3.553581771e+03 +2.1221e+00 +2.3025e+00 +2.1670e-01 -5.1066e-01 +1.8130e-01 +1.8790e+00 +3.3314e-01 +1.9763e+00 -7.0630e-01 +2.9771e-01
254 0 +2.412449679e+03 +2.478059679e+03 +2.478059679e+03 +1.1309e+00 +1.5347e+00 -5.2490e-01 -3.9192e-01 -6.2513e-02 +7.1603e-01 -2.9412e-01 +2.4552e+00 -6.3692e-01 +4.6389e-02
259 0 +1.883813813e+03 +1.949423813e+03 +1.949423813e+03 +9.5866e-01 +9.4475e-01 +1.7532e-01 -9.2077e-01 -6.8264e-01 +1.5829e+00 -2.5490e-01 +1.6977e+00 -1.2426e+00 -2.6307e-01
562 0 +1.821711564e+03 +1.887321564e+03 +1.887321564e+03 +9.5866e-01 +9.4475e-01 +1.7532e-01 -9.2077e-01 -6.8264e-01 +1.5829e+00 -2.5490e-01 +1.6977e+00 -1.1789e+00 -2.6307e-01
764 0 +1.636237775e+03 +1.701847775e+03 +1.701847775e+03 +9.5866e-01 +9.4475e-01 +1.7532e-01 -9.2077e-01 -3.1265e-01 +1.5829e+00 -2.5490e-01 +1.6977e+00 -1.2426e+00 -2.6307e-01
911 0 +1.378266519e+03 +1.443876519e+03 +1.443876519e+03 +9.5866e-01 +2.5061e-01 +1.7532e-01 -9.2077e-01 -3.1265e-01 +1.5829e+00 -2.5490e-01 +1.6977e+00 -1.2426e+00 -2.6307e-01
912 0 +1.338576236e+03 +1.404186236e+03 +1.404186236e+03 +9.2177e-01 +9.4475e-01 +1.7532e-01 -9.2077e-01 -6.8264e-01 +1.5829e+00 -2.5490e-01 +1.6977e+00 -4.4299e-01 -2.6307e-01
961 0 +1.268977428e+03 +1.334587428e+03 +1.334587428e+03 +9.5866e-01 +9.4475e-01 +1.7532e-01 -4.9477e-01 -5.2417e-01 +1.3824e+00 -2.5490e-01 +1.6977e+00 -5.8554e-01 -2.6307e-01
% f evaluations | g evaluations | best noise-free fitness - Fopt (9.348200000000e+02) + sum g_i+ | measured fitness | best measured fitness or single-digit g-values | x1 | x2...
1 0 +1.287967547e+05 +1.297315747e+05 +1.297315747e+05 +4.5068e+00 +1.3366e+00 +1.0322e+00 +3.9759e+00 -1.4801e+00 +3.1530e+00 -8.5442e-01 +2.4980e+00 -1.9405e+00 -2.3132e-01
2 0 +1.198981157e+05 +1.208329357e+05 +1.208329357e+05 +5.7713e-01 +3.5619e+00 -2.2404e+00 -2.9114e+00 +3.3195e+00 -4.2933e+00 -1.7864e+00 +9.4659e-01 +1.2668e+00 +2.0158e+00
4 0 +1.389771188e+04 +1.483253188e+04 +1.483253188e+04 -8.8683e-01 +1.0259e+00 +7.7988e-01 -2.5063e-01 +2.2153e+00 +1.3684e+00 +4.3462e-01 +3.8545e-01 -4.5722e+00 -5.0898e-02
53 0 +1.035710395e+04 +1.129192395e+04 +1.129192395e+04 -2.4425e+00 +7.7445e-01 -1.7059e+00 +4.0609e+00 +8.2159e-01 +4.4184e-01 -3.0374e-01 +6.0974e-01 -1.0629e+00 +5.2306e-01
56 0 +1.019422510e+04 +1.112904510e+04 +1.112904510e+04 -1.0471e+00 +1.0192e+00 +4.1586e-01 +3.1111e-01 +2.0266e+00 +1.3399e+00 +3.1392e-01 +5.1667e-01 -4.2733e+00 +1.7528e-02
106 0 +6.558155922e+03 +7.492975922e+03 +7.492975922e+03 +1.2077e+00 +3.2057e+00 -1.5288e+00 -8.8788e-01 +7.0386e-01 +9.9532e-02 -2.0915e+00 -1.5014e+00 +1.4369e+00 +8.4201e-01
107 0 +1.946310926e+03 +2.881130926e+03 +2.881130926e+03 -2.8208e-02 +1.9194e+00 -1.6650e-01 -5.1186e-01 +1.5957e+00 +8.4824e-01 -6.0091e-01 -3.8802e-01 -2.1088e+00 +3.1513e-01
203 0 +1.833717029e+03 +2.768537029e+03 +2.768537029e+03 +3.5068e-02 +1.9919e+00 -2.5877e-01 -5.0974e-01 +1.5374e+00 +8.0468e-01 -6.9030e-01 -4.4557e-01 -1.8957e+00 +3.4780e-01
412 0 +1.690243559e+03 +2.625063559e+03 +2.625063559e+03 +3.5068e-02 +1.9919e+00 -2.5877e-01 -5.0974e-01 +1.5374e+00 +8.0468e-01 -4.2482e-01 -4.4557e-01 -1.8957e+00 +3.4780e-01
464 0 +7.630956291e+02 +1.697915629e+03 +1.697915629e+03 -3.9960e-01 +1.6012e+00 +1.2215e-02 -1.8002e-01 +1.7339e+00 +1.0196e+00 -2.8693e-01 -5.9059e-02 -4.7246e-01 +2.1514e-01
557 0 +7.566572342e+02 +1.691477234e+03 +1.691477234e+03 -3.8489e-01 +1.6144e+00 +3.0459e-03 -1.9118e-01 +1.7272e+00 +1.0124e+00 -2.9719e-01 -7.2137e-02 -5.2061e-01 +2.1963e-01
606 0 +7.032752030e+02 +1.638095203e+03 +1.638095203e+03 -3.5771e-01 +1.5478e+00 -1.3899e-02 -2.1180e-01 +1.7149e+00 +9.9893e-01 -3.2580e-01 -9.6306e-02 -6.0961e-01 +2.2792e-01
613 0 +6.272053371e+02 +1.562025337e+03 +1.562025337e+03 -3.8489e-01 +1.6144e+00 +3.0459e-03 -1.9118e-01 +1.1964e+00 +1.0124e+00 -2.9719e-01 -7.2137e-02 -5.2061e-01 +2.1963e-01
764 0 +5.267174405e+02 +1.461537441e+03 +1.461537441e+03 -3.4056e-01 +8.3852e-01 -2.5690e-02 -2.2376e-01 +1.7066e+00 +9.9020e-01 -3.1670e-01 -1.1158e-01 -6.6753e-01 +2.3344e-01
807 0 +4.927623106e+02 +1.427582311e+03 +1.427582311e+03 -3.3952e-01 +1.1164e+00 -2.6065e-02 -2.2480e-01 +1.6262e+00 +9.8975e-01 -3.0049e-01 -1.1250e-01 -6.7087e-01 +2.3368e-01
857 0 +4.739147376e+02 +1.408734738e+03 +1.408734738e+03 -3.5310e-01 +1.2654e+00 -1.7353e-02 -2.1474e-01 +1.4975e+00 +9.9652e-01 -2.9951e-01 -1.0042e-01 -6.2590e-01 +2.2948e-01
953 0 +4.432149761e+02 +1.378034976e+03 +1.378034976e+03 -3.5043e-01 +1.2863e+00 -1.9015e-02 -2.1677e-01 +1.3394e+00 +9.9520e-01 -2.9688e-01 -1.0279e-01 -6.3473e-01 +2.3029e-01
% f evaluations | g evaluations | best noise-free fitness - Fopt (-6.371000000000e+01) + sum g_i+ | measured fitness | best measured fitness or single-digit g-values | x1 | x2...
1 0 +1.546690044e+05 +1.546052944e+05 +1.546052944e+05 -3.6712e+00 +3.9877e+00 +1.3102e+00 +4.8714e+00 -7.2854e-01 -2.8388e+00 +1.9425e+00 -2.1343e+00 +2.4256e+00 +1.5958e+00
5 0 +9.452186357e+04 +9.445815357e+04 +9.445815357e+04 +2.0003e+00 -2.8226e+00 -2.3823e+00 +2.0306e+00 +2.4187e+00 -4.6917e+00 +4.3988e+00 +3.2617e-01 +9.4404e-01 -1.7898e+00
8 0 +7.453412442e+04 +7.447041442e+04 +7.447041442e+04 +1.4242e-01 -4.0918e+00 -2.9023e+00 -1.7942e+00 -4.0020e+00 +1.6120e+00 +3.8860e+00 -2.3728e+00 +1.7123e-01 +2.1196e+00
13 0 +7.022202084e+04 +7.015831084e+04 +7.015831084e+04 +1.1958e+00 -1.9424e+00 +2.5332e+00 -3.7134e+00 +9.5315e-01 -9.3275e-01 +5.7573e-02 -1.1487e+00 -4.8378e+00 -4.1591e+00
14 0 +1.601886469e+04 +1.595515469e+04 +1.595515469e+04 +8.7619e-01 -7.3918e-01 +1.2735e+00 +3.1363e+00 -6.4999e-01 +2.7674e+00 +1.4793e+00 +9.7313e-02 +1.8416e+00 +2.1839e+00
58 0 +1.313438266e+04 +1.307067266e+04 +1.307067266e+04 +2.2121e-02 -6.6496e-01 +9.5553e-01 +2.5279e+00 -1.5253e+00 +2.5443e+00 -9.9097e-02 -3.7487e-01 +1.0905e-01 +1.5720e+00
105 0 +6.910053142e+03 +6.846343142e+03 +6.846343142e+03 +6.6768e-01 +1.4064e-01 +1.5214e+00 +2.3264e+00 -8.5274e-02 +1.8046e+00 +2.3347e-01 +4.6977e-02 +1.5084e+00 +1.7700e+00
159 0 +6.609237117e+03 +6.545527117e+03 +6.545527117e+03 -1.3864e-01 -2.3036e-01 +6.1160e-01 +1.5276e+00 -8.3537e-01 +2.3046e+00 -4.8997e-01 -7.7412e-01 -7.4254e-02 +1.3564e+00
202 0 +6.590745216e+03 +6.527035216e+03 +6.527035216e+03 -1.3600e-01 -2.2689e-01 +6.1061e-01 +1.5263e+00 -8.3301e-01 +2.3008e+00 -4.8697e-01 -7.7364e-01 -7.0404e-02 +1.3600e+00
307 0 +6.262327235e+03 +6.198617235e+03 +6.198617235e+03 +6.0156e-01 +2.8036e-01 +1.5384e+00 +2.1649e+00 -4.8305e-02 +1.6457e+00 -4.5203e-02 +1.6775e-02 +1.3628e+00 +1.6675e+00
360 0 +3.447222933e+03 +3.383512933e+03 +3.383512933e+03 +6.7357e-01 +2.4567e-01 +1.4145e+00 +5.6259e-02 -7.2881e-02 +1.6904e+00 +2.3688e-01 +2.0533e-02 +1.5270e+00 +1.8418e+00
503 0 +2.947729740e+03 +2.884019740e+03 +2.884019740e+03 +5.2570e-01 +1.6290e-01 +1.2707e+00 +3.2826e-02 -2.4088e-01 +1.5665e+00 +7.9854e-02 +1.5089e-01 +1.6277e+00 +1.7603e+00
611 0 +2.868835889e+03 +2.805125889e+03 +2.805125889e+03 +6.6889e-01 +2.4373e-01 +1.4105e+00 +7.6036e-01 -7.8434e-02 +1.6926e+00 +2.3008e-01 +1.6461e-02 +1.5163e+00 +5.6967e-01
613 0 +2.085293001e+03 +2.021583001e+03 +2.021583001e+03 -8.7451e-02 -3.0517e-01 +5.1170e-01 +1.3566e+00 -1.1328e+00 +6.6985e-01 -4.7390e-01 -4.0467e-01 -2.0699e-01 +1.3730e+00
704 0 +1.285870282e+03 +1.222160282e+03 +1.222160282e+03 +2.4972e-01 -6.0474e-02 +9.1240e-01 +1.0908e+00 -6.6278e-01 +1.1258e+00 -1.6007e-01 -2.1693e-01 +5.6123e-01 +1.0149e+00
910 0 +9.991255696e+02 +9.354155696e+02 +9.354155696e+02 -8.7451e-02 -3.0517e-01 +5.1170e-01 +1.3566e+00 -1.1328e+00 +6.6985e-01 -4.7390e-01 -4.0467e-01 -2.0699e-01 +3.0617e-01
958 0 +9.081945106e+02 +8.444845106e+02 +8.444845106e+02 +8.1201e-02 -1.8278e-01 +7.1213e-01 +1.2237e+00 -8.9770e-01 +8.9790e-01 -3.1693e-01 -3.1077e-01 +1.7727e-01 +5.9258e-01
% f evaluations | g evaluations | best noise-free fitness - Fopt (1.000000000000e+03) + sum g_i+ | measured fitness | best measured fitness or single-digit g-values | x1 | x2...
1 0 +1.110549175e+05 +1.120549175e+05 +1.120549175e+05 +3.3873e+00 +3.5263e+00 +1.2147e+00 +3.2330e+00 -1.5136e-01 +3.2267e-01 +1.2986e+00 -6.8937e-01 +1.1057e+00 -2.5191e+00
6 0 +2.353525970e+04 +2.453525970e+04 +2.453525970e+04 -4.2523e+00 -9.4063e-02 +1.4394e+00 +2.7557e+00 +2.7473e+00 +1.0310e+00 -4.0069e-01 +1.4503e+00 -1.7095e+00 +1.6817e+00
52 0 +1.343194774e+04 +1.443194774e+04 +1.443194774e+04 -7.0831e-01 -2.2690e+00 -5.8511e-01 -3.6151e+00 -1.5455e+00 +5.5524e-01 -9.5304e-01 +2.4324e-01 +1.1751e+00 -1.2821e+00
53 0 +8.575272856e+03 +9.575272856e+03 +9.575272856e+03 -1.1886e+00 -1.8824e+00 +5.9777e-01 -2.8382e+00 -2.0038e-01 +1.2512e+00 -5.0727e-02 +1.3350e+00 +1.7716e-01 +1.1396e+00
58 0 +4.893128234e+03 +5.893128234e+03 +5.893128234e+03 +3.0679e-01 -3.5862e-01 -2.0250e+00 -5.3049e-01 -8.1658e-01 -6.3730e-01 -2.8528e+00 +9.2905e-01 +1.2086e+00 +1.6276e+00
59 0 +3.533040844e+03 +4.533040844e+03 +4.533040844e+03 -1.4453e+00 -2.5695e-01 -6.9360e-01 +7.3241e-01 +5.5303e-01 +3.8392e-03 -1.9104e+00 +1.1294e+00 +8.7171e-02 +1.6484e+00
106 0 +2.968653542e+03 +3.968653542e+03 +3.968653542e+03 -1.7304e-01 -4.8272e-01 -2.1941e+00 -5.1987e-01 -9.7999e-01 -1.1676e+00 -2.9791e+00 +4.9817e-01 +9.4624e-01 +1.0597e+00
108 0 +8.996597607e+02 +1.899659761e+03 +1.899659761e+03 -3.0038e-01 +6.0516e-01 -2.5611e-01 +1.0019e+00 +3.4682e-01 +9.0288e-01 -8.2503e-01 +1.4985e+00 +1.1046e-01 +1.5779e+00
263 0 +8.234349621e+02 +1.823434962e+03 +1.823434962e+03 -1.1243e-01 +6.0516e-01 -2.5611e-01 +1.0019e+00 +3.4682e-01 +9.0288e-01 -8.2503e-01 +1.4985e+00 +1.1046e-01 +1.5779e+00
456 0 +7.808384296e+02 +1.780838430e+03 +1.780838430e+03 -3.8360e-02 +6.8062e-01 -2.1782e-01 +1.0255e+00 +3.2877e-01 +9.8156e-01 -7.3004e-01 +1.5308e+00 +1.1249e-01 +1.5717e+00
502 0 +7.393053467e+02 +1.739305347e+03 +1.739305347e+03 -1.5222e-01 +6.0516e-01 -2.5611e-01 +7.6444e-01 +3.4682e-01 +9.0288e-01 -8.2503e-01 +1.4985e+00 +1.1046e-01 +1.5779e+00
508 0 +7.036416410e+02 +1.703641641e+03 +1.703641641e+03 -1.1993e-01 +6.0516e-01 -2.5611e-01 +5.4180e-01 +3.4682e-01 +9.0288e-01 -8.2503e-01 +1.4985e+00 +1.1046e-01 +1.5779e+00
563 0 +5.335659824e+02 +1.533565982e+03 +1.533565982e+03 -1.2519e-01 +6.0516e-01 -2.5611e-01 +2.6146e-01 +3.4682e-01 +9.0288e-01 -1.1915e-01 +1.4985e+00 +1.1046e-01 +1.5779e+00
606 0 +5.176203582e+02 +1.517620358e+03 +1.517620358e+03 -1.3585e-01 +6.0516e-01 -2.5611e-01 +4.5980e-01 +3.4682e-01 +9.0288e-01 -3.0824e-01 +1.4985e+00 +1.1046e-01 +1.5779e+00
614 0 +4.241452180e+02 +1.424145218e+03 +1.424145218e+03 -1.3223e-01 +6.0516e-01 -2.5611e-01 +6.6734e-01 +3.4682e-01 +9.0288e-01 -8.2503e-01 +7.6444e-01 +1.1046e-01 +1.5779e+00
654 0 +4.127748295e+02 +1.412774830e+03 +1.412774830e+03 -1.3019e-01 +6.0516e-01 -2.5611e-01 +5.4972e-01 +3.4682e-01 +9.0288e-01 -8.2503e-01 +9.7716e-01 +1.1046e-01 +1.5779e+00
660 0 +3.362602856e+02 +1.336260286e+03 +1.336260286e+03 -1.1085e-01 +5.6930e-01 -3.2193e-01 +9.5073e-01 +3.0352e-01 +8.4552e-01 -2.9463e-01 +6.9828e-01 +1.5127e-01 +1.5797e+00
755 0 +2.811336652e+02 +1.281133665e+03 +1.281133665e+03 -1.1926e-01 +5.7834e-01 -3.0532e-01 +8.6596e-01 +3.1444e-01 +8.5999e-01 -3.3531e-01 +9.0013e-01 +1.4098e-01 +1.5792e+00
758 0 +2.739180592e+02 +1.273918059e+03 +1.273918059e+03 -1.1881e-01 +5.7921e-01 -3.0019e-01 +8.4109e-01 +3.1548e-01 +8.6137e-01 -3.3065e-01 +9.1937e-01 +1.4000e-01 +1.5792e+00
805 0 +2.689372959e+02 +1.268937296e+03 +1.268937296e+03 -1.2105e-01 +5.8263e-01 -2.9438e-01 +7.9081e-01 +3.1961e-01 +8.6684e-01 -3.2769e-01 +9.9573e-01 +1.3610e-01 +1.5790e+00
860 0 +2.467487689e+02 +1.246748769e+03 +1.246748769e+03 -1.3585e-01 +6.0516e-01 -2.5611e-01 +4.5980e-01 +3.4682e-01 +9.0288e-01 -3.0824e-01 +8.0570e-01 +1.1046e-01 +1.5779e+00
1002 0 +2.403658095e+02 +1.240365809e+03 +1.240365809e+03 -1.2675e-01 +6.2408e-01 -2.5680e-01 +6.0021e-01 +3.2982e-01 +9.1781e-01 -2.8587e-01 +8.9573e-01 +1.2101e-01 +1.5761e+00
1010 0 +2.309004698e+02 +1.230900470e+03 +1.230900470e+03 -1.3585e-01 +6.0516e-01 -2.5611e-01 +4.5980e-01 +3.4682e-01 +9.0288e-01 -2.2962e-01 +8.0570e-01 +1.1046e-01 +1.5779e+00
% f evaluations | g evaluations | best noise-free fitness - Fopt (3.197000000000e+01) + sum g_i+ | measured fitness | best measured fitness or single-digit g-values | x1 | x2...
1 0 +5.384002047e+04 +5.387199047e+04 +5.387199047e+04 +4.3648e+00 +2.8978e+00 +2.4893e+00 -4.7310e-01 +6.2783e-01 -3.5990e+00 +1.0873e+00 +2.8770e+00 -4.5025e+00 -1.3113e+00
3 0 +4.448067970e+04 +4.451264970e+04 +4.451264970e+04 -8.5057e-01 +1.4676e+00 -9.0740e-02 +1.2318e+00 +4.0782e+00 +3.6151e-01 -2.8081e-01 +1.6318e+00 +4.9759e+00 -7.5720e-01
21 0 +2.790656729e+04 +2.793853729e+04 +2.793853729e+04 -1.7543e+00 +2.1551e+00 +1.5401e+00 -2.6158e+00 -3.2576e-01 +7.2390e-01 +2.9609e+00 +3.5333e+00 -1.2957e+00 -6.8531e-01
52 0 +2.596676818e+04 +2.599873818e+04 +2.599873818e+04 +8.5373e-02 -3.8893e+00 -2.1369e+00 -1.0100e+00 +3.0919e+00 -3.0348e+00 -7.5615e-01 +2.9315e-01 +2.0234e+00 -8.8003e-01
58 0 +1.752925341e+04 +1.756122341e+04 +1.756122341e+04 +2.5618e+00 +2.4033e+00 +1.5973e+00 +1.1632e-01 +1.8207e+00 -2.2298e+00 +6.1431e-01 +2.4465e+00 -1.2257e+00 -1.1198e+00
59 0 +1.633377263e+04 +1.636574263e+04 +1.636574263e+04 +9.5246e-01 +1.9620e+00 +8.0121e-01 +6.4242e-01 +2.8854e+00 -1.0077e+00 +1.9216e-01 +2.0623e+00 +1.6991e+00 -9.4877e-01
106 0 +6.959091035e+03 +6.991061035e+03 +6.991061035e+03 +3.3396e-01 +2.1232e+00 +2.7793e-02 +9.6454e-01 +2.1874e+00 -1.2782e+00 +3.9262e-01 +8.7970e-01 +2.1183e+00 -1.0113e+00
152 0 +4.215104242e+03 +4.247074242e+03 +4.247074242e+03 +2.5329e-01 +1.0019e+00 +4.1737e-01 +2.0916e-01 +7.6005e-01 +8.6087e-01 -1.5008e+00 +1.3708e+00 +1.2242e+00 -1.1445e+00
153 0 +3.104833617e+03 +3.136803617e+03 +3.136803617e+03 +8.6449e-02 +7.7283e-01 +3.2577e-01 +1.0578e-01 +2.5289e-01 +1.3068e+00 -1.9048e+00 +1.2059e+00 +1.1109e+00 -1.1912e+00
156 0 +2.810744006e+03 +2.842714006e+03 +2.842714006e+03 -1.8178e+00 +1.4983e+00 +1.7724e+00 -2.2020e+00 -5.8503e-01 -1.8384e-01 +2.1581e+00 +1.1253e-01 +8.8609e-02 -6.8327e-01
157 0 +2.741436788e+03 +2.773406788e+03 +2.773406788e+03 -1.8566e+00 +1.0975e+00 +1.9141e+00 -1.9495e+00 -7.4326e-01 -7.3780e-01 +1.6682e+00 +1.5024e-01 +9.3342e-01 -6.8203e-01
205 0 +2.410940256e+03 +2.442910256e+03 +2.442910256e+03 -1.6638e+00 +1.1877e+00 +1.7481e+00 -1.6930e+00 -4.8531e-01 -7.8536e-01 +1.5560e+00 +2.1445e-01 +1.0377e+00 -7.1101e-01
208 0 +2.366874092e+03 +2.398844092e+03 +2.398844092e+03 -1.8358e+00 +1.3126e+00 +1.8381e+00 -2.0850e+00 -6.5834e-01 -4.4049e-01 +1.9312e+00 +1.3000e-01 +4.8002e-01 -6.8270e-01
254 0 +1.596198332e+03 +1.628168332e+03 +1.628168332e+03 -2.8980e-01 +8.7847e-01 +6.2178e-01 -3.2304e-01 +7.4532e-02 +9.6477e-01 -1.1540e+00 +9.9527e-01 +9.8739e-01 -1.0917e+00
255 0 +1.213333872e+03 +1.245303872e+03 +1.245303872e+03 -1.4595e+00 +1.2069e+00 +1.5421e+00 -1.6562e+00 -4.7998e-01 -9.8490e-02 +1.1803e+00 +3.4058e-01 +6.0350e-01 -7.8223e-01
354 0 +1.032907258e+03 +1.064877258e+03 +1.064877258e+03 -1.0748e+00 +1.0912e+00 +1.2414e+00 -1.2121e+00 -3.0018e-01 +2.4159e-01 +4.0189e-01 +5.5705e-01 +7.4577e-01 -8.8419e-01
514 0 +7.574877182e+02 +7.894577182e+02 +7.894577182e+02 -6.5366e-01 +9.7708e-01 +3.0760e-02 -7.3517e-01 -9.9160e-02 +6.2955e-01 -4.3277e-01 +7.9214e-01 +8.7539e-01 -9.9550e-01
714 0 +6.645070142e+02 +6.964770142e+02 +6.964770142e+02 -6.5366e-01 +9.7708e-01 +9.0900e-01 -7.3517e-01 -9.9160e-02 +6.2955e-01 -4.3277e-01 +3.5558e-01 +1.7591e-01 -9.9550e-01
758 0 +6.496004256e+02 +6.815704256e+02 +6.815704256e+02 -6.5366e-01 +9.0912e-01 +9.0900e-01 -7.3517e-01 -9.9160e-02 +6.2955e-01 -4.3277e-01 +3.8706e-01 +2.2634e-01 -9.9550e-01
860 0 +4.629536924e+02 +4.949236924e+02 +4.949236924e+02 -6.5366e-01 +2.4999e-01 +9.0900e-01 -7.3517e-01 -9.9160e-02 +6.2955e-01 -4.3277e-01 +3.5558e-01 +1.7591e-01 -9.9550e-01
910 0 +4.549805235e+02 +4.869505235e+02 +4.869505235e+02 -6.2347e-01 +8.2931e-02 +7.6437e-01 -7.3913e-01 -1.0047e-01 +6.2736e-01 -4.2577e-01 +4.1607e-01 +2.9680e-01 -9.9465e-01
912 0 +3.365901587e+02 +3.685601587e+02 +3.685601587e+02 -6.5286e-01 +9.7661e-01 +9.0556e-01 -7.3517e-01 -9.9160e-02 +3.8488e-02 -4.3277e-01 +3.5723e-01 +1.7901e-01 -9.9550e-01
% f evaluations | g evaluations | best noise-free fitness - Fopt (5.819000000000e+01) + sum g_i+ | measured fitness | best measured fitness or single-digit g-values | x1 | x2...
1 0 +3.221890499e+04 +3.227709499e+04 +3.227709499e+04 -1.8014e+00 -2.0451e+00 +8.0351e-01 +2.2214e+00 -4.6274e+00 +1.7263e+00 +3.8644e+00 -6.4312e-01 +1.1303e+00 -1.9091e+00
32 0 +2.319896065e+04 +2.325715065e+04 +2.325715065e+04 -5.2218e-01 -2.2238e+00 -1.4833e+00 +1.4950e-01 -1.5173e-01 +2.5190e+00 +4.5069e+00 -1.7442e+00 +1.0241e+00 +2.4055e+00
53 0 +1.618053043e+04 +1.623872043e+04 +1.623872043e+04 -1.6802e+00 -1.6735e+00 +5.5109e-01 +2.0451e+00 -4.0298e+00 +1.5307e+00 +3.3920e+00 -1.1301e-01 +8.5512e-01 -1.3901e+00
59 0 +1.366847003e+04 +1.372666003e+04 +1.372666003e+04 +1.0924e+00 -1.5578e+00 -2.6714e+00 +1.1441e+00 +1.8354e+00 +3.0017e+00 +3.8396e+00 -6.5327e-01 +1.0654e+00 -4.6059e-01
104 0 +7.567958344e+03 +7.626148344e+03 +7.626148344e+03 +8.2511e-01 -1.8489e+00 -1.1184e+00 -3.1442e-01 -2.0745e+00 +1.1694e+00 +2.7461e+00 +5.5165e-01 -1.5740e+00 -5.9437e-01
105 0 +6.508186131e+03 +6.566376131e+03 +6.566376131e+03 +4.2098e-01 -1.8206e+00 -8.4910e-01 +6.6198e-02 -2.3899e+00 +1.2277e+00 +2.8503e+00 +4.4443e-01 -1.1821e+00 -7.2272e-01
204 0 +4.301509495e+03 +4.359699495e+03 +4.359699495e+03 +7.7016e-02 -9.8053e-01 -6.9972e-01 +3.9742e-01 -2.5511e+00 +1.1269e+00 +2.5119e+00 +5.9020e-02 -7.8979e-01 -1.0284e+00
314 0 +3.131745413e+03 +3.189935413e+03 +3.189935413e+03 +7.7016e-02 -9.8053e-01 -1.8488e-01 +3.9742e-01 -2.5511e+00 +1.1269e+00 +2.5119e+00 +5.9020e-02 -7.8979e-01 -1.0284e+00
412 0 +2.726423231e+03 +2.784613231e+03 +2.784613231e+03 -1.6273e-01 -3.7169e-01 -6.0905e-01 +6.3072e-01 -2.6579e+00 +1.0553e+00 +1.0928e+00 -2.2301e-01 -5.1324e-01 -1.2471e+00
513 0 +2.263645644e+03 +2.321835644e+03 +2.321835644e+03 -1.6273e-01 -3.7169e-01 -6.0905e-01 +6.3072e-01 -4.8850e-01 +1.0553e+00 +2.2605e+00 -2.2301e-01 -5.1324e-01 -1.2471e+00
564 0 +2.067990835e+03 +2.126180835e+03 +2.126180835e+03 +7.7016e-02 -9.8053e-01 -2.1470e-01 +3.9742e-01 -1.9224e-02 +1.1269e+00 +2.5119e+00 +5.9020e-02 -7.8979e-01 -1.0284e+00
652 0 +1.812519885e+03 +1.870709885e+03 +1.870709885e+03 +2.3367e-02 -8.4431e-01 -3.0206e-01 +4.4962e-01 -6.4938e-01 +1.1109e+00 +2.1956e+00 -4.0815e-03 -7.2769e-01 -1.0773e+00
764 0 +1.606433101e+03 +1.664623101e+03 +1.664623101e+03 +2.3367e-02 -8.4431e-01 -1.1425e-01 +4.4962e-01 -6.4938e-01 +1.1109e+00 +2.1956e+00 -4.0815e-03 -7.2769e-01 -1.0773e+00
911 0 +1.515230825e+03 +1.573420825e+03 +1.573420825e+03 -7.8630e-02 -5.8825e-01 -3.8253e-01 +5.4856e-01 -1.9454e+00 +1.0806e+00 +6.7985e-01 -1.2287e-01 -6.0800e-01 -1.1696e+00
952 0 +1.358540823e+03 +1.416730823e+03 +1.416730823e+03 -2.1098e-02 -7.3268e-01 -2.3120e-01 +4.9275e-01 -1.2144e+00 +1.0977e+00 +1.5348e+00 -5.5868e-02 -6.7551e-01 -1.1176e+00
963 0 +1.171394747e+03 +1.229584747e+03 +1.229584747e+03 +2.3367e-02 -8.4431e-01 -1.1425e-01 +4.4962e-01 -6.4938e-01 +1.1109e+00 +2.1956e+00 -4.0815e-03 -7.2769e-01 -3.0444e-01
1013 0 +9.869725678e+02 +1.045162568e+03 +1.045162568e+03 +2.3367e-02 -8.4431e-01 -2.7569e-01 +4.4962e-01 -6.4938e-01 +1.1109e+00 +2.9416e-01 -4.0815e-03 -7.2769e-01 -1.0773e+00
% f evaluations | g evaluations | best noise-free fitness - Fopt (-4.840000000000e+00) + sum g_i+ | measured fitness | best measured fitness or single-digit g-values | x1 | x2...
1 0 +1.319624649e+05 +1.319576249e+05 +1.319576249e+05 +9.2089e-01 -2.1571e+00 -2.7483e+00 +4.8547e-01 +3.6231e+00 +7.6206e-01 -4.3823e+00 +5.7306e-01 -4.6924e+00 +2.5376e-01
2 0 +8.415084755e+04 +8.414600755e+04 +8.414600755e+04 +3.9375e+00 +2.8565e+00 +6.1510e-01 -3.4419e+00 -1.4145e+00 -2.2817e+00 -3.0099e+00 +1.9594e-01 -7.5626e-01 -2.4419e+00
7 0 +6.630905956e+04 +6.630421956e+04 +6.630421956e+04 -3.8332e+00 +3.8357e+00 -1.2142e+00 +2.0835e+00 +2.9389e+00 +3.8731e+00 +1.1959e+00 +2.2397e+00 +8.8214e-02 +3.6793e-01
9 0 +2.818052749e+04 +2.817568749e+04 +2.817568749e+04 +1.5803e+00 +1.9427e+00 -2.9947e+00 -2.4991e+00 -2.0373e+00 -3.1615e+00 -1.5314e+00 -9.1094e-01 +6.6189e-01 -6.0738e-01
52 0 +1.518203270e+04 +1.517719270e+04 +1.517719270e+04 -9.7473e-01 +1.7655e+00 -1.1291e+00 +2.1729e-01 -1.4064e+00 +3.3679e+00 -3.8548e-01 +3.1438e+00 +1.0082e+00 -2.1140e-01
202 0 +8.708838663e+03 +8.703998663e+03 +8.703998663e+03 +1.9335e+00 +3.2821e-01 -2.1899e+00 -1.7920e+00 +4.3735e-01 -1.7448e+00 -6.7876e-01 +5.9645e-01 -1.0513e-01 -1.0612e+00
209 0 +4.387109580e+03 +4.382269580e+03 +4.382269580e+03 +6.4942e-01 +1.1341e+00 -2.3437e-01 -1.4584e+00 -1.1324e+00 -2.1755e+00 -1.6358e+00 +2.2746e-01 +7.0272e-01 +2.4173e-01
309 0 +4.030142366e+03 +4.025302366e+03 +4.025302366e+03 +1.1223e+00 -1.6184e-01 +2.0649e-01 -2.2306e+00 +6.6244e-01 -1.5709e-01 -1.5408e+00 +1.1661e+00 +1.7758e+00 -6.6387e-01
356 0 +1.899280294e+03 +1.894440294e+03 +1.894440294e+03 +4.6110e-01 +1.1713e+00 -3.3504e-01 -1.2696e+00 -1.0864e+00 -1.2929e+00 -1.4620e+00 +6.8601e-01 +7.8920e-01 +1.1819e-01
412 0 +1.631994719e+03 +1.627154719e+03 +1.627154719e+03 +4.6110e-01 +1.1713e+00 -3.3504e-01 -1.2696e+00 -1.0864e+00 -1.2929e+00 -1.4620e+00 +1.5857e-01 +7.8920e-01 +1.1819e-01
503 0 +1.609778007e+03 +1.604938007e+03 +1.604938007e+03 +4.6550e-01 +1.0545e+00 -3.1504e-01 -1.3347e+00 -1.0118e+00 -1.2817e+00 -1.4519e+00 +3.0593e-01 +7.9202e-01 +6.1050e-02
602 0 +1.547515596e+03 +1.542675596e+03 +1.542675596e+03 +8.3268e-01 +3.0742e-01 -1.3294e-02 -1.3843e+00 -3.6731e-02 -6.5074e-01 -1.4950e+00 +8.7421e-01 +1.3396e+00 -3.7649e-01
603 0 +1.441992466e+03 +1.437152466e+03 +1.437152466e+03 +6.4294e-01 +6.9347e-01 -1.6922e-01 -1.3587e+00 -5.4063e-01 -9.7678e-01 -1.4727e+00 +5.8055e-01 +1.0567e+00 -1.5039e-01
610 0 +1.291384864e+03 +1.286544864e+03 +1.286544864e+03 +4.7875e-01 +7.0308e-01 -2.5487e-01 -1.5308e+00 -7.8747e-01 -6.0194e-01 -1.4214e+00 +9.8207e-01 +8.0052e-01 -1.1084e-01
706 0 +1.265634984e+03 +1.260794984e+03 +1.260794984e+03 +5.2088e-01 +7.4782e-01 -2.4006e-01 -1.4583e+00 -7.5166e-01 -7.7201e-01 -1.4392e+00 +7.9146e-01 +8.6788e-01 -9.8274e-02
710 0 +1.022399271e+03 +1.017559271e+03 +1.017559271e+03 +5.1322e-01 -2.8055e-01 +3.4003e-01 -5.2093e-01 +4.4690e-02 -1.5896e-01 -1.5004e+00 +8.1179e-01 +1.6545e+00 -2.4347e-01
854 0 +8.256529283e+02 +8.208129283e+02 +8.208129283e+02 +4.9407e-01 +2.6334e-01 +2.5617e-02 -1.0262e+00 -4.0849e-01 -4.3826e-01 -1.4623e+00 +8.4120e-01 +1.2106e+00 -1.5526e-01
902 0 +8.088048173e+02 +8.039648173e+02 +8.039648173e+02 +4.9758e-01 +1.6351e-01 +8.3327e-02 -9.3346e-01 -3.2531e-01 -3.8700e-01 -1.4693e+00 +8.3580e-01 +1.2920e+00 -1.7145e-01
962 0 +7.484661530e+02 +7.436261530e+02 +7.436261530e+02 +5.0790e-01 -1.2942e-01 +2.5267e-01 -6.6133e-01 -8.1235e-02 -2.5827e-02 -1.4898e+00 +8.1996e-01 +1.4781e+00 -1.1830e-01
1002 0 +7.175112783e+02 +7.126712783e+02 +7.126712783e+02 +5.0243e-01 +3.2876e-02 +1.5905e-01 -8.1156e-01 -2.1606e-01 -1.4808e-01 -1.4780e+00 +8.1670e-01 +1.3558e+00 -1.1121e-01
% f evaluations | g evaluations | best noise-free fitness - Fopt (-6.337000000000e+01) + sum g_i+ | measured fitness | best measured fitness or single-digit g-values | x1 | x2...
1 0 +5.552657899e+05 +5.552024199e+05 +5.552024199e+05 -2.6402e+00 +4.1142e+00 +2.9495e+00 -4.3101e+00 +4.9613e+00 +3.4858e+00 +3.7878e+00 +3.6316e+00 +1.9542e+00 -3.6571e+00
2 0 +4.360138817e+04 +4.353801817e+04 +4.353801817e+04 -6.9264e-01 -4.9703e-01 +6.5556e-01 +4.4148e-01 -3.5903e+00 -3.6373e+00 -1.8129e+00 -4.0993e+00 -1.3293e+00 -2.8122e-01
8 0 +1.823300458e+04 +1.816963458e+04 +1.816963458e+04 -1.1844e-01 -1.6078e+00 +9.1664e-01 +1.1779e+00 +5.2358e-02 -3.3934e+00 -3.1605e+00 -5.1624e-01 +1.3607e+00 +7.8406e-01
55 0 +8.687317607e+03 +8.623947607e+03 +8.623947607e+03 +5.0094e-01 -7.3949e-01 +6.2900e-01 +9.5048e-01 -2.8636e-01 -2.2849e+00 -3.1891e+00 -7.4798e-01 +1.3862e+00 +6.9318e-01
102 0 +7.185160180e+03 +7.121790180e+03 +7.121790180e+03 +3.9580e-01 -5.3126e-01 +5.5512e-01 +4.5282e-01 +2.1898e-01 -1.6738e+00 -3.1167e+00 -9.4717e-01 +1.5894e+00 +1.2095e+00
108 0 +5.167640189e+03 +5.104270189e+03 +5.104270189e+03 +7.7894e-01 -3.7129e-01 +4.0042e-01 +3.9938e-02 -2.6574e-01 -1.5677e+00 -2.6384e+00 -4.0952e-01 +1.7489e+00 +1.1262e+00
152 0 +4.320083233e+03 +4.256713233e+03 +4.256713233e+03 +5.1147e-01 +1.7725e-01 +1.7931e+00 -6.7330e-01 +5.2242e-01 +9.5023e-01 +2.1139e-02 +5.1778e-01 +2.5494e+00 +1.5737e+00
153 0 +3.782793427e+03 +3.719423427e+03 +3.719423427e+03 +3.2449e-01 +8.3143e-02 +2.1463e+00 -3.3117e-01 +6.4599e-01 +1.0135e+00 +1.9322e-01 +5.0324e-01 +2.5010e+00 +1.4294e+00
208 0 +2.533078895e+03 +2.469708895e+03 +2.469708895e+03 +4.2208e-01 -1.4450e-02 +1.7714e+00 -2.5148e-01 +4.5019e-01 +4.5914e-01 -4.1489e-01 +3.0722e-01 +2.3395e+00 +1.3643e+00
308 0 +2.263699275e+03 +2.200329275e+03 +2.200329275e+03 +6.0505e-01 -1.9741e-01 +1.0685e+00 -1.0206e-01 +8.3123e-02 -5.8005e-01 -1.5549e+00 -6.0260e-02 +2.0367e+00 +1.2422e+00
309 0 +2.174841304e+03 +2.111471304e+03 +2.111471304e+03 +4.9838e-01 -9.0742e-02 +1.4783e+00 -1.8917e-01 +2.9712e-01 +2.5799e-02 -8.9028e-01 +1.5398e-01 +2.2132e+00 +1.3134e+00
408 0 +2.130355778e+03 +2.066985778e+03 +2.066985778e+03 +5.2803e-01 -1.2040e-01 +1.3643e+00 -1.6495e-01 +2.3763e-01 -1.4264e-01 -1.0751e+00 +9.4420e-02 +2.1641e+00 +1.2936e+00
414 0 +2.075373990e+03 +2.012003990e+03 +2.012003990e+03 +4.9838e-01 -9.0742e-02 +1.4783e+00 -1.8917e-01 +1.7506e-01 +2.5799e-02 -8.9028e-01 +1.5398e-01 +2.2132e+00 +1.3134e+00
462 0 +1.478166224e+03 +1.414796224e+03 +1.414796224e+03 +4.3890e-01 -3.1262e-02 +1.5590e-02 -2.3775e-01 +4.1646e-01 +3.6364e-01 -5.1965e-01 +2.7345e-01 +2.3116e+00 +1.3531e+00
606 0 +1.415691182e+03 +1.352321182e+03 +1.352321182e+03 +4.9674e-01 -8.9099e-02 +4.3683e-01 -1.9051e-01 +2.9603e-01 +3.5129e-02 -8.8004e-01 +1.5728e-01 +2.2159e+00 +1.3145e+00
653 0 +1.409880839e+03 +1.346510839e+03 +1.346510839e+03 +4.5838e-01 -5.0744e-02 +2.2838e-01 -2.2184e-01 +3.6379e-01 +2.5298e-01 -6.4105e-01 +2.3432e-01 +2.2794e+00 +1.3401e+00
713 0 +1.321118749e+03 +1.257748749e+03 +1.257748749e+03 +5.0410e-01 -9.6460e-02 +2.3206e-01 -1.8450e-01 +1.8209e-01 -6.6796e-03 -9.2591e-01 +1.4250e-01 +2.2037e+00 +1.3096e+00
756 0 +1.268603356e+03 +1.205233356e+03 +1.205233356e+03 +4.8182e-01 -7.4187e-02 +1.0546e+00 -2.0269e-01 +3.0737e-01 +1.1983e-01 -7.8712e-01 +1.8723e-01 +1.8021e+00 +1.3244e+00
761 0 +1.231223771e+03 +1.167853771e+03 +1.167853771e+03 +1.5984e-01 -5.9974e-02 +2.4385e-01 -2.1430e-01 +3.4162e-01 +2.0056e-01 -6.9856e-01 +2.1578e-01 +2.2641e+00 +1.3339e+00
811 0 +2.460100230e+02 +1.826400230e+02 +1.826400230e+02 +5.1569e-01 -1.0805e-01 +4.9263e-01 -1.7503e-01 +2.2256e-01 -7.2538e-02 -9.9816e-01 +1.1921e-01 +2.4402e-01 +1.3018e+00
% f evaluations | g evaluations | best noise-free fitness - Fopt (2.750000000000e+00) + sum g_i+ | measured fitness | best measured fitness or single-digit g-values | x1 | x2...
1 0 +1.162190880e+05 +1.162218380e+05 +1.162218380e+05 +2.3585e+00 +2.1991e+00 -3.6234e+00 -2.0583e+00 -1.7823e+00 +3.9308e+00 +2.4926e+00 +2.5360e-01 +4.7895e+00 +7.9806e-02
5 0 +4.370927578e+04 +4.371202578e+04 +4.371202578e+04 +3.9667e-01 -9.4319e-01 -1.6710e+00 +4.0024e+00 +2.4644e+00 +4.0743e+00 -1.1014e+00 -3.3058e+00 +3.2394e+00 -3.2620e+00
16 0 +1.740134415e+04 +1.740409415e+04 +1.740409415e+04 +1.3371e+00 +1.9940e-01 -1.3267e+00 -6.2201e-01 -1.1803e+00 -2.3507e+00 +2.3556e+00 +3.3187e-01 +6.3980e-01 +2.3948e+00
46 0 +1.498066278e+04 +1.498341278e+04 +1.498341278e+04 -3.5923e-01 -1.6881e+00 +4.1482e+00 +6.3945e-01 +5.2085e-01 +2.6696e+00 +5.7021e-01 +8.1731e-01 +5.1668e-01 -9.6597e-01
54 0 +7.135738988e+03 +7.138488988e+03 +7.138488988e+03 +9.0838e-01 +1.0229e+00 -1.2173e+00 -9.3519e-01 -4.2222e-01 -1.6588e+00 +2.5266e+00 -1.4884e-01 +1.2304e+00 +1.1143e+00
106 0 +6.607170282e+03 +6.609920282e+03 +6.609920282e+03 +1.2432e+00 +4.7330e-02 +1.8365e-01 +2.3945e-01 -3.5051e-01 -1.7690e+00 +2.1234e+00 -4.2334e-02 +8.9069e-01 +1.6619e+00
107 0 +5.128770598e+03 +5.131520598e+03 +5.131520598e+03 +1.1110e+00 -1.6673e-01 +2.3096e+00 +1.4521e+00 +8.1745e-01 -9.5029e-01 +1.7965e+00 -5.6907e-01 +1.8688e+00 +6.3031e-01
152 0 +4.928254493e+03 +4.931004493e+03 +4.931004493e+03 +1.1152e+00 -1.6001e-01 +2.2429e+00 +1.4140e+00 +7.8079e-01 -9.7599e-01 +1.8068e+00 -5.5254e-01 +1.8381e+00 +6.6269e-01
155 0 +2.765644563e+03 +2.768394563e+03 +2.768394563e+03 +8.0902e-01 +9.4343e-01 +1.6884e-02 -2.5137e-01 +2.9325e-01 -1.1487e+00 +1.8938e+00 -4.7895e-01 +1.4661e+00 +4.4960e-01
206 0 +2.022240589e+03 +2.024990589e+03 +2.024990589e+03 +1.0350e-01 -6.4579e-01 +2.5118e+00 +2.8660e-01 +4.3070e-01 +1.1572e+00 +1.0945e+00 -4.7425e-02 +8.9275e-01 -4.0527e-01
207 0 +8.755782136e+02 +8.783282136e+02 +8.783282136e+02 +3.4628e-01 -9.8916e-02 +1.6533e+00 +1.0148e-01 +3.8340e-01 +3.6372e-01 +1.3695e+00 -1.9592e-01 +1.0901e+00 -1.1110e-01
252 0 +7.498570007e+02 +7.526070007e+02 +7.526070007e+02 +4.2693e-01 -6.7420e-03 +8.2056e-01 -3.3713e-01 -6.4031e-02 -1.4847e-02 +1.7836e+00 -2.8248e-03 +9.5933e-01 +3.2420e-01
258 0 +3.988846518e+02 +4.016346518e+02 +4.016346518e+02 -4.7617e-01 +6.9042e-01 -5.7986e-02 -7.2429e-01 +5.4206e-01 -8.4506e-01 +1.7768e-01 -1.8528e-01 +2.3222e-01 -1.6764e-01
514 0 +3.386340895e+02 +3.413840895e+02 +3.413840895e+02 -1.6874e-01 +7.4375e-02 +4.5368e-01 -2.3909e-01 +4.8294e-01 +8.0243e-02 +6.5479e-01 -1.2943e-01 +5.7590e-01 -2.6071e-01
711 0 +3.192102064e+02 +3.219602064e+02 +3.219602064e+02 -1.6874e-01 +7.4375e-02 +4.5368e-01 -1.3595e-01 +4.8294e-01 +8.0243e-02 +6.5479e-01 -1.2943e-01 +5.7590e-01 -2.6071e-01
860 0 +2.843555268e+02 +2.871055268e+02 +2.871055268e+02 +1.3929e-01 +1.9093e-01 +9.6380e-01 -6.1746e-02 +4.0976e-01 -5.7397e-02 +6.3124e-01 -2.1101e-01 +2.4304e-01 +9.8541e-02
955 0 +2.788167845e+02 +2.815667845e+02 +2.815667845e+02 +6.5262e-02 +1.8812e-01 +8.5483e-01 -1.0717e-01 +4.2688e-01 -6.1162e-02 +6.2011e-01 -1.9612e-01 +3.0022e-01 +7.5594e-02
960 0 +2.659207732e+02 +2.686707732e+02 +2.686707732e+02 -1.6874e-01 +7.4375e-02 +4.5368e-01 -1.7976e-01 +4.8294e-01 +8.0243e-02 +4.6768e-01 -1.2943e-01 +5.7590e-01 -2.6071e-01
% f evaluations | g evaluations | best noise-free fitness - Fopt (-4.681000000000e+01) + sum g_i+ | measured fitness | best measured fitness or single-digit g-values | x1 | x2...
1 0 +1.094782592e+05 +1.094314492e+05 +1.094314492e+05 +6.2066e-01 -3.0396e+00 +1.0204e+00 +4.5958e-01 -3.1054e+00 -3.2484e-01 +1.1708e+00 -4.0099e+00 -4.9516e+00 +2.2113e+00
3 0 +5.806040463e+04 +5.801359463e+04 +5.801359463e+04 +1.8866e+00 +4.5683e+00 -1.4488e+00 +3.2796e+00 +6.9913e-02 -4.5319e+00 +4.8691e+00 -3.4161e-01 +1.9449e+00 +1.7513e+00
21 0 +1.452232761e+04 +1.447551761e+04 +1.447551761e+04 -3.6921e+00 -1.4621e+00 +4.0538e-01 +3.3814e+00 -7.0740e-02 +2.8205e+00 -3.1872e+00 -3.8692e-01 -9.6223e-02 +8.9434e-01
53 0 +1.056938537e+04 +1.052257537e+04 +1.052257537e+04 -3.4297e+00 -1.2255e+00 +5.8555e-01 +3.2239e+00 -3.3792e-02 +2.6803e+00 -2.8427e+00 -3.7225e-01 -5.1818e-02 +6.4327e-01
55 0 +9.576566435e+03 +9.529756435e+03 +9.529756435e+03 +2.8159e+00 +3.0800e+00 +8.0813e-01 -2.7135e+00 -3.2896e+00 -2.5957e+00 +3.2205e+00 -4.4654e+00 -4.7517e-01 +5.6638e-01
102 0 +8.062027296e+03 +8.015217296e+03 +8.015217296e+03 -7.2137e-01 +7.0833e-01 +1.3548e-01 +6.4238e-01 -1.6691e+00 +7.0915e-01 -2.1306e-01 -2.1010e+00 -8.7166e-01 +1.1059e+00
103 0 +5.982874969e+03 +5.936064969e+03 +5.936064969e+03 +2.0599e+00 +2.5732e+00 +6.6438e-01 -1.9963e+00 -2.9433e+00 -1.8894e+00 +2.4867e+00 -3.9601e+00 -5.5991e-01 +6.8169e-01
105 0 +5.837636346e+03 +5.790826346e+03 +5.790826346e+03 -1.4276e+00 +5.5140e-01 +1.7463e-01 +1.5341e+00 -6.8700e-01 +1.1777e+00 -5.1157e-01 -1.2072e+00 -1.0766e+00 +1.0514e+00
106 0 +3.735174282e+03 +3.688364282e+03 +3.688364282e+03 +1.4518e+00 +2.1397e+00 +7.5951e-01 -1.4167e+00 -2.5785e+00 -1.4434e+00 +1.8962e+00 -3.5714e+00 -3.8271e-01 +5.8317e-01
255 0 +3.075923643e+03 +3.029113643e+03 +3.029113643e+03 +1.1312e+00 +1.5428e+00 +5.3636e-01 -1.6690e+00 -2.4739e+00 -1.2418e+00 +1.8487e+00 -2.1764e+00 -6.6832e-01 +1.8474e-01
308 0 +2.388294264e+03 +2.341484264e+03 +2.341484264e+03 +1.2250e+00 +1.1610e+00 -3.0889e-01 -1.5288e+00 -1.4591e+00 -9.7205e-01 +8.0034e-01 -2.6265e+00 -7.3052e-01 +9.5264e-01
353 0 +2.336396357e+03 +2.289586357e+03 +2.289586357e+03 +1.0685e+00 +6.1120e-01 -9.7708e-01 -1.5951e+00 -8.6398e-01 -7.1413e-01 +1.7041e-01 -2.0446e+00 -9.5430e-01 +1.1109e+00
402 0 +2.217235730e+03 +2.170425730e+03 +2.170425730e+03 +1.1046e+00 +1.1479e+00 -1.0508e-01 -1.6377e+00 -1.7916e+00 -1.0181e+00 +1.1374e+00 -2.1206e+00 -7.8952e-01 +5.7727e-01
403 0 +2.048677266e+03 +2.001867266e+03 +2.001867266e+03 +1.0951e+00 +1.0060e+00 -3.3564e-01 -1.6264e+00 -1.5463e+00 -9.3776e-01 +8.8172e-01 -2.1005e+00 -8.3309e-01 +7.1836e-01
408 0 +2.033174314e+03 +1.986364314e+03 +1.986364314e+03 +1.1112e+00 +1.0410e+00 -2.3779e-01 -1.6293e+00 -1.5945e+00 -9.5475e-01 +9.5882e-01 -2.1245e+00 -8.0783e-01 +7.0371e-01
514 0 +1.747296766e+03 +1.700486766e+03 +1.700486766e+03 +1.2509e+00 +1.2732e+00 -1.8643e-01 -1.5160e+00 -1.5874e+00 -1.0261e+00 +9.2595e-01 -3.6299e-01 -6.9065e-01 +9.1029e-01
603 0 +1.679287336e+03 +1.632477336e+03 +1.632477336e+03 +1.2332e+00 +1.2234e+00 -1.8984e-01 -1.5302e+00 -1.5941e+00 -1.0191e+00 +9.3483e-01 -5.8039e-01 -7.0493e-01 +8.8070e-01
611 0 +1.539528222e+03 +1.492718222e+03 +1.492718222e+03 +1.2509e+00 +1.2732e+00 -1.8643e-01 -1.5160e+00 -1.5874e+00 -1.0261e+00 +4.2846e-01 -3.6299e-01 -6.9065e-01 +9.1029e-01
614 0 +1.425383276e+03 +1.378573276e+03 +1.378573276e+03 +1.1112e+00 +1.0410e+00 -2.3779e-01 -1.6293e+00 -1.5945e+00 -9.5475e-01 +9.5882e-01 -1.0598e-01 -8.0783e-01 +7.0371e-01
911 0 +1.357124673e+03 +1.310314673e+03 +1.310314673e+03 +1.2021e+00 +1.1919e+00 -2.0440e-01 -3.6420e-02 -1.5899e+00 -1.0011e+00 +8.1424e-01 -2.7308e-01 -7.3164e-01 +8.3803e-01
% f evaluations | g evaluations | best noise-free fitness - Fopt (6.134000000000e+01) + sum g_i+ | measured fitness | best measured fitness or single-digit g-values | x1 | x2...
1 0 +5.758621890e+04 +5.764755890e+04 +5.764755890e+04 +1.5633e+00 -1.5942e+00 -5.8343e-01 +6.7980e-01 -5.3298e-01 +4.5663e+00 -5.8365e-01 -4.0412e+00 -2.8564e+00 +2.1877e+00
4 0 +2.950117989e+04 +2.956251989e+04 +2.956251989e+04 +4.8167e-01 -4.0608e+00 +2.8788e+00 -1.0298e+00 -6.8266e-01 -9.7485e-01 +2.2871e+00 +1.0662e+00 +2.0220e+00 +2.4187e+00
11 0 +5.781570577e+03 +5.842910577e+03 +5.842910577e+03 +1.4144e+00 +2.0874e+00 -2.8914e+00 -1.0736e+00 -5.8438e-01 +2.1187e+00 +2.6217e+00 +1.4612e+00 -1.1364e+00 +8.3070e-01
103 0 +5.581554581e+03 +5.642894581e+03 +5.642894581e+03 +1.2980e+00 +2.0279e+00 -2.8468e+00 -9.3147e-01 -6.0617e-01 +2.0309e+00 +2.6340e+00 +1.4353e+00 -1.0952e+00 +8.8905e-01
154 0 +3.124261321e+03 +3.185601321e+03 +3.185601321e+03 +3.2192e-01 +1.5695e+00 -1.7223e+00 -1.9253e+00 -1.7823e-01 +1.9869e+00 +1.2141e+00 +2.8192e-01 -1.9237e+00 +8.4446e-01
157 0 +1.434254567e+03 +1.495594567e+03 +1.495594567e+03 +9.1761e-01 +1.1846e+00 -2.7492e+00 -1.4295e+00 -6.2347e-01 +1.8242e+00 +2.5014e+00 +1.3311e+00 -1.0768e+00 +2.0203e-01
158 0 +6.412451637e+02 +7.025851637e+02 +7.025851637e+02 -7.5441e-01 -4.0701e-01 -2.1635e+00 -4.8197e-01 -8.7502e-01 +6.5505e-01 +2.4818e+00 +9.3752e-01 -6.1717e-01 +4.2778e-02
208 0 +6.131001638e+02 +6.744401638e+02 +6.744401638e+02 -7.2430e-01 -3.5171e-01 -2.1511e+00 -5.2235e-01 -8.5553e-01 +6.9231e-01 +2.4463e+00 +9.1918e-01 -6.5372e-01 +6.5205e-02
256 0 +5.684309424e+02 +6.297709424e+02 +6.297709424e+02 -7.0495e-01 -2.7565e-01 -2.1746e+00 -3.8506e-01 -8.7457e-01 +6.7926e-01 +2.5048e+00 +9.5173e-01 -6.1569e-01 +1.6144e-01
360 0 +5.387905279e+02 +6.001305279e+02 +6.001305279e+02 -7.0495e-01 -2.7565e-01 -2.1746e+00 -2.2636e-01 -8.7457e-01 +6.7926e-01 +2.5048e+00 +9.5173e-01 -6.1569e-01 +1.6144e-01
413 0 +5.305737645e+02 +5.919137645e+02 +5.919137645e+02 -7.0495e-01 -2.7565e-01 -2.1746e+00 -1.7768e-01 -8.7457e-01 +6.7926e-01 +2.5048e+00 +9.5173e-01 -6.1569e-01 +1.6144e-01
561 0 +4.071814010e+02 +4.685214010e+02 +4.685214010e+02 -7.0495e-01 -2.7565e-01 -2.1746e+00 -3.8506e-01 -4.1603e-01 +6.7926e-01 +2.5048e+00 +9.5173e-01 -6.1569e-01 +1.6144e-01
562 0 +1.924481141e+02 +2.537881141e+02 +2.537881141e+02 -7.2838e-01 -3.3950e-01 -2.1681e+00 -3.3667e-01 -8.7352e-01 +6.6928e-01 +1.5533e+00 +9.4322e-01 -6.1886e-01 +1.0196e-01
