% f evaluations | g evaluations | best noise-free fitness - Fopt (-4.620900000000e+02) + sum g_i+ | measured fitness | best measured fitness or single-digit g-values | x1 | x2...
1 0 +4.149955438e+03 +3.687865438e+03 +3.687865438e+03 -3.0463e+00 +3.2921e+00 -5.0082e-01 +2.8910e+00 -4.4900e+00 -4.8101e+00 -2.3519e+00 +1.4597e+00 +4.9299e+00 +1.6581e+00 -1.6872e+00 +1.3012e+00 -4.2710e+00 +2.7638e+00 -2.7041e+00 -3.8630e+00 -7.5723e-01 +9.5370e-01 +3.7585e+00 -2.0025e+00
3 0 +3.521526129e+03 +3.059436129e+03 +3.059436129e+03 -1.6256e+00 -3.7560e+00 -9.2072e-01 +1.4459e+00 +4.3711e+00 +3.1591e+00 +7.3857e-01 +1.3604e+00 +4.3751e+00 +3.1246e+00 +4.3377e+00 +4.3450e+00 -2.1411e+00 -3.4962e+00 +3.0109e+00 +2.3126e+00 +2.3625e+00 +4.6815e+00 -2.4524e+00 +4.6094e+00
4 0 +2.065569203e+03 +1.603479203e+03 +1.603479203e+03 -3.6145e+00 +2.7801e+00 +4.0097e+00 +7.0696e-01 +4.7061e+00 -1.0725e+00 -3.3514e+00 +8.2256e-01 -4.0609e-01 +4.5084e+00 -2.7911e+00 +3.5368e+00 +6.1520e-01 -9.2389e-01 +1.9884e+00 +4.9323e-01 +3.4836e+00 +1.6275e+00 -2.2082e+00 -1.3921e+00
6 0 +1.751441940e+03 +1.289351940e+03 +1.289351940e+03 -4.0148e+00 -5.3581e-01 +3.4274e+00 -1.9977e+00 +4.5286e-01 +4.5889e+00 -1.1771e+00 -4.6082e+00 -1.5615e+00 +2.6790e+00 -3.1517e+00 +7.2947e-01 +1.4644e+00 +2.6047e+00 -8.6495e-01 +2.7666e-01 +1.8069e+00 -2.0052e+00 -4.8462e+00 -1.5700e+00
9 0 +1.668813354e+03 +1.206723354e+03 +1.206723354e+03 +4.1593e+00 +4.9009e+00 +4.9688e+00 +2.8206e+00 +4.9644e+00 +3.5884e+00 +2.5796e+00 -4.6356e-01 +2.4841e+00 -3.8748e+00 -4.7924e+00 -4.4158e+00 -3.5090e+00 +2.7846e+00 +4.0379e+00 -3.8117e+00 +1.9160e+00 -2.1984e+00 -3.6799e+00 +4.8822e-01
17 0 +1.213322789e+03 +7.512327895e+02 +7.512327895e+02 +4.7148e+00 +3.1762e+00 +7.2351e-02 +2.1315e+00 +3.1437e+00 +3.9333e+00 -1.6276e+00 -4.0996e+00 +4.0141e+00 -4.2821e+00 -1.8017e-01 -7.5028e-01 -2.3137e+00 -2.2823e+00 -1.1598e+00 -3.5810e+00 -5.4521e-01 -1.9242e+00 -4.3290e+00 -4.8274e+00
21 0 +1.148903244e+03 +6.868132445e+02 +6.868132445e+02 -2.4600e+00 -4.2054e+00 +1.6044e+00 -1.1384e-01 +1.5418e-01 -4.2267e-01 +9.9233e-01 -3.2432e+00 -3.4494e+00 -9.4644e-01 -1.1999e+00 -2.9384e+00 -3.2332e+00 +1.1787e+00 -1.7493e-01 -4.9606e+00 +4.1305e+00 +2.5632e+00 -2.8237e+00 +3.6991e+00
25 0 +1.063487112e+03 +6.013971117e+02 +6.013971117e+02 -3.7810e+00 -2.1545e+00 -3.5858e+00 -5.6662e-02 -1.2541e+00 -1.3507e+00 +4.8986e+00 -2.3266e+00 +4.0956e+00 -1.8485e+00 -4.6232e+00 -2.5933e+00 +1.3375e+00 +1.4636e+00 +1.0872e+00 -3.7546e+00 -9.2682e-01 +3.2403e+00 -4.0412e+00 -3.6116e+00
43 0 +6.567648658e+02 +1.946748658e+02 +1.946748658e+02 +3.5774e+00 +4.9551e+00 +1.1457e+00 -2.9618e+00 -1.9412e+00 -1.1425e-01 +9.6842e-01 +1.4391e+00 +4.5829e+00 -1.4395e+00 -2.2229e+00 -1.4834e-01 -5.5638e-01 -4.3429e+00 -9.5396e-01 -2.9981e-01 -3.8568e+00 +3.6361e+00 -1.9802e+00 +1.9223e+00
102 0 +6.148809509e+02 +1.527909509e+02 +1.527909509e+02 +3.4929e+00 +4.8270e+00 +1.1521e+00 -2.9220e+00 -1.9119e+00 -1.1857e-01 +9.6875e-01 +1.3736e+00 +4.4705e+00 -1.4326e+00 -2.2086e+00 -1.8737e-01 -5.9383e-01 -4.2657e+00 -9.4307e-01 -3.6500e-01 -3.7450e+00 +3.6211e+00 -1.9920e+00 +1.9472e+00
105 0 +4.526603906e+02 -9.429609440e+00 -9.429609440e+00 +2.4479e+00 +3.2413e+00 +1.2315e+00 -2.4290e+00 -1.5492e+00 -1.7195e-01 +9.7289e-01 +5.6312e-01 +3.0802e+00 -1.3473e+00 -2.0316e+00 -6.7031e-01 -1.0572e+00 -3.3099e+00 -8.0822e-01 -1.1718e+00 -2.3625e+00 +3.4354e+00 -2.1380e+00 +2.2547e+00
204 0 +4.246511906e+02 -3.743880942e+01 -3.743880942e+01 +2.0060e+00 +2.5709e+00 +1.2651e+00 -2.2206e+00 -1.3958e+00 -1.9452e-01 +9.7464e-01 +2.2043e-01 +2.4923e+00 -1.1814e+00 -1.9567e+00 -8.7451e-01 -1.2531e+00 -2.9058e+00 -7.5120e-01 -1.5129e+00 -1.7779e+00 +3.3568e+00 -2.1997e+00 +2.3848e+00
404 0 +4.152899151e+02 -4.680008493e+01 -4.680008493e+01 +1.8820e+00 +2.4244e+00 +1.1164e+00 -2.3001e+00 -1.3891e+00 -3.3901e-01 +6.8440e-01 +2.3339e-01 +2.6505e+00 -1.1040e+00 -1.6410e+00 -8.4402e-01 -1.1774e+00 -3.0822e+00 -8.7597e-01 -1.3202e+00 -1.7852e+00 +3.3845e+00 -2.1881e+00 +2.2594e+00
455 0 +4.047236583e+02 -5.736634165e+01 -5.736634165e+01 +1.8104e+00 +2.3184e+00 +1.1118e+00 -2.2751e+00 -1.3666e+00 -3.5143e-01 +6.6625e-01 +1.8480e-01 +2.5757e+00 -1.0750e+00 -1.6102e+00 -8.7154e-01 -1.2009e+00 -3.0351e+00 -8.7560e-01 -1.3572e+00 -1.7013e+00 +3.3750e+00 -2.1963e+00 +2.2703e+00
563 0 +3.963072293e+02 -6.578277074e+01 -6.578277074e+01 +1.8361e+00 +2.3532e+00 +1.1254e+00 -2.2736e+00 -1.3719e+00 -3.3650e-01 +6.9481e-01 +6.3318e-02 +2.5780e+00 -1.0877e+00 -1.6436e+00 -8.6834e-01 -1.2024e+00 -3.0300e+00 -8.6505e-01 -1.3658e+00 -1.7184e+00 +3.3746e+00 -2.1955e+00 +2.2787e+00
764 0 +3.828311545e+02 -7.925884550e+01 -7.925884550e+01 +1.8620e+00 +2.3861e+00 +1.1475e+00 -4.0354e-01 -1.3754e+00 -3.1416e-01 +7.3893e-01 +4.8847e-02 +2.5633e+00 -1.0368e+00 -1.6928e+00 -8.6974e-01 -1.2108e+00 -3.0096e+00 -8.4699e-01 -1.3897e+00 -1.7265e+00 +3.3717e+00 -2.1963e+00 +2.2957e+00
802 0 +3.736203083e+02 -8.846969171e+01 -8.846969171e+01 +1.8252e+00 +2.3408e+00 +1.1108e+00 -9.5106e-01 -1.3717e+00 -3.5061e-01 +6.6633e-01 +8.9982e-02 +2.5952e+00 -1.0339e+00 -1.6128e+00 -8.6475e-01 -1.1944e+00 -3.0485e+00 -8.7745e-01 -1.3459e+00 -1.7208e+00 +3.3776e+00 -2.1942e+00 +2.2660e+00
1008 0 +3.688649710e+02 -9.322502904e+01 -9.322502904e+01 +1.8281e+00 +2.3433e+00 +1.1174e+00 -8.2287e-01 -1.3711e+00 -3.4445e-01 +6.7896e-01 +7.7553e-02 +2.5850e+00 -1.0207e+00 -1.6261e+00 -8.6725e-01 -1.1988e+00 -3.0385e+00 -8.7170e-01 -1.3562e+00 -1.7171e+00 +3.3759e+00 -2.1951e+00 +2.2722e+00
1211 0 +3.623897065e+02 -9.970029348e+01 -9.970029348e+01 +1.8252e+00 +2.3408e+00 +1.1108e+00 -9.5106e-01 -1.3717e+00 -3.5061e-01 +6.6633e-01 +8.9982e-02 +2.5952e+00 -1.0339e+00 -1.6128e+00 -8.6475e-01 -5.6022e-01 -3.0485e+00 -8.7745e-01 -1.3459e+00 -1.7208e+00 +3.3776e+00 -2.1942e+00 +2.2660e+00
1252 0 +3.481985792e+02 -1.138914208e+02 -1.138914208e+02 +1.8342e+00 +2.3508e+00 +1.1239e+00 -6.8302e-01 -9.2416e-01 -3.3805e-01 +6.9174e-01 +7.3444e-02 +2.5790e+00 -1.0224e+00 -1.6401e+00 -8.6826e-01 -1.2018e+00 -3.0314e+00 -8.6630e-01 -1.3642e+00 -1.7177e+00 +3.3748e+00 -2.1955e+00 +2.1040e+00
1353 0 +3.446873434e+02 -1.174026566e+02 -1.174026566e+02 +1.8306e+00 +2.3468e+00 +1.1186e+00 -7.9108e-01 -1.1046e+00 -2.1317e-01 +6.8149e-01 +8.0112e-02 +2.5855e+00 -1.0270e+00 -1.6291e+00 -8.6685e-01 -1.1988e+00 -3.0383e+00 -8.7080e-01 -1.3568e+00 -1.7190e+00 +3.3759e+00 -2.1950e+00 +2.1693e+00
1452 0 +3.374188238e+02 -1.246711762e+02 -1.246711762e+02 +1.8155e+00 +2.3507e+00 +1.1229e+00 -6.9354e-01 -1.0351e+00 -3.3565e-01 +6.8988e-01 +7.4426e-02 +2.5807e+00 -1.0249e+00 -1.6382e+00 -8.6782e-01 -1.1144e+00 -3.0330e+00 -8.6717e-01 -1.3625e+00 -1.7185e+00 +3.3751e+00 -2.1954e+00 +2.1460e+00
1862 0 +3.267805429e+02 -1.353094571e+02 -1.353094571e+02 +1.8243e+00 +2.3530e+00 +1.1245e+00 -6.8110e-01 -1.0502e+00 -1.7663e-02 +6.9299e-01 +7.2960e-02 +2.5796e+00 -1.0256e+00 -1.6417e+00 -8.6793e-01 -1.1415e+00 -3.0315e+00 -8.6589e-01 -1.3642e+00 -1.7191e+00 +3.3749e+00 -2.1954e+00 +2.1529e+00
1902 0 +3.218249885e+02 -1.402650115e+02 -1.402650115e+02 +1.8278e+00 +2.3538e+00 +1.1249e+00 -6.7935e-01 -7.5698e-01 -1.2656e-01 +6.9392e-01 +7.2577e-02 +2.5794e+00 -1.0261e+00 -1.6427e+00 -8.6793e-01 -1.1438e+00 -3.0311e+00 -8.6552e-01 -1.3647e+00 -1.7193e+00 +3.3748e+00 -2.1954e+00 +2.1573e+00
% f evaluations | g evaluations | best noise-free fitness - Fopt (7.766000000000e+01) + sum g_i+ | measured fitness | best measured fitness or single-digit g-values | x1 | x2...
1 0 +6.162314185e+03 +6.239974185e+03 +6.239974185e+03 -1.9800e-01 +3.8530e+00 +4.9823e+00 +1.7329e+00 -7.6169e-01 +2.3300e+00 +1.3546e+00 -2.3154e+00 +4.4014e+00 -4.4077e+00 -3.3477e+00 +2.9890e+00 -2.9667e-01 -2.0068e+00 -4.7992e+00 +2.8520e+00 -1.2190e+00 +3.1514e-01 +2.8200e-01 +3.8305e+00
2 0 +1.385619026e+03 +1.463279026e+03 +1.463279026e+03 +2.7664e+00 +6.6996e-01 -4.5416e+00 +2.2614e+00 +3.8375e+00 +1.3711e+00 -3.0980e+00 +4.3729e+00 +3.3312e+00 -3.0162e+00 +1.7621e+00 -3.9022e-01 -3.1729e+00 -2.1532e+00 -1.3971e+00 -2.0766e+00 -3.3716e+00 -3.3549e+00 -3.6285e+00 +3.1421e-01
4 0 +1.041534087e+03 +1.119194087e+03 +1.119194087e+03 +1.4026e+00 +4.4478e+00 -4.2358e+00 -1.3775e+00 -4.9676e+00 -3.3265e+00 +1.2732e-01 -2.0773e+00 +2.4129e+00 -6.2711e-01 -3.5307e+00 -1.9208e+00 +4.5982e+00 -2.4564e+00 -3.5025e+00 -9.5711e-01 -3.9607e+00 -4.7583e+00 -1.5211e+00 -4.8977e+00
9 0 +9.222664419e+02 +9.999264419e+02 +9.999264419e+02 -2.2753e+00 +2.9743e-01 -2.9047e+00 -8.8082e-01 +2.4670e-02 -5.8537e-01 -2.6769e-01 -3.8108e+00 -1.6564e+00 +6.4357e-01 +9.1576e-01 -2.8806e+00 -7.3112e-01 +2.4146e-01 -4.6038e+00 +4.4494e+00 -3.7264e+00 -2.5758e+00 -2.9070e+00 -3.0030e+00
53 0 +7.497418138e+02 +8.274018138e+02 +8.274018138e+02 +7.6429e-01 +4.3655e+00 -1.5562e-01 -1.3264e+00 -7.9121e-01 +1.7987e+00 -2.3405e+00 -2.6293e+00 -8.4311e-01 -3.3973e+00 -2.7637e+00 -3.4414e+00 -1.2731e+00 -3.9603e+00 +5.0300e-01 +1.6941e+00 +1.1870e+00 -1.8437e+00 -9.5017e-01 -4.8490e+00
58 0 +6.080903501e+02 +6.857503501e+02 +6.857503501e+02 -7.7005e-01 -7.2082e-01 -2.3394e+00 +1.2642e+00 +1.2778e+00 -1.2213e-01 -2.2413e+00 -1.6773e+00 -3.0709e+00 +2.9268e-01 +2.2045e+00 -5.2952e-02 +1.3316e+00 +5.5662e-01 -4.2119e+00 +6.4272e-01 -4.0297e+00 -3.4675e+00 +2.6276e-01 -1.9249e+00
59 0 +5.910250674e+02 +6.686850674e+02 +6.686850674e+02 -3.7635e-01 -9.8715e-01 -2.1916e+00 +1.8253e+00 +1.6055e+00 -9.7253e-04 -2.7576e+00 -1.1193e+00 -3.4409e+00 +2.0090e-01 +2.5416e+00 +6.8661e-01 +1.8711e+00 +6.3905e-01 -4.1094e+00 -3.5292e-01 -4.1090e+00 -3.7008e+00 +1.0918e+00 -1.6430e+00
156 0 +5.000241857e+02 +5.776841857e+02 +5.776841857e+02 -2.1385e-01 -9.9673e-01 -1.5285e+00 +1.8541e+00 +1.5111e+00 -1.7753e-01 -1.1109e+00 -1.6502e+00 -2.9716e+00 -5.3778e-01 +2.3766e+00 -4.6182e-01 +1.7717e+00 -1.7662e-01 -2.3543e+00 -1.3319e-01 -3.1157e+00 -3.4335e+00 +2.0898e-02 -1.4456e+00
204 0 +4.804065727e+02 +5.580665727e+02 +5.580665727e+02 -3.3136e-01 +1.2716e+00 -1.5914e+00 +1.9348e-01 +4.5295e-01 +5.2033e-01 -2.0955e+00 -2.1804e+00 -2.1694e+00 -1.0058e+00 +3.4914e-01 -1.4831e+00 +2.5878e-01 -1.0843e+00 -2.5295e+00 +1.2940e+00 -2.1377e+00 -2.8222e+00 -4.2002e-01 -3.0329e+00
258 0 +4.464950620e+02 +5.241550620e+02 +5.241550620e+02 -1.3101e-01 +1.8249e+00 -1.3251e+00 -7.6351e-02 +2.3006e-01 +7.4816e-01 -2.1221e+00 -2.2648e+00 -1.9275e+00 -1.4442e+00 -2.0988e-01 -1.8449e+00 -1.4842e-02 -1.6098e+00 -1.9638e+00 +1.3639e+00 -1.5295e+00 -2.6445e+00 -5.2422e-01 -3.3552e+00
408 0 +4.190187434e+02 +4.966787434e+02 +4.966787434e+02 +7.8879e-01 +9.9027e-01 -8.0054e-01 +8.3804e-01 +3.5442e-01 +1.1441e+00 -7.1397e-01 -2.6843e+00 -1.3767e+00 -8.6592e-01 +6.3852e-01 -1.2840e+00 +1.0549e+00 -1.3589e+00 -1.5553e+00 +7.3945e-02 -1.3485e+00 -2.5653e+00 -2.7399e-01 -2.8852e+00
458 0 +4.043235477e+02 +4.819835477e+02 +4.819835477e+02 +6.8749e-01 +1.0918e+00 -8.5631e-01 +7.3119e-01 +3.3745e-01 +1.1023e+00 -8.7341e-01 -2.6380e+00 -1.4357e+00 -9.3701e-01 +5.3534e-01 -1.3522e+00 +9.3047e-01 -1.3942e+00 -1.5941e+00 +2.2060e-01 -1.3609e+00 -2.5719e+00 -3.0363e-01 -2.9425e+00
862 0 +3.818015090e+02 +4.594615090e+02 +4.594615090e+02 +5.4928e-01 +1.2255e+00 -9.3164e-01 +5.8918e-01 +3.1719e-01 +1.0431e+00 -6.6792e-01 -2.5724e+00 -1.5192e+00 -1.0354e+00 +3.9841e-01 -1.4438e+00 +7.6357e-01 -1.4417e+00 -1.6439e+00 +4.1745e-01 -1.3790e+00 -2.5826e+00 -3.4325e-01 -3.0168e+00
953 0 +3.797780915e+02 +4.574380915e+02 +4.574380915e+02 +4.9265e-01 +1.2619e+00 -9.5216e-01 +5.5051e-01 +3.1168e-01 +1.0269e+00 -7.0768e-01 -2.5546e+00 -1.5419e+00 -1.0622e+00 +3.6112e-01 -1.4687e+00 +7.1811e-01 -1.4547e+00 -1.6575e+00 +4.7106e-01 -1.3840e+00 -2.5855e+00 -3.5340e-01 -3.0370e+00
1110 0 +3.634785882e+02 +4.411385882e+02 +4.411385882e+02 +4.8945e-01 +1.0300e+00 -9.5265e-01 +5.4958e-01 +3.1155e-01 +1.0266e+00 -1.1497e+00 -2.5542e+00 -1.5425e+00 -1.0628e+00 +3.6022e-01 -1.2408e+00 +7.1703e-01 -1.4550e+00 -1.6578e+00 +4.7234e-01 -1.3841e+00 -2.5856e+00 -1.2353e-01 -3.0375e+00
1314 0 +3.565010453e+02 +4.341610453e+02 +4.341610453e+02 +4.9044e-01 +1.1711e+00 -9.5231e-01 +5.5021e-01 +3.1164e-01 +1.0268e+00 -8.5692e-01 -2.5544e+00 -1.5421e+00 -1.0624e+00 +1.4605e-01 -1.3795e+00 +7.1777e-01 -1.4548e+00 -1.6576e+00 +4.7147e-01 -1.3840e+00 -2.5855e+00 -2.6360e-01 -3.0372e+00
1462 0 +3.535157670e+02 +4.311757670e+02 +4.311757670e+02 +4.8945e-01 +1.0300e+00 -9.5265e-01 +5.4958e-01 +3.1155e-01 +1.0266e+00 -1.1497e+00 -2.5542e+00 -1.5425e+00 -1.0628e+00 +3.6022e-01 -1.2408e+00 +7.1703e-01 -1.4550e+00 -1.6578e+00 +4.7234e-01 -1.3841e+00 -2.5856e+00 -8.1286e-02 -3.0375e+00
1760 0 +3.379313252e+02 +4.155913252e+02 +4.155913252e+02 +4.8987e-01 +1.0901e+00 -4.1121e-01 +5.4985e-01 +3.1158e-01 +1.0267e+00 -7.9805e-01 -2.5543e+00 -1.5423e+00 -1.0626e+00 +2.6902e-01 -1.2999e+00 +7.1734e-01 -1.4549e+00 -1.6577e+00 +4.7197e-01 -1.3841e+00 -2.5856e+00 -1.8318e-01 -3.0374e+00
% f evaluations | g evaluations | best noise-free fitness - Fopt (1.156800000000e+02) + sum g_i+ | measured fitness | best measured fitness or single-digit g-values | x1 | x2...
1 0 +1.382945097e+03 +1.498625097e+03 +1.498625097e+03 +2.4071e+00 -4.8266e+00 -1.6941e+00 -2.6780e+00 +1.8214e+00 +3.6907e+00 +2.0075e+00 -1.2018e+00 -2.7345e+00 -2.8891e+00 +4.6011e+00 -4.6061e+00 -2.6401e+00 -4.7370e+00 +4.9643e-01 -4.0293e+00 +3.3014e+00 +4.9595e-01 +3.1921e+00 -4.0525e+00
5 0 +1.320446690e+03 +1.436126690e+03 +1.436126690e+03 +7.0570e-02 -4.0947e-01 +7.0577e-01 -2.2638e+00 +3.2221e+00 -4.6704e+00 -4.2478e+00 +2.9525e+00 +7.6385e-01 +2.6761e+00 -1.0832e+00 -3.6122e+00 -4.1590e+00 -9.3879e-01 -4.3362e+00 +3.8632e+00 -1.6513e+00 +3.7458e-02 -1.1275e+00 -2.2792e+00
21 0 +1.048328361e+03 +1.164008361e+03 +1.164008361e+03 +3.2946e+00 +3.8795e+00 +2.4821e+00 +4.4318e+00 +4.4458e+00 +2.9751e+00 +3.0090e+00 +2.3814e+00 -1.8360e+00 -2.6545e-01 +4.4272e+00 -1.5053e+00 -3.7385e+00 -2.9962e+00 +9.4387e-01 -1.3655e+00 -3.5699e+00 +1.7476e+00 +4.4751e+00 -2.1446e+00
52 0 +1.040966679e+03 +1.156646679e+03 +1.156646679e+03 -4.0606e+00 +4.4611e+00 +1.4446e+00 -1.4021e+00 +3.2778e+00 -2.1152e+00 -1.1447e+00 +4.5903e+00 -2.2450e+00 +7.3591e-01 -2.4855e+00 -1.1211e+00 -3.1423e+00 +3.4872e+00 -2.2516e+00 -2.9531e+00 +1.7429e+00 +1.9905e-01 -8.5933e-01 -1.9397e+00
105 0 +1.011952136e+03 +1.127632136e+03 +1.127632136e+03 +2.3289e+00 +4.3778e+00 +2.7414e+00 +3.5024e+00 +2.9315e+00 -1.4723e-01 +2.6828e+00 +1.9453e+00 -9.3721e-01 +1.3707e+00 +3.4975e+00 -1.5573e+00 -3.6975e+00 -2.5008e+00 +2.5527e-01 -9.2992e-01 -1.1791e-01 -1.3377e+00 +3.5975e+00 -2.6035e+00
106 0 +9.892644184e+02 +1.104944418e+03 +1.104944418e+03 -1.2116e+00 +6.6801e-01 -4.1507e-01 -2.6210e+00 +1.3888e+00 -1.2726e+00 -3.8658e+00 +3.6830e+00 +5.4121e-01 -1.3244e-01 +2.8773e-01 -2.9150e-01 -4.1646e+00 -1.6859e-01 -3.6614e+00 +2.2733e+00 -3.0075e+00 +6.8337e-01 -2.2557e+00 -7.8115e-01
152 0 +7.897667025e+02 +9.054467025e+02 +9.054467025e+02 +4.8187e-02 -1.6221e+00 +3.0199e+00 -2.1257e+00 +4.3037e-02 -1.8682e+00 +9.9490e-01 +3.4748e+00 -2.2845e+00 +9.4100e-01 +3.4236e-02 +2.2737e+00 -1.5378e+00 +1.6485e+00 -4.0752e+00 -6.4794e-01 -8.3173e-02 +1.6068e+00 -7.0442e-01 +3.6720e-01
153 0 +7.620092530e+02 +8.776892530e+02 +8.776892530e+02 -5.9982e-01 -4.4412e-01 +1.2530e+00 -2.3805e+00 +7.3528e-01 -1.5618e+00 -1.5054e+00 +3.5819e+00 -8.3102e-01 +3.8884e-01 +1.6463e-01 +9.5422e-01 -2.8890e+00 +7.1384e-01 -3.8623e+00 +8.5468e-01 -1.5874e+00 +1.1318e+00 -1.5024e+00 -2.2349e-01
252 0 +6.708204571e+02 +7.865004571e+02 +7.865004571e+02 -2.8388e-01 +3.3296e+00 +1.5985e+00 +5.7246e-01 +1.6144e+00 -5.1165e-01 +2.6510e-01 +3.1523e+00 -1.0319e+00 +4.7812e-01 +1.3373e+00 -4.7601e-01 -3.5328e+00 -2.0097e-01 -1.3953e+00 -8.8840e-01 -5.0631e-01 -2.4845e-01 +8.1409e-01 -1.6468e+00
306 0 +6.562697581e+02 +7.719497581e+02 +7.719497581e+02 -1.2515e+00 +4.4503e-01 +1.3305e+00 -2.1419e+00 +1.1234e+00 -1.6166e+00 -1.4750e+00 +3.7737e+00 -1.1358e+00 +4.2088e-01 -3.5196e-01 +5.5467e-01 -2.9403e+00 +1.1768e+00 -3.5514e+00 +1.1840e-01 -8.9097e-01 +9.4885e-01 -1.3364e+00 -5.5704e-01
405 0 +5.507368649e+02 +6.664168649e+02 +6.664168649e+02 -4.6641e-02 +2.8161e+00 +2.0234e+00 +5.8388e-01 +1.6084e+00 -9.8333e-01 +4.3801e-01 +3.0664e+00 -1.2443e+00 +8.7429e-01 +1.0636e+00 -6.6778e-01 -3.3186e+00 -1.9544e-01 -1.6151e+00 -8.3956e-01 -8.4347e-02 -2.1168e-01 +1.0185e+00 -1.7066e+00
554 0 +5.385932322e+02 +6.542732322e+02 +6.542732322e+02 +5.5704e-01 +1.8625e+00 +1.8084e+00 +4.9506e-01 +1.3104e+00 +1.3133e-01 +3.3483e-01 +3.1922e+00 -1.3875e+00 +2.0374e-01 +1.5531e+00 -2.8574e-01 -3.2633e+00 -7.3336e-01 -1.7496e+00 -4.7078e-01 -1.8470e+00 +6.4535e-01 +9.9255e-01 -1.2206e+00
752 0 +5.338027903e+02 +6.494827903e+02 +6.494827903e+02 +5.5704e-01 +1.8625e+00 +1.8084e+00 +4.9506e-01 +1.3104e+00 +1.3133e-01 +3.3483e-01 +2.3757e+00 -1.3875e+00 +2.0374e-01 +1.5531e+00 -2.8574e-01 -3.2633e+00 -7.3336e-01 -1.7496e+00 -4.7078e-01 -1.8470e+00 +6.4535e-01 +9.9255e-01 -1.2206e+00
1160 0 +5.232750832e+02 +6.389550832e+02 +6.389550832e+02 +5.5704e-01 +1.8625e+00 +1.8084e+00 +4.9506e-01 +1.3104e+00 +1.3133e-01 +3.3483e-01 +2.3757e+00 -1.3875e+00 +2.0374e-01 +1.5531e+00 -1.7046e-01 -3.2633e+00 -7.3336e-01 -1.7496e+00 -4.7078e-01 -1.8470e+00 +6.4535e-01 +9.9255e-01 -1.2206e+00
1302 0 +5.105594196e+02 +6.262394196e+02 +6.262394196e+02 +5.4263e-01 +1.8510e+00 +1.8046e+00 +4.7408e-01 +1.3089e+00 +1.1740e-01 +1.7604e-01 +2.5044e+00 -1.3855e+00 +1.7644e-01 +1.5379e+00 -1.5749e-01 -3.2607e+00 -7.1814e-01 -1.7640e+00 -4.6611e-01 -1.8393e+00 +6.4775e-01 +9.7402e-01 -1.2153e+00
1513 0 +4.950490641e+02 +6.107290641e+02 +6.107290641e+02 +5.4277e-01 +1.8514e+00 +1.2323e+00 +4.7428e-01 +1.3090e+00 +1.1753e-01 +1.7761e-01 +2.5021e+00 -1.3855e+00 +1.7260e-01 +1.5381e+00 -1.5875e-01 -3.2607e+00 -7.1829e-01 -1.7638e+00 -4.6615e-01 -1.8394e+00 +6.4773e-01 +9.7420e-01 -1.2154e+00
1963 0 +4.863466709e+02 +6.020266709e+02 +6.020266709e+02 +5.4638e-01 +1.8542e+00 +9.6926e-01 +3.9199e-01 +1.1166e+00 +1.2102e-01 +1.2725e-01 +2.4701e+00 -1.3860e+00 +1.8053e-01 +1.5419e+00 -1.9087e-01 -3.2614e+00 -6.8823e-01 -1.7602e+00 -4.6732e-01 -1.8344e+00 +6.4713e-01 +9.7884e-01 -1.2167e+00
% f evaluations | g evaluations | best noise-free fitness - Fopt (-3.710000000000e+00) + sum g_i+ | measured fitness | best measured fitness or single-digit g-values | x1 | x2...
1 0 +2.123358534e+03 +2.119648534e+03 +2.119648534e+03 +1.5054e+00 -4.2691e-01 -6.6604e-01 +4.0445e+00 +3.0923e+00 -2.8823e+00 +3.5517e+00 +3.7529e+00 +3.4975e+00 +4.7910e+00 +4.3826e-01 -6.5465e-01 +8.6761e-01 -8.8925e-01 -3.9734e+00 -2.1912e+00 -2.4142e+00 +4.0344e-02 -2.0652e+00 +1.4192e+00
2 0 +1.028875198e+03 +1.025165198e+03 +1.025165198e+03 +6.7616e-01 -3.7446e+00 -9.6510e-01 +1.6118e+00 -2.8374e+00 -3.8122e+00 -2.6478e+00 +2.5648e+00 -1.9711e+00 -1.3330e+00 -3.7354e+00 -1.5582e+00 +1.8644e+00 -5.8230e-01 +1.9737e+00 -2.2870e+00 -2.4476e+00 +4.2253e+00 +4.8875e+00 -4.5204e+00
19 0 +8.386304905e+02 +8.349204905e+02 +8.349204905e+02 +3.4027e+00 -4.3910e+00 -3.3260e+00 -4.7113e+00 +3.9434e+00 -3.5030e+00 +5.6535e-01 +1.6832e+00 -1.1207e+00 -2.5669e+00 +4.7148e-01 -3.1993e+00 +3.6389e+00 +5.3499e-01 +1.9693e-01 -2.3609e-01 -4.1222e-01 -3.8239e-01 +1.6047e+00 -2.5788e+00
54 0 +7.792524781e+02 +7.755424781e+02 +7.755424781e+02 +3.1186e+00 -4.0340e+00 -3.2361e+00 -4.5633e+00 +3.6822e+00 -3.3538e+00 +5.4984e-01 +1.2885e+00 -1.1005e+00 -2.6918e+00 +6.0675e-01 -2.8941e+00 +2.9842e+00 +4.5939e-01 +3.3187e-01 -5.2904e-01 -3.9873e-01 -1.7539e-01 +1.5746e+00 -2.3106e+00
56 0 +7.029169231e+02 +6.992069231e+02 +6.992069231e+02 +2.0775e+00 -4.0768e+00 -2.1786e+00 -1.6381e+00 +6.4777e-01 -3.6532e+00 -9.9634e-01 +2.1117e+00 -1.5340e+00 -1.9672e+00 -1.5732e+00 -2.4017e+00 +2.7764e+00 -8.0402e-03 +1.0605e+00 -1.2329e+00 -1.4015e+00 +1.8571e+00 +3.2002e+00 -3.5225e+00
153 0 +6.247547366e+02 +6.210447366e+02 +6.210447366e+02 +1.6373e+00 -2.5281e+00 -1.8030e+00 -2.2970e-01 -2.1756e-01 -2.5649e+00 +2.7026e-01 +2.0703e+00 -2.2587e+00 -2.7241e+00 +1.4201e-01 -2.7046e+00 +7.4461e-01 -7.5032e-01 +1.7065e+00 -1.5676e+00 +1.4755e-01 +1.5200e-01 +2.0830e+00 -2.3528e+00
257 0 +6.116616865e+02 +6.079516865e+02 +6.079516865e+02 +1.5454e+00 -2.3099e+00 -1.8995e+00 -5.3359e-01 -2.9991e-02 -2.4599e+00 +3.6230e-01 +1.6497e+00 -2.1383e+00 -2.8250e+00 +4.3289e-01 -2.4797e+00 +3.3594e-01 -7.1843e-01 +1.6920e+00 -1.6793e+00 +2.0803e-01 +1.1493e-01 +1.9047e+00 -2.0642e+00
404 0 +5.964940234e+02 +5.927840234e+02 +5.927840234e+02 +1.5539e+00 -2.3301e+00 -1.8906e+00 -5.0538e-01 -4.7405e-02 -2.4697e+00 +3.5375e-01 +1.6888e+00 -2.1495e+00 -2.8157e+00 +4.0588e-01 -2.5006e+00 +3.7388e-01 -7.2139e-01 +1.6934e+00 -1.6689e+00 +2.0242e-01 +1.1837e-01 +1.9213e+00 -2.0910e+00
454 0 +5.882191181e+02 +5.845091181e+02 +5.845091181e+02 +1.6345e+00 -2.4578e+00 -1.9006e+00 -5.3137e-01 +7.4621e-03 -2.5331e+00 +3.2889e-01 +1.8181e+00 -2.1569e+00 -2.7777e+00 +3.1405e-01 -2.5890e+00 +5.9457e-01 -6.9474e-01 +1.6551e+00 -1.5951e+00 +1.6295e-01 +1.2158e-01 +1.9705e+00 -2.1954e+00
508 0 +5.730697619e+02 +5.693597619e+02 +5.693597619e+02 +1.6316e+00 -2.4637e+00 -1.8845e+00 -4.8182e-01 -3.1002e-02 -2.5356e+00 +3.2053e-01 +1.8531e+00 -2.1729e+00 -2.7707e+00 +2.9032e-01 -2.6038e+00 +6.0930e-01 -7.0480e-01 +1.6650e+00 -1.5938e+00 +1.6215e-01 +1.2633e-01 +1.9865e+00 -2.2162e+00
753 0 +5.613761883e+02 +5.576661883e+02 +5.576661883e+02 +1.6260e+00 -2.4738e+00 -1.8544e+00 -3.8927e-01 -1.0285e-01 -2.5401e+00 +3.0491e-01 +1.5402e+00 -2.2029e+00 -2.7576e+00 +2.4599e-01 -2.6314e+00 +6.3681e-01 -7.2358e-01 +1.6834e+00 -1.5914e+00 +1.6066e-01 +1.3520e-01 +2.0163e+00 -2.2552e+00
763 0 +5.459172301e+02 +5.422072301e+02 +5.422072301e+02 +1.6203e+00 -2.4858e+00 -1.8238e+00 -2.9509e-01 -1.7596e-01 -2.5447e+00 +2.8902e-01 +1.3690e+00 -2.2334e+00 -2.7443e+00 +2.0089e-01 -1.8785e+00 +6.6480e-01 -7.4270e-01 +1.7022e+00 -1.5890e+00 +1.5915e-01 +1.4422e-01 +2.0467e+00 -2.2948e+00
1002 0 +5.359444125e+02 +5.322344125e+02 +5.322344125e+02 +1.6224e+00 -2.4817e+00 -1.8348e+00 -3.2895e-01 -1.4967e-01 -2.5430e+00 +2.9473e-01 +1.4515e+00 -2.2224e+00 -2.6767e+00 +2.1710e-01 -2.0034e+00 +6.5474e-01 -7.3582e-01 +1.6954e+00 -1.5898e+00 +1.5969e-01 +1.4098e-01 +2.0358e+00 -2.2806e+00
1364 0 +5.227377194e+02 +5.190277194e+02 +5.190277194e+02 +1.6246e+00 -2.4760e+00 -1.8481e+00 -3.6977e-01 -1.1808e-01 -2.5408e+00 +3.0050e-01 +1.5036e+00 -2.2092e+00 -2.7287e+00 +1.7656e-01 -1.5082e+00 +6.4197e-01 -7.2760e-01 +1.6874e+00 -1.5911e+00 +1.6009e-01 +1.3705e-01 +2.0225e+00 -2.2631e+00
1760 0 +4.932796735e+02 +4.895696735e+02 +4.895696735e+02 +1.6234e+00 -2.4795e+00 -1.8404e+00 -3.4604e-01 -1.3642e-01 -2.5422e+00 +2.6124e-01 +1.4822e+00 -2.2169e+00 -1.2843e-01 +2.1906e-01 -1.9918e+00 +6.4959e-01 -7.3236e-01 +9.3834e-01 -1.5903e+00 +1.5994e-01 +1.3934e-01 +2.0303e+00 -2.2734e+00
% f evaluations | g evaluations | best noise-free fitness - Fopt (1.321800000000e+02) + sum g_i+ | measured fitness | best measured fitness or single-digit g-values | x1 | x2...
1 0 +2.133846191e+03 +2.266026191e+03 +2.266026191e+03 -3.0179e+00 +4.1290e+00 +4.3541e+00 +2.8203e+00 +3.1524e-01 +8.2345e-01 +1.6711e+00 -2.9431e+00 -2.0287e+00 -3.2547e+00 +3.4338e+00 -4.2489e+00 -7.9553e-01 +3.3310e-02 -4.0615e+00 +1.5021e+00 -4.8806e+00 -3.6298e+00 +3.3561e+00 +3.4222e+00
4 0 +1.247524416e+03 +1.379704416e+03 +1.379704416e+03 -7.7245e-01 -2.7594e-01 +4.8969e-01 -1.6859e+00 +6.8764e-01 -1.5060e+00 +1.7487e+00 -1.1069e+00 +8.6931e-01 -3.5568e-01 +3.2508e-01 +2.3500e+00 +3.7322e+00 +2.4388e+00 -3.9471e+00 -3.4752e+00 +3.4813e+00 -3.7943e+00 -4.1391e+00 +3.4042e+00
5 0 +1.182663668e+03 +1.314843668e+03 +1.314843668e+03 +2.9352e+00 +4.2626e+00 -9.9150e-01 -1.9848e-01 +2.8791e+00 -3.7503e+00 -4.9115e+00 +1.0052e+00 +2.4932e+00 -2.0008e+00 +8.6112e-01 -1.8214e+00 -3.9529e+00 -1.1337e+00 -2.8535e+00 +8.6064e-01 -3.3512e+00 -2.3350e-01 -1.3595e-01 +4.5712e+00
7 0 +1.066210676e+03 +1.198390676e+03 +1.198390676e+03 +1.3657e-02 +1.3703e+00 +4.7103e+00 -1.6218e+00 -1.2606e-01 -3.3495e+00 +3.7158e+00 -2.0920e+00 +3.2984e-02 -1.3157e+00 +5.0085e-01 -3.8594e+00 +8.0664e-02 +4.9597e+00 +2.0590e-01 -2.3764e+00 +4.5362e-01 +3.1531e+00 +7.4009e-01 -1.0905e+00
30 0 +9.334521055e+02 +1.065632106e+03 +1.065632106e+03 -3.7601e+00 +1.5842e+00 +2.5372e+00 +5.9932e-01 +4.4783e+00 -3.1843e-01 -3.4677e+00 +2.1161e+00 -3.8867e+00 -1.2672e+00 +5.2638e-01 +3.6530e+00 +2.6189e+00 -4.4211e+00 -4.0340e+00 -6.4173e-01 +7.3441e-01 +1.8847e+00 -4.7283e-02 +2.9985e+00
54 0 +7.924523308e+02 +9.246323308e+02 +9.246323308e+02 -7.6986e-01 +8.7759e-01 +3.8804e+00 -2.0456e+00 -8.0831e-02 -2.4492e+00 +2.2388e+00 -1.4273e+00 -6.1222e-01 -1.6957e+00 +3.1135e-01 -2.6680e+00 +9.2612e-01 +3.7279e+00 -1.6713e-01 -2.0371e+00 +7.9036e-01 +2.7905e+00 +5.7237e-01 -6.4106e-01
58 0 +6.855310035e+02 +8.177110035e+02 +8.177110035e+02 +1.6765e+00 -3.7639e-01 -5.0803e-01 -1.0554e+00 +1.2726e+00 -2.0307e+00 -2.1828e+00 +1.9203e-01 -1.4925e-01 +5.6932e-01 +5.0695e-01 +1.3498e+00 -1.5964e+00 -2.7816e-01 -3.2398e+00 -2.0049e+00 -1.0393e+00 +5.6143e-01 +8.0231e-01 +1.6143e+00
104 0 +6.553328929e+02 +7.875128929e+02 +7.875128929e+02 -8.0419e-01 +5.1824e-01 +8.8151e-01 -3.0037e-01 +2.7353e+00 -1.2494e+00 -2.7691e+00 +1.0700e+00 -1.8546e+00 -2.6869e-01 +5.1582e-01 +2.4008e+00 +3.2702e-01 -2.1686e+00 -3.6022e+00 -1.3829e+00 -2.2996e-01 +1.1652e+00 +4.1464e-01 +2.2459e+00
105 0 +6.456060590e+02 +7.777860590e+02 +7.777860590e+02 -1.2794e+00 +6.8962e-01 +1.1477e+00 -1.5573e-01 +3.0155e+00 -1.0997e+00 -2.8814e+00 +1.2381e+00 -2.1813e+00 -4.2922e-01 +5.1751e-01 +2.6021e+00 +6.9548e-01 -2.5307e+00 -3.6716e+00 -1.2637e+00 -7.4923e-02 +1.2809e+00 +3.4038e-01 +2.3669e+00
208 0 +5.722585512e+02 +7.044385512e+02 +7.044385512e+02 -1.8138e+00 +1.1624e-01 +1.8542e+00 -2.0622e+00 +8.5380e-01 -8.8908e-01 -1.2649e+00 +2.2513e-01 -1.8491e+00 -1.7124e+00 +1.2498e-01 +4.7797e-01 +1.8549e+00 +2.7143e-01 -1.7263e+00 -1.3863e+00 +9.1741e-01 +1.8072e+00 +3.0218e-01 +8.4859e-01
303 0 +5.441158172e+02 +6.762958172e+02 +6.762958172e+02 -1.7899e+00 +1.3778e-01 +1.8155e+00 -1.9801e+00 +9.4878e-01 -8.9488e-01 -1.3448e+00 +2.7288e-01 -1.8647e+00 -1.6405e+00 +1.4157e-01 +5.7830e-01 +1.8042e+00 +1.4180e-01 -1.8153e+00 -1.3800e+00 +8.7158e-01 +1.7805e+00 +3.0362e-01 +9.1828e-01
353 0 +5.359371742e+02 +6.681171742e+02 +6.681171742e+02 -1.2895e+00 +3.9319e-02 +1.4932e+00 -1.9043e+00 +9.2304e-01 -1.0670e+00 -1.4067e+00 +2.2325e-01 -1.5843e+00 -1.3605e+00 +1.8174e-01 +4.3920e-01 +1.3299e+00 +1.8290e-01 -1.9505e+00 -1.4723e+00 +6.2013e-01 +1.6210e+00 +3.7073e-01 +9.5869e-01
456 0 +5.220378488e+02 +6.542178488e+02 +6.542178488e+02 -1.2773e+00 +5.2462e-02 +1.4703e+00 -1.8550e+00 +9.8083e-01 -1.0694e+00 -1.4558e+00 +2.5284e-01 -1.5953e+00 -1.3263e+00 +1.9155e-01 +5.0646e-01 +1.3014e+00 +1.0328e-01 -2.0042e+00 -1.4679e+00 +5.9326e-01 +1.6051e+00 +3.7126e-01 +1.0011e+00
756 0 +4.972504970e+02 +6.294304970e+02 +6.294304970e+02 -1.2779e+00 +5.4755e-02 +1.4683e+00 -1.8482e+00 +9.8946e-01 -1.0688e+00 -1.4630e+00 +2.5752e-01 -1.5982e+00 -1.3211e+00 +1.9278e-01 +5.1636e-01 +1.2995e+00 +9.1167e-02 -2.0116e+00 -1.4668e+00 +5.9050e-01 +1.6034e+00 +2.6603e-01 +1.0073e+00
1155 0 +4.896229099e+02 +6.218029099e+02 +6.218029099e+02 -1.2787e+00 +5.2860e-02 +1.4709e+00 -1.8546e+00 +1.8420e-01 -1.0688e+00 -1.4564e+00 +2.5342e-01 -1.5963e+00 -1.3258e+00 +1.9154e-01 +5.0731e-01 +1.3025e+00 +1.0202e-01 -2.0046e+00 -1.4675e+00 +5.9370e-01 +1.6053e+00 +2.2737e-01 +1.0016e+00
1208 0 +4.719741813e+02 +6.041541813e+02 +6.041541813e+02 -1.2793e+00 +5.2235e-02 +1.4720e+00 -1.8570e+00 +9.7890e-01 -1.0687e+00 -1.4541e+00 +2.5202e-01 -1.5958e+00 -1.3274e+00 +1.9107e-01 +5.0413e-01 +1.3038e+00 +1.0579e-01 -2.0020e+00 -1.2318e+00 +5.9496e-01 +1.6061e+00 +2.9330e-01 +9.9960e-01
1308 0 +4.632416575e+02 +5.954216575e+02 +5.954216575e+02 -1.2790e+00 +5.2529e-02 +1.4715e+00 -1.8559e+00 +5.3937e-01 -1.0688e+00 -1.4552e+00 +2.5268e-01 -1.5960e+00 -1.3266e+00 +1.9129e-01 +5.0563e-01 +1.3032e+00 +1.0401e-01 -2.0032e+00 -1.3486e+00 +5.9435e-01 +1.6057e+00 +2.5765e-01 +1.0005e+00
1412 0 +4.553563415e+02 +5.875363415e+02 +5.875363415e+02 -1.2790e+00 +5.2529e-02 +1.4715e+00 -1.8559e+00 +5.3937e-01 -1.0688e+00 -1.4552e+00 +7.9704e-02 -1.5960e+00 -1.3266e+00 +1.9129e-01 +5.0563e-01 +1.3032e+00 +1.0401e-01 -2.0032e+00 -1.3486e+00 +5.9435e-01 +1.6057e+00 +2.5765e-01 +1.0005e+00
1462 0 +4.455733954e+02 +5.777533954e+02 +5.777533954e+02 -1.2788e+00 +5.2728e-02 +1.4711e+00 -1.8551e+00 +2.5104e-01 -1.0688e+00 -1.4560e+00 +2.5313e-01 -1.5962e+00 -1.3261e+00 +1.9144e-01 +5.0666e-01 +1.3027e+00 +1.0280e-01 -2.0040e+00 -7.8505e-01 +5.9394e-01 +1.6055e+00 +2.3414e-01 +1.0012e+00
1503 0 +4.356937239e+02 +5.678737239e+02 +5.678737239e+02 -1.2787e+00 +5.2907e-02 +1.4709e+00 -1.8545e+00 +3.2283e-01 -1.0688e+00 -1.4566e+00 +2.5352e-01 -1.5964e+00 -1.3256e+00 +1.9156e-01 +5.0751e-01 +1.3024e+00 +1.0177e-01 -2.0047e+00 -8.5141e-01 +5.9364e-01 +1.6053e+00 +2.3648e-01 +1.0017e+00
1661 0 +4.213102867e+02 +5.534902867e+02 +5.534902867e+02 -1.2788e+00 +5.2709e-02 +1.4711e+00 -1.8552e+00 +2.7511e-01 -1.0688e+00 -1.4559e+00 +2.4914e-01 -1.5962e+00 -1.3261e+00 +1.9143e-01 +5.0656e-01 +1.3028e+00 +1.0291e-01 -2.0040e+00 -2.7113e-01 +5.9398e-01 +1.6039e+00 +2.3614e-01 +1.0011e+00
1663 0 +4.122816777e+02 +5.444616777e+02 +5.444616777e+02 -1.2788e+00 +5.2681e-02 +1.4712e+00 -1.8553e+00 +3.1904e-01 -1.0688e+00 -1.4558e+00 +2.1223e-01 -1.5961e+00 -1.3262e+00 +1.9141e-01 +5.0642e-01 +5.1448e-01 +1.0308e-01 -2.0039e+00 -9.1796e-01 +5.9404e-01 +1.6055e+00 +2.3969e-01 +1.0010e+00
% f evaluations | g evaluations | best noise-free fitness - Fopt (-3.930000000000e+01) + sum g_i+ | measured fitness | best measured fitness or single-digit g-values | x1 | x2...
1 0 +1.616895361e+03 +1.577595361e+03 +1.577595361e+03 -3.7076e+00 -2.5206e+00 +9.8106e-01 +1.1363e-01 +4.5040e+00 +4.8493e+00 +4.5439e-01 +1.8599e+00 +2.6860e+00 +4.6797e-01 -2.3197e+00 -3.8339e+00 -4.7190e+00 -3.5277e-01 -1.2802e+00 +1.3358e+00 +2.0310e+00 +1.4833e+00 -4.8554e+00 +2.9414e-01
6 0 +1.480357017e+03 +1.441057017e+03 +1.441057017e+03 +2.1666e+00 -2.3014e-01 +1.1635e+00 +1.3674e+00 +3.2166e+00 +3.5779e+00 +2.6877e+00 -5.5992e-01 -1.5392e+00 +2.1896e+00 -2.1475e-01 -2.7213e+00 +4.7567e+00 +1.2625e+00 -3.8790e+00 -1.1852e-01 -1.2743e+00 +3.0297e+00 +3.6416e+00 -3.4901e+00
12 0 +1.089731102e+03 +1.050431102e+03 +1.050431102e+03 -3.3048e+00 +2.4325e+00 -1.0180e+00 -3.7945e-01 -4.2402e+00 +3.1648e+00 -6.6009e-01 -4.0019e+00 -2.6878e+00 -1.0635e+00 +3.7716e+00 -2.1769e+00 +2.7985e+00 +1.4582e+00 -2.7575e+00 -1.1144e+00 +3.5551e+00 +1.9017e+00 -2.6848e+00 -1.4323e+00
14 0 +1.060439786e+03 +1.021139786e+03 +1.021139786e+03 -3.9256e+00 -9.5443e-02 +1.7298e+00 +2.0015e+00 -1.2538e+00 +4.8990e+00 +4.9694e+00 +1.5703e+00 +2.2548e+00 -1.6742e+00 +2.8344e+00 -3.3103e+00 +1.9731e+00 -2.7053e-01 +9.2210e-01 +1.1806e+00 -8.5942e-03 +3.1416e+00 -4.7731e+00 -4.6715e+00
21 0 +1.031101068e+03 +9.918010683e+02 +9.918010683e+02 -1.9491e+00 -1.3407e+00 +1.9290e+00 -1.9123e+00 +3.0962e+00 +4.9441e-01 -2.7861e+00 +3.7026e-01 -2.7301e+00 -2.6674e+00 +3.0916e+00 +4.7998e+00 +1.1208e+00 -1.0935e+00 -2.0915e+00 -1.3342e+00 +1.6596e+00 -4.4100e+00 -1.0238e+00 -3.5554e+00
30 0 +7.266207751e+02 +6.873207751e+02 +6.873207751e+02 +4.8543e+00 +3.9253e+00 -3.9230e+00 +3.1358e+00 -1.6438e+00 -3.3659e+00 +4.3613e+00 -1.3344e+00 +1.8503e+00 -2.5719e-01 +3.6180e+00 +4.4455e+00 +1.8577e+00 -9.0999e-01 -4.8864e+00 -2.0592e+00 +2.6687e+00 -3.7341e-01 -5.8097e-01 -4.9888e+00
59 0 +7.231076810e+02 +6.838076810e+02 +6.838076810e+02 -4.0949e+00 -8.3552e-01 +8.9053e-01 +4.0295e+00 +8.6203e-01 -3.1071e-01 +3.1544e+00 +3.8833e+00 -2.7659e-01 -2.9884e+00 +7.0874e-01 -2.6325e+00 -2.8193e+00 -4.7904e-02 -4.1693e+00 +3.3492e+00 -3.3519e+00 +3.3059e+00 -2.6743e+00 -3.6208e+00
102 0 +5.390029290e+02 +4.997029290e+02 +4.997029290e+02 -3.2952e+00 -1.3156e+00 +3.3706e-01 +4.0070e+00 +8.8560e-01 -9.6121e-01 +2.1055e+00 +3.6815e+00 +2.8199e-01 -2.6538e+00 -7.2442e-02 -1.9516e+00 -2.0426e+00 -6.7810e-01 -3.5690e+00 +3.0241e+00 -2.8557e+00 +2.5980e+00 -1.6410e+00 -3.7284e+00
104 0 +4.676819864e+02 +4.283819864e+02 +4.283819864e+02 -2.4226e-02 +2.2460e+00 -1.1134e+00 -1.4822e+00 -1.3688e+00 -2.0819e+00 +3.6401e+00 +3.1958e+00 +2.6967e-01 -7.6722e-01 -1.2672e+00 +3.7413e-01 -1.2771e+00 -1.4766e+00 -5.9233e-01 +1.9619e+00 +4.6797e-01 +3.6321e+00 -4.5463e-01 -4.1976e+00
209 0 +4.390493611e+02 +3.997493611e+02 +3.997493611e+02 -2.4262e+00 +5.5915e-01 +2.6722e-01 +1.3837e+00 -4.8701e-01 +9.8009e-02 +3.7390e+00 +3.1108e+00 +4.8618e-01 -1.8154e+00 +3.7296e-01 -1.5724e+00 -1.1715e+00 -6.6864e-01 -1.6729e+00 +2.3271e+00 -1.1020e+00 +3.4014e+00 -2.2350e+00 -4.0778e+00
254 0 +4.263344329e+02 +3.870344329e+02 +3.870344329e+02 -1.7972e+00 -4.5956e-01 +7.7653e-01 +1.5773e+00 -2.0016e-02 -1.8720e+00 +2.0874e+00 +1.2110e+00 +2.7470e-01 -3.4940e+00 +1.9132e+00 -1.6933e+00 -3.0675e+00 +8.5821e-02 -2.4776e+00 +1.9667e+00 -1.0325e+00 +2.1448e+00 -1.7349e+00 -2.3389e+00
309 0 +4.018064798e+02 +3.625064798e+02 +3.625064798e+02 -5.8529e-01 +1.8213e+00 -8.3717e-01 -7.2257e-01 -1.0613e+00 -1.8378e+00 +3.5732e+00 +3.2906e+00 +1.9438e-01 -1.0734e+00 -9.2491e-01 -4.0264e-02 -1.4896e+00 -1.2797e+00 -1.0853e+00 +2.1531e+00 -5.8516e-02 +3.5871e+00 -7.6057e-01 -4.1181e+00
403 0 +3.900293007e+02 +3.507293007e+02 +3.507293007e+02 -7.0420e-01 +1.7171e+00 -6.6391e-01 -1.0587e+00 -1.2359e+00 -1.8460e+00 +3.3398e+00 +2.4945e+00 +4.3520e-01 -1.3187e+00 -3.9626e-01 -6.0055e-02 -1.4264e+00 -1.1411e+00 -6.4762e-01 +1.7720e+00 +4.4608e-01 +3.2359e+00 -7.9280e-01 -3.7783e+00
503 0 +3.655286331e+02 +3.262286331e+02 +3.262286331e+02 -1.5642e+00 +1.3223e-01 +3.6770e-01 +9.8484e-01 -2.9947e-01 -1.8105e+00 +2.4928e+00 +1.7477e+00 +2.7042e-01 -2.8553e+00 +1.1973e+00 -1.2788e+00 -2.6202e+00 -2.6922e-01 -2.0906e+00 +2.0071e+00 -7.7063e-01 +2.5238e+00 -1.5069e+00 -2.8153e+00
506 0 +3.524465164e+02 +3.131465164e+02 +3.131465164e+02 -1.1757e+00 +1.3744e+00 -5.4654e-01 +7.6815e-02 -7.3777e-01 -1.5809e+00 +3.5027e+00 +3.3903e+00 +1.1515e-01 -1.3955e+00 -5.6477e-01 -4.7632e-01 -1.7133e+00 -1.0725e+00 -1.6041e+00 +2.3543e+00 -6.1252e-01 +3.5398e+00 -1.0825e+00 -4.0344e+00
603 0 +3.326694743e+02 +2.933694743e+02 +2.933694743e+02 -1.3592e+00 +7.8774e-01 -1.1478e-01 +5.0564e-01 -5.3078e-01 -1.6893e+00 +3.0258e+00 +2.6146e+00 +1.8848e-01 -2.0849e+00 +2.6741e-01 -8.5531e-01 -2.1416e+00 -6.9312e-01 -1.8339e+00 +2.1903e+00 -6.8719e-01 +3.0600e+00 -1.2829e+00 -3.4587e+00
914 0 +3.049698055e+02 +2.656698055e+02 +2.656698055e+02 -1.3592e+00 +7.8774e-01 -1.1478e-01 +5.0564e-01 -5.3078e-01 -1.6893e+00 +3.0258e+00 +2.6146e+00 +1.8848e-01 -2.0849e+00 +2.6741e-01 -8.5531e-01 -2.1416e+00 -6.9312e-01 -1.8339e+00 +2.5864e-01 -6.8719e-01 +3.0600e+00 -1.2829e+00 -3.4587e+00
1203 0 +2.924951361e+02 +2.531951361e+02 +2.531951361e+02 -1.3592e+00 +7.8774e-01 -1.1478e-01 +5.0564e-01 -5.3078e-01 -1.6893e+00 +3.0258e+00 +2.6146e+00 +1.8848e-01 -2.0849e+00 +2.6741e-01 -8.5531e-01 -2.1416e+00 -6.9312e-01 -1.8339e+00 +1.2838e+00 -6.8719e-01 +3.0600e+00 -8.2356e-01 -3.4587e+00
1257 0 +2.876985379e+02 +2.483985379e+02 +2.483985379e+02 -1.3592e+00 +7.8774e-01 -1.1478e-01 +5.0564e-01 -5.3078e-01 -1.6893e+00 +3.0258e+00 +2.6146e+00 +1.8848e-01 -2.0849e+00 +2.6741e-01 -8.5531e-01 -2.1416e+00 -6.9312e-01 -1.8339e+00 +6.5689e-01 -6.8719e-01 +3.0600e+00 -1.1045e+00 -3.4587e+00
1554 0 +2.791535816e+02 +2.398535816e+02 +2.398535816e+02 -1.3592e+00 +7.8774e-01 -1.0125e-01 +5.0564e-01 -4.9770e-01 -1.6893e+00 +3.0258e+00 +2.6146e+00 +1.8848e-01 -2.0849e+00 +2.6741e-01 -8.5531e-01 -2.1416e+00 -6.9312e-01 -1.8339e+00 +1.2238e+00 -6.8719e-01 +3.0600e+00 -8.5617e-01 -3.4587e+00
1961 0 +2.638639908e+02 +2.245639908e+02 +2.245639908e+02 -1.3592e+00 +7.8774e-01 -1.0125e-01 +5.0564e-01 -4.9770e-01 -1.6893e+00 +3.0258e+00 +2.6146e+00 +1.8848e-01 -2.0849e+00 +2.6741e-01 -1.2453e-01 -2.1416e+00 -6.9312e-01 -1.8339e+00 +1.2238e+00 -6.8719e-01 +3.0600e+00 -8.5617e-01 -3.4587e+00
% f evaluations | g evaluations | best noise-free fitness - Fopt (4.296000000000e+01) + sum g_i+ | measured fitness | best measured fitness or single-digit g-values | x1 | x2...
1 0 +2.144982536e+03 +2.187942536e+03 +2.187942536e+03 +1.9315e+00 -1.1289e+00 +3.5109e+00 +2.2682e+00 +4.4181e+00 +1.2971e+00 -1.5661e+00 -3.1481e+00 +3.7703e-01 +8.4067e-01 +4.5547e+00 -3.8640e+00 -1.6695e+00 -3.4148e+00 -2.3801e+00 +3.1575e+00 -8.9376e-01 +4.5685e+00 +8.6836e-01 -1.3889e+00
7 0 +9.448147850e+02 +9.877747850e+02 +9.877747850e+02 +4.0282e+00 -3.2343e+00 -1.7081e+00 -3.0968e+00 -1.6742e+00 +1.4171e+00 -4.5253e+00 -4.8820e+00 -4.4669e+00 +6.6913e-01 +4.4987e+00 +2.5827e+00 -4.6429e+00 +4.5536e-02 +2.5650e+00 +2.2138e-02 -1.5298e+00 +3.8196e-01 -3.4959e+00 +6.5827e-01
19 0 +9.287808251e+02 +9.717408251e+02 +9.717408251e+02 +4.5706e+00 -9.2436e-01 -2.8196e+00 +1.6036e+00 -4.4396e-01 +4.3124e+00 +3.7335e+00 +1.5296e+00 +4.5382e+00 -3.1351e+00 -4.3378e+00 +4.9409e+00 +6.5567e-01 +3.3535e-01 -6.8675e-01 +3.5272e+00 +2.3874e+00 +3.7217e+00 -2.1535e+00 -3.9572e-01
20 0 +9.064485494e+02 +9.494085494e+02 +9.494085494e+02 -4.4140e+00 -1.1001e-01 -6.6403e-01 -5.7304e-02 -4.9187e+00 -2.5486e+00 -1.5229e+00 -3.0489e+00 -1.5833e+00 -2.0495e+00 +3.2016e+00 +1.6014e+00 +2.1219e+00 -2.3202e-01 -3.1095e+00 +1.8328e+00 +6.4342e-01 +3.3097e+00 -2.5862e+00 +4.5384e+00
28 0 +5.780739356e+02 +6.210339356e+02 +6.210339356e+02 +1.8646e+00 +2.7268e+00 +3.5024e+00 -4.5100e-01 -3.1134e+00 +3.8064e+00 +1.7777e+00 +1.8416e-01 +2.1624e+00 +3.5908e+00 -1.8642e+00 +2.5115e+00 -1.6639e+00 -2.4908e-01 -1.1560e+00 +2.0903e+00 +4.7038e-01 +5.3859e-01 -4.4798e+00 +9.9041e-01
102 0 +5.482995225e+02 +5.912595225e+02 +5.912595225e+02 +1.0945e+00 +2.2190e+00 +3.1474e-01 -1.5929e+00 +2.6126e-01 +2.2538e+00 -1.1693e+00 +2.5574e-01 +2.0119e+00 +7.7206e-01 +1.4108e+00 +3.0991e+00 -8.4651e-01 -1.0062e+00 -1.5997e+00 +1.0804e+00 -4.9962e-01 -7.7724e-02 -2.0294e+00 +3.4406e-01
103 0 +5.106870467e+02 +5.536470467e+02 +5.536470467e+02 +1.3200e+00 +2.3677e+00 +1.2481e+00 -1.2585e+00 -7.2681e-01 +2.7084e+00 -3.0646e-01 +2.3478e-01 +2.0560e+00 +1.5973e+00 +4.5193e-01 +2.9271e+00 -1.0858e+00 -7.8450e-01 -1.4698e+00 +1.3761e+00 -2.1561e-01 +1.0273e-01 -2.7469e+00 +5.3330e-01
156 0 +4.693459386e+02 +5.123059386e+02 +5.123059386e+02 -7.5023e-01 -3.2598e-01 -1.4025e+00 -4.1383e-01 +1.7327e+00 -1.4870e+00 +1.4320e+00 +1.3055e+00 +4.0540e-02 -1.4486e+00 -2.3857e+00 +4.8879e-01 -1.0977e+00 +9.0362e-01 +1.3837e+00 +6.2133e-01 +1.0277e+00 +4.8785e-01 -1.2738e+00 +1.5652e+00
157 0 +3.953441827e+02 +4.383041827e+02 +4.383041827e+02 +3.3434e-01 +7.5123e-01 -1.5644e-01 -6.4299e-01 +2.5684e-01 +2.4427e-01 +1.5819e+00 +4.4928e-01 +9.3311e-01 +1.2060e-01 -2.1565e+00 +1.3077e+00 -6.7943e-01 +3.3707e-02 +4.1157e-01 +3.6910e-01 +8.6386e-01 +3.1265e-01 -2.3185e+00 +1.2965e+00
560 0 +3.885029260e+02 +4.314629260e+02 +4.314629260e+02 +3.3434e-01 +7.5123e-01 -1.5644e-01 -6.4299e-01 +2.5684e-01 +2.4427e-01 +1.5819e+00 +4.4928e-01 +9.3311e-01 +1.2060e-01 -1.8708e-01 +1.3077e+00 -6.7943e-01 +3.3707e-02 +4.1157e-01 +3.6910e-01 +8.6386e-01 +3.1265e-01 -2.3185e+00 +1.2965e+00
753 0 +3.702439535e+02 +4.132039535e+02 +4.132039535e+02 +5.9818e-01 +1.1469e+00 +4.5088e-01 -7.6435e-01 -5.1274e-01 +3.7415e-01 +1.3982e+00 +1.9125e-01 +6.7631e-01 +7.0032e-01 -1.7294e+00 +1.6968e+00 -8.2471e-01 +2.2837e-02 -1.7870e-02 +7.2388e-01 +6.8286e-01 +4.6828e-01 -2.8068e+00 +1.0422e+00
1004 0 +3.625842638e+02 +4.055442638e+02 +4.055442638e+02 +5.9818e-01 +1.1469e+00 +4.5088e-01 -7.6435e-01 -5.1274e-01 +3.7415e-01 +1.3982e+00 +1.9125e-01 +6.7631e-01 +7.0032e-01 -1.7294e+00 +1.6968e+00 -8.2471e-01 +2.2837e-02 -1.7870e-02 +7.2388e-01 +6.8286e-01 +2.1240e-01 -2.8068e+00 +1.0422e+00
1514 0 +3.525498287e+02 +3.955098287e+02 +3.955098287e+02 +5.9818e-01 +1.1469e+00 +4.5088e-01 -6.1430e-01 -5.1274e-01 +3.7415e-01 +1.3982e+00 +1.9125e-01 +6.7631e-01 +7.0032e-01 -1.7294e+00 +1.6968e+00 -8.2471e-01 +2.2837e-02 -1.7870e-02 +7.2388e-01 +6.8286e-01 +1.6668e-01 -2.8068e+00 +1.0422e+00
1702 0 +3.451711570e+02 +3.881311570e+02 +3.881311570e+02 +5.9817e-01 +8.9332e-01 +4.5085e-01 -7.1843e-01 -5.1270e-01 +2.9776e-01 +1.3982e+00 +1.9126e-01 +6.7632e-01 +7.0029e-01 -1.7295e+00 +1.6968e+00 -8.2471e-01 +2.2837e-02 -1.7849e-02 +7.2386e-01 +6.8287e-01 +1.6691e-01 -2.8068e+00 +1.0422e+00
2010 0 +3.298735266e+02 +3.728335266e+02 +3.728335266e+02 +5.9817e-01 +7.7559e-01 +4.5085e-01 -7.1826e-01 -8.6522e-02 +3.1930e-01 +1.3982e+00 +1.9125e-01 +6.7632e-01 +7.0030e-01 -1.3340e+00 +1.6968e+00 -8.2471e-01 +2.2837e-02 -1.7855e-02 +7.2387e-01 +5.5049e-01 +1.6684e-01 -2.8068e+00 +1.0422e+00
% f evaluations | g evaluations | best noise-free fitness - Fopt (2.842200000000e+02) + sum g_i+ | measured fitness | best measured fitness or single-digit g-values | x1 | x2...
1 0 +1.539294860e+03 +1.823514860e+03 +1.823514860e+03 +2.7131e+00 +4.4328e+00 -4.0995e+00 +4.1587e+00 -4.8335e+00 -8.7963e-01 +2.0321e+00 -2.9526e+00 -2.3217e+00 -4.1520e+00 -4.8389e+00 +2.1534e-02 -1.3083e+00 -4.0030e+00 +1.2357e+00 +1.9799e+00 -4.4659e+00 +2.2131e+00 +2.3433e+00 +1.5648e-01
9 0 +1.286532368e+03 +1.570752368e+03 +1.570752368e+03 -1.8132e+00 +3.1590e+00 +2.4471e+00 -9.8464e-01 -3.3945e+00 +1.5372e+00 +6.6228e-01 +2.4800e+00 -2.8390e+00 +1.4484e+00 +3.0013e-01 +7.8640e-02 -1.1203e+00 +2.1038e+00 -4.1844e+00 -1.5853e+00 -7.0419e-01 -7.5320e-01 +3.0346e-02 -3.0281e+00
20 0 +9.434053114e+02 +1.227625311e+03 +1.227625311e+03 -1.2821e+00 +3.9540e+00 -3.6764e+00 -4.0630e+00 +3.0273e+00 -4.4088e+00 -2.5330e+00 +1.9427e+00 +3.1224e+00 -2.6027e+00 -2.3229e+00 +3.5683e+00 +2.5125e+00 -4.4687e+00 +1.9085e+00 +3.3375e+00 -1.8756e+00 +1.6639e-01 -1.3929e+00 -2.4453e+00
41 0 +8.556125233e+02 +1.139832523e+03 +1.139832523e+03 -3.6687e+00 -2.5752e+00 -4.9382e+00 +1.6236e+00 -4.2596e+00 +1.4411e+00 +6.7790e-01 +4.8628e+00 -4.5225e+00 +2.7414e+00 -1.8341e+00 -3.2576e+00 +1.6767e+00 -1.8920e+00 -1.8196e-02 +2.0278e+00 -3.6820e+00 -2.5564e+00 +2.5163e+00 -3.2284e+00
52 0 +7.929890740e+02 +1.077209074e+03 +1.077209074e+03 -3.6589e+00 -2.4473e+00 -4.8825e+00 +1.6054e+00 -4.1032e+00 +1.4528e+00 +6.8331e-01 +4.6357e+00 -4.3090e+00 +2.7135e+00 -1.6760e+00 -3.2938e+00 +1.6865e+00 -1.9002e+00 +6.7497e-02 +2.0611e+00 -3.6968e+00 -2.4560e+00 +2.3678e+00 -3.2351e+00
57 0 +7.472537303e+02 +1.031473730e+03 +1.031473730e+03 -1.8920e+00 -2.7872e+00 -3.5264e+00 +2.1899e+00 -3.3920e+00 +1.0514e+00 +3.5236e-01 +4.6777e+00 -3.7521e+00 +2.6344e+00 -1.4087e+00 -1.5680e+00 +3.4995e-01 -2.0111e+00 -7.5151e-01 +1.7496e+00 -3.5646e+00 -1.7487e+00 +2.9688e+00 -3.0079e+00
152 0 +7.210356214e+02 +1.005255621e+03 +1.005255621e+03 -1.4409e+00 -2.4710e+00 -3.2802e+00 +1.8152e+00 -3.2411e+00 +6.0502e-01 +5.1674e-01 +4.0224e+00 -3.2345e+00 +2.4426e+00 -1.1876e+00 -1.5364e+00 +3.3565e-01 -1.5046e+00 -6.4671e-01 +1.3924e+00 -3.2278e+00 -1.6006e+00 +2.8644e+00 -2.5397e+00
157 0 +7.034733714e+02 +9.876933714e+02 +9.876933714e+02 -1.7836e+00 +3.0989e+00 -2.2408e+00 -1.5828e+00 +1.7240e+00 -1.2345e+00 -8.3662e-01 -1.3017e-01 +2.5389e+00 -3.9410e-01 +5.6953e-01 +2.6533e-01 +1.5608e+00 -2.7034e+00 +1.3961e+00 +2.5696e+00 -2.5228e+00 +5.7892e-01 -1.7111e+00 -2.8803e+00
202 0 +6.420816981e+02 +9.263016981e+02 +9.263016981e+02 -1.7926e+00 +2.6084e+00 -2.3479e+00 -1.2685e+00 +1.2977e+00 -1.0440e+00 -7.3754e-01 +2.7044e-01 +2.0147e+00 -1.4175e-01 +4.0469e-01 +1.1257e-01 +1.4599e+00 -2.6457e+00 +1.2171e+00 +2.5013e+00 -2.6096e+00 +3.8498e-01 -1.3211e+00 -2.8909e+00
308 0 +4.475062765e+02 +7.317262765e+02 +7.317262765e+02 -1.8033e+00 -2.2250e-01 -2.9350e+00 +5.7948e-01 -1.1950e+00 +6.2077e-02 -2.1286e-01 +2.4416e+00 -9.8986e-01 +1.4372e+00 -4.3488e-01 -6.3684e-01 +5.7426e-01 -2.0232e+00 +2.3529e-01 +1.9869e+00 -2.9027e+00 -8.2620e-01 +1.1535e+00 -2.8063e+00
414 0 +4.466688242e+02 +7.308888242e+02 +7.308888242e+02 -1.8033e+00 -2.2250e-01 -2.9350e+00 +5.7948e-01 -1.1950e+00 +6.2077e-02 -2.1286e-01 +2.4416e+00 -9.8986e-01 +1.4372e+00 -4.3488e-01 -1.5987e-01 +5.7426e-01 -2.0232e+00 +2.3529e-01 +1.9869e+00 -2.9027e+00 -8.2620e-01 +1.1535e+00 -2.8063e+00
1062 0 +4.335530595e+02 +7.177730595e+02 +7.177730595e+02 -1.8033e+00 -2.2250e-01 -2.9350e+00 +5.7948e-01 -4.2089e-01 +3.5579e-02 -2.1286e-01 +2.4416e+00 -9.8986e-01 +1.4372e+00 -4.3488e-01 -1.7515e-01 +5.7426e-01 -2.0232e+00 +2.3232e-01 +1.9869e+00 -2.9027e+00 -8.2620e-01 +1.1535e+00 -2.8063e+00
1214 0 +4.179628753e+02 +7.021828753e+02 +7.021828753e+02 -1.8033e+00 -2.2250e-01 -2.9350e+00 +5.7948e-01 -1.1950e+00 +2.7896e-02 -2.1286e-01 +2.4416e+00 -9.8986e-01 +1.4372e+00 -1.7309e-02 -1.7515e-01 +5.7426e-01 -2.0232e+00 +2.3232e-01 +1.9869e+00 -2.9027e+00 -8.2620e-01 +1.1535e+00 -2.8063e+00
1362 0 +4.053590549e+02 +6.895790549e+02 +6.895790549e+02 -1.8033e+00 -2.2072e-01 -2.9350e+00 +5.7948e-01 -1.1950e+00 +1.7065e-03 -2.1286e-01 +2.4416e+00 -9.8986e-01 +1.4372e+00 -3.8641e-03 -1.7515e-01 +5.5972e-01 -2.0232e+00 +2.3232e-01 +1.9869e+00 -2.9027e+00 -8.2620e-01 +9.3830e-01 -2.8063e+00
1511 0 +3.946438091e+02 +6.788638091e+02 +6.788638091e+02 -1.8033e+00 -2.2072e-01 -2.9350e+00 +5.7948e-01 -1.1950e+00 +1.7065e-03 -2.1286e-01 +2.4416e+00 -9.8986e-01 +1.4372e+00 -3.8641e-03 -1.7515e-01 +5.5972e-01 -2.0232e+00 +3.4598e-02 +1.9869e+00 -2.9027e+00 -8.2620e-01 +9.3830e-01 -2.8063e+00
1714 0 +3.854243192e+02 +6.696443192e+02 +6.696443192e+02 -7.5779e-02 -2.2072e-01 -2.9350e+00 +5.7948e-01 -1.1950e+00 +1.7065e-03 -2.1286e-01 +2.4416e+00 -9.8986e-01 +1.4372e+00 -3.8641e-03 -1.7515e-01 +5.5972e-01 -2.0232e+00 +3.4598e-02 +1.9869e+00 -2.9027e+00 -8.2620e-01 +9.3830e-01 -2.8063e+00
1913 0 +3.520421669e+02 +6.362621669e+02 +6.362621669e+02 -1.4597e+00 -2.2072e-01 -2.9350e+00 +5.7948e-01 -1.1950e+00 +1.7065e-03 -2.1286e-01 +2.4416e+00 -9.8986e-01 +4.2470e-01 -3.8641e-03 -1.7515e-01 +5.5972e-01 -2.0232e+00 +3.4598e-02 +1.9869e+00 -2.9027e+00 -8.2620e-01 +9.3830e-01 -2.8063e+00
% f evaluations | g evaluations | best noise-free fitness - Fopt (-3.217000000000e+01) + sum g_i+ | measured fitness | best measured fitness or single-digit g-values | x1 | x2...
1 0 +1.085577879e+03 +1.053407879e+03 +1.053407879e+03 -3.4879e+00 -4.4298e+00 +3.0516e+00 -1.4101e+00 -1.3687e+00 +4.1516e-01 +2.2988e+00 -4.6160e+00 -1.3428e+00 +4.6697e-01 +4.5604e+00 -8.9741e-01 +3.6644e+00 -2.5778e+00 -6.0459e-01 +3.9899e-01 -3.0768e+00 +7.7124e-02 -3.0300e+00 +1.0396e+00
7 0 +9.789729866e+02 +9.468029866e+02 +9.468029866e+02 +4.2189e+00 -2.8810e+00 +2.5670e+00 -1.1973e+00 -2.7328e+00 -4.8552e+00 -4.3572e+00 +1.8421e+00 -3.4872e+00 +4.2336e-01 -3.6338e+00 -4.8608e+00 -2.1169e-02 +1.6209e+00 -1.1720e+00 -3.2390e+00 +1.0427e+00 -1.0785e+00 -1.1241e+00 -4.8252e+00
23 0 +8.850488143e+02 +8.528788143e+02 +8.528788143e+02 -1.8009e+00 +5.3690e-01 +2.3805e+00 +3.9323e+00 -1.5284e+00 +1.6508e+00 -3.1318e+00 +2.8760e+00 -4.6490e+00 -1.1993e+00 -5.9546e-01 +3.1226e+00 +1.1598e+00 +3.7363e+00 +1.0656e+00 +2.4629e-02 -2.6581e+00 -3.3144e+00 +7.7963e-01 -3.7010e+00
41 0 +8.368876449e+02 +8.047176449e+02 +8.047176449e+02 -3.0815e+00 -1.8862e+00 -1.7299e+00 -3.7058e+00 -3.3130e+00 -4.2734e+00 +3.8836e+00 -3.5006e+00 -3.2015e+00 -2.7307e+00 +8.3016e-01 -1.5005e+00 -3.1944e+00 +1.6372e+00 -1.4775e+00 -4.9444e+00 -1.5868e+00 -5.9594e-01 -3.0329e+00 -2.8970e+00
56 0 +7.962013139e+02 +7.640313139e+02 +7.640313139e+02 +3.7798e+00 +1.0743e+00 +2.0406e+00 +4.3149e+00 -1.8591e+00 -4.0283e+00 +8.9425e-01 +3.5236e-02 +7.1904e-01 -3.1496e-01 +1.6454e+00 -1.8715e-03 +3.2918e+00 +2.2107e+00 -1.7415e+00 -2.3617e+00 -3.3046e-01 -2.8486e+00 -7.0095e-01 +1.7544e+00
59 0 +7.400102129e+02 +7.078402129e+02 +7.078402129e+02 -1.2921e+00 -5.9286e-01 +2.1658e+00 +1.9291e+00 -3.7902e-01 +1.3927e+00 -2.6188e+00 +3.0073e+00 -4.4801e+00 -1.5702e+00 -1.4972e+00 +1.2883e+00 -5.9077e-01 +3.8479e+00 +1.8483e+00 +5.3399e-01 -2.3345e+00 -2.4098e+00 +2.3933e-02 -4.0611e+00
104 0 +5.613846492e+02 +5.292146492e+02 +5.292146492e+02 -2.4777e+00 -8.4947e-01 +1.1482e-01 -3.5900e-01 -2.4493e+00 -1.6121e+00 +7.4256e-01 -6.1531e-01 -3.8464e+00 -2.0581e+00 +1.4098e-01 +4.9380e-01 -1.3173e+00 +2.5904e+00 -2.8983e-01 -2.6755e+00 -2.0541e+00 -1.7774e+00 -1.3500e+00 -3.2782e+00
206 0 +5.494753382e+02 +5.173053382e+02 +5.173053382e+02 -2.5174e+00 -7.8028e-01 +1.3731e-01 -3.1321e-01 -2.3377e+00 -1.6132e+00 +6.7868e-01 -5.7963e-01 -3.6897e+00 -1.9545e+00 +1.7044e-01 +4.6946e-01 -1.3591e+00 +2.5446e+00 -1.8991e-01 -2.6010e+00 -2.0459e+00 -1.6836e+00 -1.3949e+00 -3.2209e+00
253 0 +5.084111601e+02 +4.762411601e+02 +4.762411601e+02 -2.4157e+00 -1.0938e+00 -5.6437e-03 -8.6008e-01 -1.0713e+00 -1.7768e+00 +9.7350e-01 -7.2194e-01 -3.7879e+00 -2.1533e+00 +1.4062e-02 +8.3039e-02 -1.7081e+00 +2.5672e+00 -2.0616e-01 -2.6882e+00 -1.9764e+00 -1.5660e+00 -1.5579e+00 -3.3241e+00
259 0 +4.707955921e+02 +4.386255921e+02 +4.386255921e+02 -2.0887e+00 -1.1416e+00 -5.8305e-02 -4.7502e-01 -2.3046e+00 -1.6802e+00 +8.0810e-01 -7.0368e-01 -3.7567e+00 -2.1666e+00 +1.6054e-01 +1.4663e-01 -1.1116e+00 +1.9100e+00 +3.0059e-02 -1.8577e+00 -1.6550e+00 -2.0242e+00 -1.2510e+00 -3.0431e+00
664 0 +4.502695100e+02 +4.180995100e+02 +4.180995100e+02 -2.0888e+00 -1.1414e+00 -5.8186e-02 -4.7486e-01 -2.3046e+00 -1.6797e+00 +8.0796e-01 -7.0354e-01 -3.7567e+00 -2.1665e+00 +1.6051e-01 +7.8778e-02 -1.1116e+00 +1.9102e+00 +3.0033e-02 -1.8579e+00 -1.6551e+00 -2.0242e+00 -1.2509e+00 -1.2844e+00
704 0 +4.422565605e+02 +4.100865605e+02 +4.100865605e+02 -2.0888e+00 -1.1415e+00 -5.8217e-02 -4.7490e-01 -2.3046e+00 -1.6798e+00 +8.0799e-01 -7.0358e-01 -3.7567e+00 -2.1665e+00 +1.6052e-01 +9.6337e-02 -1.1116e+00 +1.9102e+00 +3.0039e-02 -1.8578e+00 -1.6550e+00 -2.0242e+00 -1.2509e+00 -1.7395e+00
752 0 +4.324788266e+02 +4.003088266e+02 +4.003088266e+02 -2.0888e+00 -1.1415e+00 -5.7262e-02 -4.7488e-01 -2.3046e+00 -1.6797e+00 +8.0798e-01 -7.0356e-01 -3.7567e+00 -2.1665e+00 +1.5834e-01 +8.8010e-02 -1.1116e+00 +1.9102e+00 +3.0036e-02 -1.8578e+00 -1.6551e+00 -2.0242e+00 -1.2509e+00 -1.5237e+00
910 0 +4.233948508e+02 +3.912248508e+02 +3.912248508e+02 -1.0140e+00 -1.1415e+00 -5.7262e-02 -4.7488e-01 -2.3046e+00 -1.6797e+00 +8.0798e-01 -7.0356e-01 -3.7567e+00 -2.1665e+00 +1.5834e-01 +8.8010e-02 -1.1116e+00 +1.9102e+00 +3.0036e-02 -1.8578e+00 -1.6551e+00 -2.0242e+00 -1.2509e+00 -1.5237e+00
1002 0 +4.136142313e+02 +3.814442313e+02 +3.814442313e+02 -1.7494e+00 -1.1415e+00 -5.7934e-02 -4.7492e-01 -2.3046e+00 -1.0830e+00 +8.0801e-01 -7.0359e-01 -3.7567e+00 -2.1665e+00 +1.5984e-01 +1.0404e-01 -1.1116e+00 +1.9101e+00 +3.0042e-02 -1.8578e+00 -1.6550e+00 -2.0242e+00 -1.2510e+00 -1.9393e+00
1162 0 +4.001358339e+02 +3.679658339e+02 +3.679658339e+02 -1.5250e+00 -1.1415e+00 -5.7817e-02 -1.7721e-01 -2.3046e+00 -1.6800e+00 +8.0805e-01 -7.0363e-01 -3.7567e+00 -2.1666e+00 +1.5989e-01 +1.1384e-01 -1.1116e+00 +1.9101e+00 +3.0050e-02 -1.8578e+00 -1.6550e+00 -2.0242e+00 -1.2510e+00 -2.4550e+00
1163 0 +3.728875595e+02 +3.407175595e+02 +3.407175595e+02 -1.4377e+00 -1.1415e+00 -5.7674e-02 -4.7494e-01 -2.3046e+00 -1.6799e+00 +8.0803e-01 -7.0361e-01 -1.0736e+00 -2.1666e+00 +1.5921e-01 +1.1112e-01 -1.0507e+00 +1.9101e+00 +3.0045e-02 -1.8578e+00 -1.6550e+00 -2.0242e+00 -1.2510e+00 -2.1228e+00
1360 0 +3.648533344e+02 +3.326833344e+02 +3.326833344e+02 -3.4406e-01 -1.1415e+00 -5.7674e-02 -4.7494e-01 -2.3046e+00 -1.6799e+00 +8.0803e-01 -7.0361e-01 -1.0736e+00 -2.1666e+00 +1.5921e-01 +1.1112e-01 -1.0507e+00 +1.9101e+00 +3.0045e-02 -1.8578e+00 -1.6550e+00 -2.0242e+00 -1.2510e+00 -2.1228e+00
1405 0 +3.625842909e+02 +3.304142909e+02 +3.304142909e+02 -5.6528e-01 -1.1415e+00 -5.7674e-02 -4.7494e-01 -2.3046e+00 -1.6799e+00 +8.0803e-01 -7.0361e-01 -1.0736e+00 -2.1666e+00 +1.5921e-01 +1.1112e-01 -1.0507e+00 +1.9101e+00 +3.0045e-02 -1.8578e+00 -1.6550e+00 -2.0242e+00 -1.2510e+00 -2.1228e+00
1513 0 +3.538225609e+02 +3.216525609e+02 +3.216525609e+02 -1.4377e+00 -1.1415e+00 -5.7674e-02 -4.7494e-01 -2.3046e+00 -1.1985e+00 +8.0803e-01 -7.0361e-01 -1.0736e+00 -2.1666e+00 +1.5921e-01 +1.1112e-01 -1.0507e+00 +1.9101e+00 +3.0045e-02 -1.8578e+00 -1.6550e+00 -2.0242e+00 -1.2510e+00 -2.1228e+00
1760 0 +3.376080019e+02 +3.054380019e+02 +3.054380019e+02 -1.7545e+00 -1.1415e+00 -5.7938e-02 -1.1609e-01 -2.3046e+00 -1.0732e+00 +4.3216e-01 -7.0359e-01 -1.0719e+00 -2.1665e+00 +1.5985e-01 +1.0393e-01 -1.1116e+00 +1.9101e+00 +3.0042e-02 -1.8578e+00 -1.6550e+00 -2.0242e+00 -1.2510e+00 -1.9363e+00
% f evaluations | g evaluations | best noise-free fitness - Fopt (-5.858000000000e+01) + sum g_i+ | measured fitness | best measured fitness or single-digit g-values | x1 | x2...
1 0 +1.615705143e+03 +1.557125143e+03 +1.557125143e+03 +4.9286e-01 -3.0564e+00 -2.2278e+00 -3.9063e+00 -1.9080e+00 +1.3745e+00 -2.1811e+00 +3.6354e+00 +2.4132e+00 +3.5819e+00 +4.0873e+00 +1.6280e+00 -1.4443e-01 +4.6070e+00 +4.4102e-01 +3.9113e+00 +3.8455e+00 +1.6528e+00 -7.7393e-01 +5.8012e-01
4 0 +8.758367756e+02 +8.172567756e+02 +8.172567756e+02 +2.5866e+00 +1.8754e+00 -1.8158e+00 -1.4141e+00 +3.0751e-01 -4.1773e+00 -2.4732e+00 +3.2168e+00 -2.8456e+00 -7.6969e-02 +4.3112e+00 +4.4092e-01 -4.9613e+00 -4.5539e+00 +3.4859e+00 +3.7375e+00 -6.7439e-01 +2.4130e+00 +4.7567e+00 +3.0521e+00
33 0 +8.667147297e+02 +8.081347297e+02 +8.081347297e+02 +4.8503e+00 -1.2956e+00 -4.2626e+00 -2.0766e+00 -4.2102e+00 +9.9166e-01 -1.4077e+00 +3.6971e+00 +2.3749e+00 -4.4157e+00 +3.9607e+00 +2.1778e+00 +9.3170e-01 +3.8063e+00 +4.4103e+00 +4.1749e+00 -4.9501e+00 +2.5212e+00 +1.0339e-01 -3.0945e+00
104 0 +8.203613363e+02 +7.617813363e+02 +7.617813363e+02 +2.1933e+00 +2.0449e+00 -2.0761e+00 +8.8813e-01 -3.6478e+00 +1.8742e+00 -1.0824e-01 +2.5725e+00 -1.1742e-02 -2.6498e+00 +1.6185e+00 -2.3454e+00 -4.8341e+00 -9.6754e-01 -4.0255e+00 +1.7998e+00 -4.0330e+00 -2.6743e-01 +1.6092e+00 -1.6541e-01
105 0 +7.796106622e+02 +7.210306622e+02 +7.210306622e+02 -2.1478e+00 -3.9891e-01 +2.2721e+00 -1.5361e+00 -2.0252e+00 +2.3516e-01 -4.3626e-01 -1.5496e-01 -5.7419e-01 -2.8945e+00 +9.2835e-01 -2.2663e+00 -4.8782e+00 -9.9590e-01 -3.0215e+00 +3.1985e+00 -3.9729e+00 +1.1569e+00 +2.0209e+00 -2.1549e+00
152 0 +7.637714758e+02 +7.051914758e+02 +7.051914758e+02 -2.4873e+00 +4.3846e-01 +2.2371e+00 +1.1926e+00 +7.7341e-01 +3.2961e-01 +2.0412e-01 -8.3007e-01 +1.6288e+00 -7.8863e-01 -1.7622e+00 -9.4440e-01 -3.7053e+00 -2.1341e+00 -1.5427e+00 +7.5433e-01 -2.8246e+00 +2.9037e-01 +1.9960e+00 -5.6367e-01
158 0 +5.493254394e+02 +4.907454394e+02 +4.907454394e+02 -6.3798e-01 +4.6697e-01 +7.3958e-01 -1.8834e+00 -3.7743e-01 -2.8009e+00 -1.9791e+00 +1.1007e+00 -2.0433e+00 -1.8358e+00 +2.5274e+00 -1.1980e-01 -4.6460e+00 -2.9918e+00 +4.7810e-01 +3.3597e+00 -2.2637e+00 +1.7263e+00 +3.1060e+00 +4.5468e-01
159 0 +5.198994979e+02 +4.613194979e+02 +4.613194979e+02 -4.2641e-01 +5.5938e-01 +5.7192e-01 -1.8526e+00 -3.3249e-01 -2.8912e+00 -2.0115e+00 +1.2395e+00 -2.0959e+00 -1.7204e+00 +2.6445e+00 -8.3013e-02 -4.6667e+00 -3.0943e+00 +6.7545e-01 +3.3845e+00 -2.1594e+00 +1.7714e+00 +3.2143e+00 +6.2511e-01
363 0 +4.966801781e+02 +4.381001781e+02 +4.381001781e+02 +5.1726e-01 +1.1479e+00 -1.9986e-01 -7.1954e-01 -3.7200e-01 -1.9367e+00 -1.3762e+00 +1.6440e+00 -1.2684e+00 -1.0715e+00 +2.1509e+00 -5.0158e-01 -4.6254e+00 -1.8947e+00 +5.0272e-01 +2.8012e+00 -2.0662e+00 +1.4463e+00 +3.3060e+00 +1.0245e+00
508 0 +4.649932194e+02 +4.064132194e+02 +4.064132194e+02 +6.0865e-01 +1.1378e+00 -2.5210e-01 -1.0369e+00 -2.5239e-01 -2.4113e+00 -1.6316e+00 +1.7930e+00 -1.6633e+00 -1.0405e+00 +2.5564e+00 -3.3321e-01 -4.6701e+00 -2.4886e+00 +9.6782e-01 +3.0576e+00 -1.8827e+00 +1.6747e+00 +3.4962e+00 +1.1991e+00
757 0 +4.558620899e+02 +3.972820899e+02 +3.972820899e+02 +5.8359e-01 +1.1214e+00 -2.3135e-01 -1.0718e+00 -2.4995e-01 -2.4431e+00 -1.6520e+00 +1.7835e+00 -1.6906e+00 -1.0581e+00 +2.5746e+00 -3.1973e-01 -4.6718e+00 -2.5285e+00 +9.5942e-01 +3.0766e+00 -1.8832e+00 +1.6863e+00 +3.4958e+00 +1.1599e+00
910 0 +4.439446343e+02 +3.853646343e+02 +3.853646343e+02 +6.0865e-01 +1.1378e+00 -2.5210e-01 -1.0369e+00 -2.5239e-01 -2.4113e+00 -1.6316e+00 +1.7930e+00 -1.6633e+00 -1.0405e+00 +2.5564e+00 -3.3321e-01 -4.6701e+00 -2.4886e+00 +9.6782e-01 +3.0576e+00 -1.8827e+00 +1.6747e+00 +3.4962e+00 +1.3103e-01
1013 0 +4.338650810e+02 +3.752850810e+02 +3.752850810e+02 +6.0865e-01 +1.1378e+00 -2.5210e-01 -1.0369e+00 -2.5239e-01 -2.4113e+00 -1.6316e+00 +1.7930e+00 -1.6633e+00 -1.0405e+00 +2.5564e+00 -3.3321e-01 -4.6701e+00 -2.4886e+00 +9.6782e-01 +3.0576e+00 -1.8827e+00 +1.6747e+00 +3.4962e+00 +6.9152e-02
1164 0 +3.839655824e+02 +3.253855824e+02 +3.253855824e+02 +6.0234e-01 +1.1385e+00 -2.4850e-01 -1.0150e+00 -2.6064e-01 -2.3786e+00 -1.6140e+00 +1.7827e+00 -1.6360e+00 -1.0427e+00 +2.5284e+00 -3.4482e-01 -4.6671e+00 -2.8390e-01 +9.3573e-01 +2.9514e+00 -1.8954e+00 +1.6589e+00 +3.4831e+00 +3.2587e-01
1360 0 +3.796288353e+02 +3.210488353e+02 +3.210488353e+02 +6.0347e-01 +1.1383e+00 -1.9568e-01 -1.0189e+00 -2.5917e-01 -2.3845e+00 -1.6171e+00 +1.7845e+00 -1.6409e+00 -1.0423e+00 +2.5334e+00 -3.4274e-01 -4.6676e+00 -6.7775e-01 +9.4148e-01 +2.9704e+00 -1.8931e+00 +1.6618e+00 +3.4854e+00 +3.8055e-01
1563 0 +3.678763888e+02 +3.092963888e+02 +3.092963888e+02 +6.0347e-01 +1.1383e+00 -1.9568e-01 -5.1241e-01 -2.5917e-01 -2.3845e+00 -1.6171e+00 +1.7845e+00 -1.6409e+00 -1.0423e+00 +2.5334e+00 -3.4274e-01 -4.6676e+00 -6.7775e-01 +9.4148e-01 +2.9704e+00 -1.8931e+00 +1.6618e+00 +3.4854e+00 +3.8055e-01
1702 0 +3.553240871e+02 +2.967440871e+02 +2.967440871e+02 +6.0347e-01 +1.1383e+00 -1.9568e-01 -7.0751e-01 -2.5917e-01 -2.3845e+00 -1.6171e+00 +1.7845e+00 -1.1065e+00 -1.0423e+00 +2.5334e+00 -3.4274e-01 -4.6676e+00 -6.7775e-01 +9.4148e-01 +2.9704e+00 -1.8931e+00 +1.6618e+00 +3.4854e+00 +3.8055e-01
1752 0 +3.547711873e+02 +2.961911873e+02 +2.961911873e+02 +6.0347e-01 +1.1383e+00 -1.9568e-01 -1.0189e+00 -2.5917e-01 -2.3845e+00 -1.6171e+00 +1.7845e+00 -4.4404e-01 -1.0423e+00 +2.5334e+00 -3.4274e-01 -4.6676e+00 -6.7775e-01 +9.4148e-01 +2.9704e+00 -1.8931e+00 +1.6618e+00 +3.4854e+00 +3.8055e-01
1964 0 +3.347023458e+02 +2.761223458e+02 +2.761223458e+02 +6.0347e-01 +1.1383e+00 -1.9568e-01 -1.0189e+00 -2.5917e-01 -2.3845e+00 -1.6171e+00 +1.7845e+00 -1.6409e+00 -1.0423e+00 +2.5334e+00 -3.4274e-01 -2.5358e-01 -6.7775e-01 +9.4148e-01 +2.9704e+00 -1.8931e+00 +1.6618e+00 +3.4854e+00 +3.8055e-01
2009 0 +3.189654604e+02 +2.603854604e+02 +2.603854604e+02 +6.0347e-01 +1.1383e+00 -1.9568e-01 -9.8938e-01 -2.5545e-01 -2.3845e+00 -1.6171e+00 +1.6826e+00 -1.5903e+00 -1.0423e+00 +2.5334e+00 -3.4274e-01 -6.7192e-01 -6.7775e-01 +9.4148e-01 +2.9704e+00 -1.8931e+00 +1.6618e+00 +3.4854e+00 +3.8055e-01
% f evaluations | g evaluations | best noise-free fitness - Fopt (-6.049200000000e+02) + sum g_i+ | measured fitness | best measured fitness or single-digit g-values | x1 | x2...
1 0 +1.876322854e+03 +1.271402854e+03 +1.271402854e+03 +3.0973e+00 -4.5340e+00 +1.6101e+00 +8.4279e-01 -3.6543e+00 -4.0232e+00 -1.7930e+00 -5.0478e-01 +1.2599e-01 -4.3092e+00 +3.9601e+00 +6.3958e-01 +1.7668e+00 -1.0798e-01 +2.0256e+00 +4.7693e+00 -2.5745e+00 +1.2960e+00 +1.1243e+00 -2.3917e+00
3 0 +1.796901956e+03 +1.191981956e+03 +1.191981956e+03 -3.0178e-01 -2.6734e+00 +4.7001e-01 +4.1320e+00 +3.0417e+00 -1.7987e+00 +2.2025e+00 +4.8551e+00 -3.3408e-01 +8.8401e-02 +2.8119e+00 +4.3831e-01 -4.5831e+00 +3.0277e+00 +4.3385e-01 -1.4703e+00 +4.3713e+00 -2.4915e+00 +1.8662e+00 -1.2765e+00
5 0 +1.139217579e+03 +5.342975792e+02 +5.342975792e+02 +2.8104e+00 +1.9806e+00 -1.3994e+00 -3.7967e+00 -2.8524e+00 +3.1920e+00 -1.9673e+00 -2.5186e-01 -4.2668e+00 -1.7624e+00 -4.4163e+00 -1.5175e+00 -3.8129e+00 +5.4920e-01 -4.3900e+00 -2.0155e+00 +3.3944e+00 -4.9285e-01 -1.4757e+00 -9.8840e-01
21 0 +7.779177675e+02 +1.729977675e+02 +1.729977675e+02 +1.3334e+00 -3.1124e+00 -4.1041e+00 +6.5003e-02 -3.7844e+00 -1.0291e+00 +2.6305e+00 -2.9344e+00 -2.4857e+00 -2.9162e+00 +6.0807e-01 -1.4622e+00 -2.9475e+00 +3.2901e+00 +3.7009e-01 +9.3345e-02 -2.2220e+00 -2.2402e+00 -1.8421e+00 -3.5800e+00
53 0 +7.044336430e+02 +9.951364302e+01 +9.951364302e+01 +9.8160e-01 -3.0180e+00 -3.1201e+00 +9.3991e-01 -2.3159e+00 -1.1947e+00 +2.5384e+00 -1.2587e+00 -2.0228e+00 -2.2698e+00 +1.0822e+00 -1.0534e+00 -3.2993e+00 +3.2336e+00 +3.8381e-01 -2.4304e-01 -8.0361e-01 -2.2942e+00 -1.0444e+00 -3.0845e+00
109 0 +6.911122127e+02 +8.619221268e+01 +8.619221268e+01 +8.6095e-01 -2.9856e+00 -2.7826e+00 +1.2400e+00 -1.8123e+00 -1.2515e+00 +2.5068e+00 -6.8397e-01 -1.8641e+00 -2.0481e+00 +1.2448e+00 -9.1314e-01 -3.4200e+00 +3.2143e+00 +3.8851e-01 -3.5841e-01 -3.1715e-01 -2.3128e+00 -7.7077e-01 -2.9145e+00
204 0 +4.952158055e+02 -1.097041945e+02 -1.097041945e+02 +1.6146e+00 -9.3699e-01 +9.3733e-01 -1.5724e+00 -9.9217e-01 -3.2671e+00 +3.3674e+00 +4.8012e-01 -3.6105e+00 +1.8696e+00 +5.8293e-02 -8.8187e-01 -2.6166e+00 +2.6429e+00 -1.2022e+00 +1.9871e+00 -3.3657e-01 -1.1925e+00 -6.9459e-01 +4.0454e-01
257 0 +4.198993608e+02 -1.850206392e+02 -1.850206392e+02 +1.4868e+00 -1.9258e+00 -1.3542e+00 -8.2818e-01 -2.2613e+00 -2.2499e+00 +3.0325e+00 -1.0719e+00 -3.0993e+00 +9.6016e-01 +3.0818e-01 -1.1457e+00 -2.7670e+00 +2.9371e+00 -4.8755e-01 +1.1264e+00 -1.1935e+00 -1.6687e+00 -1.2162e+00 -1.4066e+00
456 0 +4.156272343e+02 -1.892927657e+02 -1.892927657e+02 +1.4788e+00 -1.9284e+00 -1.3441e+00 -8.0626e-01 -2.2363e+00 -2.2486e+00 +3.0290e+00 -1.0438e+00 -3.0871e+00 +9.3914e-01 +3.1935e-01 -1.1383e+00 -2.7751e+00 +2.9373e+00 -4.8393e-01 +1.1153e+00 -1.1676e+00 -1.6721e+00 -1.2018e+00 -1.4046e+00
713 0 +4.033870771e+02 -2.015329229e+02 -2.015329229e+02 +1.4826e+00 -1.9272e+00 -1.3489e+00 -8.1668e-01 -2.2482e+00 -2.2492e+00 +3.0306e+00 -1.0571e+00 -9.2335e-01 +9.4914e-01 +3.1404e-01 -1.1418e+00 -2.7713e+00 +2.9372e+00 -4.8565e-01 +1.1205e+00 -1.1799e+00 -1.6705e+00 -1.2086e+00 -1.4055e+00
754 0 +3.959320362e+02 -2.089879638e+02 -2.089879638e+02 +1.4816e+00 -1.9275e+00 -1.3477e+00 -8.1409e-01 -2.2452e+00 -2.2490e+00 +3.0302e+00 -1.0538e+00 -1.4606e+00 +9.4665e-01 +3.1536e-01 -1.1409e+00 -2.7722e+00 +2.9372e+00 -4.8522e-01 +1.1192e+00 -1.1769e+00 -1.6709e+00 -1.2069e+00 -1.4053e+00
854 0 +3.718854543e+02 -2.330345457e+02 -2.330345457e+02 +9.9007e-01 -1.9278e+00 -1.3464e+00 -8.1139e-01 -2.2421e+00 -2.2489e+00 +3.0298e+00 -1.0504e+00 -2.0211e+00 +9.4407e-01 +3.1673e-01 -1.1400e+00 -2.7732e+00 +2.9372e+00 -4.8477e-01 +1.1179e+00 -1.1737e+00 -1.6713e+00 -1.2052e+00 -1.4050e+00
1261 0 +3.665792182e+02 -2.383407818e+02 -2.383407818e+02 +1.0615e+00 -1.9278e+00 -1.3465e+00 -8.1148e-01 -2.2422e+00 -2.2489e+00 +3.0298e+00 -9.9637e-01 -2.1143e+00 +9.4415e-01 +3.1669e-01 -1.1400e+00 -2.2811e+00 +2.9372e+00 -4.8479e-01 +1.1179e+00 -1.1738e+00 -1.6713e+00 -1.2052e+00 -1.4050e+00
1560 0 +3.566654553e+02 -2.482545447e+02 -2.482545447e+02 +1.0511e+00 -1.9278e+00 -1.3465e+00 -8.1147e-01 -2.2422e+00 -2.2489e+00 +3.0298e+00 -1.0042e+00 -2.1007e+00 +9.4414e-01 +3.1670e-01 -1.1400e+00 -2.3529e+00 +2.9372e+00 -4.8479e-01 +1.1179e+00 -1.1738e+00 -1.6713e+00 -1.1836e+00 -4.0414e-01
1562 0 +3.236042805e+02 -2.813157195e+02 -2.813157195e+02 +1.0615e+00 -1.9278e+00 -1.3465e+00 -8.1148e-01 -2.2422e+00 -2.2489e+00 +3.0298e+00 -9.9637e-01 -2.1143e+00 +9.4415e-01 +3.1669e-01 -1.1400e+00 -2.2811e+00 +4.3532e-01 -4.8479e-01 +1.1179e+00 -1.1738e+00 -1.6713e+00 -1.2052e+00 -1.4050e+00
1603 0 +3.192250881e+02 -2.856949119e+02 -2.856949119e+02 +1.0615e+00 -1.9278e+00 -1.3465e+00 -8.1148e-01 -2.2422e+00 -2.2489e+00 +3.0298e+00 -9.9637e-01 -2.1143e+00 +9.4415e-01 +3.1669e-01 -1.1400e+00 -2.2811e+00 +1.4860e+00 -4.8479e-01 +1.1179e+00 -1.1738e+00 -1.6713e+00 -1.2052e+00 -1.4050e+00
1709 0 +3.097134177e+02 -2.952065823e+02 -2.952065823e+02 +1.0615e+00 -1.9278e+00 -1.3465e+00 -8.1148e-01 -2.2422e+00 -2.2489e+00 +3.0298e+00 -9.9637e-01 -2.1143e+00 +9.4415e-01 +3.1669e-01 -1.1400e+00 -2.2811e+00 +1.0506e+00 -4.8479e-01 +1.1179e+00 -1.1738e+00 -1.6713e+00 -1.2052e+00 -1.4050e+00
% f evaluations | g evaluations | best noise-free fitness - Fopt (1.337000000000e+02) + sum g_i+ | measured fitness | best measured fitness or single-digit g-values | x1 | x2...
1 0 +2.754455550e+03 +2.888155550e+03 +2.888155550e+03 -1.1432e+00 -3.8084e+00 +3.9586e+00 -7.8996e-01 +6.9061e-01 -3.1196e+00 -8.7023e-01 +9.5296e-01 +4.9563e+00 -4.9717e+00 +1.9642e+00 +4.3925e+00 -2.5466e+00 -4.6030e+00 +1.5631e+00 +3.0116e+00 -4.8864e+00 -4.7306e+00 -2.9484e+00 -1.0476e+00
2 0 +1.941720861e+03 +2.075420861e+03 +2.075420861e+03 +3.3498e+00 -3.3967e+00 -1.4210e+00 -4.3044e+00 -7.6133e-02 +8.5422e-02 -1.3563e+00 +9.4435e-01 -3.5841e+00 -2.6627e+00 +3.1887e+00 -1.9530e+00 +4.2412e+00 -1.8837e+00 +1.7781e+00 -3.7835e+00 -5.5418e-01 -3.9627e+00 -4.6907e-01 +4.4428e+00
5 0 +1.036945079e+03 +1.170645079e+03 +1.170645079e+03 +1.8236e+00 +5.4365e-01 +2.1011e+00 -4.3315e+00 -3.1507e+00 +1.3996e+00 -3.0088e+00 -1.9981e+00 +9.9003e-01 -1.8038e+00 -3.4630e-01 -1.5701e+00 -3.7799e+00 -1.5852e+00 -5.1089e-01 +1.3735e+00 -3.7702e+00 +1.6628e+00 -3.9575e+00 -3.2105e+00
10 0 +9.128639468e+02 +1.046563947e+03 +1.046563947e+03 -2.2759e+00 +4.8835e+00 +6.0350e-01 +3.9841e+00 -1.0388e+00 +2.3878e+00 -3.3220e+00 -3.6433e+00 +3.6613e+00 -1.1721e+00 -2.8222e+00 -1.9700e+00 +4.5145e-01 +7.6006e-01 -1.5845e+00 -4.3925e-03 +1.8152e+00 +3.7312e+00 -7.6392e-01 -4.3947e+00
21 0 +8.594925064e+02 +9.931925064e+02 +9.931925064e+02 +2.8130e+00 +3.3972e+00 +1.6539e-01 -3.4992e+00 -1.9602e+00 -5.1543e-01 -3.8060e+00 +1.3066e+00 -2.2285e+00 -1.8718e+00 +3.8033e+00 +1.4129e+00 -4.1742e+00 -9.2867e-01 +1.9285e+00 -1.4296e+00 +4.6017e+00 +2.9892e+00 +4.3500e-01 -6.6347e-01
53 0 +7.983485393e+02 +9.320485393e+02 +9.320485393e+02 +2.5636e+00 +3.0104e+00 +3.6912e-01 -3.1345e+00 -1.9492e+00 -6.1209e-01 -3.5385e+00 +1.1029e+00 -2.2626e+00 -1.9832e+00 +3.8196e+00 +1.5823e+00 -3.9011e+00 -8.5206e-01 +1.9358e+00 -1.2973e+00 +4.2897e+00 +2.9639e+00 +4.5332e-01 -5.4355e-01
102 0 +7.599076161e+02 +8.936076161e+02 +8.936076161e+02 +3.4007e+00 -3.8536e-01 +3.9176e+00 +1.7589e+00 -1.5229e+00 +3.4914e-02 +3.3136e+00 +7.5598e-01 +3.5844e+00 -2.7500e+00 +2.6804e+00 -3.9157e-01 -1.3297e+00 +3.0053e+00 +2.4119e+00 +2.1730e+00 +9.7450e-01 +3.7431e-01 -3.5504e+00 +6.1832e-01
103 0 +7.275050182e+02 +8.612050182e+02 +8.612050182e+02 +2.9137e+00 -1.8999e+00 +3.4498e+00 -4.8264e-01 +7.5276e-01 -2.2293e-02 +2.4846e+00 +2.1218e+00 +2.8667e+00 -3.7791e-01 +2.9873e+00 +1.8852e+00 -1.4922e+00 +2.1113e+00 +4.0683e-01 -3.0585e-01 +9.9206e-01 +2.0016e+00 -2.6817e+00 +1.1086e+00
104 0 +6.393014506e+02 +7.730014506e+02 +7.730014506e+02 +2.5978e+00 +2.7766e+00 +4.7021e-01 -3.6802e+00 -2.2191e+00 -9.8916e-02 -3.6326e+00 +5.8786e-01 -1.5285e+00 -1.8570e+00 +2.9008e+00 +7.6414e-01 -4.0884e+00 -1.0715e+00 +1.3979e+00 -8.1992e-01 +2.7808e+00 +2.7007e+00 -5.2037e-01 -1.2175e+00
158 0 +6.162714944e+02 +7.499714944e+02 +7.499714944e+02 +2.3591e+00 -6.5670e-01 +2.7636e+00 -2.4408e+00 -1.2332e+00 +7.0109e-01 -3.1020e-01 +2.5766e-02 +1.9119e+00 -1.1034e+00 +1.2913e+00 +1.2729e-01 -2.6560e+00 +2.3069e-01 -6.0066e-02 +5.4855e-01 -1.4308e+00 +1.8292e+00 -3.3308e+00 -1.0888e+00
202 0 +5.714203529e+02 +7.051203529e+02 +7.051203529e+02 +2.5472e+00 -1.2336e+00 +3.0073e+00 -1.4092e+00 -1.7695e-02 +3.2899e-01 +1.0865e+00 +1.2143e+00 +2.3465e+00 -7.6231e-01 +2.2345e+00 +1.1154e+00 -1.9980e+00 +1.3327e+00 +1.9945e-01 +1.4167e-01 +3.8656e-02 +1.8899e+00 -2.9643e+00 +1.2168e-02
208 0 +5.165293650e+02 +6.502293650e+02 +6.502293650e+02 +8.4836e-01 +3.1577e+00 -4.7818e-01 -2.4855e+00 -1.2726e+00 +1.4143e-01 -3.6287e+00 -4.1593e-01 -1.3588e+00 -5.3115e-01 +1.7560e+00 +4.3845e-01 -2.0518e+00 +2.3717e-01 +1.7884e+00 -8.0409e-01 +1.6573e+00 +1.5335e+00 -6.6743e-01 -9.5940e-01
305 0 +4.752343518e+02 +6.089343518e+02 +6.089343518e+02 +1.3160e+00 +2.5839e+00 +1.0154e-01 -2.6499e+00 -1.4003e+00 +1.7695e-01 -3.1720e+00 -1.9636e-01 -9.4186e-01 -8.0356e-01 +1.8735e+00 +4.5380e-01 -2.4332e+00 +4.8436e-02 +1.4844e+00 -6.2927e-01 +1.4236e+00 +1.7492e+00 -9.9902e-01 -1.0054e+00
306 0 +4.388608969e+02 +5.725608969e+02 +5.725608969e+02 +1.6677e+00 +1.1071e+00 +1.2317e+00 -2.2859e+00 -1.0731e+00 +3.5953e-01 -1.6894e+00 -2.1908e-04 +3.8858e-01 -7.5738e-01 +1.6754e+00 +4.4071e-01 -2.2549e+00 +4.0337e-01 +8.9176e-01 -1.9478e-01 +3.0717e-01 +1.7006e+00 -1.9607e+00 -8.2559e-01
309 0 +4.169204926e+02 +5.506204926e+02 +5.506204926e+02 +1.3090e+00 +2.0351e+00 +4.0482e-01 -2.0921e+00 -8.7497e-01 +1.2648e-01 -2.3156e+00 +1.0088e-01 -4.2035e-01 -5.2370e-01 +1.9868e+00 +7.1468e-01 -1.9665e+00 +6.0257e-01 +1.4549e+00 -6.6163e-01 +1.4200e+00 +1.6387e+00 -1.1505e+00 -5.5665e-01
507 0 +4.141290218e+02 +5.478290218e+02 +5.478290218e+02 +1.3652e+00 +1.8725e+00 +5.7862e-01 -2.2809e+00 -1.0669e+00 +2.4054e-01 -2.3429e+00 -7.4493e-02 -2.6873e-01 -6.3621e-01 +1.7824e+00 +5.1678e-01 -2.1241e+00 +4.1808e-01 +1.2705e+00 -4.7567e-01 +9.5147e-01 +1.6421e+00 -1.4151e+00 -7.8338e-01
552 0 +4.051026693e+02 +5.388026693e+02 +5.388026693e+02 +1.3612e+00 +1.8840e+00 +5.6644e-01 -2.2684e+00 -1.0541e+00 +2.3273e-01 -2.3417e+00 -6.2904e-02 -2.7943e-01 -6.2862e-01 +1.7961e+00 +5.3001e-01 -2.1135e+00 +4.3036e-01 +1.2831e+00 -4.8830e-01 +9.8323e-01 +1.6418e+00 -1.3970e+00 -7.6827e-01
557 0 +3.865955017e+02 +5.202955017e+02 +5.202955017e+02 +1.3496e+00 +1.9173e+00 +5.3139e-01 -2.2322e+00 -1.0174e+00 +2.1024e-01 -2.3383e+00 -2.9530e-02 -3.1025e-01 -6.0674e-01 +1.8355e+00 +5.6811e-01 -2.0830e+00 +4.6572e-01 +1.3194e+00 -5.2467e-01 +1.0747e+00 +1.6410e+00 -1.3448e+00 -7.2474e-01
1104 0 +3.762604997e+02 +5.099604997e+02 +5.099604997e+02 +1.3506e+00 +1.9093e+00 +5.3383e-01 -2.2327e+00 -1.0178e+00 +2.1076e-01 -2.3363e+00 -2.9408e-02 -3.0798e-01 -6.0747e-01 +1.8350e+00 +5.6763e-01 -2.0839e+00 +4.6523e-01 +1.3179e+00 -5.2351e-01 +1.0721e+00 +1.4810e+00 -1.3469e+00 -7.2524e-01
1210 0 +3.664573494e+02 +5.001573494e+02 +5.001573494e+02 +1.3521e+00 +1.8983e+00 +5.3718e-01 -2.2333e+00 -1.0184e+00 +2.1147e-01 -2.3335e+00 -2.9240e-02 -3.0487e-01 -6.0846e-01 +1.8344e+00 +5.6697e-01 -1.8065e+00 +4.6456e-01 +1.3158e+00 -5.2194e-01 +1.0686e+00 +1.6418e+00 -1.3498e+00 -7.2591e-01
1310 0 +3.625396381e+02 +4.962396381e+02 +4.962396381e+02 +1.3519e+00 +1.9031e+00 +5.3675e-01 -2.2333e+00 -1.0184e+00 +2.1142e-01 -2.3339e+00 -2.9356e-02 -3.0527e-01 -6.0837e-01 +1.8344e+00 +5.6698e-01 -2.0850e+00 +4.6457e-01 +5.8537e-01 -5.2209e-01 +1.0689e+00 +1.4607e+00 -1.3495e+00 -7.2592e-01
1411 0 +3.544947055e+02 +4.881947055e+02 +4.881947055e+02 +1.3518e+00 +1.9073e+00 +5.3664e-01 -2.2334e+00 -1.0185e+00 +2.1145e-01 -2.3341e+00 -2.9468e-02 -3.0538e-01 -6.0837e-01 +1.8343e+00 +9.3926e-02 -2.0851e+00 +4.6451e-01 +1.3161e+00 -5.2208e-01 +1.0689e+00 +1.2796e+00 -1.3494e+00 -7.2601e-01
1609 0 +3.423895267e+02 +4.760895267e+02 +4.760895267e+02 +1.3519e+00 +1.9041e+00 +5.3683e-01 -2.2333e+00 -1.0184e+00 +1.7533e-01 -2.3339e+00 -2.9387e-02 -3.0519e-01 -6.0840e-01 +1.8343e+00 +4.5549e-01 -1.9579e+00 +4.6453e-01 +1.3160e+00 -5.2203e-01 +1.0688e+00 +1.4095e+00 -1.3496e+00 -7.2597e-01
1910 0 +3.174083286e+02 +4.511083286e+02 +4.511083286e+02 +1.3518e+00 +1.9071e+00 +5.3665e-01 -2.2334e+00 -1.0185e+00 +6.2798e-02 -1.6724e-01 -2.9465e-02 -3.0537e-01 -6.0837e-01 +1.8343e+00 +1.0840e-01 -2.0800e+00 +4.6451e-01 +1.3161e+00 -5.2207e-01 +1.0689e+00 +1.2848e+00 -1.3494e+00 -7.2601e-01
% f evaluations | g evaluations | best noise-free fitness - Fopt (-2.098000000000e+01) + sum g_i+ | measured fitness | best measured fitness or single-digit g-values | x1 | x2...
1 0 +2.642470672e+03 +2.621490672e+03 +2.621490672e+03 +3.9577e+00 +2.2134e-01 +1.2671e+00 +4.8094e-01 +3.5380e+00 +4.3973e-01 +3.9545e+00 -4.8897e+00 -3.3277e+00 -3.4138e+00 -1.5871e+00 -3.6762e+00 +3.0013e+00 -3.3733e+00 -8.7240e-01 +1.3322e+00 +1.6949e-01 +2.3061e-01 -3.0257e+00 -4.6776e+00
4 0 +1.755847114e+03 +1.734867114e+03 +1.734867114e+03 +4.9131e+00 +1.2488e+00 +3.4283e+00 +3.7323e-01 -3.9793e+00 +2.3539e+00 -3.0123e+00 +1.0087e+00 -4.7736e-01 +3.3430e+00 -2.8497e+00 -1.0607e-01 +3.2051e+00 -1.7757e+00 +2.5979e+00 +1.0618e+00 -6.9173e-01 -6.1315e-01 +2.6726e+00 -2.9061e+00
14 0 +1.363260422e+03 +1.342280422e+03 +1.342280422e+03 -4.2012e+00 +4.2733e+00 +3.1694e+00 -3.3907e+00 +9.7724e-01 +2.9138e+00 -4.2152e+00 +2.3537e+00 -4.2364e+00 -2.8893e+00 +9.7181e-01 +5.4546e-01 +3.0437e+00 -3.2833e+00 -1.8909e+00 -1.2402e+00 -2.2233e+00 -4.2268e+00 -4.6846e+00 +6.9358e-01
35 0 +1.084812458e+03 +1.063832458e+03 +1.063832458e+03 -1.6314e-01 +4.1508e-01 -2.9084e+00 -4.4338e+00 +2.2713e+00 -2.0859e+00 +2.0418e+00 +9.5463e-01 -1.2918e+00 +3.2813e+00 -2.6232e+00 -8.6044e-01 +2.2956e+00 -3.1813e+00 +1.5982e+00 -1.2836e+00 -4.1493e-01 +2.9635e-01 +3.5667e+00 +4.0531e-01
44 0 +1.018121247e+03 +9.971412474e+02 +9.971412474e+02 +1.5314e+00 +2.2423e+00 -1.1540e+00 -4.1629e+00 -3.8219e+00 +4.5152e+00 -4.6286e+00 +3.1707e+00 -3.4958e-01 +1.3249e+00 -2.7859e+00 +1.6042e+00 -2.0303e-01 +5.9550e-01 -3.1979e+00 -1.3650e+00 -4.4915e+00 -2.8799e+00 +2.7593e-02 -6.9504e-01
56 0 +8.963763234e+02 +8.753963234e+02 +8.753963234e+02 +9.4593e-01 +2.4497e+00 -7.1239e-01 -4.0840e+00 -3.3318e+00 +4.3516e+00 -4.5864e+00 +3.0873e+00 -7.4656e-01 +8.9449e-01 -2.4021e+00 +1.4961e+00 +1.2858e-01 +1.9933e-01 -3.0644e+00 -1.3522e+00 -4.2598e+00 -3.0175e+00 -4.5370e-01 -5.5321e-01
203 0 +8.706672339e+02 +8.496872339e+02 +8.496872339e+02 -6.3437e-01 -2.3438e-01 +1.6158e-01 -5.6384e-01 -3.6604e+00 +2.9386e+00 -4.5098e+00 -3.8233e-01 -6.7141e-01 -5.7139e-01 -2.0006e+00 +2.3100e+00 -1.2911e+00 -8.4836e-02 -1.3692e+00 -1.3096e+00 -4.3047e+00 -4.1586e+00 -2.5406e+00 +2.0802e+00
206 0 +8.473992793e+02 +8.264192793e+02 +8.264192793e+02 -1.3319e-01 +6.2081e-01 -1.1521e-01 -1.6842e+00 -3.5542e+00 +3.3879e+00 -4.5341e+00 +7.2196e-01 -6.9664e-01 -1.0613e-01 -2.1272e+00 +2.0505e+00 -8.3807e-01 +4.3320e-03 -1.9084e+00 -1.3231e+00 -4.2896e+00 -3.7958e+00 -1.8778e+00 +1.1288e+00
310 0 +7.847478633e+02 +7.637678633e+02 +7.637678633e+02 -1.3402e-01 +6.1939e-01 -1.1475e-01 -1.6824e+00 -3.5544e+00 +3.2248e-01 -4.5340e+00 +7.2014e-01 -6.9660e-01 -1.0690e-01 -2.1270e+00 +2.0510e+00 -8.3882e-01 +4.1845e-03 -1.9076e+00 -1.3231e+00 -4.2897e+00 -3.7964e+00 -1.8789e+00 +1.1303e+00
458 0 +7.756977763e+02 +7.547177763e+02 +7.547177763e+02 -1.4194e-01 +6.0888e-01 -1.1009e-01 -1.6677e+00 -3.5545e+00 +4.3685e-01 -4.5336e+00 +7.0569e-01 -6.9726e-01 -1.1397e-01 -2.1244e+00 +2.0541e+00 -8.4384e-01 +2.0509e-03 -1.9003e+00 -1.3229e+00 -4.2893e+00 -3.8014e+00 -1.8887e+00 +1.1408e+00
613 0 +7.445069948e+02 +7.235269948e+02 +7.235269948e+02 -3.3529e-01 +3.5208e-01 +3.8605e-03 -1.3101e+00 -3.5583e+00 +3.2295e+00 -4.5234e+00 +3.5279e-01 -7.1337e-01 -2.8661e-01 -2.0613e+00 +2.1292e+00 -9.6645e-01 -5.0047e-02 -1.7223e+00 -1.3179e+00 -4.2800e+00 -3.9240e+00 -2.1012e-01 +1.3964e+00
759 0 +7.338051242e+02 +7.128251242e+02 +7.128251242e+02 -2.0128e-01 +5.3014e-01 -7.5108e-02 -1.5580e+00 -3.5556e+00 +1.8250e+00 -4.5305e+00 +5.9745e-01 -6.8532e-01 -1.6694e-01 -2.1050e+00 +2.0771e+00 -8.2721e-01 -1.3956e-02 -1.8457e+00 -1.3214e+00 -4.2864e+00 -3.8390e+00 -1.2431e+00 +1.2191e+00
1009 0 +7.177793456e+02 +6.967993456e+02 +6.967993456e+02 -1.9773e-01 +5.3484e-01 -7.7199e-02 -1.5646e+00 -3.3980e+00 +1.7174e+00 -4.5307e+00 +6.0392e-01 -6.8689e-01 -1.6378e-01 -2.1062e+00 +2.0757e+00 -8.3095e-01 -1.2998e-02 -1.8489e+00 -1.3215e+00 -4.2673e+00 -3.8368e+00 -1.3180e+00 +1.2145e+00
1112 0 +6.838506680e+02 +6.628706680e+02 +6.628706680e+02 -1.7009e-01 +5.7152e-01 -9.3496e-02 -1.6157e+00 -3.5551e+00 +6.6274e-01 -4.5321e+00 +6.5434e-01 -6.9301e-01 -1.3910e-01 -2.1152e+00 +2.0650e+00 -8.4051e-01 -5.5397e-03 -1.8744e+00 -1.3222e+00 -4.2879e+00 -3.8192e+00 -9.0194e-02 +1.1780e+00
1257 0 +6.744752377e+02 +6.534952377e+02 +6.534952377e+02 -1.6996e-01 +5.7169e-01 -9.3570e-02 -1.6159e+00 -3.5551e+00 +6.6222e-01 -4.5321e+00 +6.5457e-01 -6.9304e-01 -1.3898e-01 -2.1152e+00 +2.0649e+00 -8.4056e-01 -5.5060e-03 -1.8745e+00 -1.3222e+00 -4.2879e+00 -3.8192e+00 -2.7733e-01 +1.1778e+00
1363 0 +6.604722415e+02 +6.394922415e+02 +6.394922415e+02 -1.7093e-01 +5.7041e-01 -9.3002e-02 -1.6142e+00 -3.0123e+00 +1.1590e+00 -4.5321e+00 +6.5282e-01 -6.9265e-01 -1.3984e-01 -2.1149e+00 +2.0653e+00 -8.3966e-01 -4.1280e-03 -1.8736e+00 -1.3222e+00 -3.3965e+00 -3.8198e+00 -2.9940e-02 +1.1791e+00
1756 0 +6.399377601e+02 +6.189577601e+02 +6.189577601e+02 -1.6689e-01 +5.7159e-01 -9.3220e-02 -5.4805e-01 -3.5432e+00 +6.6220e-01 -4.4041e+00 +6.5458e-01 -6.9304e-01 -1.3873e-01 -2.1152e+00 +2.0649e+00 -8.4056e-01 -5.5052e-03 -1.8745e+00 -1.3222e+00 -4.2879e+00 -3.8192e+00 -2.7005e-01 +1.1778e+00
2010 0 +6.167938360e+02 +5.958138360e+02 +5.958138360e+02 -1.6689e-01 +5.7159e-01 -9.3220e-02 -5.4805e-01 -3.5432e+00 +6.6220e-01 -4.4041e+00 +6.5458e-01 -6.9304e-01 -1.3873e-01 -2.1152e+00 +2.0649e+00 -8.4056e-01 -5.5052e-03 -1.8745e+00 -1.3222e+00 -2.8171e+00 -3.8192e+00 -2.7005e-01 +1.1778e+00
% f evaluations | g evaluations | best noise-free fitness - Fopt (1.353300000000e+02) + sum g_i+ | measured fitness | best measured fitness or single-digit g-values | x1 | x2...
1 0 +7.159300198e+03 +7.294630198e+03 +7.294630198e+03 +3.8819e+00 -3.8131e+00 +3.1481e+00 -1.7712e+00 +2.1751e+00 -1.6784e+00 -4.5670e+00 +4.9591e+00 +3.0900e+00 -3.5579e+00 -5.9326e-01 -3.9521e+00 -4.6127e+00 -4.9057e-01 -5.5133e-01 -5.0790e-01 -2.9660e+00 +1.9804e+00 -1.4478e+00 +4.1196e+00
2 0 +1.618952879e+03 +1.754282879e+03 +1.754282879e+03 +3.2726e+00 -6.2237e-01 +2.8432e+00 -4.5187e+00 -2.3250e+00 +9.9977e-01 +1.1257e+00 +3.2708e+00 +1.4307e+00 +1.4656e+00 -2.3377e+00 +1.2536e+00 +1.1604e+00 +6.0646e-01 +3.6032e+00 +2.6338e+00 -4.6336e+00 -4.1173e-01 -2.1557e+00 -4.6554e+00
3 0 +1.202436993e+03 +1.337766993e+03 +1.337766993e+03 -2.7586e+00 +4.3213e+00 -2.6586e-01 +1.0968e-01 +3.6385e+00 -2.1663e+00 -1.7983e+00 -1.1525e+00 -3.1767e-01 -2.5666e+00 +2.6678e+00 +4.4953e+00 -3.7773e+00 +1.3510e+00 +3.7079e+00 -9.5372e-01 -4.4350e+00 +9.5669e-01 +4.2991e+00 +1.6130e-01
6 0 +1.090992320e+03 +1.226322320e+03 +1.226322320e+03 -4.4735e+00 +3.4612e+00 -1.5312e+00 -1.1158e+00 -3.6658e+00 +1.8590e+00 +4.1308e+00 -2.3833e+00 -4.7993e+00 -3.5957e+00 +2.6333e+00 -4.7317e+00 -2.7941e+00 +4.6291e+00 -2.9815e+00 -4.5136e+00 -1.4643e+00 +1.4579e+00 +4.2396e+00 -1.1299e+00
15 0 +7.386240770e+02 +8.739540770e+02 +8.739540770e+02 +4.5870e+00 +3.0093e+00 -3.7255e+00 -3.3109e+00 -1.1078e+00 -2.7408e+00 -3.1009e+00 -3.4398e+00 -2.9268e+00 +2.0771e+00 +1.6930e+00 +2.4172e+00 -2.8166e+00 +2.5480e+00 -3.4522e+00 -2.4895e+00 -9.8085e-01 -1.3372e+00 +4.6846e+00 -4.0401e+00
44 0 +5.725350136e+02 +7.078650136e+02 +7.078650136e+02 -1.0557e+00 -2.7342e-01 +6.5863e-01 -6.8557e-01 -3.3844e+00 +2.5034e+00 +2.0797e+00 +7.3917e-01 -1.9642e-01 -2.4790e+00 +1.1535e+00 +1.9936e+00 -5.4481e-01 -9.6030e-01 +5.6983e-01 -2.3124e+00 +2.0797e+00 -3.6858e+00 +3.9474e+00 -3.1901e+00
57 0 +5.230101686e+02 +6.583401686e+02 +6.583401686e+02 +9.2631e-01 +8.0138e-01 +4.4967e-01 -5.8770e-01 -7.0636e-01 +3.3652e+00 -1.9608e-01 +7.5280e-01 +5.1213e-01 +1.5234e-01 +1.3717e+00 +1.5903e+00 -2.5113e-01 +6.0240e-01 +5.1288e-01 -2.4730e+00 +1.5416e+00 -6.7617e-01 +2.4968e+00 -2.8702e+00
102 0 +5.054890139e+02 +6.408190139e+02 +6.408190139e+02 +1.9404e+00 -8.7515e-01 +1.5185e+00 +1.3514e+00 +2.2931e+00 +4.3541e+00 -1.8018e+00 -4.4080e-01 +1.1822e+00 -2.6167e-01 +7.1786e-01 -8.0451e-01 -1.7864e+00 +7.4461e-01 +6.3166e-01 -2.4485e+00 -3.4882e-01 -5.6547e-01 +2.3348e-02 -3.1401e+00
157 0 +4.932180679e+02 +6.285480679e+02 +6.285480679e+02 +1.2572e+00 +4.2637e-01 +5.5199e-01 -2.1600e-01 -7.3212e-02 +3.3217e+00 -6.3280e-01 +2.7226e-01 +5.0712e-01 +2.1429e-02 +1.2108e+00 +1.0353e+00 -7.6069e-01 +6.5696e-01 +3.7726e-01 -2.4609e+00 +9.7793e-01 -7.9924e-01 +2.0224e+00 -3.0012e+00
258 0 +4.591377442e+02 +5.944677442e+02 +5.944677442e+02 +8.5373e-01 -1.4830e+00 +1.7986e-01 -5.9175e-01 +1.2302e-01 +2.1257e+00 -8.3528e-01 -4.2123e-01 +2.4104e-01 -1.6844e+00 +1.0674e+00 +1.0477e+00 -1.4141e+00 +3.6062e-01 -5.2807e-01 -1.8974e+00 +5.7723e-01 +6.0617e-01 +6.9883e-01 -2.1965e+00
303 0 +4.346148928e+02 +5.699448928e+02 +5.699448928e+02 +1.1992e+00 +1.9191e-01 +4.9544e-01 -2.7836e-01 -6.8977e-02 +3.1493e+00 -6.4849e-01 +1.8924e-01 +4.6683e-01 -2.1070e-01 +1.1967e+00 +1.0533e+00 -8.3576e-01 +6.1799e-01 +2.5834e-01 -2.3884e+00 +9.3810e-01 -6.2022e-01 +1.8696e+00 -2.8963e+00
760 0 +4.246568092e+02 +5.599868092e+02 +5.599868092e+02 +1.1929e+00 +1.6679e-01 +4.8938e-01 -2.8504e-01 -6.8523e-02 +3.1308e+00 -6.5017e-01 +1.8035e-01 +3.3705e-01 -2.3365e-01 +1.1952e+00 +1.0552e+00 -8.4381e-01 +6.1382e-01 +2.4559e-01 -2.3807e+00 +9.2080e-01 -6.0104e-01 +1.8532e+00 -2.8851e+00
1014 0 +4.071964161e+02 +5.425264161e+02 +5.425264161e+02 +1.1924e+00 +1.5890e-01 +4.9148e-01 -2.8207e-01 -6.5071e-02 +3.1283e+00 -6.5155e-01 +1.7724e-01 +6.3629e-02 -2.3753e-01 +1.1946e+00 +1.0504e+00 -8.4819e-01 +6.1046e-01 +2.4236e-01 -2.3795e+00 +9.1352e-01 -5.9799e-01 +1.8470e+00 -2.8842e+00
1214 0 +3.896718564e+02 +5.250018564e+02 +5.250018564e+02 +1.1924e+00 +1.5890e-01 +4.9148e-01 -2.8207e-01 -6.5071e-02 +3.1283e+00 -3.0909e-01 +1.7724e-01 +6.3629e-02 -2.3753e-01 +1.1946e+00 +1.0504e+00 -8.4819e-01 +6.1046e-01 +2.4236e-01 -2.3795e+00 +9.1352e-01 -5.9799e-01 +1.8470e+00 -2.8842e+00
1512 0 +3.890097163e+02 +5.243397163e+02 +5.243397163e+02 +1.1924e+00 +1.5890e-01 +4.9148e-01 -2.8207e-01 -5.0002e-02 +3.1283e+00 -3.0909e-01 +1.7724e-01 +6.3629e-02 -2.3753e-01 +1.1946e+00 +1.0504e+00 -8.4819e-01 +6.1046e-01 +2.4236e-01 -2.3795e+00 +9.1352e-01 -5.9799e-01 +1.8470e+00 -2.8842e+00
1652 0 +3.792297030e+02 +5.145597030e+02 +5.145597030e+02 +1.1924e+00 +1.5890e-01 +4.9148e-01 -2.8207e-01 -5.9579e-02 +3.1283e+00 -3.0909e-01 +1.7724e-01 +6.3629e-02 -2.3753e-01 +1.1946e+00 +1.0504e+00 -6.5884e-01 +6.1046e-01 +2.4236e-01 -2.3795e+00 +9.1352e-01 -5.9799e-01 +1.8470e+00 -2.8842e+00
1964 0 +3.708107899e+02 +5.061407899e+02 +5.061407899e+02 +1.1924e+00 +1.5890e-01 +4.9148e-01 -2.8207e-01 -6.5071e-02 +2.4383e+00 -3.0909e-01 +1.7724e-01 +6.3629e-02 -2.3753e-01 +1.1946e+00 +1.0504e+00 -8.4819e-01 +6.1046e-01 +2.4236e-01 -2.3795e+00 +9.1352e-01 -5.9799e-01 +1.8470e+00 -2.8842e+00
% f evaluations | g evaluations | best noise-free fitness - Fopt (4.066000000000e+01) + sum g_i+ | measured fitness | best measured fitness or single-digit g-values | x1 | x2...
1 0 +2.731260586e+03 +2.771920586e+03 +2.771920586e+03 +1.8381e+00 -1.9970e+00 -4.6829e+00 +3.9515e+00 +2.8527e-01 +6.9992e-01 -5.7358e-01 -1.8620e+00 +4.3707e+00 +2.5822e+00 -4.6143e+00 -4.7748e+00 +4.9623e+00 -2.6974e+00 +8.6195e-01 -3.5973e+00 -2.1628e+00 +9.5303e-01 +2.1787e+00 -3.1197e+00
2 0 +1.693049122e+03 +1.733709122e+03 +1.733709122e+03 -1.3399e-01 -4.8961e+00 -2.3689e+00 +9.6884e-01 -7.3251e-01 +4.2060e+00 -3.4986e+00 -2.8662e+00 -3.9199e+00 +4.4682e+00 +1.1693e+00 +3.4200e+00 -1.0725e+00 -3.5848e+00 +3.3943e+00 -2.6034e+00 -4.4984e+00 -5.4615e-01 -4.4758e+00 +2.4846e+00
3 0 +1.077376612e+03 +1.118036612e+03 +1.118036612e+03 +1.1585e-01 -1.5922e+00 +4.4855e+00 -3.8588e+00 -4.4585e+00 -1.9210e+00 +4.5122e+00 +1.1032e+00 +4.1015e+00 -2.5575e+00 -2.2634e+00 +3.2679e+00 -3.7727e+00 +6.9175e-02 +2.2556e+00 +4.7769e+00 +1.1428e+00 +3.8170e-01 +4.8947e+00 -1.6232e+00
8 0 +9.606929996e+02 +1.001353000e+03 +1.001353000e+03 -6.3467e-01 -4.8436e+00 -1.1994e+00 -2.2800e+00 +2.9227e+00 +8.5714e-01 -6.5777e-02 +9.6003e-01 +4.9651e+00 -4.3279e+00 +3.4258e+00 +4.4611e+00 -4.4586e+00 -3.2688e+00 +1.5087e+00 -3.1527e-01 -7.0435e-01 +3.7128e+00 +3.1439e+00 +4.5811e+00
31 0 +5.554284895e+02 +5.960884895e+02 +5.960884895e+02 +2.1163e+00 +6.2953e-01 -3.8955e+00 -1.8620e-01 -2.3674e+00 -7.1590e-01 -3.0082e+00 +3.3518e+00 +3.1504e+00 +3.7348e+00 -1.1124e+00 +1.1900e+00 -3.7583e+00 +2.3123e+00 +4.0166e+00 +2.0403e+00 -1.5686e+00 +4.3516e+00 +2.3530e+00 +3.9481e+00
53 0 +4.408430236e+02 +4.815030236e+02 +4.815030236e+02 +1.3598e+00 -2.1059e-01 -7.2628e-01 -1.5749e+00 -3.1581e+00 -1.1716e+00 -1.6447e-01 +2.5015e+00 +3.5101e+00 +1.3554e+00 -1.5476e+00 +1.9757e+00 -3.7638e+00 +1.4641e+00 +3.3507e+00 +3.0751e+00 -5.4330e-01 +2.8504e+00 +3.3141e+00 +1.8414e+00
153 0 +4.146267811e+02 +4.552867811e+02 +4.552867811e+02 +8.9990e-01 -5.2191e-01 -3.4424e-01 -1.6903e+00 -2.7704e+00 -8.6067e-01 -5.1132e-01 +1.8830e+00 +3.4919e+00 +1.0213e+00 -1.2279e+00 +1.7919e+00 -3.2674e+00 +1.6284e+00 +3.1707e+00 +2.7465e+00 -1.1172e-01 +2.1797e+00 +3.2942e+00 +1.7116e+00
257 0 +3.819718246e+02 +4.226318246e+02 +4.226318246e+02 +1.0599e+00 -4.1358e-01 -4.7717e-01 -1.6502e+00 -2.9053e+00 -9.6887e-01 -3.9063e-01 +2.0982e+00 +3.4982e+00 +1.1376e+00 -1.3391e+00 +1.8559e+00 -3.4401e+00 +1.5712e+00 +3.2333e+00 +2.8608e+00 -2.6189e-01 +2.4131e+00 +3.3011e+00 +1.7568e+00
302 0 +3.544026501e+02 +3.950626501e+02 +3.950626501e+02 +1.2513e+00 -6.5646e-01 -1.3088e-01 -1.2237e+00 -2.1441e+00 -4.0929e-01 -5.4462e-01 +1.6916e+00 +3.3896e+00 +1.8500e+00 -1.1276e+00 +1.3642e+00 -3.6398e+00 +6.3791e-01 +2.1679e+00 +3.0956e+00 -9.6030e-01 +2.1802e+00 +3.1202e+00 +2.0006e+00
307 0 +3.201722520e+02 +3.608322520e+02 +3.608322520e+02 +7.3131e-02 -3.1398e-01 +5.8304e-01 -1.0379e+00 -1.9317e+00 -5.6341e-01 -5.4582e-01 +6.4934e-01 +3.0495e+00 +7.4575e-01 -2.6754e-01 +1.2824e+00 -3.0250e+00 +1.5974e+00 +1.6150e+00 +2.4275e+00 -5.1506e-02 +1.7118e+00 +3.1213e+00 +1.6225e+00
459 0 +3.144895229e+02 +3.551495229e+02 +3.551495229e+02 +1.4032e-01 -3.4034e-01 +5.4074e-01 -1.0555e+00 -1.9442e+00 -5.5179e-01 -5.5100e-01 +7.0922e-01 +3.0723e+00 +8.0647e-01 -3.1955e-01 +1.2881e+00 -3.0546e+00 +1.5446e+00 +1.6560e+00 +2.4633e+00 -9.7725e-02 +1.7318e+00 +3.1222e+00 +1.6430e+00
761 0 +3.001831583e+02 +3.408431583e+02 +3.408431583e+02 +1.4032e-01 -3.4034e-01 +5.4074e-01 -1.0555e+00 -1.7727e+00 -5.5179e-01 -5.5100e-01 +7.0922e-01 +3.0723e+00 +8.0647e-01 -3.1955e-01 +1.2881e+00 -3.0546e+00 +1.5446e+00 +1.6560e+00 +2.4633e+00 -9.7725e-02 +1.7318e+00 +3.1222e+00 +1.5317e+00
914 0 +2.881346490e+02 +3.287946490e+02 +3.287946490e+02 +1.4032e-01 -3.4034e-01 +5.4074e-01 -1.0555e+00 -6.1521e-01 -5.5179e-01 -5.5100e-01 +7.0922e-01 +3.0723e+00 +8.0647e-01 -3.1955e-01 +1.2881e+00 -3.0546e+00 +1.5446e+00 +1.6560e+00 +2.4633e+00 -9.7725e-02 +1.7318e+00 +3.1222e+00 +1.6430e+00
1060 0 +2.789740369e+02 +3.196340369e+02 +3.196340369e+02 +1.4032e-01 -3.4034e-01 +5.4074e-01 -1.0555e+00 -6.1521e-01 -5.5179e-01 -5.5100e-01 +7.0922e-01 +3.0723e+00 +8.0647e-01 -3.1955e-01 +1.2881e+00 -3.0546e+00 +1.5446e+00 +1.6560e+00 +1.9477e+00 -9.7725e-02 +1.7318e+00 +3.1222e+00 +1.6430e+00
1164 0 +2.689478816e+02 +3.096078816e+02 +3.096078816e+02 +1.4032e-01 -3.4034e-01 +5.4074e-01 -1.0555e+00 -1.6796e+00 -5.5179e-01 -5.5100e-01 +3.2934e-01 +3.0723e+00 +8.0647e-01 -3.1955e-01 +1.2881e+00 -3.0546e+00 +1.5446e+00 +1.6560e+00 +2.4633e+00 -9.7725e-02 +1.7318e+00 +3.1222e+00 +1.5407e+00
1308 0 +2.510236725e+02 +2.916836725e+02 +2.916836725e+02 +1.4032e-01 -3.4034e-01 +5.4074e-01 -1.0555e+00 -1.4897e+00 -5.5179e-01 -5.5100e-01 +3.9714e-01 +3.0723e+00 +8.0647e-01 -3.1955e-01 +1.2881e+00 -3.0546e+00 +1.5446e+00 +1.6560e+00 +2.3713e+00 -9.7725e-02 +1.7318e+00 +3.1222e+00 +1.5590e+00
1813 0 +2.414913373e+02 +2.821513373e+02 +2.821513373e+02 +1.4024e-01 -3.4031e-01 +5.4079e-01 -1.0554e+00 -1.4929e+00 -3.7066e-01 -5.5100e-01 +4.1220e-01 +3.0723e+00 +8.0640e-01 -3.1949e-01 +1.2881e+00 -3.0545e+00 +1.5447e+00 +1.6560e+00 +2.4053e+00 -9.7672e-02 +1.7318e+00 +3.1222e+00 +1.5587e+00
