% f evaluations | g evaluations | best noise-free fitness - Fopt (4.078000000000e+01) + sum g_i+ | measured fitness | best measured fitness or single-digit g-values | x1 | x2...
1 0 +8.307895262e+01 +1.238589526e+02 +1.238589526e+02 +2.9433e+00 +4.3451e+00 +3.0201e+00 +1.2966e+00 +3.7350e+00 +2.1504e+00 -3.8557e+00 -7.5843e-01 +3.3898e-01 -4.9118e+00
3 0 +7.855289772e+01 +1.193328977e+02 +1.193328977e+02 +2.3465e+00 +3.4668e-02 +3.3064e+00 -6.6379e-01 +1.3789e+00 +2.3220e+00 +2.4940e+00 -1.0206e-01 +1.4613e+00 -1.4738e+00
4 0 +7.682645996e+01 +1.176064600e+02 +1.176064600e+02 -6.1532e-01 -3.0121e+00 +3.4119e+00 -2.5454e+00 +1.2355e+00 +2.1964e+00 -3.9535e+00 -3.7886e+00 +4.0249e+00 -2.4441e+00
7 0 +7.167916101e+01 +1.124591610e+02 +1.124591610e+02 -2.1692e+00 +9.4889e-01 +1.3342e+00 +2.3456e+00 -2.9704e+00 +2.5863e+00 -3.9909e-01 +4.1444e+00 +8.1957e-01 +2.6285e+00
15 0 +7.047213717e+01 +1.112521372e+02 +1.112521372e+02 -3.1317e+00 +1.4610e+00 -3.9555e+00 -2.0503e+00 -2.5100e+00 -3.9579e+00 +1.4538e+00 +1.9522e+00 -2.4919e+00 +4.3363e+00
21 0 +6.888077996e+01 +1.096607800e+02 +1.096607800e+02 -1.2745e+00 +1.5726e+00 +1.6813e+00 +1.7729e+00 -2.6972e+00 -2.1901e+00 -4.1496e+00 -3.5101e-01 -5.7937e-01 -2.9762e-01
22 0 +6.720547173e+01 +1.079854717e+02 +1.079854717e+02 -2.9872e+00 +6.6454e-01 +1.3759e-01 +4.7589e+00 -4.1815e+00 +1.0098e+00 +2.3628e+00 -1.4420e+00 -3.2394e-01 +1.2882e+00
259 0 +6.565780523e+01 +1.064378052e+02 +1.064378052e+02 +4.1314e+00 +1.1122e+00 +1.7537e+00 +4.6978e-01 +1.1383e+00 +2.3540e+00 -4.8715e-01 -2.1867e+00 +8.3299e-01 +4.9426e-01
353 0 +6.335397129e+01 +1.041339713e+02 +1.041339713e+02 -4.7924e-01 +3.9562e+00 +1.7524e+00 +3.1054e+00 -8.0391e-01 +3.0927e+00 +6.7391e-02 +2.4883e+00 -1.4243e+00 -5.9094e-01
355 0 +6.065527413e+01 +1.014352741e+02 +1.014352741e+02 -4.7923e-01 +3.7431e+00 +1.4019e+00 +2.7177e+00 -1.0534e+00 +2.4446e+00 -4.6380e-01 +1.8617e+00 -1.3852e+00 +4.5103e-01
% f evaluations | g evaluations | best noise-free fitness - Fopt (-1.600000000000e+00) + sum g_i+ | measured fitness | best measured fitness or single-digit g-values | x1 | x2...
1 0 +8.399941902e+01 +8.239941902e+01 +8.239941902e+01 +3.1709e+00 +7.2116e-01 -4.9005e+00 +3.9433e+00 +4.0040e+00 -4.5438e+00 -1.9843e-01 +4.5508e+00 +1.9458e-01 +1.9395e+00
2 0 +7.856310761e+01 +7.696310761e+01 +7.696310761e+01 +9.5369e-01 -2.0825e+00 -3.0587e+00 -1.1707e+00 -1.6971e+00 +9.9461e-01 -4.5904e+00 +3.1406e+00 +3.9249e+00 -1.0443e+00
4 0 +7.583535562e+01 +7.423535562e+01 +7.423535562e+01 -2.6711e+00 +3.6658e+00 +1.2300e+00 +3.4387e+00 -1.5743e+00 +1.0002e-01 -3.7725e+00 -2.0704e+00 +1.0907e+00 +1.9690e+00
18 0 +7.403767369e+01 +7.243767369e+01 +7.243767369e+01 -3.5812e+00 -1.9715e-01 -1.0435e+00 +2.3116e+00 -2.9142e+00 +2.7734e+00 -4.8989e+00 -1.8472e+00 +9.8477e-01 +3.3085e-01
21 0 +7.111256867e+01 +6.951256867e+01 +6.951256867e+01 +3.8831e+00 -3.1643e+00 -1.0133e+00 +2.4773e+00 +1.6231e+00 +1.3502e+00 +3.2815e+00 -2.8916e+00 -4.6661e+00 -3.5440e+00
24 0 +6.746682449e+01 +6.586682449e+01 +6.586682449e+01 +1.5590e+00 +2.5761e+00 -3.7318e+00 +2.3216e+00 +1.4703e+00 +4.3751e+00 -2.7118e+00 +2.8984e+00 +1.0387e+00 -4.7621e+00
32 0 +6.185391159e+01 +6.025391159e+01 +6.025391159e+01 +1.0108e+00 +2.1558e+00 +2.9477e+00 +1.7162e+00 +3.9513e+00 +1.2757e+00 +4.0260e+00 -1.8296e+00 +1.1843e+00 +2.9050e+00
163 0 +6.025074926e+01 +5.865074926e+01 +5.865074926e+01 +1.0108e+00 +2.1558e+00 +2.9477e+00 +1.7162e+00 +3.9513e+00 +1.2757e+00 +4.0260e+00 -1.4121e+00 +1.1843e+00 +2.9050e+00
% f evaluations | g evaluations | best noise-free fitness - Fopt (-3.708400000000e+02) + sum g_i+ | measured fitness | best measured fitness or single-digit g-values | x1 | x2...
1 0 +7.337558363e+01 -2.974644164e+02 -2.974644164e+02 -2.6930e+00 +3.8787e+00 +3.7535e+00 -3.4073e+00 +2.9437e+00 +1.6900e+00 -4.6510e+00 -3.0694e+00 -2.8097e+00 -1.4691e+00
4 0 +6.795731097e+01 -3.028826890e+02 -3.028826890e+02 -5.9437e-01 -4.3958e+00 +3.4093e+00 +4.2804e-01 +4.1470e+00 +8.4253e-01 -1.4890e+00 +1.5271e+00 -3.8355e+00 +4.9725e+00
7 0 +6.276587830e+01 -3.080741217e+02 -3.080741217e+02 +3.7415e+00 +4.7126e+00 -1.4103e+00 -2.3180e+00 -3.8075e+00 +8.4654e-01 +7.6699e-02 -1.2297e+00 -4.2845e+00 +6.4419e-01
% f evaluations | g evaluations | best noise-free fitness - Fopt (-3.256000000000e+01) + sum g_i+ | measured fitness | best measured fitness or single-digit g-values | x1 | x2...
1 0 +8.111623788e+01 +4.855623788e+01 +4.855623788e+01 -4.3454e+00 +2.8922e+00 +1.4244e-01 +4.5039e-01 +4.9725e+00 -3.5257e+00 -2.6497e+00 -1.1843e+00 +3.7945e+00 -3.5026e+00
3 0 +7.025249725e+01 +3.769249725e+01 +3.769249725e+01 +1.4010e+00 -5.6326e-01 -2.0531e+00 +4.0676e+00 -3.0124e+00 +4.8324e+00 -4.1658e+00 -2.9384e+00 -9.2766e-01 -6.9436e-01
11 0 +6.810714714e+01 +3.554714714e+01 +3.554714714e+01 -1.1410e+00 -9.4389e-01 +4.3917e+00 +3.3845e-02 -3.6646e+00 +3.3854e-01 -4.7591e+00 -2.1620e-01 +4.3995e-02 -3.6424e-01
33 0 +6.107527079e+01 +2.851527079e+01 +2.851527079e+01 +2.7662e+00 -1.0287e+00 -1.1922e+00 +2.6166e-01 +2.7893e+00 +1.7778e+00 -1.3484e+00 -3.9410e+00 +2.7750e+00 -1.8796e+00
46 0 +4.781708801e+01 +1.525708801e+01 +1.525708801e+01 +1.6980e-01 +4.2517e+00 -7.4282e-01 +2.7604e+00 +2.1136e+00 +3.6940e+00 +3.1526e+00 -3.4103e+00 +4.2728e+00 +6.8122e-01
% f evaluations | g evaluations | best noise-free fitness - Fopt (5.154000000000e+02) + sum g_i+ | measured fitness | best measured fitness or single-digit g-values | x1 | x2...
1 0 +8.396101301e+01 +5.993610130e+02 +5.993610130e+02 +2.9335e+00 -4.8152e+00 -2.0829e-01 -3.8938e+00 +4.2271e+00 -2.8932e+00 +7.6695e-01 -4.9781e+00 -1.1121e+00 +4.5150e+00
2 0 +6.970659606e+01 +5.851065961e+02 +5.851065961e+02 -2.6176e+00 +4.6928e+00 -1.1047e+00 +3.0219e-01 +1.4888e+00 +2.8932e+00 -6.7659e-02 -4.8563e+00 -7.3381e-01 +9.2849e-01
37 0 +6.434289916e+01 +5.797428992e+02 +5.797428992e+02 -2.3732e+00 +4.2521e+00 -4.2597e+00 +1.6098e+00 +3.7008e+00 +1.4494e-01 +3.2562e+00 +2.5335e+00 +1.4464e+00 -5.2662e-01
63 0 +6.253855827e+01 +5.779385583e+02 +5.779385583e+02 -2.3732e+00 +4.2521e+00 -4.2597e+00 +1.6098e+00 +3.7008e+00 +1.4494e-01 +3.2562e+00 +2.5335e+00 +1.4464e+00 -2.0329e-01
% f evaluations | g evaluations | best noise-free fitness - Fopt (-8.628000000000e+01) + sum g_i+ | measured fitness | best measured fitness or single-digit g-values | x1 | x2...
1 0 +8.241487568e+01 -3.865124323e+00 -3.865124323e+00 +2.6529e+00 +2.5847e+00 +2.0106e+00 -1.4744e+00 -2.7799e+00 +4.0807e+00 +1.7565e+00 +2.2794e+00 -2.2771e+00 +6.4462e-01
3 0 +8.149165240e+01 -4.788347602e+00 -4.788347602e+00 -8.2185e-01 +4.8844e+00 +1.5684e+00 +2.4634e+00 +4.2372e+00 +2.4364e+00 -4.5913e+00 -1.7662e+00 -7.6977e-01 -3.0743e+00
4 0 +7.069857853e+01 -1.558142147e+01 -1.558142147e+01 -1.4222e+00 +2.9511e+00 +4.6224e+00 -2.2032e+00 -2.1317e+00 +3.8313e+00 +1.8401e+00 -7.6225e-01 -4.0305e+00 -3.7910e+00
10 0 +3.981185120e+01 -4.646814880e+01 -4.646814880e+01 -2.6356e+00 +3.4743e+00 +9.9579e-01 -2.5863e+00 -3.0450e+00 +4.1714e-01 +8.2283e-02 -4.4149e+00 +1.0998e+00 +7.1752e-01
% f evaluations | g evaluations | best noise-free fitness - Fopt (2.224000000000e+01) + sum g_i+ | measured fitness | best measured fitness or single-digit g-values | x1 | x2...
1 0 +8.421614972e+01 +1.064561497e+02 +1.064561497e+02 -1.7519e-02 -4.1493e+00 +3.4938e+00 +4.7920e+00 -4.0936e+00 +1.1165e+00 -4.6538e+00 +3.5472e+00 -3.8363e+00 -8.3852e-01
2 0 +8.017033364e+01 +1.024103336e+02 +1.024103336e+02 +3.1382e+00 +1.1551e+00 -4.6997e+00 +1.6475e+00 +8.1793e-01 +2.5359e+00 +3.2550e+00 -2.4763e+00 +7.4077e-02 -3.1064e+00
3 0 +7.658758611e+01 +9.882758611e+01 +9.882758611e+01 +3.7541e+00 +1.3106e+00 -5.4464e-01 -1.9569e-01 +4.7132e-01 -3.9832e+00 -3.1876e+00 -3.2019e+00 -2.4287e+00 -3.3115e+00
6 0 +7.280791772e+01 +9.504791772e+01 +9.504791772e+01 -3.7196e-01 +3.9699e-01 +2.9001e+00 +2.0742e+00 -3.9167e+00 +2.7558e+00 +2.9633e+00 -3.0580e+00 -1.6258e+00 +4.3557e+00
12 0 +7.182766206e+01 +9.406766206e+01 +9.406766206e+01 -8.8438e-01 +2.2304e+00 +3.9883e+00 -4.9253e+00 +1.9875e-01 -3.4463e+00 -3.2543e+00 -4.6466e+00 -3.6037e+00 +2.7555e+00
21 0 +6.615308039e+01 +8.839308039e+01 +8.839308039e+01 -1.3904e+00 +2.5623e+00 -2.0203e+00 +1.8450e+00 +3.9879e+00 +2.9411e+00 +3.4709e-01 +3.0747e+00 +3.0398e+00 +3.8194e+00
% f evaluations | g evaluations | best noise-free fitness - Fopt (-2.301000000000e+01) + sum g_i+ | measured fitness | best measured fitness or single-digit g-values | x1 | x2...
1 0 +8.334294228e+01 +6.033294228e+01 +6.033294228e+01 -3.8543e+00 +4.1841e+00 +4.0998e+00 +4.1896e+00 -1.4921e-01 +1.9877e+00 +1.9247e+00 -4.8468e+00 -1.8809e+00 -2.4153e+00
2 0 +8.207643818e+01 +5.906643818e+01 +5.906643818e+01 +1.4949e+00 +1.6738e+00 +4.2306e+00 -4.8258e+00 +1.8198e+00 +4.6682e+00 -3.5511e+00 -3.4227e+00 +2.8491e+00 +2.5115e+00
3 0 +6.780012560e+01 +4.479012560e+01 +4.479012560e+01 +1.1851e+00 +7.7055e-01 +6.1204e-01 +3.7681e+00 +1.4514e+00 -7.9916e-01 -1.7169e+00 +3.9083e+00 +3.0705e+00 -1.3151e+00
18 0 +6.147817603e+01 +3.846817603e+01 +3.846817603e+01 +4.5685e-01 +4.8029e+00 -4.9363e+00 +9.4852e-01 +2.9641e+00 +3.7415e+00 +5.1710e-02 -2.5191e+00 -2.2616e+00 +2.5106e+00
28 0 +5.678782881e+01 +3.377782881e+01 +3.377782881e+01 -4.7479e+00 +2.1691e+00 +3.5816e+00 +4.6418e+00 +3.6300e+00 -2.0680e+00 -2.5653e+00 -4.3551e+00 +8.3279e-01 +4.0189e-01
% f evaluations | g evaluations | best noise-free fitness - Fopt (-3.323700000000e+02) + sum g_i+ | measured fitness | best measured fitness or single-digit g-values | x1 | x2...
1 0 +8.357339142e+01 -2.487966086e+02 -2.487966086e+02 -8.1325e-01 -2.3817e+00 +2.9661e+00 -1.1034e+00 -6.5690e-01 -6.9838e-01 +2.2536e+00 +4.2536e+00 -9.8462e-02 +4.3896e+00
3 0 +7.217000903e+01 -2.601999910e+02 -2.601999910e+02 +6.6939e-01 -3.6577e+00 -2.1139e+00 +1.1116e+00 +2.2584e+00 +4.1643e+00 -1.4566e+00 +1.2675e+00 -3.5625e+00 -1.5925e+00
16 0 +7.021698394e+01 -2.621530161e+02 -2.621530161e+02 +1.5523e+00 -1.6455e+00 +2.0108e+00 +4.2205e+00 +1.9692e+00 +4.9124e+00 +1.0471e-01 +2.3348e+00 +3.5453e+00 -4.7910e+00
20 0 +4.977027365e+01 -2.825997263e+02 -2.825997263e+02 -2.1438e+00 +3.4984e-01 -2.4053e+00 +2.1476e+00 +2.6334e+00 +4.4512e+00 +2.7759e+00 -4.0498e+00 -1.0449e+00 -1.2969e+00
% f evaluations | g evaluations | best noise-free fitness - Fopt (-1.231300000000e+02) + sum g_i+ | measured fitness | best measured fitness or single-digit g-values | x1 | x2...
1 0 +7.706248888e+01 -4.606751112e+01 -4.606751112e+01 -4.3095e+00 -3.3980e-01 -3.4456e-01 +2.9783e+00 +2.5533e+00 -6.3710e-01 -3.7433e+00 -3.1125e+00 -2.8848e+00 -4.0608e+00
4 0 +7.676612720e+01 -4.636387280e+01 -4.636387280e+01 +3.1592e+00 +5.7760e-01 -1.7460e+00 +8.8636e-01 -1.0754e+00 -3.1875e+00 -2.0477e+00 -2.6451e+00 +2.2091e+00 +4.3991e+00
5 0 +7.265355279e+01 -5.047644721e+01 -5.047644721e+01 +1.7559e-01 -3.2408e+00 -4.7159e+00 -1.9188e+00 +3.0839e+00 +3.9173e+00 +1.0610e+00 -3.0923e+00 +6.3817e-01 -1.9298e+00
28 0 +6.701952388e+01 -5.611047612e+01 -5.611047612e+01 +4.7105e-01 +1.5435e+00 +1.0662e+00 +3.6677e+00 +2.4643e+00 +3.1918e+00 -7.4017e-01 +1.8044e+00 -1.7395e+00 -5.3113e-02
42 0 +6.217964223e+01 -6.095035777e+01 -6.095035777e+01 +2.8524e+00 -2.9074e+00 -1.1410e-01 -2.8328e+00 +6.6384e-01 -3.0811e+00 +1.9497e+00 -3.3152e+00 -1.5401e+00 -2.7642e+00
56 0 +4.376657491e+01 -7.936342509e+01 -7.936342509e+01 +1.5104e+00 -1.1064e+00 -9.9360e-01 -8.1846e-01 -1.7406e+00 -1.9510e+00 +3.4333e-01 -2.1965e+00 +8.3355e-01 -8.6856e-01
% f evaluations | g evaluations | best noise-free fitness - Fopt (-1.537900000000e+02) + sum g_i+ | measured fitness | best measured fitness or single-digit g-values | x1 | x2...
1 0 +8.181619153e+01 -7.197380847e+01 -7.197380847e+01 -4.5254e+00 -4.2665e+00 +1.2560e+00 +1.1581e+00 +4.0188e+00 +3.1357e+00 -3.8398e+00 +3.6800e+00 -3.1654e+00 +2.8784e+00
2 0 +7.861415308e+01 -7.517584692e+01 -7.517584692e+01 +3.9464e+00 -4.5369e+00 -1.0575e+00 +1.5119e+00 +4.1669e+00 -1.1134e+00 +1.6879e+00 -1.2136e+00 +1.4597e+00 -1.4070e+00
4 0 +7.471785252e+01 -7.907214748e+01 -7.907214748e+01 +3.7726e+00 +2.2491e+00 -6.5662e-01 +3.1465e+00 +1.1845e+00 -2.2261e+00 +2.6429e+00 +1.0427e+00 +2.9616e+00 -2.3953e+00
9 0 +7.401861461e+01 -7.977138539e+01 -7.977138539e+01 -1.8457e+00 -1.3054e+00 +2.7476e+00 +1.9059e-01 -9.0461e-03 +1.5797e+00 -3.1605e+00 -4.8030e-01 +4.3512e+00 +1.7675e+00
27 0 +7.227739790e+01 -8.151260210e+01 -8.151260210e+01 +3.0510e+00 +3.6477e+00 +5.2215e-01 +1.7738e+00 +1.4717e+00 -7.9842e-01 -4.7375e+00 -6.8880e-01 -4.4687e+00 -3.0227e+00
28 0 +6.784714136e+01 -8.594285864e+01 -8.594285864e+01 -1.5767e+00 -1.0479e+00 -8.5118e-01 +4.4037e+00 +1.1670e+00 +3.5214e+00 +1.8066e+00 +2.0292e+00 +1.8186e+00 +2.5912e+00
460 0 +6.714194721e+01 -8.664805279e+01 -8.664805279e+01 -3.1606e-01 +2.2241e+00 -3.3267e+00 +1.9591e-01 +2.1730e+00 +3.3699e+00 +1.8514e+00 -3.2861e-01 -2.0440e+00 -7.0378e-01
% f evaluations | g evaluations | best noise-free fitness - Fopt (-4.860000000000e+01) + sum g_i+ | measured fitness | best measured fitness or single-digit g-values | x1 | x2...
1 0 +8.489990461e+01 +3.629990461e+01 +3.629990461e+01 -4.1278e+00 -2.2558e+00 -3.1178e+00 -3.9499e+00 +1.1800e+00 +2.0645e+00 -4.4252e+00 -4.1073e+00 -2.8344e+00 +1.7174e+00
2 0 +7.847353481e+01 +2.987353481e+01 +2.987353481e+01 +4.2825e-03 -3.2191e-01 +3.3253e+00 -2.2640e+00 -1.9303e+00 +1.7873e+00 -2.2700e+00 -4.0992e+00 -4.4711e+00 -2.2535e+00
4 0 +7.036933915e+01 +2.176933915e+01 +2.176933915e+01 -3.1342e+00 +4.4347e+00 +3.5150e+00 +4.4583e+00 -5.3659e-01 +4.8913e+00 -1.6920e+00 +8.5807e-01 -3.6850e+00 +9.7962e-01
205 0 +6.866288421e+01 +2.006288421e+01 +2.006288421e+01 +5.9473e-02 -1.4178e+00 -4.7237e-01 +4.6794e+00 -6.7011e-01 -2.8521e+00 +2.0803e-01 +7.2204e-01 +5.4635e-03 -4.9776e-01
213 0 +3.902761037e+01 -9.572389630e+00 -9.572389630e+00 +7.7013e-01 -2.1871e+00 -6.2090e-01 -5.1063e-01 +1.1024e+00 +7.5365e-01 +8.3256e-01 +3.9929e+00 +8.3905e-01 +2.5529e+00
314 0 +3.494260746e+01 -1.365739254e+01 -1.365739254e+01 +7.7013e-01 -2.1871e+00 -6.2090e-01 -5.1063e-01 +1.1024e+00 +7.5365e-01 +8.3256e-01 +3.9929e+00 +1.8454e-01 +2.5529e+00
% f evaluations | g evaluations | best noise-free fitness - Fopt (2.770000000000e+01) + sum g_i+ | measured fitness | best measured fitness or single-digit g-values | x1 | x2...
1 0 +8.085976788e+01 +1.085597679e+02 +1.085597679e+02 -4.6665e+00 +2.2168e+00 +2.2987e+00 -1.0063e+00 -3.8898e-01 -3.9629e-01 -3.4715e+00 -2.0076e+00 -4.5156e+00 +2.0435e+00
2 0 +7.096952718e+01 +9.866952718e+01 +9.866952718e+01 -3.5437e+00 +2.2552e+00 -2.9297e+00 +2.1507e+00 -5.3498e-01 -2.6842e+00 -1.0155e+00 -2.0025e-01 -2.6603e+00 -4.5412e+00
11 0 +7.027838933e+01 +9.797838933e+01 +9.797838933e+01 +4.0367e+00 +1.9758e+00 +1.7501e+00 +2.0997e+00 +3.3635e+00 -5.0873e-01 -6.6680e-01 +2.9144e+00 -4.5147e+00 +2.8693e+00
20 0 +6.683750042e+01 +9.453750042e+01 +9.453750042e+01 +3.9842e+00 +2.0500e+00 -4.5581e+00 -1.5234e+00 +3.8856e+00 +1.3297e+00 +2.1702e+00 +4.5737e+00 +1.0136e+00 +5.4863e-01
34 0 +6.500721096e+01 +9.270721096e+01 +9.270721096e+01 +3.6687e-01 -3.8402e+00 +2.0140e+00 +2.6102e+00 +1.1337e+00 -3.3920e+00 +2.8172e+00 +3.0153e+00 -4.9684e+00 -2.7159e-01
563 0 +5.724786792e+01 +8.494786792e+01 +8.494786792e+01 +7.7223e-01 +2.3850e+00 +2.4384e+00 +1.8551e-01 -2.6665e+00 -5.5963e-01 +6.1770e-02 +1.9255e+00 -1.2249e+00 -8.4981e-01
% f evaluations | g evaluations | best noise-free fitness - Fopt (2.993000000000e+01) + sum g_i+ | measured fitness | best measured fitness or single-digit g-values | x1 | x2...
1 0 +7.969734861e+01 +1.096273486e+02 +1.096273486e+02 +3.8097e+00 -3.1166e+00 -2.8992e+00 +2.3325e-01 -3.9063e+00 +2.2121e+00 -2.2371e+00 +4.9422e+00 +1.2189e+00 +2.7559e+00
3 0 +7.685186528e+01 +1.067818653e+02 +1.067818653e+02 +1.3330e+00 -4.6033e+00 +3.0400e+00 -1.5619e+00 +5.1420e-01 +4.5373e+00 -1.9471e+00 +2.9201e+00 -1.5552e+00 -1.1187e+00
5 0 +7.195412342e+01 +1.018841234e+02 +1.018841234e+02 +3.9984e+00 -3.6150e+00 +3.1292e+00 +3.8460e+00 +4.1722e+00 +4.5944e-01 -2.9613e+00 -3.4526e+00 +1.1254e+00 +5.3817e-01
14 0 +7.011592336e+01 +1.000459234e+02 +1.000459234e+02 -2.8737e+00 -3.8741e+00 +2.7645e+00 +4.0272e+00 +4.9023e-01 +4.5666e+00 -1.9762e+00 -4.2644e+00 -1.5884e-01 -5.9331e-01
22 0 +5.802651407e+01 +8.795651407e+01 +8.795651407e+01 -9.3850e-02 -3.6481e+00 -2.5030e+00 +1.5027e+00 +4.0481e+00 +5.0346e-01 +2.2575e+00 +3.0385e-01 -1.5293e-01 +1.1223e+00
113 0 +2.868101950e+01 +5.861101950e+01 +5.861101950e+01 +3.0376e-01 -1.5280e-01 +1.1171e+00 -1.6903e+00 +2.7485e+00 -1.5285e+00 -3.5877e-01 +1.4511e+00 +3.7586e+00 -8.4223e-01
413 0 +2.745548847e+01 +5.738548847e+01 +5.738548847e+01 +3.0376e-01 -1.5280e-01 +1.1171e+00 -1.6903e+00 +2.7485e+00 -1.5285e+00 -2.1614e-01 +1.4511e+00 +3.7586e+00 -8.4223e-01
% f evaluations | g evaluations | best noise-free fitness - Fopt (-1.983000000000e+01) + sum g_i+ | measured fitness | best measured fitness or single-digit g-values | x1 | x2...
1 0 +8.341643700e+01 +6.358643700e+01 +6.358643700e+01 -1.7440e+00 +2.0957e+00 -2.4246e-01 +1.6181e+00 -1.1862e+00 -6.0403e-01 +5.6234e-01 +6.5129e-01 -7.4480e-01 +4.5808e+00
2 0 +7.102152032e+01 +5.119152032e+01 +5.119152032e+01 -3.0505e-01 -2.3833e+00 -4.4977e-01 -3.1291e+00 -2.3126e+00 +2.8086e-01 +7.7048e-01 -7.5261e-01 +4.6699e+00 -4.5988e+00
7 0 +6.641956792e+01 +4.658956792e+01 +4.658956792e+01 -1.7953e+00 +1.9367e-01 -1.9737e+00 +8.8683e-01 +3.1199e+00 -4.0848e+00 +3.4871e+00 -1.8022e+00 +2.1376e+00 -1.5689e+00
17 0 +2.401401891e+01 +4.184018909e+00 +4.184018909e+00 -2.6096e-01 +2.1471e+00 -6.0495e-01 +8.5446e-01 +3.2284e+00 -3.5547e+00 +2.0234e+00 -1.9365e+00 -6.4669e-01 -1.2897e+00
