% f evaluations | g evaluations | best noise-free fitness - Fopt (3.590000000000e+01) + sum g_i+ | measured fitness | best measured fitness or single-digit g-values | x1 | x2...
1 0 +5.435687897e+05 +5.436046897e+05 +5.436046897e+05 -1.1048e+00 +4.7306e+00 -4.4552e+00 -9.5773e-01 -2.4653e+00 -1.6486e-03 -4.1344e+00 -2.7487e-02 -1.8414e+00 -1.2343e+00
4 0 +2.919546687e+05 +2.919905687e+05 +2.919905687e+05 -2.8965e-01 +2.4086e-01 +4.8357e+00 +2.3721e+00 -1.2796e+00 +7.8808e-01 +4.0584e+00 +2.5885e+00 +1.0590e+00 -1.7021e+00
7 0 +1.330652027e+05 +1.331011027e+05 +1.331011027e+05 +3.9473e+00 +7.8827e-01 -3.2052e-01 -3.0918e+00 -2.6104e+00 -1.7229e+00 -3.4271e+00 +1.1293e+00 +3.1123e+00 +3.1007e+00
38 0 +1.289101482e+05 +1.289460482e+05 +1.289460482e+05 +3.0369e+00 +2.5090e+00 +3.7802e+00 -3.5600e-01 -3.0182e-01 +9.8645e-01 +6.3847e-02 -4.8204e+00 -3.2074e-01 +2.2555e+00
50 0 +1.124666734e+05 +1.125025734e+05 +1.125025734e+05 +7.4317e-01 +4.7746e+00 +2.4010e+00 +2.9255e+00 +2.3599e+00 -3.0143e+00 -3.9973e+00 +8.9698e-01 +4.7958e+00 -1.4278e+00
53 0 +6.576574565e+04 +6.580164565e+04 +6.580164565e+04 +4.0010e-01 +2.3841e+00 +3.4950e+00 +1.4225e+00 -1.4208e+00 -2.2402e+00 -1.1412e+00 +3.7898e+00 +2.7078e+00 +1.2032e+00
109 0 +6.347175488e+04 +6.350765488e+04 +6.350765488e+04 +1.3307e+00 +9.9606e-01 +1.0229e+00 -1.9253e+00 -1.7119e+00 -7.5898e-01 -3.5392e+00 +4.0423e-01 +2.2198e+00 +2.0597e+00
254 0 +6.289750646e+04 +6.293340646e+04 +6.293340646e+04 +1.2590e+00 +1.1594e+00 +1.2988e+00 -1.4909e+00 -1.6851e+00 -9.1293e-01 -3.2718e+00 +7.5455e-01 +2.2541e+00 +1.9801e+00
352 0 +6.092603196e+04 +6.096193196e+04 +6.096193196e+04 +9.3342e-01 +1.5258e+00 +2.0037e+00 -4.8849e-01 -1.5882e+00 -1.3648e+00 -2.4789e+00 +1.7269e+00 +2.3309e+00 +1.7191e+00
462 0 +5.263017741e+04 +5.266607741e+04 +5.266607741e+04 +1.0289e+00 +8.4714e-01 +1.1958e+00 -1.1297e+00 -6.8303e-01 -3.8918e-01 -3.5159e+00 +4.4378e-01 +4.0231e-02 +2.1466e+00
464 0 +3.398733997e+04 +3.402323997e+04 +3.402323997e+04 +7.0260e-01 +3.6735e+00 +1.1611e+00 +1.0968e+00 +7.9553e-01 -2.1177e+00 -3.8902e+00 +4.9487e-01 +6.3194e-01 -2.0450e-01
552 0 +3.373047273e+04 +3.376637273e+04 +3.376637273e+04 +7.4909e-01 +3.2410e+00 +1.3308e+00 +7.7752e-01 +3.1546e-01 -1.9661e+00 -3.6060e+00 +7.4300e-01 +9.7411e-01 +1.8290e-01
761 0 +3.277437078e+04 +3.281027078e+04 +3.281027078e+04 +7.3939e-01 +3.3312e+00 +1.2954e+00 +8.4414e-01 +4.1564e-01 -1.9977e+00 -3.6653e+00 +3.5471e-04 +9.0271e-01 +1.0206e-01
960 0 +3.077167036e+04 +3.080757036e+04 +3.080757036e+04 +7.3939e-01 +3.3312e+00 +1.2954e+00 +4.2175e-01 +4.1564e-01 -1.9977e+00 -3.6653e+00 +3.5471e-04 +9.0271e-01 +1.0206e-01
% f evaluations | g evaluations | best noise-free fitness - Fopt (3.137000000000e+01) + sum g_i+ | measured fitness | best measured fitness or single-digit g-values | x1 | x2...
1 0 +5.374487669e+05 +5.374801369e+05 +5.374801369e+05 +2.4995e+00 -1.7554e+00 -7.3864e-02 -1.7682e+00 +2.3640e+00 +2.3589e+00 +1.0813e+00 +4.7745e+00 -4.3666e+00 +3.6042e+00
2 0 +2.276021078e+05 +2.276334778e+05 +2.276334778e+05 +4.1034e+00 +1.3405e+00 +3.2428e+00 -1.1933e+00 -1.3370e+00 -3.8203e+00 +4.8337e+00 +2.9790e+00 +6.4446e-01 -4.6538e+00
3 0 +2.192764654e+05 +2.193078354e+05 +2.193078354e+05 +8.8202e-01 -2.1185e+00 -3.3655e+00 +3.2258e+00 -1.9886e+00 +1.0923e-01 +4.2025e+00 +4.9022e+00 +3.1362e+00 +2.4390e+00
11 0 +1.979991714e+05 +1.980305414e+05 +1.980305414e+05 +3.6387e+00 -4.4586e-01 -3.0032e+00 -3.8468e+00 -4.5197e+00 +4.9334e+00 -2.3539e-01 +2.3812e-01 +1.1345e+00 -5.3309e-01
15 0 +1.206370817e+05 +1.206684517e+05 +1.206684517e+05 +1.3314e+00 +2.3691e+00 -2.8601e+00 -4.8647e+00 -7.7983e-01 -7.0654e-01 -2.9461e+00 +2.8453e+00 +3.3889e+00 -4.5511e+00
19 0 +7.614176885e+04 +7.617313885e+04 +7.617313885e+04 +3.9390e+00 +1.5123e+00 +3.9078e+00 +1.6186e+00 -2.1427e+00 -1.5345e+00 +4.0531e+00 +4.6948e-01 +4.6435e+00 +2.5456e+00
22 0 +3.245089761e+04 +3.248226761e+04 +3.248226761e+04 +2.0957e+00 -3.6209e-01 +1.0562e+00 -2.6199e-01 -3.9201e+00 +1.0183e-01 +3.2534e+00 +1.7913e+00 +4.6071e+00 +1.7056e+00
152 0 +1.770437514e+04 +1.773574514e+04 +1.773574514e+04 +2.1175e+00 +4.7853e-01 +1.2455e+00 +6.2701e-01 -2.6091e+00 -6.6555e-01 +3.1236e+00 +1.3668e+00 +3.3878e+00 +1.3804e+00
203 0 +1.502546597e+04 +1.505683597e+04 +1.505683597e+04 +2.1121e+00 +3.3680e-01 +1.2075e+00 +4.8515e-01 -2.8231e+00 -5.3857e-01 +3.1465e+00 +1.4417e+00 +3.5873e+00 +1.4353e+00
305 0 +1.466448059e+04 +1.469585059e+04 +1.469585059e+04 +1.6225e+00 +4.3449e-01 +3.4310e-01 +9.9003e-01 -2.4847e+00 -6.4466e-01 +3.0765e+00 +1.8436e+00 +2.7422e+00 +1.4075e+00
354 0 +1.372552482e+04 +1.375689482e+04 +1.375689482e+04 +1.9209e+00 +3.7495e-01 +8.6993e-01 +6.8232e-01 -2.6910e+00 -5.8001e-01 +3.1192e+00 +1.5987e+00 +3.2573e+00 +1.4244e+00
556 0 +1.284473737e+04 +1.287610737e+04 +1.287610737e+04 +1.6832e+00 +3.7543e-01 +4.4095e-01 +6.7722e-01 -2.5983e+00 -5.8938e-01 +3.0930e+00 +1.8169e+00 +2.9156e+00 +1.4291e+00
613 0 +4.746181980e+03 +4.777551980e+03 +4.777551980e+03 +8.2818e-01 +3.6382e-01 -5.5529e-01 +1.5726e+00 -2.2851e+00 -6.1114e-01 +8.5806e-01 +2.6088e+00 +1.7061e+00 +1.4510e+00
860 0 +2.360845711e+03 +2.392215711e+03 +2.392215711e+03 +1.0919e+00 +3.7141e-01 -2.2615e-01 +1.3554e+00 -2.3756e+00 -6.0803e-01 +1.4649e+00 +2.3625e+00 +2.0734e+00 +7.4812e-01
963 0 +2.254983423e+03 +2.286353423e+03 +2.286353423e+03 +8.9571e-01 +3.6604e-01 -4.7060e-01 +1.5191e+00 -2.3079e+00 -6.1060e-01 +1.0119e+00 +2.5456e+00 +1.7997e+00 +8.6550e-01
% f evaluations | g evaluations | best noise-free fitness - Fopt (-1.000000000000e+03) + sum g_i+ | measured fitness | best measured fitness or single-digit g-values | x1 | x2...
1 0 +1.610836666e+06 +1.609836666e+06 +1.609836666e+06 +4.9894e+00 +5.5437e-01 -3.9112e+00 +4.2797e+00 +4.6703e+00 -1.8435e+00 +2.6284e+00 +3.6270e+00 +3.3072e-01 -4.0397e+00
2 0 +1.090462031e+06 +1.089462031e+06 +1.089462031e+06 +1.6498e-02 -3.1882e+00 +2.3252e+00 -3.9794e+00 +4.5822e+00 +4.9581e+00 +3.8686e+00 +1.4017e+00 +2.9862e+00 -1.5277e+00
3 0 +5.835304868e+05 +5.825304868e+05 +5.825304868e+05 -2.9169e+00 +3.2546e+00 +7.9406e-01 +4.2553e+00 -2.4418e+00 -4.5226e+00 +2.5169e+00 +2.1213e+00 +4.8244e+00 -1.5649e+00
4 0 +5.538547444e+05 +5.528547444e+05 +5.528547444e+05 -1.5022e+00 +9.7895e-01 +1.5302e+00 +3.3451e+00 +4.4770e+00 -4.3413e+00 +7.4241e-01 +7.5215e-01 -3.4834e+00 +4.6954e-01
5 0 +2.750133894e+05 +2.740133894e+05 +2.740133894e+05 +4.9229e+00 -1.9557e+00 -1.4297e+00 -3.9433e+00 -2.9862e+00 -2.5037e+00 +1.8005e+00 -3.7272e+00 -6.8132e-01 +4.4968e+00
7 0 +2.451608332e+05 +2.441608332e+05 +2.441608332e+05 -7.4916e-01 -2.9839e+00 +4.4183e+00 +1.1024e+00 -2.4388e+00 -3.3206e+00 -3.7852e-01 +5.2124e-02 -3.7992e+00 -1.6761e+00
10 0 +2.372833404e+05 +2.362833404e+05 +2.362833404e+05 +3.0422e+00 +2.1374e+00 +4.6388e+00 +8.7041e-02 -2.3462e+00 -2.7953e+00 +1.6575e+00 +2.9550e-01 -4.8956e+00 +3.0877e+00
17 0 +2.225497141e+05 +2.215497141e+05 +2.215497141e+05 -3.0570e+00 -2.1402e+00 +3.0918e-01 +4.0276e+00 -1.9165e+00 -1.4712e+00 +3.4883e-02 +3.9567e+00 -1.6891e+00 +8.5354e-01
21 0 +1.991479948e+05 +1.981479948e+05 +1.981479948e+05 +9.0024e-01 -4.1950e+00 +2.4635e+00 -9.7448e-01 +9.4227e-01 +2.0223e+00 +4.6230e+00 -2.7711e-01 -1.5064e+00 +3.0225e+00
31 0 +1.164759439e+05 +1.154759439e+05 +1.154759439e+05 -3.1917e+00 -3.2086e+00 +3.8046e+00 -3.6550e+00 -4.3227e+00 +4.1773e+00 +1.4032e+00 -2.9210e+00 +3.9107e+00 +4.9093e+00
58 0 +1.119237514e+05 +1.109237514e+05 +1.109237514e+05 -1.2457e-01 -4.1922e+00 +2.8317e+00 +2.6298e+00 -3.1005e+00 -2.1207e+00 -2.7565e+00 -3.1396e+00 -3.6816e+00 +7.1902e-01
102 0 +7.002566723e+04 +6.902566723e+04 +6.902566723e+04 -2.4838e+00 -3.4982e+00 -5.2235e-01 +8.6061e-01 -3.2639e+00 -1.4522e+00 +7.1143e-01 -1.2096e+00 -1.9352e+00 +6.3202e-01
103 0 +6.662465516e+04 +6.562465516e+04 +6.562465516e+04 -1.9599e+00 -3.5109e+00 +5.6415e-01 +1.1073e+00 -3.1303e+00 -1.7907e+00 +1.4275e-01 -1.2682e+00 -2.4032e+00 +3.2390e-01
154 0 +6.452088174e+04 +6.352088174e+04 +6.352088174e+04 -2.2518e+00 -3.5178e+00 +5.4079e-01 +1.6271e+00 -2.3377e+00 -1.1260e+00 +9.2735e-02 -9.8019e-01 -1.8555e+00 +7.2283e-01
614 0 +6.205031783e+04 +6.105031783e+04 +6.105031783e+04 -2.1978e+00 -3.6556e+00 +6.2289e-01 +1.5049e+00 -2.2190e+00 -9.8407e-01 +5.5448e-02 -1.4147e+00 -1.2170e+00 +7.6853e-01
708 0 +6.121075217e+04 +6.021075217e+04 +6.021075217e+04 -1.7330e+00 -3.6378e+00 +5.5232e-01 +1.4987e+00 -2.2526e+00 -9.9234e-01 +6.2964e-02 -1.3618e+00 -1.5021e+00 +7.7433e-01
913 0 +6.003411479e+04 +5.903411479e+04 +5.903411479e+04 -1.4721e+00 -3.6277e+00 +5.1271e-01 +1.4953e+00 -2.2715e+00 -9.9697e-01 +6.7183e-02 -1.3321e+00 -7.1992e-01 +7.7759e-01
952 0 +5.873685006e+04 +5.773685006e+04 +5.773685006e+04 -1.8223e+00 -2.5485e+00 +5.6589e-01 +1.4999e+00 -2.2462e+00 -9.9075e-01 +6.1520e-02 -1.3719e+00 -1.5470e+00 +7.7322e-01
% f evaluations | g evaluations | best noise-free fitness - Fopt (1.319200000000e+02) + sum g_i+ | measured fitness | best measured fitness or single-digit g-values | x1 | x2...
1 0 +1.934711102e+06 +1.934843022e+06 +1.934843022e+06 -1.9773e+00 -4.5044e+00 +4.6453e+00 +6.9978e-01 +1.7084e+00 +3.8992e+00 -2.9024e+00 -4.9242e-01 +9.8135e-02 -2.4099e+00
2 0 +1.086953760e+06 +1.087085680e+06 +1.087085680e+06 -4.3686e+00 +5.6643e-01 +3.0491e-01 -3.2994e+00 -4.5333e+00 +6.7495e-01 +4.9129e+00 -4.9199e+00 +2.3342e+00 -1.3268e+00
4 0 +1.737471182e+05 +1.738790382e+05 +1.738790382e+05 -4.9302e+00 +1.1486e+00 -1.1303e+00 +2.4836e+00 -1.2128e+00 -1.0250e-01 -6.1533e-01 +2.3576e+00 +1.8074e+00 -1.3750e+00
37 0 +1.458075895e+05 +1.459395095e+05 +1.459395095e+05 +8.9682e-01 +2.8134e+00 -4.0593e+00 -1.7754e+00 -3.3094e+00 +3.0113e+00 -2.9453e+00 +3.6744e+00 -2.3157e+00 +6.6249e-01
105 0 +1.134119735e+05 +1.135438935e+05 +1.135438935e+05 +3.7044e-01 +2.9125e+00 -3.8564e+00 -2.5260e-01 -3.1391e+00 +2.8202e+00 -2.4747e+00 +2.1191e+00 -2.9791e+00 +3.4503e-01
154 0 +1.022586848e+05 +1.023906048e+05 +1.023906048e+05 -9.9706e-01 +6.3676e-01 -4.0211e+00 -2.4508e+00 -3.3007e+00 -1.1615e-01 -2.0432e+00 +1.2178e+00 -9.7665e-01 +6.3979e-01
155 0 +9.913722940e+04 +9.926914940e+04 +9.926914940e+04 -8.7071e-01 +7.8197e-01 -4.0237e+00 -2.4057e+00 -3.3013e+00 +9.2500e-02 -2.1034e+00 +1.3817e+00 -1.0660e+00 +6.4131e-01
258 0 +9.575680512e+04 +9.588872512e+04 +9.588872512e+04 -1.3530e+00 +1.0598e+00 -3.9601e+00 -2.5743e+00 -3.2164e+00 -6.0160e-01 -1.7905e+00 +7.6440e-01 -5.9297e-01 +7.3869e-01
259 0 +7.994289245e+04 +8.007481245e+04 +8.007481245e+04 -8.0546e-01 +1.5648e+00 -3.9523e+00 -2.3771e+00 -3.1868e+00 +3.3717e-01 -2.0212e+00 +1.4761e+00 -9.3328e-01 +7.8131e-01
558 0 +7.917482089e+04 +7.930674089e+04 +7.930674089e+04 -8.1594e-01 +1.4648e+00 -3.9599e+00 -2.1874e+00 -3.1954e+00 +3.0424e-01 -2.0286e+00 +1.4605e+00 -9.4357e-01 +7.6584e-01
712 0 +7.542480773e+04 +7.555672773e+04 +7.555672773e+04 -8.0546e-01 +1.5648e+00 -3.9523e+00 -1.0068e+00 -3.1868e+00 +3.3717e-01 -2.0212e+00 +1.4761e+00 -9.3328e-01 +7.8131e-01
% f evaluations | g evaluations | best noise-free fitness - Fopt (5.908400000000e+02) + sum g_i+ | measured fitness | best measured fitness or single-digit g-values | x1 | x2...
1 0 +3.321852962e+04 +3.380936962e+04 +3.380936962e+04 -4.5557e+00 +4.7565e+00 -2.1736e+00 +2.4477e-01 -3.5773e+00 -1.9752e+00 +4.8748e+00 +2.1744e-01 +4.8898e+00 +2.7308e+00
31 0 +3.468400594e+02 +9.376800594e+02 +9.376800594e+02 -4.0074e+00 +1.9973e+00 -2.0804e+00 +1.5103e+00 +4.1703e-01 -3.3532e+00 +4.3601e+00 +1.3130e+00 +3.3974e+00 -3.5341e-01
56 0 +2.716756349e+02 +8.625156349e+02 +8.625156349e+02 -3.2818e+00 +1.7005e+00 -1.4582e+00 +1.3675e+00 +5.6504e-01 -2.9588e+00 +4.2185e+00 +1.3183e+00 +2.9315e+00 -5.6634e-01
158 0 +2.248189641e+02 +8.156589641e+02 +8.156589641e+02 -2.5607e+00 +1.5916e+00 -8.6156e-01 +1.1890e+00 +4.9898e-01 -2.5224e+00 +4.0515e+00 +1.2336e+00 +2.5568e+00 -6.1403e-01
255 0 +2.167421867e+02 +8.075821867e+02 +8.075821867e+02 -3.2007e+00 +2.1289e+00 -1.4921e+00 +1.2183e+00 +1.0911e-01 -1.2005e+00 +4.1618e+00 +1.1290e+00 +3.2254e+00 -1.2886e-01
463 0 +2.130953757e+02 +8.039353757e+02 +8.039353757e+02 -3.7165e+00 +2.0139e+00 -1.8611e+00 +3.8528e-02 +3.3735e-01 -2.6558e-02 +4.2912e+00 +1.2592e+00 +3.2925e+00 -2.9681e-01
514 0 +2.001341884e+02 +7.909741884e+02 +7.909741884e+02 -1.4500e+00 +1.9973e+00 -2.0804e+00 +1.5103e+00 +4.1703e-01 -1.3065e+00 +4.3601e+00 +1.3130e+00 +3.3974e+00 -3.5341e-01
561 0 +1.918968759e+02 +7.827368759e+02 +7.827368759e+02 -3.7269e+00 +2.0722e-01 -1.8215e+00 +1.4040e-01 +3.9045e-01 -2.4381e-01 +4.2854e+00 +1.2188e+00 +3.2941e+00 -3.0082e-01
563 0 +1.693046670e+02 +7.601446670e+02 +7.601446670e+02 -1.4500e+00 +1.9973e+00 -2.0804e+00 +1.5103e+00 +4.1703e-01 -1.3065e+00 +2.2920e+00 +1.3130e+00 +3.3974e+00 -3.5341e-01
713 0 +1.659056233e+02 +7.567456233e+02 +7.567456233e+02 -1.3250e+00 +2.0256e+00 -1.9168e+00 +1.3541e+00 +3.4020e-01 -1.2200e+00 +2.6135e+00 +1.2655e+00 +3.3426e+00 -2.9937e-01
963 0 +1.310141315e+02 +7.218541315e+02 +7.218541315e+02 -8.6774e-02 +1.9989e+00 -2.0715e+00 +1.5018e+00 +4.1286e-01 -1.3018e+00 +2.3095e+00 +1.3104e+00 +3.3944e+00 -2.4864e-01
% f evaluations | g evaluations | best noise-free fitness - Fopt (6.749000000000e+01) + sum g_i+ | measured fitness | best measured fitness or single-digit g-values | x1 | x2...
1 0 +5.449495037e+05 +5.450169937e+05 +5.450169937e+05 -9.2563e-01 -1.9121e+00 -2.5819e+00 -4.7692e-01 -3.6962e+00 -3.7548e+00 +9.2966e-01 +4.9083e+00 +3.8190e+00 -4.6020e-01
3 0 +3.275107105e+05 +3.275782005e+05 +3.275782005e+05 +2.2311e+00 -2.7503e+00 +2.2000e+00 -4.3392e+00 -1.5570e+00 -4.7592e+00 +4.2507e+00 -5.1446e-01 +2.5590e+00 -1.4230e+00
5 0 +1.776892100e+05 +1.777567000e+05 +1.777567000e+05 +1.8144e+00 -3.3248e+00 +3.1490e+00 +1.2773e+00 +2.8798e+00 -1.9221e+00 +4.9152e+00 -3.2726e+00 -3.0294e+00 +1.9905e+00
6 0 +6.529042665e+04 +6.535791665e+04 +6.535791665e+04 -3.3145e-01 -4.9403e+00 -3.7625e+00 +4.3953e+00 -1.2161e+00 +1.5217e+00 +7.2715e-01 -1.1165e+00 +4.7057e+00 +2.3393e+00
52 0 +3.446145476e+04 +3.452894476e+04 +3.452894476e+04 -1.3227e+00 +2.6757e-01 -6.9663e-01 +3.8913e+00 +3.8503e+00 -2.9792e+00 +3.4071e+00 -2.9045e+00 +3.3394e-01 +1.8439e+00
156 0 +9.350404208e+03 +9.417894208e+03 +9.417894208e+03 -2.5329e-01 -3.7429e-01 +1.6279e-01 +3.8999e+00 +2.2556e+00 -3.0048e+00 +3.4457e+00 -2.0996e+00 -1.7653e-01 +1.2291e+00
352 0 +8.607961342e+03 +8.675451342e+03 +8.675451342e+03 -1.8848e-01 -4.1319e-01 +2.1488e-01 +3.9005e+00 +2.1589e+00 -3.0063e+00 +3.4480e+00 -2.0508e+00 -2.0747e-01 +1.1919e+00
356 0 +7.629001215e+03 +7.696491215e+03 +7.696491215e+03 +4.3335e-02 -8.1751e-01 +5.7532e-01 +3.6111e+00 +1.8888e+00 -2.7831e+00 +3.6106e+00 -2.0280e+00 -5.3073e-01 +1.1214e+00
504 0 +7.295312940e+03 +7.362802940e+03 +7.362802940e+03 -2.3863e-02 -7.1710e-01 +4.8187e-01 +3.6765e+00 +1.9719e+00 -2.8333e+00 +3.5733e+00 -2.0442e+00 -4.5049e-01 +1.1458e+00
652 0 +7.235688348e+03 +7.303178348e+03 +7.303178348e+03 -9.5330e-02 -6.5467e-01 +4.1161e-01 +3.6974e+00 +2.0728e+00 -2.8485e+00 +3.5593e+00 -2.0868e+00 -4.0071e-01 +1.1822e+00
710 0 +6.011965768e+03 +6.079455768e+03 +6.079455768e+03 -1.3936e-01 -3.7480e-01 +1.6326e-01 +2.4541e+00 +2.2551e+00 -3.0045e+00 +3.4459e+00 -2.0993e+00 -1.7694e-01 +6.7330e-01
907 0 +5.332421253e+03 +5.399911253e+03 +5.399911253e+03 -1.0327e-01 -4.8581e-01 +2.6627e-01 +2.8572e+00 +2.1646e+00 -2.9486e+00 +3.4874e+00 -2.0823e+00 -2.6566e-01 +8.2986e-01
1007 0 +5.132642832e+03 +5.200132832e+03 +5.200132832e+03 -8.8936e-02 -5.1895e-01 +2.6585e-01 +2.9365e+00 +2.1370e+00 -2.9320e+00 +3.4998e+00 -2.0768e+00 -2.9214e-01 +8.6053e-01
1008 0 +4.395383219e+03 +4.462873219e+03 +4.462873219e+03 -6.8318e-02 -5.5031e-01 +2.0372e-01 +2.9305e+00 +2.1099e+00 -2.9167e+00 +3.5112e+00 -2.0710e+00 -3.1720e-01 +8.5774e-01
1012 0 +3.729018141e+03 +3.796508141e+03 +3.796508141e+03 -1.4165e-01 -3.7490e-01 +1.6333e-01 +2.4831e+00 +2.2552e+00 -2.2944e+00 +3.4459e+00 -2.0993e+00 -1.7668e-01 +6.7374e-01
% f evaluations | g evaluations | best noise-free fitness - Fopt (3.085000000000e+01) + sum g_i+ | measured fitness | best measured fitness or single-digit g-values | x1 | x2...
1 0 +2.921428609e+05 +2.921737109e+05 +2.921737109e+05 -2.8804e+00 -9.3039e-02 -1.7194e+00 +6.7560e-01 +3.0363e+00 -1.1081e+00 -3.4126e+00 +2.5644e+00 -4.2088e+00 +2.2710e+00
16 0 +2.811122602e+05 +2.811431102e+05 +2.811431102e+05 +1.6360e+00 +3.5161e+00 -2.2034e+00 +4.5373e+00 -4.6168e+00 +3.6056e+00 -4.2833e+00 +2.8350e+00 -1.6764e+00 -1.9568e+00
46 0 +2.422581758e+05 +2.422890258e+05 +2.422890258e+05 -1.4492e+00 -3.0314e+00 -4.2286e+00 +8.5311e-01 -4.8333e+00 -4.4581e+00 -4.7893e+00 -8.1320e-01 -5.2311e-01 -4.6383e+00
58 0 +2.368755147e+05 +2.369063647e+05 +2.369063647e+05 -2.1162e+00 -8.1576e-01 -1.3725e+00 +2.3484e-01 +3.2723e+00 -4.2116e-01 -2.3491e+00 +2.3530e+00 -3.5129e+00 +1.6696e+00
105 0 +2.331983905e+05 +2.332292405e+05 +2.332292405e+05 -2.0485e+00 -9.4960e-01 -1.1309e+00 +4.2580e-01 +3.0777e+00 -4.9944e-01 -2.3527e+00 +2.3716e+00 -3.3507e+00 +1.3965e+00
106 0 +2.060720321e+05 +2.061028821e+05 +2.061028821e+05 -2.3649e+00 +9.5494e-01 -2.9861e+00 +1.4484e+00 +2.1232e+00 -1.4752e+00 -3.1009e+00 -1.1201e+00 -2.4136e+00 +1.1513e+00
203 0 +1.792459719e+05 +1.792768219e+05 +1.792768219e+05 +1.0924e+00 +2.1145e+00 -1.1542e+00 +3.7935e-01 +2.8647e+00 -1.3505e+00 -1.3824e+00 +1.5029e+00 +6.0298e-02 +3.4233e-01
352 0 +1.668624620e+05 +1.668933120e+05 +1.668933120e+05 +2.6843e-01 +1.8686e+00 -1.5838e+00 +6.6846e-01 +2.6331e+00 -1.3218e+00 -1.8492e+00 +8.5694e-01 -4.9176e-01 +5.1403e-01
364 0 +1.636244795e+05 +1.636553295e+05 +1.636553295e+05 +1.0924e+00 +1.2092e+00 -1.1542e+00 +3.7935e-01 +2.8647e+00 -1.3505e+00 -1.3824e+00 +1.5029e+00 +6.0298e-02 +3.4233e-01
462 0 +1.506827144e+05 +1.507135644e+05 +1.507135644e+05 +1.0924e+00 +9.8915e-02 -1.1542e+00 +3.7935e-01 +2.8647e+00 -1.3505e+00 -1.3824e+00 +1.5029e+00 +6.0298e-02 +3.4233e-01
613 0 +1.363211984e+05 +1.363520484e+05 +1.363520484e+05 +1.0924e+00 +1.5366e-01 -1.1542e+00 +3.7935e-01 +2.8647e+00 -1.3505e+00 -1.3824e+00 +1.5029e+00 +6.0298e-02 +1.0096e-01
812 0 +1.342365503e+05 +1.342674003e+05 +1.342674003e+05 +1.0924e+00 +1.2261e-01 -1.1542e+00 +3.7935e-01 +1.7166e+00 -1.3505e+00 -1.3824e+00 +1.5029e+00 +1.0847e-02 +3.4051e-01
911 0 +1.279597474e+05 +1.279905974e+05 +1.279905974e+05 +1.0924e+00 +1.4273e-01 -1.1542e+00 +3.7935e-01 +1.9276e+00 -1.3505e+00 -1.3824e+00 +1.5029e+00 +5.8164e-02 +1.5370e-01
1012 0 +1.241869840e+05 +1.242178340e+05 +1.242178340e+05 +1.0924e+00 +1.5366e-01 -1.1542e+00 +3.7935e-01 +7.9230e-01 -1.3505e+00 -1.3824e+00 +1.5029e+00 +6.0298e-02 +1.0096e-01
% f evaluations | g evaluations | best noise-free fitness - Fopt (-1.255000000000e+01) + sum g_i+ | measured fitness | best measured fitness or single-digit g-values | x1 | x2...
1 0 +3.496741602e+05 +3.496616102e+05 +3.496616102e+05 +2.7501e+00 -1.6526e+00 -3.2782e+00 +2.5851e+00 +3.9552e-01 -4.5584e+00 +3.4468e+00 -4.1024e+00 -9.9096e-01 +3.8937e+00
9 0 +2.485464898e+05 +2.485339398e+05 +2.485339398e+05 +4.6091e+00 +1.5815e+00 -1.7679e+00 +2.8586e+00 -3.7062e+00 -4.4149e+00 -3.4807e+00 +9.3954e-01 +1.2017e+00 -1.7634e+00
10 0 +2.077940672e+05 +2.077815172e+05 +2.077815172e+05 +1.6505e+00 -3.8776e+00 -3.1916e+00 +4.0010e+00 +1.6978e+00 +4.8794e+00 -5.6120e-01 -1.0147e-01 +2.3570e+00 -4.6953e+00
33 0 +5.907254772e+04 +5.905999772e+04 +5.905999772e+04 +5.8687e-01 +1.3215e+00 +2.5572e+00 +3.5626e+00 +2.6885e+00 -2.5951e+00 -4.0876e+00 -1.3635e+00 +2.0807e+00 +4.4548e-02
113 0 +5.336491504e+04 +5.335236504e+04 +5.335236504e+04 +5.8687e-01 +1.3215e+00 +1.1082e+00 +3.5626e+00 +2.6885e+00 -2.5951e+00 -4.0876e+00 -1.3635e+00 +2.0807e+00 +4.4548e-02
313 0 +5.149182701e+04 +5.147927701e+04 +5.147927701e+04 +5.8687e-01 +1.3215e+00 +2.5572e+00 +3.5626e+00 +2.6885e+00 -2.5951e+00 -4.0876e+00 -7.9248e-01 +2.0807e+00 +4.4548e-02
357 0 +5.038888043e+04 +5.037633043e+04 +5.037633043e+04 +6.1906e-01 +1.3047e+00 +2.4169e+00 +3.5117e+00 +2.4951e+00 -2.5835e+00 -4.0452e+00 -9.1732e-01 +2.0724e+00 +1.0408e-02
363 0 +4.088667003e+04 +4.087412003e+04 +4.087412003e+04 +5.8687e-01 +1.3215e+00 +2.5572e+00 +3.5626e+00 +2.6885e+00 -1.1751e+00 -4.0876e+00 -1.3635e+00 +2.0807e+00 +4.4548e-02
412 0 +3.252719392e+04 +3.251464392e+04 +3.251464392e+04 +5.8687e-01 +1.3215e+00 +2.5572e+00 +3.5626e+00 +2.6885e+00 -1.2992e-01 -4.0876e+00 -7.9248e-01 +2.0807e+00 +4.4548e-02
502 0 +3.158003959e+04 +3.156748959e+04 +3.156748959e+04 +6.6529e-01 +1.2805e+00 +2.2155e+00 +3.4386e+00 +2.2173e+00 -2.5670e+00 -1.6139e+00 -1.3093e+00 +2.0604e+00 -3.8614e-02
556 0 +3.029672052e+04 +3.028417052e+04 +3.028417052e+04 +6.0421e-01 +1.3124e+00 +2.4816e+00 +3.5352e+00 +2.5843e+00 -9.9297e-01 -3.5407e+00 -9.9319e-01 +2.0762e+00 +2.6162e-02
652 0 +2.796843960e+04 +2.795588960e+04 +2.795588960e+04 +6.1510e-01 +1.3067e+00 +2.4342e+00 +3.5180e+00 +2.5189e+00 -1.3481e+00 -3.2588e+00 -9.8633e-01 +2.0734e+00 +1.4611e-02
653 0 +2.600151135e+04 +2.598896135e+04 +2.598896135e+04 +6.4012e-01 +1.2937e+00 +2.3251e+00 +3.4784e+00 +2.3685e+00 -1.9558e+00 -2.4387e+00 -1.1473e+00 +2.0669e+00 -1.1926e-02
811 0 +1.975573587e+04 +1.974318587e+04 +1.974318587e+04 +5.8687e-01 +1.3215e+00 +2.5572e+00 +3.5626e+00 +2.6885e+00 -3.4194e-01 -1.6897e+00 -1.3635e+00 +2.0807e+00 +4.4548e-02
1006 0 +1.827743886e+04 +1.826488886e+04 +1.826488886e+04 +6.0825e-01 +1.3103e+00 +2.0581e+00 +3.5288e+00 +2.5600e+00 -9.8014e-01 -1.9317e+00 -1.2912e+00 +2.0752e+00 +2.1875e-02
% f evaluations | g evaluations | best noise-free fitness - Fopt (5.383900000000e+02) + sum g_i+ | measured fitness | best measured fitness or single-digit g-values | x1 | x2...
1 0 +1.333254854e+06 +1.333793244e+06 +1.333793244e+06 -2.3727e+00 +2.7242e+00 -2.4123e+00 -9.7959e-01 +1.9926e+00 +5.0293e-01 +3.8716e+00 -4.1912e+00 +3.5432e+00 +4.5234e+00
2 0 +5.877775053e+05 +5.883158953e+05 +5.883158953e+05 +1.2028e+00 +2.4376e+00 +3.8625e+00 +3.3545e+00 +2.6732e+00 -3.2654e+00 +1.0614e+00 +3.7978e+00 +2.5423e+00 -3.8180e+00
3 0 +2.409075452e+05 +2.414459352e+05 +2.414459352e+05 +3.4399e+00 -7.1327e-01 -1.0496e+00 +3.8500e+00 -2.2534e+00 +4.6433e+00 +1.1414e+00 -3.3067e-02 +6.8910e-01 -4.0932e+00
4 0 +2.366881439e+05 +2.372265339e+05 +2.372265339e+05 -2.7788e+00 -3.8248e+00 +4.7333e+00 -8.8224e-01 -4.4281e+00 -1.1040e+00 +1.1341e+00 +1.5583e+00 +2.8457e+00 -3.1748e+00
20 0 +1.926261679e+05 +1.931645579e+05 +1.931645579e+05 +3.6868e+00 -4.3902e+00 -9.6859e-01 +2.0831e+00 -1.2611e+00 -3.7578e+00 +2.7639e+00 +1.3338e-03 -2.7704e-01 -3.3690e+00
28 0 +1.570873682e+05 +1.576257582e+05 +1.576257582e+05 +4.8201e+00 +4.2036e+00 +2.3590e+00 -2.3908e+00 -2.2749e+00 -2.1562e+00 -3.1685e+00 +3.5795e+00 -3.1941e+00 +4.7163e+00
53 0 +1.301845637e+05 +1.307229537e+05 +1.307229537e+05 +1.0796e+00 -4.4607e+00 -1.4349e+00 +5.9290e-01 -1.3420e+00 -3.5655e+00 +1.2856e-01 -3.5227e-01 +7.5759e-02 -3.4776e+00
102 0 +7.259591292e+04 +7.313430292e+04 +7.313430292e+04 +1.9507e+00 -2.4428e+00 -5.5135e-01 -1.0198e-01 -1.5593e+00 -3.2373e+00 -6.3932e-01 +5.6341e-01 -6.8578e-01 -1.5693e+00
153 0 +6.740761808e+04 +6.794600808e+04 +6.794600808e+04 +2.1792e+00 -1.9137e+00 -3.1963e-01 -2.8422e-01 -1.6162e+00 -3.1512e+00 -8.4069e-01 +8.0355e-01 -8.8549e-01 -1.0688e+00
252 0 +6.524514773e+04 +6.578353773e+04 +6.578353773e+04 +2.8348e+00 -3.7109e-01 +3.1449e-01 -7.5212e-01 -1.7667e+00 -2.7622e+00 -1.2951e+00 +1.4401e+00 -1.3960e+00 +1.9817e-01
806 0 +6.444597470e+04 +6.498436470e+04 +6.498436470e+04 +2.5375e+00 -9.1363e-01 +2.3733e-02 -5.3415e-01 -1.6971e+00 -2.9235e+00 -1.0721e+00 +1.1459e+00 -8.4421e-01 -3.9417e-01
% f evaluations | g evaluations | best noise-free fitness - Fopt (-1.055600000000e+02) + sum g_i+ | measured fitness | best measured fitness or single-digit g-values | x1 | x2...
1 0 +5.958746062e+05 +5.957690462e+05 +5.957690462e+05 -2.1752e+00 +1.7266e+00 -1.4506e+00 +1.9167e+00 -3.6605e+00 +2.8861e+00 -1.0611e+00 +4.7755e-01 +7.5575e-01 -3.1028e+00
3 0 +6.730977256e+04 +6.720421256e+04 +6.720421256e+04 +1.9664e+00 -4.1230e+00 +9.6231e-01 -4.9850e+00 +1.1909e+00 -4.1993e+00 -2.7520e+00 -2.2051e+00 -2.0714e+00 -4.9867e+00
52 0 +6.303503502e+04 +6.292947502e+04 +6.292947502e+04 +1.8887e+00 -2.7302e+00 +3.8335e+00 -2.4686e-02 +3.0260e+00 -2.9876e-02 -3.8843e+00 -2.1519e+00 -3.2290e-02 +1.5235e+00
104 0 +5.148336924e+04 +5.137780924e+04 +5.137780924e+04 +3.1433e+00 -2.8446e+00 +2.4861e+00 -2.0788e+00 +2.7422e+00 -2.8118e+00 -3.5709e+00 -2.5628e+00 -1.2127e+00 -2.7430e+00
106 0 +2.268381984e+04 +2.257825984e+04 +2.257825984e+04 +1.9203e+00 -3.2970e+00 +2.2832e+00 -2.0431e+00 +2.2793e+00 -1.7264e+00 -3.4235e+00 -2.1736e+00 -8.6204e-01 -1.1256e+00
107 0 +2.088619700e+04 +2.078063700e+04 +2.078063700e+04 +1.9348e+00 -3.5563e+00 +1.5739e+00 -2.9666e+00 +1.9376e+00 -2.5027e+00 -3.2127e+00 -2.1835e+00 -1.2417e+00 -2.3377e+00
310 0 +1.259404834e+04 +1.248848834e+04 +1.248848834e+04 +1.9347e+00 -3.5562e+00 +1.5737e+00 -2.9668e+00 +1.9376e+00 -1.7237e+00 -3.2126e+00 -2.1835e+00 -1.2418e+00 -2.3380e+00
510 0 +1.182432131e+04 +1.171876131e+04 +1.171876131e+04 +6.7435e-01 -3.5563e+00 +1.5739e+00 -2.9666e+00 +1.9376e+00 -2.5027e+00 -3.2127e+00 -2.1835e+00 -1.2417e+00 -1.9754e+00
513 0 +8.595158827e+03 +8.489598827e+03 +8.489598827e+03 +1.9348e+00 -3.5563e+00 +1.5739e+00 -2.9666e+00 +1.9376e+00 -1.1889e+00 -3.2127e+00 -2.1835e+00 -1.2417e+00 -2.3377e+00
605 0 +8.385389699e+03 +8.279829699e+03 +8.279829699e+03 +1.4018e+00 -3.5563e+00 +1.5739e+00 -2.9666e+00 +1.9376e+00 -1.7445e+00 -3.2127e+00 -2.1835e+00 -1.2417e+00 -2.1845e+00
707 0 +8.140562004e+03 +8.035002004e+03 +8.035002004e+03 +1.7019e+00 -3.5563e+00 +1.5739e+00 -2.9666e+00 +1.9376e+00 -1.4317e+00 -3.2127e+00 -2.1835e+00 -1.2417e+00 -2.2708e+00
804 0 +8.122129001e+03 +8.016569001e+03 +8.016569001e+03 +1.6583e+00 -3.5563e+00 +1.5739e+00 -2.9666e+00 +1.9376e+00 -1.4775e+00 -3.2127e+00 -2.1835e+00 -1.2417e+00 -2.2581e+00
910 0 +6.437068904e+03 +6.331508904e+03 +6.331508904e+03 +6.2873e-01 -3.5563e+00 +1.5739e+00 -2.9666e+00 +1.9376e+00 -1.7460e+00 -3.2127e+00 -2.1835e+00 -1.2417e+00 -2.1841e+00
% f evaluations | g evaluations | best noise-free fitness - Fopt (9.803000000000e+01) + sum g_i+ | measured fitness | best measured fitness or single-digit g-values | x1 | x2...
1 0 +3.831009069e+05 +3.831989369e+05 +3.831989369e+05 -4.8955e-01 -3.8959e+00 -2.1726e+00 +3.5117e+00 -4.6204e+00 -4.2386e+00 -2.5519e+00 -3.5698e+00 -1.4995e+00 -2.3033e+00
4 0 +3.109082010e+05 +3.110062310e+05 +3.110062310e+05 -4.2445e+00 -3.4539e+00 +1.4091e+00 -4.8184e+00 -7.6259e-01 -1.9666e+00 -4.2995e+00 +2.5824e+00 -8.9337e-01 -3.9753e+00
8 0 +1.165955285e+05 +1.166935585e+05 +1.166935585e+05 +6.0958e-01 -9.7919e-02 -2.8220e+00 +2.7031e+00 -1.5808e+00 -4.9755e+00 +3.3917e+00 +3.4220e+00 -1.9237e+00 +1.2104e+00
32 0 +1.144493010e+05 +1.145473310e+05 +1.145473310e+05 -4.8648e+00 -1.2938e+00 -3.3913e+00 +4.0508e-01 -2.2699e-01 -2.0348e+00 +1.7443e+00 +1.3584e+00 -3.5141e+00 +2.7688e+00
39 0 +1.515492311e+04 +1.525295311e+04 +1.525295311e+04 -8.8673e-02 +2.7167e+00 -3.9712e+00 -1.5245e+00 -4.5958e+00 +1.1801e+00 +1.6494e-03 +4.5336e+00 +3.2499e+00 +2.2047e+00
209 0 +8.113185684e+03 +8.211215684e+03 +8.211215684e+03 -4.3054e-01 +1.6133e+00 -2.8875e+00 -1.2247e+00 -4.1126e+00 +1.7109e+00 +2.4422e-01 +4.0272e+00 +2.6920e+00 +1.8412e+00
464 0 +4.913114970e+03 +5.011144970e+03 +5.011144970e+03 -2.6463e-01 +1.6051e+00 -3.4135e+00 -1.3702e+00 -4.3471e+00 +1.4533e+00 +1.2650e-01 +4.2730e+00 +2.9628e+00 +1.9888e+00
813 0 +4.807629412e+03 +4.905659412e+03 +4.905659412e+03 -2.6463e-01 +1.6051e+00 -3.4135e+00 -1.3702e+00 -4.3471e+00 +1.4533e+00 +1.2650e-01 +4.2730e+00 +2.9628e+00 +1.8481e+00
961 0 +2.054476597e+03 +2.152506597e+03 +2.152506597e+03 -3.1250e-01 +1.0714e+00 -3.2617e+00 -1.3282e+00 -4.2795e+00 +1.5276e+00 +1.6047e-01 +4.2020e+00 +2.8846e+00 +1.9462e+00
% f evaluations | g evaluations | best noise-free fitness - Fopt (1.000000000000e+03) + sum g_i+ | measured fitness | best measured fitness or single-digit g-values | x1 | x2...
1 0 +2.668523748e+05 +2.678523748e+05 +2.678523748e+05 +4.6670e-01 +5.7955e-01 +1.9329e+00 -7.3070e-02 -7.5347e-01 +1.9255e+00 -1.6559e+00 +1.3583e+00 +3.8881e+00 -5.0579e-01
4 0 +1.713217526e+05 +1.723217526e+05 +1.723217526e+05 -4.7979e+00 +2.5149e-01 +7.3082e-01 -4.7945e+00 +1.7788e+00 +4.4861e+00 -1.3719e+00 -1.3327e-01 +3.0470e+00 -1.0737e+00
10 0 +9.403151151e+04 +9.503151151e+04 +9.503151151e+04 -1.9783e+00 -1.4009e+00 -3.0481e+00 -5.5290e-01 -2.1095e+00 +1.9776e-01 -4.3276e+00 +4.2421e-02 +8.0412e-01 -1.7998e+00
14 0 +2.044365553e+03 +3.044365553e+03 +3.044365553e+03 -4.4797e+00 +3.3251e+00 -4.6154e+00 +2.2667e+00 +2.3227e-01 -3.0540e+00 +3.7570e+00 -2.3285e+00 +2.7859e+00 -1.3505e+00
105 0 +1.930776623e+03 +2.930776623e+03 +2.930776623e+03 -4.3731e+00 +3.1801e+00 -4.4584e+00 +2.2196e+00 +2.7290e-01 -2.8827e+00 +3.6344e+00 -2.3568e+00 +2.7615e+00 -1.2855e+00
562 0 +3.761291831e+02 +1.376129183e+03 +1.376129183e+03 -2.0204e+00 +2.8449e+00 -3.9020e+00 +1.5040e+00 +3.3796e-01 -2.5209e+00 +2.8552e+00 -2.1052e+00 +2.4692e+00 -1.1732e+00
603 0 +3.671930350e+02 +1.367193035e+03 +1.367193035e+03 -2.3833e+00 +2.8298e+00 -3.8686e+00 +1.4264e+00 +2.8496e-01 -2.4530e+00 +2.7917e+00 -2.0820e+00 +2.4355e+00 -1.1467e+00
957 0 +3.621045947e+02 +1.362104595e+03 +1.362104595e+03 -2.3741e+00 +2.7948e+00 -3.8275e+00 +1.3631e+00 +2.7546e-01 -2.4464e+00 +2.7442e+00 -2.0593e+00 +2.4141e+00 -1.1180e+00
% f evaluations | g evaluations | best noise-free fitness - Fopt (1.490000000000e+00) + sum g_i+ | measured fitness | best measured fitness or single-digit g-values | x1 | x2...
1 0 +6.149023733e+05 +6.149038633e+05 +6.149038633e+05 +4.0699e+00 +4.8018e+00 +4.9262e+00 +2.1730e+00 +1.2070e+00 +3.2130e-01 +3.3354e+00 +3.0711e+00 +6.2808e-01 +4.9465e+00
2 0 +1.489270755e+05 +1.489285655e+05 +1.489285655e+05 -4.6725e+00 -3.0277e-01 -4.3252e+00 -4.0967e+00 +1.3205e+00 +2.4919e+00 +9.4829e-01 +4.6725e-01 +4.7517e+00 +3.8731e+00
14 0 +1.794669372e+04 +1.794818372e+04 +1.794818372e+04 +4.5338e+00 -4.3650e+00 -4.4479e+00 +3.1408e+00 +6.0602e-01 -9.5544e-01 +2.3539e+00 +3.5616e+00 +1.5672e+00 +4.8547e+00
262 0 +1.669007514e+04 +1.669156514e+04 +1.669156514e+04 +4.5338e+00 -4.3650e+00 -4.4479e+00 +3.1408e+00 +3.5552e-01 -9.5544e-01 +2.3539e+00 +3.5616e+00 +1.5672e+00 +4.8547e+00
310 0 +1.077761204e+04 +1.077910204e+04 +1.077910204e+04 +4.0016e+00 -3.3131e+00 -3.7926e+00 +2.1688e+00 -7.9877e-02 -4.9639e-01 +7.2744e-01 +1.9575e+00 +1.6971e+00 +4.2715e+00
510 0 +9.484473802e+03 +9.485963802e+03 +9.485963802e+03 +4.3265e+00 -3.9552e+00 -4.1927e+00 +2.4942e+00 +1.8591e-01 -7.7662e-01 +1.7203e+00 +2.9367e+00 +1.6178e+00 +4.6275e+00
711 0 +1.977652070e+02 +1.992552070e+02 +1.992552070e+02 +4.2508e+00 -3.8056e+00 -4.0995e+00 +9.5943e-01 +1.2399e-01 -7.1134e-01 +1.1929e+00 +2.7086e+00 +1.6362e+00 +4.5446e+00
812 0 +1.861078786e+02 +1.875978786e+02 +1.875978786e+02 +4.2508e+00 -3.8056e+00 -4.0995e+00 +9.5943e-01 +1.2399e-01 -7.1134e-01 +1.1929e+00 +2.7086e+00 +9.9467e-01 +4.5446e+00
% f evaluations | g evaluations | best noise-free fitness - Fopt (5.963500000000e+02) + sum g_i+ | measured fitness | best measured fitness or single-digit g-values | x1 | x2...
1 0 +5.854159552e+05 +5.860123052e+05 +5.860123052e+05 +2.5845e+00 +3.0317e+00 -2.7267e+00 +3.5658e+00 +1.7217e+00 -9.2812e-01 +2.5879e+00 -3.3634e+00 -4.2962e+00 -4.7293e-01
7 0 +1.898897013e+05 +1.904860513e+05 +1.904860513e+05 -1.4074e+00 -1.8840e+00 -1.9260e+00 -2.0177e+00 +2.4076e+00 +2.2712e+00 +3.0124e+00 -1.2947e+00 +1.0601e-01 +4.2957e+00
30 0 +1.265526150e+05 +1.271489650e+05 +1.271489650e+05 -4.2337e-01 +3.9021e+00 -1.1010e+00 -1.5888e-01 +4.4345e+00 +4.8432e+00 +4.6555e+00 +9.9477e-02 -3.4439e+00 +2.9358e+00
107 0 +1.243532627e+05 +1.249496127e+05 +1.249496127e+05 -2.0909e-01 +4.0206e+00 -1.0443e+00 +2.5465e-01 +4.0987e+00 +4.2902e+00 +3.9839e+00 -1.1903e-01 -3.4843e+00 +2.7472e+00
158 0 +1.078439893e+05 +1.084403393e+05 +1.084403393e+05 +3.8402e-01 +6.3413e-01 -8.3161e-01 +8.8168e-01 +3.4255e+00 +2.3727e+00 +1.9638e+00 +2.9259e-01 +1.9246e-01 +1.7055e+00
204 0 +1.061435831e+05 +1.067399331e+05 +1.067399331e+05 +1.9163e-01 +1.4128e+00 -8.9581e-01 +6.3373e-01 +3.6659e+00 +2.9614e+00 +2.6051e+00 +2.4658e-01 -6.7403e-01 +1.9986e+00
312 0 +6.633099174e+04 +6.692734174e+04 +6.692734174e+04 -4.2337e-01 +3.9021e+00 -1.1010e+00 -1.5888e-01 +4.4345e+00 +2.3984e+00 +4.6555e+00 +9.9477e-02 -3.4439e+00 +2.9358e+00
410 0 +6.227342669e+04 +6.286977669e+04 +6.286977669e+04 -1.6742e-01 +2.8661e+00 -1.0156e+00 +1.7099e-01 +4.1146e+00 +1.1156e+00 +3.8022e+00 +1.6070e-01 -2.2912e+00 +2.5458e+00
712 0 +5.768164718e+04 +5.827799718e+04 +5.827799718e+04 -1.6405e-01 +2.8505e+00 -3.2067e-01 +1.7534e-01 +4.1104e+00 +1.1268e+00 +3.7909e+00 +1.6150e-01 -2.2765e+00 +2.5406e+00
% f evaluations | g evaluations | best noise-free fitness - Fopt (-1.189700000000e+02) + sum g_i+ | measured fitness | best measured fitness or single-digit g-values | x1 | x2...
1 0 +8.019673201e+05 +8.018483501e+05 +8.018483501e+05 +9.3891e-01 -2.3485e+00 +3.0721e-01 -1.3164e+00 +2.0217e-01 -4.4901e+00 +3.5001e+00 +4.5626e+00 +2.3023e+00 -1.9488e+00
2 0 +2.224155471e+05 +2.222965771e+05 +2.222965771e+05 -3.3405e-01 -2.3065e-01 +2.6010e+00 -3.2853e-01 -2.9424e+00 -2.3133e+00 -1.8564e+00 +1.4287e+00 +1.0672e+00 -2.8696e+00
17 0 +4.664194159e+04 +4.652297159e+04 +4.652297159e+04 +2.5314e+00 +2.8497e-02 -3.8021e+00 +3.4999e+00 -2.0353e+00 -4.7387e+00 -4.8534e+00 -2.6249e+00 -3.2788e+00 +1.9049e+00
52 0 +4.422883756e+04 +4.410986756e+04 +4.410986756e+04 +1.6278e+00 +3.5748e-02 -3.6050e+00 +2.7178e+00 -1.9317e+00 -4.6620e+00 -4.2064e+00 -2.5842e+00 -2.4813e+00 +2.1447e+00
104 0 +3.439379345e+04 +3.427482345e+04 +3.427482345e+04 +1.2643e+00 -6.2685e-01 -3.2876e+00 +2.0389e+00 -1.7287e+00 -3.4100e+00 -4.5302e+00 -1.6900e+00 -2.8094e+00 +3.8208e-01
206 0 +3.375557793e+04 +3.363660793e+04 +3.363660793e+04 +1.0093e+00 +1.5776e+00 -2.8592e+00 +3.3695e+00 -8.8065e-01 -4.0813e+00 -4.2735e+00 -1.4010e+00 -3.3467e+00 +3.5667e-01
207 0 +3.279470669e+04 +3.267573669e+04 +3.267573669e+04 +1.1387e+00 +8.4493e-01 -3.1055e+00 +2.9787e+00 -1.2192e+00 -4.0521e+00 -4.1709e+00 -1.5445e+00 -2.9838e+00 +6.9041e-01
310 0 +3.122801102e+04 +3.110904102e+04 +3.110904102e+04 +7.6188e-01 +4.6904e-02 -2.2670e+00 +3.1722e+00 -2.6036e-01 -3.4672e+00 -4.2265e+00 -7.2948e-01 -3.5873e+00 -8.4427e-01
364 0 +3.073762259e+04 +3.061865259e+04 +3.061865259e+04 +1.0093e+00 +1.5776e+00 -2.8592e+00 +3.3695e+00 -8.8065e-01 -4.0813e+00 -4.2735e+00 -8.1094e-01 -3.3467e+00 +3.5667e-01
408 0 +2.954420839e+04 +2.942523839e+04 +2.942523839e+04 +1.0526e+00 +1.1618e+00 -2.9269e+00 +3.1012e+00 -1.0304e+00 -3.9312e+00 -4.3229e+00 -9.8220e-01 -3.2474e+00 +3.2749e-01
561 0 +2.223399629e+04 +2.211502629e+04 +2.211502629e+04 +1.0526e+00 +4.3390e-01 -2.9269e+00 +3.1012e+00 -1.0304e+00 -3.9312e+00 -4.3229e+00 -9.8220e-01 -3.2474e+00 +3.2749e-01
913 0 +2.160338986e+04 +2.148441986e+04 +2.148441986e+04 +1.0527e+00 +7.2451e-01 -2.9271e+00 +3.1017e+00 -1.0304e+00 -3.9320e+00 -4.3224e+00 -2.3033e-01 -3.2471e+00 +3.2841e-01
