% f evaluations | g evaluations | best noise-free fitness - Fopt (3.590000000000e+01) + sum g_i+ | measured fitness | best measured fitness or single-digit g-values | x1 | x2...
1 0 +1.491758047e+06 +1.491793947e+06 +1.491793947e+06 -2.4170e-01 +1.1738e+00 -1.6461e+00 +1.9878e+00 +1.7429e+00 +1.0415e+00 +3.9832e+00 +2.9922e+00 +7.5678e-01 -2.8664e+00 +2.0537e-03 +4.8429e+00 -3.8394e+00 +1.7266e+00 +3.0719e+00 +2.8304e+00 +3.9444e-01 +8.3426e-01 -4.3855e-01 +3.3924e+00
5 0 +1.443309077e+06 +1.443344977e+06 +1.443344977e+06 -1.5612e+00 -2.2113e+00 +5.0185e-01 -2.5093e+00 -4.8848e+00 -2.5172e+00 -2.4982e+00 -1.7976e+00 -8.9042e-01 +4.5034e-01 +3.2606e+00 -4.1748e+00 +3.7952e+00 -4.3062e+00 +3.2806e+00 +4.0474e+00 -1.5227e+00 +4.9541e+00 -1.7646e+00 +3.3801e+00
6 0 +1.236447607e+06 +1.236483507e+06 +1.236483507e+06 +1.4151e+00 +7.4372e-01 -2.9440e+00 -1.1263e+00 -3.9187e+00 +4.8693e+00 +4.6697e-01 -1.5254e+00 -3.4691e+00 -4.5931e+00 +3.3019e-02 +4.2279e+00 -4.2055e+00 -2.2856e+00 +2.9968e-03 +1.1396e+00 -2.2370e+00 -1.5951e+00 -2.3517e+00 +1.3211e+00
7 0 +1.175420822e+06 +1.175456722e+06 +1.175456722e+06 -5.0448e-01 +3.4410e+00 -8.8428e-01 -4.7812e+00 -1.8254e+00 -4.4278e+00 +2.3861e+00 -3.0206e+00 -4.3236e+00 -2.2268e+00 -4.6071e+00 -5.7589e-01 -3.9603e+00 -4.8330e-01 -3.7667e+00 -4.7950e+00 -4.6396e+00 -1.5237e+00 +4.3611e+00 -2.8870e+00
15 0 +6.150960714e+05 +6.151319714e+05 +6.151319714e+05 -4.1004e+00 -1.3474e+00 +1.2998e+00 +4.8466e-01 -1.8989e+00 +1.4230e+00 +2.9964e+00 +4.6897e+00 +5.0880e-02 -3.5683e-01 -2.9948e-01 +7.0613e-02 -4.6049e-01 -8.1243e-01 +3.3896e+00 -4.4785e+00 +1.3789e+00 +3.7211e+00 -4.7474e+00 -3.8111e+00
34 0 +5.612411053e+05 +5.612770053e+05 +5.612770053e+05 +3.7673e+00 +1.1702e+00 +2.9381e+00 +4.7596e-01 +1.1003e+00 -4.5755e+00 +4.0695e+00 -1.5352e-01 +4.5073e-01 -1.7568e+00 -2.9531e+00 +1.3691e-01 +2.1925e+00 +3.4004e+00 +1.1380e+00 -3.3585e+00 -3.4605e-01 +1.2052e+00 -2.2260e+00 +2.0457e+00
202 0 +5.487368954e+05 +5.487727954e+05 +5.487727954e+05 +1.8422e+00 +1.5523e+00 +1.8196e+00 -1.3923e+00 +3.8675e-01 -3.6410e+00 +3.5529e+00 -9.6645e-01 -1.2582e+00 -1.3308e+00 -3.2260e+00 +1.8469e-01 -2.0968e-01 +1.7686e+00 -2.7379e-01 -3.7978e+00 -1.4401e+00 +6.0293e-03 -9.5952e-02 +5.2871e-01
259 0 +5.319107796e+05 +5.319466796e+05 +5.319466796e+05 +1.8598e+00 +1.4360e+00 +1.8173e+00 -1.5496e+00 +2.1153e-01 -3.3360e+00 +3.4295e+00 -1.0008e+00 -1.1265e+00 -1.2201e+00 -3.1392e+00 +2.1208e-01 -2.3965e-01 +1.6091e+00 -3.0260e-01 -3.5153e+00 -1.3103e+00 +1.4484e-01 -1.8454e-01 +4.9611e-01
302 0 +5.174809431e+05 +5.175168431e+05 +5.175168431e+05 +2.2129e+00 +1.1707e+00 +1.9714e+00 -1.7231e+00 +3.6274e-02 -2.7050e+00 +3.3978e+00 -9.5721e-01 -6.3802e-01 -1.0235e+00 -3.1288e+00 +4.3595e-01 -2.2370e-01 +1.6173e+00 -3.5916e-01 -3.0716e+00 -8.6707e-01 +4.3445e-01 -5.6111e-01 +4.3394e-01
306 0 +5.013464947e+05 +5.013823947e+05 +5.013823947e+05 +3.1056e+00 +3.4111e-01 +2.4968e+00 -1.4577e+00 -1.8245e-01 -2.1063e+00 +3.3306e+00 -4.5582e-01 +6.1887e-01 -5.2017e-01 -2.7197e+00 +5.4684e-01 +8.7133e-01 +2.1840e+00 +2.3722e-01 -2.2437e+00 +1.5846e-01 +1.4645e+00 -1.8825e+00 +6.5920e-01
358 0 +4.963737676e+05 +4.964096676e+05 +4.964096676e+05 +3.0932e+00 +3.3480e-01 +1.4734e+00 -1.4811e+00 -2.0457e-01 -2.0768e+00 +3.3123e+00 -4.6642e-01 +6.1852e-01 -5.1114e-01 -2.7096e+00 +5.4535e-01 +8.6143e-01 +2.1538e+00 +2.2888e-01 -2.2156e+00 +1.6074e-01 +1.4716e+00 -1.8772e+00 +6.5350e-01
414 0 +4.103102620e+05 +4.103461620e+05 +4.103461620e+05 +2.1585e+00 +1.3583e+00 +1.9413e+00 -1.6923e+00 +1.0986e-01 -2.8321e+00 +4.8754e-01 -9.7915e-01 -7.5578e-01 -1.0926e+00 -3.1916e+00 +4.2908e-01 -2.8310e-01 +8.9348e-01 -3.9552e-01 -3.2171e+00 -9.6925e-01 +3.2040e-01 -4.4906e-01 +4.2631e-01
911 0 +3.973790309e+05 +3.974149309e+05 +3.974149309e+05 +2.1695e+00 +1.3488e+00 +1.9430e+00 -1.6909e+00 +1.0762e-01 -2.8227e+00 +5.1864e-01 -9.7443e-01 -7.4136e-01 -1.0873e+00 -3.1890e+00 +4.3235e-01 -2.7457e-01 +9.0716e-01 -3.9128e-01 -3.2079e+00 -9.5716e-01 +3.3063e-01 -4.6303e-01 +2.5022e-01
1312 0 +3.541526265e+05 +3.541885265e+05 +3.541885265e+05 +2.1707e+00 +1.3478e+00 +1.9432e+00 -1.8532e-01 +1.0737e-01 -2.8216e+00 +5.2212e-01 -9.7390e-01 -7.3975e-01 -1.0867e+00 -3.1813e+00 +4.3272e-01 -2.7362e-01 +9.0869e-01 -3.9081e-01 -3.2068e+00 -9.5581e-01 +3.3178e-01 -4.6459e-01 +2.7371e-01
% f evaluations | g evaluations | best noise-free fitness - Fopt (3.137000000000e+01) + sum g_i+ | measured fitness | best measured fitness or single-digit g-values | x1 | x2...
1 0 +1.181070006e+06 +1.181101376e+06 +1.181101376e+06 -4.0626e+00 -3.8720e+00 +3.5123e+00 +3.1867e+00 +3.7288e+00 +1.6371e+00 +2.3755e+00 +5.7169e-02 -1.3126e+00 +1.8256e+00 -2.5964e+00 -1.7185e+00 -4.7288e+00 -2.8513e+00 -1.2221e+00 -2.4332e+00 -3.2798e-01 +2.1849e+00 -5.5630e-01 -9.4823e-01
2 0 +1.081124403e+06 +1.081155773e+06 +1.081155773e+06 +2.4748e+00 -4.2510e+00 -3.0559e+00 -3.3367e+00 -1.0226e+00 -3.8551e+00 -3.5906e+00 -4.0811e+00 -1.4254e+00 -3.3902e+00 -3.3810e+00 -3.2533e+00 -4.3680e+00 +4.2595e+00 +1.9296e+00 -2.7389e+00 -1.6439e+00 -4.5904e+00 -7.7064e-01 -4.5792e+00
3 0 +5.776636917e+05 +5.776950617e+05 +5.776950617e+05 +7.8326e-01 +1.3059e+00 -1.3485e+00 -4.2144e-01 -4.9054e+00 -2.6122e+00 +1.8800e+00 +4.7760e+00 +5.6552e-01 +3.6234e+00 +7.9676e-01 -4.4272e+00 -4.0624e+00 -2.5242e+00 +2.9004e-01 -1.5368e+00 +2.0084e+00 -3.0952e+00 -3.9649e+00 -2.5814e+00
12 0 +4.122370491e+05 +4.122684191e+05 +4.122684191e+05 +2.4585e+00 +4.2191e+00 +3.1531e+00 +4.2752e+00 +1.9459e+00 -1.0635e+00 -4.4411e+00 +1.6945e+00 -3.9744e+00 +1.0917e+00 -2.1825e+00 -2.7246e+00 +2.4757e-02 -2.3812e+00 +4.6079e+00 +2.3783e+00 -5.7542e-01 +3.1421e+00 -2.6711e+00 +5.5977e-01
23 0 +2.297429231e+05 +2.297742931e+05 +2.297742931e+05 +3.9326e+00 -2.8415e+00 -1.0131e+00 +4.7616e+00 -1.0963e+00 -3.4167e+00 +1.1888e+00 -1.0642e+00 -4.8386e+00 -1.9787e+00 -1.6340e+00 +4.3083e+00 +1.9636e+00 +4.4753e+00 +3.6997e+00 +1.4773e+00 -3.6455e+00 -2.6253e+00 -3.7463e+00 -4.6512e+00
58 0 +2.125358391e+05 +2.125672091e+05 +2.125672091e+05 +1.5626e+00 -1.6472e+00 -3.1606e+00 +4.2492e+00 -2.2139e+00 -3.4370e+00 +2.1477e+00 -2.5722e+00 -4.0793e+00 -2.6787e+00 +2.0114e-01 +1.8705e+00 +1.0207e+00 +5.1215e-01 -3.0248e-01 +1.8835e+00 -2.4190e-01 +7.6645e-03 +5.8069e-01 -3.7334e+00
59 0 +1.711079919e+05 +1.711393619e+05 +1.711393619e+05 +2.3870e+00 -2.0626e+00 -2.4136e+00 +4.4275e+00 -1.8251e+00 -3.4299e+00 +1.8142e+00 -2.0477e+00 -4.3434e+00 -2.4352e+00 -4.3723e-01 +2.7185e+00 +1.3487e+00 +1.8907e+00 +1.0897e+00 +1.7422e+00 -1.4259e+00 -9.0820e-01 -9.2446e-01 -4.0526e+00
106 0 +1.611325516e+05 +1.611639216e+05 +1.611639216e+05 +8.6357e-01 -5.7414e-02 -2.1011e+00 +4.8359e+00 -7.9889e-01 -2.4059e+00 -9.6996e-01 -2.2845e+00 -4.3396e+00 -6.6817e-01 -8.7059e-01 +2.5261e+00 +1.0708e+00 +1.1424e+00 +4.1123e+00 +2.8614e+00 -1.1373e+00 -5.1822e-01 -4.1067e+00 -3.8599e+00
152 0 +1.572669840e+05 +1.572983540e+05 +1.572983540e+05 +3.1069e+00 -2.4254e+00 -1.7613e+00 +4.5831e+00 -1.4856e+00 -3.4237e+00 +1.5229e+00 -1.2012e+00 -4.5741e+00 -2.2226e+00 -9.9464e-01 +3.4590e+00 +1.6351e+00 +3.0945e+00 +2.3053e+00 +1.6188e+00 -2.4597e+00 -1.7079e+00 -2.2387e+00 -4.3314e+00
202 0 +1.157709848e+05 +1.158023548e+05 +1.158023548e+05 +3.0534e+00 +1.2445e+00 -6.7041e-01 +3.3680e+00 +3.2208e-01 -1.9861e+00 -5.1846e-01 +1.1269e+00 -2.2173e+00 -3.5385e-01 -2.0963e+00 +1.8998e-01 -6.0646e-01 -6.2085e-01 +2.4615e+00 +8.0182e-01 -1.3561e+00 -6.7002e-01 +2.1357e-02 -2.1484e+00
203 0 +1.019019979e+05 +1.019333679e+05 +1.019333679e+05 +3.0703e+00 +8.8564e-02 -1.0140e+00 +3.7507e+00 -2.4733e-01 -2.4389e+00 +1.2455e-01 +3.9360e-01 -2.9596e+00 -9.4248e-01 -1.7493e+00 +1.2197e+00 +9.9603e-02 +5.4944e-01 +2.4123e+00 +1.0592e+00 -1.7037e+00 -9.9694e-01 -6.9054e-01 -2.8360e+00
312 0 +6.640410516e+04 +6.643547516e+04 +6.643547516e+04 +3.0703e+00 +8.8564e-02 -1.0140e+00 +3.7507e+00 -2.4733e-01 -2.4389e+00 +1.2455e-01 +3.9360e-01 -9.5711e-01 -9.4248e-01 -1.7493e+00 +1.2197e+00 +9.9603e-02 +5.4944e-01 +2.4123e+00 +1.0592e+00 -1.7037e+00 -9.9694e-01 -6.9054e-01 -2.8360e+00
609 0 +6.531836756e+04 +6.534973756e+04 +6.534973756e+04 +3.0081e+00 +7.1702e-02 -1.0452e+00 +3.7846e+00 -2.6465e-01 -2.4289e+00 +9.8556e-02 +2.9946e-01 -1.1563e+00 -9.5072e-01 -1.7065e+00 +1.2260e+00 +1.2890e-01 +5.6589e-01 +2.4477e+00 +1.1102e+00 -1.6904e+00 -9.7187e-01 -7.7545e-01 -2.8743e+00
661 0 +6.284372998e+04 +6.287509998e+04 +6.287509998e+04 +3.0695e+00 +8.8465e-02 -1.0144e+00 +3.7511e+00 -2.4758e-01 -2.4389e+00 +1.2418e-01 +3.9257e-01 -1.2416e+00 -9.4245e-01 -1.7489e+00 +1.1059e-01 +9.9948e-02 +5.4963e-01 +2.4128e+00 +1.0598e+00 -1.7035e+00 -9.9671e-01 -6.9169e-01 -2.8364e+00
861 0 +5.329347579e+04 +5.332484579e+04 +5.332484579e+04 +3.0695e+00 +8.8465e-02 -1.0144e+00 +3.7511e+00 -2.4758e-01 -2.4389e+00 +1.2418e-01 +3.9257e-01 -1.2416e+00 -9.4245e-01 -1.7489e+00 +1.1059e-01 +9.9948e-02 +5.4963e-01 +2.4128e+00 +1.0598e+00 -2.7540e-01 -9.9671e-01 -6.9169e-01 -2.8364e+00
1613 0 +5.225449815e+04 +5.228586815e+04 +5.228586815e+04 +3.0695e+00 +8.3585e-02 -1.0144e+00 +3.7511e+00 -2.4758e-01 -2.4389e+00 +7.5934e-02 +3.9257e-01 -1.2416e+00 -9.4245e-01 -1.7489e+00 +1.1059e-01 +9.9948e-02 +5.4963e-01 +2.4128e+00 +1.0598e+00 -3.0751e-01 -9.9671e-01 -6.9169e-01 -2.8364e+00
1814 0 +5.007990024e+04 +5.011127024e+04 +5.011127024e+04 +3.0695e+00 +8.8465e-02 -1.0144e+00 +3.7511e+00 -2.4758e-01 -2.4389e+00 +1.2418e-01 +3.9257e-01 -1.2416e+00 -9.4245e-01 -1.7489e+00 +1.0226e-01 +9.9948e-02 +5.4963e-01 +1.7671e+00 +1.0598e+00 -2.7577e-01 -9.9671e-01 -6.9169e-01 -2.8364e+00
% f evaluations | g evaluations | best noise-free fitness - Fopt (-1.000000000000e+03) + sum g_i+ | measured fitness | best measured fitness or single-digit g-values | x1 | x2...
1 0 +1.020983436e+06 +1.019983436e+06 +1.019983436e+06 +4.4640e+00 +3.6153e+00 +2.8716e+00 -2.9888e-01 +4.2380e+00 +2.5159e+00 -2.0468e+00 +2.1768e+00 -1.3420e+00 +3.5573e+00 +1.7498e+00 -3.5622e+00 -2.1821e+00 -2.1844e+00 +6.2149e-01 +4.6558e+00 +2.6496e+00 -9.1406e-01 +2.6759e+00 +4.2647e+00
3 0 +7.064333718e+05 +7.054333718e+05 +7.054333718e+05 -3.4980e-01 +2.9804e+00 +4.2199e+00 -4.3911e+00 -3.3106e+00 +1.8109e+00 +1.4848e+00 +4.3247e+00 -2.9126e+00 +5.8045e-01 -3.2966e+00 +3.8697e+00 -7.9875e-01 -2.7003e+00 +1.6311e+00 +2.9928e+00 -1.0596e-01 +3.6669e+00 -4.4641e+00 +4.1527e+00
7 0 +6.075181378e+05 +6.065181378e+05 +6.065181378e+05 -2.4368e+00 -1.3414e+00 -1.0854e+00 -3.4232e+00 -2.3420e+00 -3.9100e+00 -4.5474e+00 +1.6120e+00 +7.0794e-01 +3.3291e+00 +2.8622e+00 -2.6025e-01 +2.5812e+00 -1.4752e+00 +1.9568e+00 -7.6491e-01 +1.9619e+00 +1.1485e+00 -4.3944e+00 +3.7829e+00
9 0 +5.903153887e+05 +5.893153887e+05 +5.893153887e+05 +9.2420e-01 +3.6204e+00 -1.2360e+00 +4.8833e+00 -1.5248e+00 +4.6801e+00 +3.1806e+00 +7.0212e-01 -4.5407e-01 -4.4372e+00 +3.9364e+00 -6.1083e-01 -2.3855e+00 -4.3568e+00 -3.0714e+00 -9.3206e-01 +3.7204e-01 -1.5683e+00 -3.1454e+00 +9.2771e-01
17 0 +5.879017155e+05 +5.869017155e+05 +5.869017155e+05 +2.3901e+00 +2.6508e+00 -3.4214e+00 +3.1126e+00 -2.7384e+00 -3.6020e+00 -7.7500e-03 -6.9659e-01 -1.6461e+00 +2.7852e+00 -3.5591e+00 -2.7687e+00 +3.8740e+00 +1.2072e+00 +4.5399e+00 -2.4640e+00 -3.1255e+00 +1.0228e+00 +5.4635e-01 +4.0254e+00
20 0 +4.144799087e+05 +4.134799087e+05 +4.134799087e+05 +1.0166e+00 +5.0574e-01 +3.6719e-02 -4.0186e+00 +2.0169e+00 +1.3322e+00 +3.9840e+00 +2.8788e+00 +4.8105e-01 -5.0336e-01 +2.3190e+00 +3.0060e+00 -3.7402e-01 +2.3695e+00 -1.7473e+00 -2.8987e+00 -1.6974e+00 -2.0114e+00 +6.4386e-01 -1.3100e+00
47 0 +4.030040870e+05 +4.020040870e+05 +4.020040870e+05 +1.9833e+00 -4.4607e+00 -3.2731e+00 -2.3836e-01 -9.9416e-01 -4.4745e+00 +2.3026e+00 +5.0266e-01 -2.1591e+00 +3.6919e+00 -4.7008e+00 -3.0013e+00 -1.4125e+00 +1.6591e+00 -8.1136e-01 -3.7438e+00 +5.2244e-01 +4.5460e+00 -3.1149e+00 +3.4867e-01
52 0 +3.734547752e+05 +3.724547752e+05 +3.724547752e+05 -2.9276e-01 +2.5604e-01 +3.6135e-01 -2.4797e+00 +1.3583e+00 +1.7721e+00 +3.2141e+00 +1.5497e+00 +1.0801e+00 +5.3882e-01 +2.6887e+00 +1.4492e+00 -8.3161e-01 +1.1346e+00 -1.6157e+00 -2.8122e+00 -4.7934e-01 -2.3039e+00 +7.0187e-02 -1.5965e+00
54 0 +3.102237071e+05 +3.092237071e+05 +3.092237071e+05 +1.9006e+00 +1.8863e+00 -2.1889e+00 +5.7106e-01 -1.0437e+00 -1.8435e+00 +1.4149e+00 +5.7767e-01 -8.8798e-01 +1.6131e+00 -1.4642e+00 -7.1063e-01 +2.3600e+00 +1.6215e+00 +2.2992e+00 -2.6189e+00 -2.6165e+00 -5.8582e-02 +5.8110e-01 +2.1239e+00
55 0 +2.183475975e+05 +2.173475975e+05 +2.173475975e+05 +1.5061e+00 +1.2702e+00 -1.1957e+00 -1.4770e+00 +3.2210e-01 -4.2635e-01 +2.5614e+00 +1.6045e+00 -2.7705e-01 +6.6866e-01 +2.2404e-01 +9.4791e-01 +1.1400e+00 +1.9553e+00 +4.9343e-01 -2.7438e+00 -2.2064e+00 -9.3001e-01 +6.0911e-01 +5.9155e-01
152 0 +1.976381835e+05 +1.966381835e+05 +1.966381835e+05 +1.9492e+00 +2.0621e+00 -1.1115e+00 +5.7100e-01 +2.3480e-01 -1.1703e+00 +2.1392e+00 +1.0335e+00 -4.6687e-01 +2.0102e+00 -9.8845e-01 +3.9668e-01 +1.0451e+00 +9.2727e-01 +7.3246e-01 -2.2471e+00 -1.7674e+00 -1.3021e-01 +2.4183e-01 +2.0356e+00
153 0 +1.665902587e+05 +1.655902587e+05 +1.655902587e+05 +1.9984e+00 +2.2398e+00 -2.2309e-02 +5.7095e-01 +1.5271e+00 -4.8981e-01 +2.8714e+00 +1.4944e+00 -4.1196e-02 +2.4115e+00 -5.0753e-01 +1.5160e+00 -2.8400e-01 +2.2555e-01 -8.5126e-01 -1.8713e+00 -9.0907e-01 -2.0262e-01 -1.0113e-01 +1.9464e+00
154 0 +1.625239461e+05 +1.615239461e+05 +1.615239461e+05 -1.3828e+00 -8.6304e-01 -3.2242e-02 +1.1913e+00 +1.7215e+00 +1.8318e+00 +1.4133e-01 +2.6992e+00 +6.0070e-01 +1.5479e+00 -1.3883e+00 +3.8807e-01 -3.1666e-01 -9.8984e-01 -8.3196e-01 -1.4847e+00 +1.1214e+00 -2.6015e-01 -1.1452e+00 +2.5010e+00
155 0 +1.162613145e+05 +1.152613145e+05 +1.152613145e+05 -1.3813e-01 -1.8462e+00 -1.0206e+00 +2.9274e-01 +9.1429e-01 -1.4740e-01 +1.1437e+00 +2.0410e+00 -2.5670e-01 +2.0247e+00 -2.0775e+00 -4.2088e-01 -6.5797e-01 +1.1950e-01 -9.0643e-01 -2.3027e+00 +6.8883e-01 +1.0600e+00 -1.5917e+00 +1.5042e+00
306 0 +1.099926747e+05 +1.089926747e+05 +1.089926747e+05 +2.3699e-02 -8.3276e-01 -8.5689e-01 +2.5272e-02 +9.3190e-01 +1.9898e-01 +1.2982e+00 +2.0674e+00 -8.0668e-02 +1.5734e+00 -1.3369e+00 +1.0397e-01 -1.2107e-01 +3.5944e-01 -5.2885e-01 -2.2438e+00 +3.1955e-02 +2.6650e-01 -9.2842e-01 +1.4790e+00
357 0 +1.086045910e+05 +1.076045910e+05 +1.076045910e+05 -3.1216e-02 -1.1767e+00 -9.1245e-01 +1.1604e-01 +9.2593e-01 +8.1438e-02 +1.2458e+00 +2.0584e+00 -1.4040e-01 +1.7265e+00 -1.5882e+00 -7.4134e-02 -3.0327e-01 +2.7802e-01 -6.5698e-01 -2.2638e+00 +2.5487e-01 +5.3578e-01 -1.1535e+00 +1.4876e+00
403 0 +1.061944539e+05 +1.051944539e+05 +1.051944539e+05 +8.0273e-01 +4.0964e-01 -5.2386e-01 +2.2814e-01 +1.1655e+00 -5.6741e-02 +1.9199e+00 +1.8442e+00 -5.8231e-02 +1.8834e+00 -9.8297e-01 +6.7728e-01 -1.6349e-01 +3.1659e-01 -6.3999e-01 -2.0957e+00 -3.6231e-01 +5.1434e-02 -5.7840e-01 +1.6609e+00
405 0 +9.506218006e+04 +9.406218006e+04 +9.406218006e+04 +4.3278e-01 -3.9562e-01 -7.0895e-01 +2.2003e-01 +1.0634e+00 -4.9152e-02 +1.6174e+00 +1.9295e+00 -1.1772e-01 +1.8831e+00 -1.3412e+00 +2.8939e-01 -2.9886e-01 +2.6602e-01 -7.0139e-01 -2.1741e+00 -1.1218e-02 +3.6698e-01 -9.1292e-01 +1.5925e+00
1160 0 +9.305708855e+04 +9.205708855e+04 +9.205708855e+04 +5.8911e-01 -1.7518e-01 -6.4651e-01 +2.6948e-01 +1.1102e+00 -1.1177e-01 +1.7387e+00 +1.8834e+00 -7.0240e-02 +1.9600e+00 -1.2924e+00 +3.8919e-01 -3.2415e-01 +2.4988e-01 -7.3566e-01 -2.1459e+00 -7.0755e-02 +3.4583e-01 -8.5718e-01 +1.6301e+00
1711 0 +9.059147509e+04 +8.959147509e+04 +8.959147509e+04 +5.9141e-01 -1.7049e-01 -6.4541e-01 +2.6961e-01 +1.1108e+00 -1.9624e-02 +1.7405e+00 +1.8829e+00 -7.6999e-03 +1.9602e+00 -1.2904e+00 +3.9135e-01 -3.2347e-01 +2.5012e-01 -7.3540e-01 -2.1454e+00 -7.2731e-02 +3.4284e-01 -8.5665e-01 +1.6305e+00
1910 0 +8.891677077e+04 +8.791677077e+04 +8.791677077e+04 +5.8607e-01 -1.7968e-01 -6.4777e-01 +2.1715e-01 +1.1093e+00 -6.5842e-02 +1.7362e+00 +1.8843e+00 -3.4358e-02 +1.9585e+00 -1.0579e-01 +3.8706e-01 -3.2371e-01 +2.5017e-01 -7.3503e-01 -2.1464e+00 -6.9493e-02 +3.4512e-01 -8.6035e-01 +1.6294e+00
% f evaluations | g evaluations | best noise-free fitness - Fopt (1.319200000000e+02) + sum g_i+ | measured fitness | best measured fitness or single-digit g-values | x1 | x2...
1 0 +1.589653075e+06 +1.589784995e+06 +1.589784995e+06 +1.6759e+00 +4.0649e+00 +1.6020e+00 +4.6142e+00 -1.2089e+00 +1.3804e+00 +6.6287e-01 -4.5634e+00 -6.5341e-01 -6.5733e-01 -5.5049e-01 +3.8265e+00 -6.8924e-01 +2.5275e+00 -3.1990e+00 +3.0985e+00 +1.1358e-01 -6.4354e-01 -4.5845e+00 +1.1373e+00
2 0 +1.108028297e+06 +1.108160217e+06 +1.108160217e+06 +4.5039e+00 +2.2317e+00 -1.8071e+00 -3.9473e+00 -4.5806e+00 -4.4467e+00 -2.8742e-01 +3.5937e+00 +3.8629e+00 +2.6967e+00 +1.6265e-01 +3.3151e+00 -1.9409e+00 +4.0644e-01 +3.6029e+00 +4.1148e+00 -1.2751e+00 +4.5396e+00 +9.8154e-01 -2.5218e+00
22 0 +1.070769270e+06 +1.070901190e+06 +1.070901190e+06 +1.9795e+00 +3.9855e+00 -2.8697e+00 -2.8035e+00 -2.2263e+00 -3.9252e+00 +8.1067e-01 -3.1895e+00 -7.6777e-01 +3.8967e+00 -3.0689e+00 -2.7589e+00 -4.3591e+00 +6.7042e-01 -6.9040e-01 -7.0754e-01 -4.2891e+00 -1.3340e+00 +1.9832e+00 +2.9779e+00
43 0 +1.001511852e+06 +1.001643772e+06 +1.001643772e+06 +1.3328e+00 +3.9169e+00 -1.4919e+00 -5.7900e-01 +3.8385e+00 -4.0944e+00 -3.6363e+00 +4.3735e+00 +1.2308e+00 +3.9807e+00 -9.5260e-01 -8.3521e-01 +2.1100e+00 +8.9266e-01 -2.5199e-03 -2.9636e+00 +1.4067e+00 +4.8288e+00 -1.6767e+00 -4.4493e+00
52 0 +5.910581103e+05 +5.911900303e+05 +5.911900303e+05 +1.0963e+00 +2.6296e+00 -1.3682e+00 -8.2707e-01 +2.9513e+00 -1.6129e+00 -2.9693e+00 +3.9889e+00 +1.6349e+00 +2.4164e+00 -9.3213e-01 +8.2506e-01 +4.8841e-01 +7.7042e-01 -3.2054e-01 -2.1706e+00 +1.1989e+00 +1.8676e+00 -4.1094e-02 -4.5757e+00
102 0 +5.811978950e+05 +5.813298150e+05 +5.813298150e+05 +2.9135e-01 +3.2497e+00 -1.7144e+00 +3.0942e+00 +9.4630e-01 +2.4191e+00 -4.8470e-01 +9.5799e-02 -2.1099e+00 +9.6104e-01 +3.9527e-01 +1.5860e+00 +6.4682e-01 +1.0504e+00 -1.8646e+00 -9.8660e-01 +1.2395e+00 -1.5592e+00 +1.5184e-01 +1.8681e+00
206 0 +5.704804047e+05 +5.706123247e+05 +5.706123247e+05 +6.9147e-01 +2.8526e+00 -1.4963e+00 +1.0676e+00 +2.7646e+00 -2.9370e-01 -2.1011e+00 +1.7788e+00 -2.3913e-01 +1.2590e+00 +8.5056e-03 +1.1016e+00 -3.6727e-01 +2.4206e-01 -1.6227e+00 -6.7976e-01 +1.7126e+00 -2.1180e-01 -8.9716e-03 -2.1767e+00
305 0 +5.573716758e+05 +5.575035958e+05 +5.575035958e+05 +4.9593e-01 +2.9488e+00 -1.5918e+00 +1.9615e+00 +9.2897e-01 +1.6291e+00 -8.8587e-01 +1.1228e+00 -1.0445e+00 +1.6999e+00 -6.5732e-01 +1.5231e+00 +1.2219e+00 +1.4309e+00 -1.2302e+00 -1.7965e+00 +8.1507e-01 -2.3383e-01 +3.2421e-02 +7.6287e-01
407 0 +5.494869483e+05 +5.496188683e+05 +5.496188683e+05 +7.5434e-01 +2.8388e+00 -1.4911e+00 +7.9045e-01 +2.4195e+00 -1.9750e-01 -2.0637e+00 +2.2246e+00 +5.9331e-02 +1.6418e+00 -3.1484e-01 +1.1131e+00 +1.9293e-01 +6.3095e-01 -1.1905e+00 -1.3125e+00 +1.3987e+00 +2.9531e-01 +4.6030e-03 -2.3129e+00
454 0 +5.284841535e+05 +5.286160735e+05 +5.286160735e+05 +7.0066e-01 +2.8766e+00 -1.5163e+00 +1.0480e+00 +2.1588e+00 +1.6564e-01 -1.8406e+00 +1.9956e+00 -1.8064e-01 +1.6160e+00 -2.9179e-01 +1.1865e+00 +3.4611e-01 +7.5392e-01 -1.2199e+00 -1.3653e+00 +1.3177e+00 +1.9952e-01 +2.1615e-02 -1.6900e+00
511 0 +5.228738301e+05 +5.230057501e+05 +5.230057501e+05 +5.7213e-01 +2.9443e+00 -1.5617e+00 +1.6449e+00 +1.8241e+00 +7.8490e-01 -1.4394e+00 +1.3575e+00 -7.5928e-01 +1.4078e+00 -1.7996e-01 +1.3199e+00 +3.9152e-01 +8.1455e-01 -1.4729e+00 -1.1818e+00 +1.2991e+00 -3.2020e-01 +3.4120e-02 -3.4922e-01
711 0 +5.104200754e+05 +5.105519954e+05 +5.105519954e+05 +6.9905e-01 +2.8775e+00 -1.5167e+00 +1.0555e+00 +2.1603e+00 +1.6922e-01 -1.8381e+00 +1.9863e+00 -1.8818e-01 +1.6102e+00 -2.8670e-01 +1.1872e+00 +4.3190e-02 +7.5001e-01 -1.2264e+00 -1.3571e+00 +1.3212e+00 +1.9040e-01 +2.1693e-02 -1.6816e+00
910 0 +4.940704843e+05 +4.942024043e+05 +4.942024043e+05 +5.7268e-01 +2.9440e+00 -1.5615e+00 +1.6424e+00 +1.8255e+00 +3.6101e-02 -1.4411e+00 +1.3602e+00 -7.5682e-01 +1.4087e+00 -1.7823e-01 +1.3193e+00 +3.9129e-01 +8.1427e-01 -1.4718e+00 -1.1825e+00 +1.2992e+00 -3.1800e-01 +3.4066e-02 -3.5518e-01
1313 0 +4.821989906e+05 +4.823309106e+05 +4.823309106e+05 +6.6868e-01 +2.8935e+00 -1.5275e+00 +1.1966e+00 +1.8304e+00 +1.5576e-01 -1.7418e+00 +1.8363e+00 -3.2476e-01 +1.5628e+00 -2.5627e-01 +1.2193e+00 +2.6101e-01 +7.6703e-01 -1.2843e+00 -1.3171e+00 +1.3147e+00 +6.9087e-02 +2.4694e-02 -9.7736e-01
1461 0 +4.712937629e+05 +4.714256829e+05 +4.714256829e+05 +1.5513e-01 +2.8947e+00 -1.5283e+00 +1.2072e+00 +2.0720e+00 +1.5157e-01 -1.7347e+00 +1.8249e+00 -3.3505e-01 +1.5591e+00 -2.5449e-01 +1.2217e+00 +2.6157e-01 +7.6813e-01 -1.2887e+00 -1.3139e+00 +1.3143e+00 +5.9856e-02 +2.4916e-02 -1.1004e+00
1511 0 +3.931474594e+05 +3.932793794e+05 +3.932793794e+05 +6.0202e-01 +2.9286e+00 -1.5511e+00 +1.5061e+00 +7.1641e-03 +5.1002e-02 -1.5333e+00 +1.5055e+00 -6.2481e-01 +1.4554e+00 -2.0341e-01 +1.2887e+00 +3.1047e-01 +7.9935e-01 -1.4148e+00 -1.2231e+00 +1.3043e+00 -1.9997e-01 +3.1194e-02 -6.6312e-01
1962 0 +3.860886301e+05 +3.862205501e+05 +3.862205501e+05 +6.0202e-01 +2.9286e+00 -1.5511e+00 +1.5061e+00 +7.1641e-03 +5.1002e-02 -1.5333e+00 +1.5055e+00 -6.2481e-01 +1.4554e+00 -2.0341e-01 +1.2887e+00 +1.9673e-01 +7.9935e-01 -1.4148e+00 -1.2231e+00 +1.3043e+00 -1.9997e-01 +3.1194e-02 -6.6312e-01
% f evaluations | g evaluations | best noise-free fitness - Fopt (5.908400000000e+02) + sum g_i+ | measured fitness | best measured fitness or single-digit g-values | x1 | x2...
1 0 +1.090650189e+06 +1.091241029e+06 +1.091241029e+06 -1.6597e+00 -2.0848e+00 +5.9249e-01 -1.9975e+00 -3.2813e+00 +5.5642e-02 -1.2768e+00 +1.9176e+00 -2.0674e+00 +1.7836e+00 -3.8253e+00 +1.9359e+00 +4.8085e+00 -3.1894e+00 +1.0487e-01 -3.3483e+00 +2.4172e+00 -4.5347e+00 -4.6721e+00 +1.3482e+00
2 0 +9.258607674e+05 +9.264516074e+05 +9.264516074e+05 -1.9055e+00 -4.8631e+00 -1.2104e+00 -9.8387e-01 -4.1552e+00 -2.5979e-01 +1.4601e+00 +3.1791e+00 -3.3024e+00 +4.1595e-01 +4.9279e+00 -2.2852e+00 -4.9198e+00 -3.3764e+00 -4.3675e+00 -3.7279e+00 -3.4085e+00 -2.0569e+00 +1.5767e+00 -4.2634e+00
3 0 +5.754428258e+05 +5.760336658e+05 +5.760336658e+05 -2.0108e+00 +4.1822e+00 -3.7535e+00 +4.5963e+00 -1.6200e+00 +4.1593e+00 -2.0041e+00 +3.1166e-02 -8.5948e-01 -4.6810e+00 +1.1268e-01 -2.5648e+00 +2.0960e-01 -4.2883e+00 -2.5326e+00 -3.7992e+00 -7.7114e-01 -2.8963e+00 +1.7683e+00 +7.7701e-01
4 0 +3.714263871e+05 +3.720172271e+05 +3.720172271e+05 -1.8682e+00 -3.2352e+00 +1.0782e-01 -1.4899e-01 -4.5575e+00 -2.3874e+00 +4.7431e-01 +3.7800e+00 -2.5630e+00 +4.7783e+00 +3.2763e+00 -2.0015e+00 -1.6765e+00 -1.6475e+00 +3.5610e+00 -2.3324e+00 -5.3981e-01 +9.8989e-01 +1.8208e+00 +1.8533e+00
9 0 +3.167329001e+05 +3.173237401e+05 +3.173237401e+05 +3.0862e-01 -4.6621e+00 +2.0394e-01 -3.6214e+00 +3.8952e+00 +4.7837e+00 +7.4948e-01 +2.6551e+00 -6.5062e-01 +1.4177e+00 -3.0789e+00 -1.4490e+00 +2.5931e+00 +1.1724e+00 -2.4120e+00 +4.0904e+00 -4.5992e+00 -4.3600e+00 -2.7788e+00 +1.8308e+00
15 0 +1.919111281e+05 +1.925019681e+05 +1.925019681e+05 -4.4069e+00 +8.6183e-01 +1.4547e+00 +2.2065e+00 +4.5963e+00 -3.5342e+00 +1.6730e+00 +2.4382e+00 +2.5492e+00 +1.7883e+00 +1.4076e-01 -2.3682e+00 -3.5125e+00 +1.6456e-01 -3.1005e-01 +3.3255e+00 +1.4916e-01 -1.0178e+00 -9.5313e-01 -4.2007e+00
34 0 +1.868979938e+05 +1.874888338e+05 +1.874888338e+05 -1.6618e+00 -2.7653e+00 -1.6298e-02 +2.3986e+00 +3.7501e+00 +3.5359e+00 -3.1478e+00 -3.1133e+00 -1.4789e+00 -1.4123e+00 -3.1884e+00 +2.0371e+00 -2.2850e+00 -5.4543e-01 +4.6441e+00 +2.5715e+00 +1.7872e+00 +1.1254e+00 +2.4691e+00 +4.2706e+00
56 0 +1.820634235e+05 +1.826542635e+05 +1.826542635e+05 -2.2597e+00 -3.3917e+00 +2.2350e+00 -1.9215e+00 +4.4983e+00 +2.0003e+00 +1.4462e+00 +2.2095e+00 -1.1392e+00 +5.3282e-02 -9.9955e-01 -2.1884e+00 +2.2699e+00 +3.0356e+00 +1.1491e+00 +2.7090e+00 -1.8506e+00 +8.4710e-01 -3.4820e+00 +1.3266e+00
103 0 +1.556225262e+05 +1.562133662e+05 +1.562133662e+05 -1.3134e+00 -3.1007e+00 +2.2646e-02 +1.3341e+00 +3.7757e+00 +3.7566e+00 -2.4586e+00 -2.0933e+00 -1.3325e+00 -9.1187e-01 -3.1691e+00 +1.4207e+00 -1.4224e+00 -2.4168e-01 +3.3964e+00 +2.8400e+00 +6.5797e-01 +1.5547e-01 +1.5412e+00 +3.8392e+00
152 0 +1.163746409e+05 +1.169654809e+05 +1.169654809e+05 -3.2891e+00 -1.3525e+00 +1.8609e+00 +5.7539e-02 +4.5453e+00 -6.5305e-01 +1.5549e+00 +2.3191e+00 +6.2909e-01 +8.8507e-01 -4.5287e-01 -2.2746e+00 -5.0232e-01 +1.6592e+00 +4.4954e-01 +3.0046e+00 -8.9190e-01 -4.6983e-02 -2.2696e+00 -1.3233e+00
158 0 +6.418568555e+04 +6.477652555e+04 +6.477652555e+04 -2.3576e+00 -3.4564e+00 -3.2182e-01 -1.3557e+00 -1.0091e-01 +2.5845e+00 -1.5694e+00 +7.5868e-01 +1.1340e+00 +6.8427e-01 +2.3371e-01 +1.8873e+00 +4.2474e-01 -1.9433e+00 +2.9779e+00 +1.5609e+00 -1.9952e-01 -4.2837e-02 +1.3191e+00 +1.5254e+00
259 0 +6.054200459e+04 +6.113284459e+04 +6.113284459e+04 -2.3710e+00 -3.2811e+00 -4.3556e-01 -1.0564e+00 +3.6188e-01 +2.2865e+00 -1.5053e+00 +6.6809e-01 +9.7439e-01 +8.0123e-01 +1.3167e-01 +1.3323e+00 +4.3049e-01 -1.7726e+00 +2.8163e+00 +1.5680e+00 -1.6537e-01 +4.8843e-02 +1.2797e+00 +1.3894e+00
303 0 +4.701543149e+04 +4.760627149e+04 +4.760627149e+04 -2.6137e+00 -2.7642e+00 +3.0727e-02 -7.2695e-01 +1.2461e+00 +1.5400e+00 -8.5491e-01 +1.0214e+00 +9.8610e-01 +8.5866e-01 +3.4557e-02 +5.6771e-01 +1.0135e-01 -1.1148e+00 +2.2839e+00 +1.8850e+00 -2.7272e-01 -1.4088e-02 +5.8934e-01 +6.9081e-01
352 0 +4.474443800e+04 +4.533527800e+04 +4.533527800e+04 -2.5447e+00 -2.8233e+00 -1.8866e-01 -6.5222e-01 +1.2351e+00 +1.6001e+00 -1.0273e+00 +8.5321e-01 +8.9022e-01 +9.1105e-01 +6.1918e-03 +4.8493e-01 +2.0682e-01 -1.2286e+00 +2.3590e+00 +1.7870e+00 -2.1602e-01 +5.9385e-02 +7.9157e-01 +8.3175e-01
557 0 +4.344613038e+04 +4.403697038e+04 +4.403697038e+04 -2.5328e+00 -2.7687e+00 -5.8624e-02 -7.2036e-01 +1.3429e+00 +1.6053e+00 -9.1435e-01 +9.2824e-01 +8.2238e-01 +8.7393e-01 -2.6454e-02 +4.0176e-01 +2.7156e-01 -1.0478e+00 +2.3051e+00 +1.8267e+00 -2.8935e-01 +8.3574e-02 +6.0693e-01 +7.8514e-01
560 0 +4.102738476e+04 +4.161822476e+04 +4.161822476e+04 -2.5453e+00 -2.8500e+00 -1.5986e-01 -7.0499e-01 +1.1608e+00 +1.6466e+00 -1.0297e+00 +8.7565e-01 +9.1971e-01 +2.8337e-01 +2.3765e-02 +5.7855e-01 +2.0221e-01 -1.2503e+00 +2.3820e+00 +1.7903e+00 -2.2462e-01 +4.1537e-02 +7.8795e-01 +8.4836e-01
564 0 +3.767559256e+04 +3.826643256e+04 +3.826643256e+04 -2.6137e+00 -2.7642e+00 +3.0727e-02 -7.2695e-01 +1.2461e+00 +1.5400e+00 -8.5491e-01 +1.0214e+00 +9.8610e-01 +8.5866e-01 +3.4557e-02 +5.6771e-01 +1.0135e-01 -3.9702e-01 +2.2839e+00 +1.8850e+00 -2.7272e-01 -1.4088e-02 +5.8934e-01 +6.9081e-01
912 0 +3.690101588e+04 +3.749185588e+04 +3.749185588e+04 -2.6137e+00 -2.7642e+00 +3.0727e-02 -7.2695e-01 +1.2461e+00 +1.5400e+00 -8.5491e-01 +1.0214e+00 +9.8610e-01 +6.5033e-01 +3.4557e-02 +5.6771e-01 +1.0135e-01 -3.9702e-01 +2.2839e+00 +1.8850e+00 -2.7272e-01 -1.4088e-02 +5.8934e-01 +5.9839e-01
961 0 +3.340086965e+04 +3.399170965e+04 +3.399170965e+04 -2.6114e+00 -2.7602e+00 +3.4743e-02 -7.2816e-01 +1.2573e+00 +1.5395e+00 -8.4981e-01 +1.0226e+00 +9.7776e-01 +8.5791e-01 +3.0748e-02 +5.5559e-01 +1.0853e-01 -4.0145e-01 +2.2803e+00 +1.1662e+00 -2.7668e-01 -9.9981e-03 +5.7974e-01 +6.9330e-01
1163 0 +3.131876146e+04 +3.190960146e+04 +3.190960146e+04 -2.6137e+00 -2.7642e+00 +3.0727e-02 -7.2695e-01 +1.2461e+00 +1.5400e+00 -8.5491e-01 +1.0214e+00 +9.8610e-01 +8.5866e-01 +3.4557e-02 +5.6771e-01 +1.0135e-01 -3.9702e-01 +2.2839e+00 +5.7138e-01 -2.7272e-01 -1.4088e-02 +5.8934e-01 +5.9839e-01
1214 0 +3.030978517e+04 +3.090062517e+04 +3.090062517e+04 -2.6114e+00 -2.7602e+00 +3.4743e-02 -7.2816e-01 +1.2573e+00 +1.5395e+00 -8.4981e-01 +1.0226e+00 +9.7776e-01 +8.5791e-01 +3.0748e-02 +5.5559e-01 +1.0853e-01 -4.0145e-01 +2.2803e+00 +2.9227e-01 -2.7668e-01 -9.9981e-03 +5.7974e-01 +6.9330e-01
1563 0 +2.951147319e+04 +3.010231319e+04 +3.010231319e+04 -2.6114e+00 -2.7602e+00 +3.4743e-02 -7.2816e-01 +1.2573e+00 +1.5395e+00 -7.4158e-02 +1.0226e+00 +9.7776e-01 +8.5791e-01 +3.0748e-02 +5.5559e-01 +1.0853e-01 -4.0145e-01 +2.2803e+00 +2.9227e-01 -2.7668e-01 -9.9981e-03 +5.7974e-01 +6.9330e-01
1662 0 +2.784945021e+04 +2.844029021e+04 +2.844029021e+04 -2.6114e+00 -2.7602e+00 +3.4743e-02 -7.2816e-01 +1.2573e+00 +1.5395e+00 -7.4158e-02 +9.3302e-01 +9.7776e-01 +8.5791e-01 +3.0748e-02 +5.5559e-01 +1.0853e-01 -4.0145e-01 +2.2803e+00 +2.9227e-01 -2.7668e-01 -9.9981e-03 +5.7974e-01 +6.9330e-01
1814 0 +2.047598719e+04 +2.106682719e+04 +2.106682719e+04 -2.6114e+00 -2.7602e+00 +3.4743e-02 -7.2816e-01 +1.2573e+00 +1.5395e+00 -7.4158e-02 +4.4184e-02 +9.7776e-01 +8.5791e-01 +3.0748e-02 +5.5559e-01 +1.0853e-01 -4.0145e-01 +2.2803e+00 +2.9227e-01 -2.7668e-01 -9.9981e-03 +5.7974e-01 +6.9330e-01
% f evaluations | g evaluations | best noise-free fitness - Fopt (6.749000000000e+01) + sum g_i+ | measured fitness | best measured fitness or single-digit g-values | x1 | x2...
1 0 +1.813868945e+06 +1.813936435e+06 +1.813936435e+06 +2.3266e+00 +2.3573e+00 -1.2202e+00 -4.0961e+00 -2.1023e+00 +3.7703e+00 -3.4962e+00 +4.5540e+00 -1.8104e+00 -1.8045e+00 +3.8207e+00 -2.7401e+00 +3.3301e+00 -2.6531e+00 +2.6016e+00 +2.8994e-01 -1.6037e+00 +1.0315e+00 +3.6271e+00 +2.1939e-01
2 0 +1.088980498e+06 +1.089047988e+06 +1.089047988e+06 -2.9018e+00 -5.4737e-01 +4.7865e+00 +4.8665e+00 -3.6594e+00 -2.6116e+00 -4.4282e+00 +4.4516e+00 +7.4429e-01 +4.7965e-01 +4.4493e+00 +1.1522e+00 +2.4742e-01 -5.2328e-01 -3.1885e+00 +8.7054e-01 -2.3576e+00 -3.7457e+00 +3.7751e+00 -3.7751e+00
3 0 +6.197269239e+05 +6.197944139e+05 +6.197944139e+05 -4.4947e+00 +7.7453e-02 +4.5920e+00 -3.3354e+00 -1.2899e+00 +3.5900e+00 -4.5870e+00 +3.0961e+00 -9.6432e-01 +2.5561e+00 -2.2888e+00 -4.3306e+00 -1.7543e+00 +2.5029e+00 -4.5731e+00 -4.0701e-01 +4.4397e+00 -4.0622e+00 -3.8227e+00 -4.9937e+00
10 0 +4.877014675e+05 +4.877689575e+05 +4.877689575e+05 -2.3552e+00 +2.0961e+00 +2.5531e+00 +2.8798e-01 -3.6605e+00 -1.3379e+00 +1.2402e+00 -2.2306e+00 -4.4598e+00 +2.1129e+00 -3.0910e+00 -4.3798e+00 +1.8283e-01 -2.9545e-01 +2.0080e+00 -1.3358e+00 +2.6229e+00 -1.7878e+00 -2.2767e+00 +1.4270e+00
14 0 +4.586148039e+05 +4.586822939e+05 +4.586822939e+05 -2.3614e+00 +8.2052e-01 +3.0906e-01 +5.5079e-01 +1.9049e+00 +4.7933e+00 +3.4072e+00 -4.7903e+00 -1.2784e+00 +4.5038e+00 +1.2686e+00 +1.7712e-01 -2.4161e+00 -2.1093e+00 -3.9875e+00 -1.1196e+00 -2.3628e+00 +1.9933e+00 +3.7449e+00 +3.6792e-03
40 0 +3.162907439e+05 +3.163582339e+05 +3.163582339e+05 -1.4735e+00 -4.4083e+00 -2.2388e+00 +1.5716e+00 -3.1097e+00 +2.5456e+00 +3.2050e+00 -1.4762e+00 -1.7276e+00 +1.7903e+00 +2.0969e+00 +1.3294e+00 +1.8947e+00 +1.0062e+00 -3.6252e+00 +9.1280e-01 -3.9388e-01 -3.9915e+00 -8.0640e-01 +1.2391e+00
58 0 +2.700005420e+05 +2.700680320e+05 +2.700680320e+05 -2.7115e+00 -1.4202e+00 -3.2379e+00 +2.4545e+00 -7.0722e-01 +1.0718e+00 -5.9311e-02 +1.1468e-01 -1.4282e+00 +1.5903e+00 +5.4767e-01 +1.0739e+00 +8.6321e-01 +1.2572e+00 -2.8839e+00 -1.4356e+00 -5.4282e-01 -1.6469e+00 +3.9689e-01 +1.1408e+00
104 0 +2.608856670e+05 +2.609531570e+05 +2.609531570e+05 -5.2130e-01 -8.6905e-01 -1.7342e+00 -1.6033e+00 -8.7796e-01 +4.4046e+00 -7.3142e-01 -3.4052e+00 -4.4481e-01 +1.1993e+00 -2.1125e+00 -1.5256e+00 -1.0852e+00 +3.2120e-01 -3.4925e+00 -2.6793e+00 -2.6363e+00 +8.8579e-01 +2.6553e-01 +2.6284e+00
155 0 +2.505649082e+05 +2.506323982e+05 +2.506323982e+05 -2.4026e+00 -2.1659e+00 -2.9885e+00 +2.2342e+00 -1.3068e+00 +1.4396e+00 +7.5529e-01 -2.8231e-01 -1.5029e+00 +1.6402e+00 +9.3427e-01 +1.1377e+00 +1.1206e+00 +1.1945e+00 -3.0689e+00 -8.4952e-01 -5.0565e-01 -2.2320e+00 +9.6613e-02 +1.1653e+00
159 0 +2.385813703e+05 +2.386488603e+05 +2.386488603e+05 -2.3676e+00 +3.1324e-01 -2.4520e+00 +2.9703e+00 -1.3954e-01 -2.8080e-01 -1.9395e+00 +3.6729e-01 -6.3224e-01 +1.5752e+00 -1.2186e-01 +8.1809e-01 +3.2568e-01 +3.7050e-01 -2.3514e+00 -2.3929e+00 -2.2089e-01 -5.8440e-01 +1.9603e-01 +1.1354e+00
205 0 +1.929700654e+05 +1.930375554e+05 +1.930375554e+05 -2.0213e+00 -1.0107e+00 -2.2694e+00 +2.5784e+00 -1.0467e+00 +4.6699e-01 -4.9574e-01 -2.0992e-01 -8.8343e-01 +1.6446e+00 +5.2091e-01 +9.5179e-01 +7.7111e-01 +4.5591e-01 -2.6993e+00 -1.4296e+00 -2.3267e-01 -1.5666e+00 -1.6592e-01 +1.1691e+00
302 0 +1.443905879e+05 +1.444580779e+05 +1.444580779e+05 -8.9519e-01 -3.4256e-01 -6.8930e-01 +2.7806e+00 -1.6006e+00 -5.1988e-01 -1.2078e+00 -7.3952e-01 +5.3507e-03 +1.7332e+00 +4.7723e-01 +7.5255e-01 +6.2086e-01 -8.5141e-01 -2.3982e+00 -1.4198e+00 +2.7338e-01 -1.4354e+00 -1.0842e+00 +1.2153e+00
358 0 +1.234703830e+05 +1.235378730e+05 +1.235378730e+05 -1.0020e+00 -3.7525e-01 -8.1917e-01 +2.0775e+00 -1.2530e+00 +5.0781e-01 -7.7189e-01 -1.3296e+00 -1.8546e-01 +1.8596e+00 +2.2986e-01 +4.4739e-01 +2.1428e-01 -7.3363e-01 -2.6617e+00 -1.5385e+00 -2.8884e-01 -9.3333e-01 -5.4260e-01 +1.2998e+00
554 0 +1.215619359e+05 +1.216294259e+05 +1.216294259e+05 -9.5579e-01 -3.5631e-01 -7.4673e-01 +1.6184e+00 -1.0873e+00 +1.1138e+00 -5.2244e-01 -1.7887e+00 -2.3042e-01 +1.9545e+00 +7.1849e-02 +2.2559e-01 -6.4781e-02 -7.8214e-01 -2.8153e+00 -1.5988e+00 -6.1615e-01 -6.0229e-01 -2.7695e-01 +1.3617e+00
660 0 +1.177077643e+05 +1.177752543e+05 +1.177752543e+05 -9.5830e-01 -3.5734e-01 -7.5067e-01 +1.6434e+00 -1.0963e+00 +1.0808e+00 -5.3602e-01 -1.7637e+00 -2.2797e-01 +1.9493e+00 +8.0455e-02 +2.3767e-01 -4.9582e-02 -7.7950e-01 -2.8070e+00 -1.5955e+00 -2.9585e-01 -6.2032e-01 -2.9141e-01 +1.3584e+00
710 0 +1.170821340e+05 +1.171496240e+05 +1.171496240e+05 -1.0020e+00 -3.7525e-01 -8.1917e-01 +9.2986e-01 -1.2530e+00 +5.0781e-01 -7.7189e-01 -1.3296e+00 -1.8546e-01 +1.8596e+00 +2.2986e-01 +4.4739e-01 +2.1428e-01 -7.3363e-01 -2.6617e+00 -1.5385e+00 -2.8884e-01 -9.3333e-01 -5.4260e-01 +1.2998e+00
1114 0 +1.144526590e+05 +1.145201490e+05 +1.145201490e+05 -9.9280e-01 -3.7148e-01 -8.0477e-01 +1.1257e+00 -1.2201e+00 +6.2826e-01 -8.5756e-02 -1.4209e+00 -1.9440e-01 +1.8785e+00 +1.9845e-01 +4.0330e-01 +1.5881e-01 -7.4327e-01 -2.6923e+00 -1.5504e+00 -2.9797e-01 -8.6753e-01 -4.8980e-01 +1.3122e+00
1463 0 +1.100665515e+05 +1.101340415e+05 +1.101340415e+05 -9.9233e-01 -3.7236e-01 -8.0421e-01 +1.1220e+00 -1.2181e+00 +6.3748e-01 -9.7872e-02 -1.4274e+00 -1.9551e-01 +1.8798e+00 +1.9672e-01 +4.0041e-01 +1.5532e-01 -7.4341e-01 -2.6940e+00 -1.5506e+00 -3.0158e-01 -8.6367e-01 -4.8604e-01 +2.0380e-01
1761 0 +1.065037624e+05 +1.065712524e+05 +1.065712524e+05 -9.9233e-01 -3.7238e-01 -8.0422e-01 +1.5427e-01 -1.2181e+00 +6.3759e-01 -1.1077e-01 -1.4275e+00 -1.9553e-01 +1.8798e+00 +1.9671e-01 +4.0038e-01 +1.5198e-01 -7.3122e-01 -2.6940e+00 -1.5506e+00 -3.0154e-01 -8.6364e-01 -4.8600e-01 +2.3126e-01
% f evaluations | g evaluations | best noise-free fitness - Fopt (3.085000000000e+01) + sum g_i+ | measured fitness | best measured fitness or single-digit g-values | x1 | x2...
1 0 +7.390590750e+05 +7.390899250e+05 +7.390899250e+05 -2.9481e+00 -2.5082e+00 -3.2436e+00 -4.9509e+00 -2.0120e+00 +1.8791e-01 +4.9744e+00 -4.1861e+00 -3.2336e+00 -4.8597e+00 +4.9833e+00 -1.8254e+00 +8.9231e-01 -2.7456e+00 +1.0958e+00 -2.9364e-01 -9.5147e-01 +1.3132e+00 -2.4320e+00 +2.0119e+00
2 0 +4.114758750e+05 +4.115067250e+05 +4.115067250e+05 +4.1562e+00 +4.2591e+00 -1.7926e+00 +4.4255e-01 -5.9883e-01 -4.8698e+00 +1.3252e+00 +3.7050e+00 -5.2264e-01 -2.1485e+00 -7.7694e-01 -2.2168e+00 +3.8117e+00 -3.7218e-01 -3.2774e+00 +3.3326e+00 +4.5823e+00 +1.7300e+00 -4.0311e+00 +1.1406e-01
14 0 +3.928260474e+05 +3.928568974e+05 +3.928568974e+05 +2.8062e+00 -7.2539e-01 -4.0073e+00 +3.2458e+00 +2.2675e-01 +3.4351e+00 +3.0158e+00 -4.4113e+00 +3.3223e+00 +2.8992e+00 -4.5038e+00 -4.8247e+00 -1.7523e+00 +4.9505e+00 +3.1033e+00 +2.7151e+00 -4.8788e+00 +1.2373e+00 -3.2472e+00 -2.3171e+00
23 0 +3.334949196e+05 +3.335257696e+05 +3.335257696e+05 +1.3433e+00 +7.4346e-01 +3.8691e-01 +4.5321e-01 +3.0717e+00 -3.2496e+00 -6.6749e-01 -4.9246e+00 -4.1360e+00 +3.4689e-01 +1.4414e+00 -3.8008e+00 +3.3977e+00 +1.8994e+00 -1.1931e+00 -3.6771e+00 +1.9693e+00 +2.5694e+00 -4.6714e+00 +2.1008e+00
26 0 +3.070294245e+05 +3.070602745e+05 +3.070602745e+05 -2.0477e+00 -2.2023e+00 +1.0068e+00 +4.1324e+00 +4.6442e+00 -3.0641e+00 +2.8521e+00 +1.6589e+00 -8.3692e-01 +2.5806e+00 -3.6644e+00 -4.6921e+00 -1.1818e+00 +4.1380e+00 +2.4002e+00 +3.4960e+00 +3.7856e+00 +2.0939e+00 +1.9334e+00 -3.8697e+00
31 0 +2.805748377e+05 +2.806056877e+05 +2.806056877e+05 -9.8241e-02 -3.0411e-01 +4.0218e+00 +2.2825e+00 -2.6529e+00 +2.8805e+00 -9.6407e-02 -2.2378e-01 +7.8183e-01 -3.4022e+00 -3.2575e+00 -5.7628e-01 -3.3930e+00 -3.2361e+00 -1.3276e+00 -1.5704e+00 +7.9748e-02 +4.4927e+00 +4.6782e+00 +1.4690e+00
38 0 +2.685767482e+05 +2.686075982e+05 +2.686075982e+05 -4.6062e+00 -1.8411e+00 -3.6996e+00 +1.7471e+00 +2.4631e+00 +4.8516e+00 +1.9823e+00 -4.4401e+00 +2.5309e-01 +1.6461e+00 -3.6255e+00 -4.4638e+00 +1.4808e+00 -2.5054e+00 -3.4435e-01 +4.3222e+00 +1.5740e+00 -4.7316e+00 -1.6723e+00 -2.5904e+00
52 0 +1.788947346e+05 +1.789255846e+05 +1.789255846e+05 -1.4605e+00 -1.6922e+00 +8.9948e-01 +3.4953e+00 +4.3718e+00 -3.0962e+00 +2.2426e+00 +5.1878e-01 -1.4082e+00 +2.1938e+00 -2.7802e+00 -4.5378e+00 -3.8871e-01 +3.7503e+00 +1.7779e+00 +2.2538e+00 +3.4710e+00 +2.1762e+00 +7.8957e-01 -2.8358e+00
55 0 +1.691300854e+05 +1.691609354e+05 +1.691609354e+05 -1.1490e+00 -8.0479e-01 -1.0613e+00 +5.0479e-01 +3.6518e+00 -8.7128e-01 +2.8064e+00 +2.1134e+00 -7.5150e-01 +3.1427e+00 -4.0900e+00 -2.9868e+00 -2.2558e+00 +4.5089e+00 -7.0286e-01 +1.4569e+00 +5.3084e-01 -1.4024e-01 +3.1922e+00 -1.6268e+00
104 0 +1.506718997e+05 +1.507027497e+05 +1.507027497e+05 -3.4195e+00 -2.0086e+00 -1.5167e+00 +2.8535e+00 +3.4747e+00 +1.1801e+00 +2.3858e+00 -1.6113e+00 -2.5248e-01 +2.0796e+00 -3.6436e+00 -4.5697e+00 +2.4587e-01 +5.7591e-01 +9.2862e-01 +3.9390e+00 +2.5998e+00 -1.5658e+00 +8.6781e-05 -3.1838e+00
107 0 +1.431320415e+05 +1.431628915e+05 +1.431628915e+05 +4.7653e-01 +5.7484e-02 +1.6484e+00 +1.4804e+00 +1.3819e+00 -1.2223e+00 -7.0547e-02 -2.6195e+00 -2.1426e+00 -6.1948e-01 -6.9090e-01 -2.8497e+00 +6.4229e-01 +4.7995e-01 -8.1840e-01 -2.1521e+00 +1.5627e+00 +3.1433e+00 -8.4284e-01 +1.1984e+00
152 0 +1.233053799e+05 +1.233362299e+05 +1.233362299e+05 -8.3545e-01 -6.3848e-01 -5.3861e-01 +6.9296e-01 +3.2140e+00 -9.3899e-01 +2.2515e+00 +1.2006e+00 -1.0198e+00 +2.4171e+00 -3.4343e+00 -2.9603e+00 -1.6968e+00 +3.7318e+00 -7.2514e-01 +7.6080e-01 +7.2986e-01 +4.9308e-01 +2.4140e+00 -1.0819e+00
153 0 +1.114449996e+05 +1.114758496e+05 +1.114758496e+05 +1.6300e-01 -1.0883e-01 +1.1258e+00 +1.2922e+00 +1.8197e+00 -1.1546e+00 +4.8435e-01 -1.7066e+00 -1.8743e+00 +1.0617e-01 -1.3465e+00 -2.8761e+00 +8.3306e-02 +1.2570e+00 -7.9612e-01 -1.4560e+00 +1.3637e+00 +2.5099e+00 -6.4559e-02 +6.5348e-01
205 0 +9.732358244e+04 +9.735443244e+04 +9.735443244e+04 -2.7240e+00 -1.6454e+00 -6.6982e-01 +2.6679e+00 +2.6702e+00 +1.1232e+00 +8.1697e-01 -1.5683e+00 -3.2738e-01 +1.2821e+00 -3.3279e+00 -4.0119e+00 -7.7954e-02 +1.8865e-01 +5.4066e-01 +2.8202e+00 +2.2523e+00 -5.2234e-01 +3.8509e-01 -2.3105e+00
208 0 +9.393059115e+04 +9.396144115e+04 +9.396144115e+04 -5.7097e-01 -6.3449e-01 +4.3020e-01 +1.4686e+00 +2.8058e+00 -1.3495e+00 +1.5547e+00 -2.4173e-02 -1.3726e+00 +1.4138e+00 -2.5401e+00 -3.1793e+00 -8.2910e-01 +2.6916e+00 -2.9404e-01 +1.8009e-01 +1.4640e+00 +1.6268e+00 +1.2408e+00 -7.2302e-01
209 0 +8.842610859e+04 +8.845695859e+04 +8.845695859e+04 -3.3797e-01 -4.8057e-01 +7.0118e-01 +1.4712e+00 +2.4891e+00 -1.3212e+00 +1.1932e+00 -6.0147e-01 -1.5439e+00 +9.6152e-01 -2.1288e+00 -3.1059e+00 -5.0180e-01 +2.1996e+00 -4.1068e-01 -3.3868e-01 +1.4860e+00 +1.9641e+00 +7.7732e-01 -2.9561e-01
254 0 +6.493365023e+04 +6.496450023e+04 +6.496450023e+04 -1.3648e+00 -9.8978e-01 -3.7880e-02 +1.9318e+00 +2.8175e+00 -4.8765e-01 +1.1397e+00 -9.3797e-01 -1.1136e+00 +1.3341e+00 -2.6336e+00 -3.5937e+00 -2.5265e-01 +1.6586e+00 +3.5625e-02 +1.0868e+00 +1.8571e+00 +7.8782e-01 +5.1832e-01 -1.2581e+00
363 0 +6.404917032e+04 +6.408002032e+04 +6.408002032e+04 -9.3119e-01 -7.9571e-01 +2.1781e-01 +1.6788e+00 +2.8111e+00 -9.5841e-01 +1.3664e+00 -4.3881e-01 -2.2400e-02 +1.3776e+00 -2.5825e+00 -3.3673e+00 -5.6753e-01 +2.2228e+00 -1.4445e-01 +5.9152e-01 +1.6424e+00 +1.2461e+00 +9.1298e-01 -9.6580e-01
763 0 +6.229382229e+04 +6.232467229e+04 +6.232467229e+04 -1.0117e+00 -8.3370e-01 +1.7747e-01 +1.7233e+00 +2.8053e+00 -8.6539e-01 +1.3406e+00 -4.5607e-01 -1.9256e-01 +1.3731e+00 -2.6144e+00 -3.3971e+00 -5.4315e-01 +9.7715e-01 -1.1353e-01 +6.9101e-01 +1.6706e+00 +1.1664e+00 +8.8602e-01 -1.0257e+00
813 0 +4.887861957e+04 +4.890946957e+04 +4.890946957e+04 -1.1926e+00 -9.1667e-01 +7.7830e-02 +1.8266e+00 +2.8010e+00 -6.6328e-01 +1.2621e+00 -6.6162e-01 -6.1578e-01 +5.9702e-02 -2.6580e+00 -3.4794e+00 -4.4562e-01 +1.9076e+00 -4.0852e-02 +9.0526e-01 +1.7486e+00 +9.8037e-01 +6.9037e-01 -1.1534e+00
1112 0 +4.672938464e+04 +4.676023464e+04 +4.676023464e+04 -1.1713e+00 -9.0720e-01 +8.9870e-02 +1.8150e+00 +2.8024e+00 -6.8852e-01 +1.2721e+00 -6.3875e-01 -5.6580e-01 +1.9946e-01 -2.6530e+00 -3.4702e+00 -4.5731e-01 +1.8739e+00 -4.8648e-02 +8.8058e-01 +1.7401e+00 +1.0029e+00 +3.8663e-01 -1.1392e+00
1261 0 +4.158696001e+04 +4.161781001e+04 +4.161781001e+04 -6.0107e-01 -9.0720e-01 +8.9870e-02 +1.8150e+00 +2.8024e+00 -6.8852e-01 +1.2721e+00 -6.3875e-01 -5.6580e-01 +1.9946e-01 -2.6530e+00 -3.4702e+00 -4.5731e-01 +1.8739e+00 -4.8648e-02 +8.8058e-01 +1.7401e+00 +1.0029e+00 +3.8663e-01 -1.1392e+00
1411 0 +4.035843187e+04 +4.038928187e+04 +4.038928187e+04 -6.0107e-01 -9.0720e-01 +8.9870e-02 +1.8150e+00 +2.8024e+00 -6.8852e-01 +1.2721e+00 -6.3875e-01 -5.6580e-01 +1.4065e-01 -2.6530e+00 -3.4702e+00 -4.5731e-01 +1.8739e+00 -4.8648e-02 +8.8058e-01 +1.7401e+00 +1.0029e+00 +3.8663e-01 -1.1392e+00
1460 0 +3.571139340e+04 +3.574224340e+04 +3.574224340e+04 -1.1720e+00 -9.0749e-01 +8.9499e-02 +1.8153e+00 +2.8024e+00 -6.8774e-01 +1.2718e+00 -6.3945e-01 -5.6734e-01 +1.9516e-01 -2.6532e+00 -3.4705e+00 -4.5695e-01 +6.7545e-01 -4.8408e-02 +8.8134e-01 +1.7404e+00 +1.0022e+00 +3.9599e-01 -1.1396e+00
1604 0 +3.499159171e+04 +3.502244171e+04 +3.502244171e+04 -7.7344e-01 -6.9591e-01 +8.9758e-02 +1.8151e+00 +2.8024e+00 -6.8829e-01 +4.0751e-01 -6.3896e-01 -5.6626e-01 +1.9816e-01 -2.6530e+00 -3.4703e+00 -4.5720e-01 +1.5121e+00 -4.8576e-02 +8.8081e-01 +1.7402e+00 +1.0026e+00 +3.7341e-01 -1.1393e+00
1710 0 +3.363028479e+04 +3.366113479e+04 +3.366113479e+04 -1.0963e+00 -9.0747e-01 +8.9523e-02 +1.8153e+00 +2.8024e+00 -6.8780e-01 +5.8718e-02 -6.3940e-01 -5.6724e-01 +1.9544e-01 -2.6531e+00 -3.4704e+00 -4.5697e-01 +7.5435e-01 -4.8424e-02 +8.8129e-01 +1.7403e+00 +1.0022e+00 +3.8622e-01 -1.1396e+00
% f evaluations | g evaluations | best noise-free fitness - Fopt (-1.255000000000e+01) + sum g_i+ | measured fitness | best measured fitness or single-digit g-values | x1 | x2...
1 0 +1.482998436e+06 +1.482985886e+06 +1.482985886e+06 -3.0268e-01 +2.5034e+00 -2.7797e+00 -6.9181e-01 -4.6782e+00 +3.3277e+00 +2.4474e+00 -1.5379e+00 -3.4829e+00 -1.8796e+00 -2.0910e+00 -1.7924e+00 +4.7510e+00 +4.7135e-01 +4.9574e+00 -3.0859e+00 +1.2937e-01 -3.7782e+00 +1.3219e+00 +4.8626e+00
2 0 +1.166636309e+06 +1.166623759e+06 +1.166623759e+06 +5.5839e-02 -4.3420e+00 +5.9269e-01 +3.6525e+00 +3.3161e+00 +2.2304e+00 -2.6119e+00 -1.5047e+00 +2.3920e+00 +1.5394e+00 -2.1540e+00 +1.6043e+00 -2.9637e+00 -2.8496e+00 -3.4581e+00 -4.6401e+00 +3.8414e+00 -2.9113e+00 +1.7068e+00 +7.5213e-01
3 0 +5.804780837e+05 +5.804655337e+05 +5.804655337e+05 +1.3552e+00 +2.4007e-02 -4.3152e+00 +3.1478e+00 -1.2361e+00 +2.3854e+00 +3.6587e+00 +1.2419e+00 +4.9752e+00 +7.7160e-01 +4.6449e+00 +3.7517e+00 +3.3081e+00 +3.7089e+00 -3.6229e+00 -1.4816e+00 -1.8930e-02 -1.2763e+00 +1.7069e+00 -2.0001e+00
5 0 +3.452473496e+05 +3.452347996e+05 +3.452347996e+05 +2.7554e+00 +2.3367e-01 -9.9536e-02 +6.9438e-01 -1.4153e+00 -2.4289e+00 -1.6758e+00 +1.1758e+00 +1.3418e+00 +3.2508e+00 -2.3661e-01 -2.8366e-01 -4.2619e+00 +4.2347e-02 +9.8568e-01 -1.9432e+00 -4.0433e+00 +4.2284e+00 -1.6964e+00 -3.5701e-01
9 0 +2.858730741e+05 +2.858605241e+05 +2.858605241e+05 -2.2120e+00 -8.3651e-01 +3.3769e+00 +1.8326e+00 +2.6032e-01 -2.9043e+00 +4.5560e+00 +3.3338e-01 -1.6216e+00 -7.2537e-01 +4.3402e+00 -6.8697e-01 -1.0622e+00 +2.0948e+00 +8.6440e-02 -4.5013e+00 +2.0788e+00 +3.9336e+00 -4.3873e+00 +3.8223e+00
14 0 +2.652585148e+05 +2.652459648e+05 +2.652459648e+05 -1.8423e+00 +9.6752e-02 +3.1756e+00 +4.8710e+00 -1.7992e-01 -4.4131e+00 -1.7891e+00 -1.2426e+00 -3.4924e+00 +4.7718e+00 +2.7920e-01 +8.1192e-01 +7.8225e-01 -4.0076e+00 -3.5453e+00 -3.5325e+00 -7.4285e-01 +3.6432e+00 -4.7778e+00 +1.5868e+00
40 0 +2.102057987e+05 +2.101932487e+05 +2.101932487e+05 -1.8565e+00 -2.4157e+00 +3.9656e+00 -3.4941e+00 +9.9641e-02 -6.4471e-02 +3.9165e+00 +4.8141e+00 +3.2140e+00 -2.0563e+00 -1.1965e+00 +1.7012e+00 +3.2191e+00 -4.2748e+00 -1.5143e+00 -1.2213e+00 -3.5483e+00 +4.2288e+00 -3.6327e+00 -2.8433e+00
108 0 +1.699095118e+05 +1.698969618e+05 +1.698969618e+05 -1.5293e+00 -2.4001e+00 +3.4217e+00 -2.9665e+00 -1.7662e-01 -4.9568e-01 +3.9950e+00 +4.2050e+00 +2.7832e+00 -1.9210e+00 -1.0797e+00 +1.5486e+00 +2.9810e+00 -3.7390e+00 -1.5098e+00 -1.5286e+00 -3.1573e+00 +3.9415e+00 -3.3570e+00 -2.5517e+00
155 0 +1.241340014e+05 +1.241214514e+05 +1.241214514e+05 -1.1979e+00 -2.2683e+00 +2.7849e+00 -2.0033e+00 -4.6666e-01 -1.1729e+00 +4.1273e+00 +3.2142e+00 +1.9614e+00 -1.6765e+00 -5.4976e-01 +1.2084e+00 +2.4100e+00 -2.6911e+00 -1.3885e+00 -2.1024e+00 -2.3216e+00 +3.6064e+00 -3.1108e+00 -1.7490e+00
256 0 +1.207568888e+05 +1.207443388e+05 +1.207443388e+05 -7.6064e-01 -2.0227e+00 +2.3851e+00 -1.5847e+00 -6.1868e-01 -1.4156e+00 +3.6212e+00 +2.8433e+00 +1.7603e+00 -1.1824e+00 -4.4654e-01 +1.0152e+00 +1.7069e+00 -2.2586e+00 -1.1570e+00 -2.1895e+00 -2.3374e+00 +3.5914e+00 -2.9213e+00 -1.4956e+00
414 0 +1.078308465e+05 +1.078182965e+05 +1.078182965e+05 -1.1979e+00 -2.2683e+00 +2.7849e+00 -2.0033e+00 -4.6666e-01 -1.1729e+00 +4.1273e+00 +3.2142e+00 +1.9614e+00 -1.6765e+00 -5.4976e-01 +1.2084e+00 +2.4100e+00 -2.6911e+00 -1.3885e+00 -2.1024e+00 -2.3216e+00 +2.2230e+00 -3.1108e+00 -1.7490e+00
603 0 +1.044357676e+05 +1.044232176e+05 +1.044232176e+05 -1.1400e+00 -2.2358e+00 +2.7319e+00 -1.9478e+00 -4.8679e-01 -1.2050e+00 +3.6463e+00 +3.1651e+00 +1.9348e+00 -1.6111e+00 -5.3610e-01 +1.1828e+00 +2.3169e+00 -2.6338e+00 -1.3578e+00 -2.1139e+00 -2.3237e+00 +2.4042e+00 -3.0857e+00 -1.7154e+00
712 0 +9.082458127e+04 +9.081203127e+04 +9.081203127e+04 -8.8724e-01 -2.0938e+00 +2.5008e+00 -1.7059e+00 -5.7467e-01 -1.3453e+00 +3.7677e+00 +2.9507e+00 +1.8186e+00 -1.3254e+00 -4.7642e-01 +1.0712e+00 +1.9105e+00 -2.3838e+00 -1.2240e+00 -2.1642e+00 -2.3328e+00 +1.6069e+00 -2.9762e+00 -1.5689e+00
760 0 +6.892813165e+04 +6.891558165e+04 +6.891558165e+04 -1.0314e+00 -2.1748e+00 +2.6326e+00 -1.8439e+00 -5.2455e-01 -1.2653e+00 +3.4007e+00 +3.0730e+00 +1.8849e+00 -1.4883e+00 -5.1045e-01 +1.1348e+00 +2.1423e+00 -2.5264e+00 -1.3003e+00 -2.1355e+00 -2.3276e+00 +5.9505e-01 -3.0386e+00 -1.6525e+00
1014 0 +6.329885749e+04 +6.328630749e+04 +6.328630749e+04 -8.7017e-01 -2.0842e+00 +2.4852e+00 -1.6896e+00 -5.8060e-01 -1.3548e+00 +2.0666e+00 +2.9362e+00 +1.8107e+00 -1.3061e+00 -4.7239e-01 +1.0636e+00 +1.8830e+00 -2.3669e+00 -1.2150e+00 -2.1676e+00 -2.3335e+00 +5.8664e-01 -2.9688e+00 -1.5590e+00
1110 0 +6.091551765e+04 +6.090296765e+04 +6.090296765e+04 -8.6350e-01 -2.0808e+00 +2.4783e+00 -1.6821e+00 -5.8340e-01 -1.3592e+00 +1.6388e+00 +2.9294e+00 +1.8065e+00 -1.2991e+00 -4.7036e-01 +1.0605e+00 +1.3568e+00 -2.3592e+00 -1.2117e+00 -2.1698e+00 -2.3322e+00 +6.8999e-03 -2.9655e+00 -1.5544e+00
1410 0 +5.339719102e+04 +5.338464102e+04 +5.338464102e+04 -8.6350e-01 -2.0808e+00 +2.4783e+00 -1.6821e+00 -8.8390e-02 -1.3592e+00 +1.6388e+00 +2.9294e+00 +1.8065e+00 -1.2991e+00 -4.7036e-01 +1.0605e+00 +1.3568e+00 -2.3592e+00 -1.2117e+00 -2.1698e+00 -2.3322e+00 +6.8999e-03 -2.9655e+00 -1.5544e+00
1613 0 +4.847391393e+04 +4.846136393e+04 +4.846136393e+04 -3.5730e-01 -2.0808e+00 +2.4783e+00 -1.6821e+00 -1.6975e-01 -1.3592e+00 +1.6388e+00 +2.9294e+00 +1.8065e+00 -1.2991e+00 -4.7036e-01 +1.0605e+00 +1.3568e+00 -2.3592e+00 -1.2117e+00 -2.1698e+00 -2.3322e+00 +6.8999e-03 -2.9655e+00 -1.5544e+00
1813 0 +4.689642982e+04 +4.688387982e+04 +4.688387982e+04 -3.5730e-01 -9.1787e-01 +2.4783e+00 -1.6821e+00 -1.6975e-01 -1.3592e+00 +1.6388e+00 +2.9294e+00 +1.8065e+00 -1.2991e+00 -4.7036e-01 +1.0605e+00 +1.3568e+00 -2.3592e+00 -1.2117e+00 -2.1698e+00 -2.3322e+00 +6.8999e-03 -2.9655e+00 -1.5544e+00
1906 0 +4.451049613e+04 +4.449794613e+04 +4.449794613e+04 -3.4393e-01 -1.0935e+00 +2.4783e+00 -1.6821e+00 -1.9522e-01 -1.3592e+00 +1.6388e+00 +2.9294e+00 +1.8065e+00 -1.2991e+00 -4.4663e-01 +1.0605e+00 +1.3568e+00 -2.3592e+00 -1.2117e+00 -2.1698e+00 -2.3322e+00 +6.8999e-03 -2.9655e+00 -1.5544e+00
1954 0 +4.290493676e+04 +4.289238676e+04 +4.289238676e+04 -3.1834e-01 -1.2954e+00 +2.4783e+00 -1.6821e+00 -2.4396e-01 -1.3592e+00 +1.6388e+00 +2.9294e+00 +1.8065e+00 -1.2991e+00 -4.0122e-01 +1.0605e+00 +1.3568e+00 -2.3592e+00 -1.2117e+00 -2.1698e+00 -2.3322e+00 +6.8999e-03 -2.9655e+00 -1.5544e+00
% f evaluations | g evaluations | best noise-free fitness - Fopt (5.383900000000e+02) + sum g_i+ | measured fitness | best measured fitness or single-digit g-values | x1 | x2...
1 0 +2.094719930e+06 +2.095258320e+06 +2.095258320e+06 -4.8775e+00 +8.8429e-01 -4.1016e+00 +4.7356e+00 -3.7068e+00 -1.9282e+00 -6.4955e-01 +4.0573e+00 -7.3906e-01 -1.0866e+00 -1.2449e+00 +8.1575e-02 +1.9113e+00 +4.8633e+00 +2.9130e+00 -1.7304e+00 +1.3576e+00 -3.6616e+00 -3.9895e+00 -3.6020e+00
2 0 +7.911842696e+05 +7.917226596e+05 +7.917226596e+05 -1.1572e-01 -3.3713e+00 +4.5938e+00 +3.1268e+00 +7.4544e-01 -1.8360e+00 +2.1933e+00 -4.5181e+00 +3.2659e+00 -2.2620e+00 +3.9189e+00 -4.6895e+00 -3.3975e+00 +2.7341e+00 +1.3025e+00 +2.3630e+00 -7.3715e-01 +1.0630e+00 -3.8233e+00 -2.9117e+00
5 0 +6.179173178e+05 +6.184557078e+05 +6.184557078e+05 +5.2142e-01 -1.4966e+00 +4.1214e+00 +9.8006e-01 +1.8160e+00 -4.3680e+00 +4.8536e+00 -6.5770e-02 +2.4073e+00 +1.5933e+00 +1.9038e+00 -1.2014e+00 -4.3372e+00 +1.1261e+00 -3.0944e+00 -8.5854e-01 -3.2776e+00 -4.3316e+00 -3.6298e+00 +2.4340e+00
12 0 +5.900442699e+05 +5.905826599e+05 +5.905826599e+05 -1.1118e+00 -5.0595e-01 +2.8776e-01 +3.3000e+00 +2.6974e+00 -7.5671e-01 -2.4997e+00 +2.2579e+00 -2.6281e-02 -3.1416e+00 +3.7604e+00 +2.4511e+00 +3.5662e+00 +3.3642e+00 -1.3070e+00 -1.3829e+00 +2.5320e+00 +1.5326e+00 -2.6878e+00 +1.8787e+00
32 0 +3.125222175e+05 +3.130606075e+05 +3.130606075e+05 +4.3102e+00 +3.9363e+00 -1.9961e-02 +8.4352e-01 +4.0464e+00 +8.1855e-02 +2.8191e+00 +1.4483e+00 +1.5073e+00 -1.1082e+00 -1.6010e+00 -9.5357e-01 -2.7236e+00 +2.4744e+00 -4.0949e+00 +3.7967e+00 +1.1286e+00 -2.9680e-01 -1.2694e+00 +3.4504e+00
105 0 +2.905654029e+05 +2.911037929e+05 +2.911037929e+05 +4.2739e+00 +2.8389e+00 +9.0122e-02 +1.0441e+00 +2.9809e+00 -5.1222e-01 +3.0361e+00 +1.3965e+00 +1.4991e+00 -1.5584e+00 -8.7235e-01 -1.3433e+00 -2.5487e+00 +1.7251e+00 -4.0636e+00 +2.9765e+00 +1.1420e+00 -6.1112e-01 -1.2758e+00 +3.0215e+00
203 0 +2.729741530e+05 +2.735125430e+05 +2.735125430e+05 +3.3204e+00 +2.5520e+00 +4.7015e-02 +1.0304e+00 +2.1057e+00 -7.5690e-01 +2.1146e+00 +1.4402e+00 +1.7059e+00 -9.7083e-01 -1.3087e+00 -1.8915e+00 -1.8512e+00 +1.0991e+00 -3.9918e+00 +2.8575e+00 +6.8919e-01 -3.7078e-02 -7.5142e-01 +2.0288e+00
254 0 +1.996331192e+05 +2.001715092e+05 +2.001715092e+05 +6.6820e-01 +2.0291e+00 +1.5054e+00 +1.9723e+00 +3.3093e+00 -3.2375e-01 +4.1895e-01 -1.7355e+00 -6.3279e-01 -6.5451e-01 +9.8730e-01 +6.2709e-01 +8.0417e-01 +4.0289e-01 -3.2159e+00 -1.6501e+00 -2.4752e-01 +1.0581e+00 +1.9557e+00 +1.4039e-01
308 0 +1.915806108e+05 +1.921190008e+05 +1.921190008e+05 +9.6213e-01 +2.2226e+00 +1.2308e+00 +1.7822e+00 +3.0671e+00 -3.7345e-01 +5.2235e-01 -1.1686e+00 -1.8734e-01 -5.5057e-01 +4.2310e-01 +1.3546e-01 +4.4718e-01 +4.9924e-01 -3.3417e+00 -7.9028e-01 -1.6775e-01 +1.0080e+00 +1.5798e+00 +3.4047e-01
458 0 +1.842417833e+05 +1.847801733e+05 +1.847801733e+05 +1.3724e+00 +2.3135e+00 +1.0769e+00 +1.6890e+00 +3.0549e+00 -3.9007e-01 +8.3183e-01 -8.3102e-01 +4.5129e-02 -6.7192e-01 +2.2340e-01 -7.4020e-02 +5.0471e-02 +6.5826e-01 -3.4381e+00 -2.7863e-01 -2.0839e-03 +8.1383e-01 +1.2153e+00 +6.8427e-01
660 0 +1.792192555e+05 +1.797576455e+05 +1.797576455e+05 +1.3724e+00 +1.5955e+00 +1.0769e+00 +1.6890e+00 +3.0549e+00 -3.9007e-01 +8.3183e-01 -8.3102e-01 +4.5129e-02 -6.7192e-01 +2.2340e-01 -7.4020e-02 +5.0471e-02 +6.5826e-01 -3.4381e+00 -2.7863e-01 -2.0839e-03 +8.1383e-01 +1.2153e+00 +6.8427e-01
1013 0 +1.732967747e+05 +1.738351647e+05 +1.738351647e+05 +1.3670e+00 +2.1678e+00 +1.0788e+00 +1.6901e+00 +3.0547e+00 -3.8997e-01 +1.1209e-01 -8.3512e-01 +4.2340e-02 -6.7022e-01 +2.2575e-01 -7.1636e-02 +5.5346e-02 +6.5607e-01 -3.4369e+00 -2.8498e-01 -4.2797e-03 +8.1639e-01 +1.2199e+00 +6.7968e-01
1313 0 +1.644020260e+05 +1.649404160e+05 +1.649404160e+05 +1.3724e+00 +1.6544e+00 +1.0769e+00 +1.6890e+00 +3.0549e+00 -3.9007e-01 +8.3183e-01 -8.3102e-01 +4.5129e-02 -6.7192e-01 +2.2340e-01 -7.4020e-02 +3.3429e-02 +6.5826e-01 -3.4381e+00 -2.7863e-01 -2.0839e-03 +2.4627e-01 +1.2153e+00 +6.8427e-01
1813 0 +1.615632539e+05 +1.621016439e+05 +1.621016439e+05 +1.3724e+00 +1.6544e+00 +1.0769e+00 +1.6890e+00 +3.0549e+00 -3.9007e-01 +8.3183e-01 -8.3102e-01 +4.5129e-02 -6.7192e-01 +2.2340e-01 -7.4020e-02 +3.3429e-02 +6.5826e-01 -3.4381e+00 -8.6986e-02 -2.0839e-03 +2.4627e-01 +1.2153e+00 +6.8427e-01
1861 0 +1.576426468e+05 +1.581810368e+05 +1.581810368e+05 +1.3724e+00 +1.6544e+00 +1.0769e+00 +1.6890e+00 +3.0549e+00 -3.9007e-01 +4.1709e-01 -8.3102e-01 +4.5129e-02 -6.7192e-01 +2.2340e-01 -7.4020e-02 +3.3429e-02 +6.5826e-01 -3.4381e+00 -2.7863e-01 -2.0839e-03 +2.4627e-01 +1.2153e+00 +6.8427e-01
2010 0 +1.532944595e+05 +1.538328495e+05 +1.538328495e+05 +1.3724e+00 +1.6544e+00 +1.0769e+00 +1.6890e+00 +3.0549e+00 -3.9007e-01 +3.2357e-01 -8.3102e-01 +4.5129e-02 -6.7192e-01 +2.2340e-01 -7.4020e-02 +3.3429e-02 +6.5826e-01 -3.4381e+00 -8.6986e-02 -2.0839e-03 +2.4627e-01 +1.2153e+00 +6.8427e-01
% f evaluations | g evaluations | best noise-free fitness - Fopt (-1.055600000000e+02) + sum g_i+ | measured fitness | best measured fitness or single-digit g-values | x1 | x2...
1 0 +1.171618551e+06 +1.171512991e+06 +1.171512991e+06 +4.8959e+00 +3.8245e+00 +2.5348e+00 -3.6962e+00 -2.5489e+00 -4.2962e-01 -1.3214e+00 +2.7218e+00 -3.1120e+00 +4.0601e+00 +3.6372e-02 -2.9156e+00 +2.4939e-01 -2.3018e-01 +3.6239e+00 -4.9732e-01 +1.9075e+00 +1.7826e+00 +9.4185e-01 +4.2861e+00
2 0 +5.863486760e+05 +5.862431160e+05 +5.862431160e+05 -3.2767e+00 +3.3982e+00 +4.8351e+00 +3.9944e+00 -4.5403e-02 +4.9439e+00 +3.6001e-01 +1.4670e+00 +4.5192e+00 +4.7123e+00 -9.0296e-01 -4.7634e+00 +3.1228e+00 +3.7342e+00 -2.9219e-01 +9.8112e-01 +5.8733e-01 -1.5638e+00 +2.4040e+00 +1.3983e+00
5 0 +5.162600302e+05 +5.161544702e+05 +5.161544702e+05 +3.9279e-01 -3.7393e+00 -1.6730e+00 +3.1923e+00 +1.1053e+00 -4.8645e+00 -1.7312e+00 +1.1515e+00 +2.5548e+00 -2.6058e-02 +5.0515e-01 -2.7342e+00 -5.2311e-01 -3.7756e+00 +1.7643e+00 +1.7165e+00 +3.8108e+00 -3.4037e+00 -2.8121e+00 +4.1607e+00
59 0 +4.422532129e+05 +4.421476529e+05 +4.421476529e+05 -2.7306e+00 -2.6899e+00 -1.5360e+00 +2.1359e+00 +1.2062e-02 -6.4405e-01 +2.3731e+00 +3.8685e+00 +4.2874e+00 -2.6688e+00 -2.5411e+00 -8.9354e-01 +1.7720e+00 +7.8178e-01 +2.8219e+00 +4.3523e-01 -2.3549e+00 -5.2342e-01 +3.0953e+00 +3.2905e+00
152 0 +3.865864550e+05 +3.864808950e+05 +3.864808950e+05 -2.8018e+00 -2.4691e+00 -1.1980e+00 +2.1793e+00 -4.0044e-01 -6.4752e-01 +2.3881e+00 +3.0805e+00 +3.7198e+00 -1.9590e+00 -2.3060e+00 -3.0122e-01 +2.0798e+00 +3.4344e-01 +2.4455e+00 +6.5144e-01 -2.3145e+00 -7.6295e-01 +2.9230e+00 +2.5735e+00
156 0 +3.169865712e+05 +3.168810112e+05 +3.168810112e+05 -2.3087e+00 -5.1454e-01 +1.2308e+00 +2.5755e+00 +3.8309e-01 +1.2390e+00 +9.3083e-01 +2.6116e+00 +3.9266e+00 +3.5036e-01 -1.3563e+00 -2.6837e+00 +1.7440e+00 +1.8675e+00 +1.2919e+00 +9.4561e-01 -1.4833e+00 -1.1319e+00 +2.5674e+00 +2.0233e+00
252 0 +2.945158602e+05 +2.944103002e+05 +2.944103002e+05 -1.7790e+00 -2.6026e+00 -1.0643e+00 +2.5203e+00 +2.8425e-01 -1.5748e+00 +9.6597e-01 +2.6938e+00 +3.5905e+00 -1.2622e+00 -1.4184e+00 -1.5573e+00 +1.1793e+00 -4.7692e-01 +2.1865e+00 +9.3819e-01 -4.2592e-01 -1.5100e+00 +1.2618e+00 +2.1387e+00
304 0 +2.777988808e+05 +2.776933208e+05 +2.776933208e+05 -1.9470e+00 -1.7284e+00 -8.2619e-02 +2.5645e+00 +3.4044e-01 -4.5466e-01 +8.7359e-01 +2.5946e+00 +3.6919e+00 -5.1302e-01 -1.3305e+00 -2.0630e+00 +1.3817e+00 +4.2968e-01 +1.7789e+00 +9.6908e-01 -7.5960e-01 -1.4071e+00 +1.7041e+00 +2.0270e+00
353 0 +2.665445997e+05 +2.664390397e+05 +2.664390397e+05 -1.4643e+00 -7.3446e-01 +1.2934e+00 +2.8792e+00 +5.8980e-01 +9.3398e-02 -2.0403e-01 +1.6715e+00 +3.3153e+00 +1.2653e+00 -4.5554e-01 -3.0646e+00 +1.1854e+00 +5.2162e-01 +9.0174e-01 +1.3520e+00 +2.2629e-01 -1.9836e+00 +9.0054e-01 +1.1064e+00
454 0 +2.618620723e+05 +2.617565123e+05 +2.617565123e+05 -1.7981e+00 -1.5998e+00 +1.3074e-01 +2.6400e+00 +3.8800e-01 -4.8333e-01 +6.0933e-01 +2.3551e+00 +3.5676e+00 -1.5274e-01 -1.1129e+00 -2.2330e+00 +1.3064e+00 +3.0672e-01 +1.6064e+00 +1.0678e+00 -4.5316e-01 -1.5767e+00 +1.4256e+00 +1.7928e+00
554 0 +2.546124935e+05 +2.545069335e+05 +2.545069335e+05 -1.7626e+00 -1.3125e+00 +5.1708e-01 +2.7026e+00 +3.1237e-01 -3.0311e-01 +4.4712e-01 +1.9866e+00 +3.3601e+00 +3.7745e-01 -9.0971e-01 -2.2571e+00 +1.3833e+00 +2.7716e-01 +1.3340e+00 +1.1882e+00 -3.2700e-01 -1.7201e+00 +1.2985e+00 +1.4629e+00
713 0 +2.476599958e+05 +2.475544358e+05 +2.475544358e+05 -1.7863e+00 -1.4430e+00 +3.3751e-01 +2.6707e+00 +3.4976e-01 -3.7283e-01 +8.3640e-02 +2.1729e+00 +3.4674e+00 +1.1940e-01 -1.0137e+00 -2.2500e+00 +1.3503e+00 +3.0989e-01 +1.4659e+00 +1.1269e+00 -4.0194e-01 -1.6435e+00 +1.3751e+00 +1.6297e+00
1162 0 +2.446696505e+05 +2.445640905e+05 +2.445640905e+05 -1.7803e+00 -1.5781e+00 +1.6998e-01 +2.6525e+00 +2.3875e-02 -4.9891e-01 +3.6437e-01 +2.2763e+00 +3.5157e+00 -3.5567e-03 -1.0701e+00 -2.2157e+00 +1.3125e+00 +2.3602e-01 +1.5646e+00 +1.0938e+00 -4.0554e-01 -1.6151e+00 +1.3728e+00 +1.7232e+00
1906 0 +2.396367324e+05 +2.395311724e+05 +2.395311724e+05 -1.4389e+00 -1.5765e+00 +1.7185e-01 +2.6527e+00 +2.9475e-02 -4.9751e-01 +2.9812e-01 +2.2752e+00 +3.5152e+00 -2.1661e-03 -1.0694e+00 -2.2161e+00 +1.3129e+00 +1.0875e-01 +1.5635e+00 +1.0942e+00 -4.0549e-01 -1.6155e+00 +1.3728e+00 +1.7221e+00
% f evaluations | g evaluations | best noise-free fitness - Fopt (9.803000000000e+01) + sum g_i+ | measured fitness | best measured fitness or single-digit g-values | x1 | x2...
1 0 +1.131358224e+06 +1.131456254e+06 +1.131456254e+06 -1.6560e+00 -2.4058e-01 +1.4192e+00 -1.2734e+00 +5.5627e-01 +4.5803e+00 -9.5364e-01 -1.6852e+00 -1.9603e+00 -6.7319e-01 +4.5725e+00 -1.9602e+00 +3.3217e+00 +9.7826e-01 -4.0689e+00 +1.2540e+00 -1.9752e+00 -4.1950e+00 +2.7842e+00 +2.7745e+00
5 0 +6.225748757e+05 +6.226729057e+05 +6.226729057e+05 +2.1987e+00 -4.7864e+00 +1.7085e+00 +4.7618e+00 +4.8538e-01 +1.6072e+00 -1.3412e-01 +1.5183e+00 +2.3334e+00 -2.8266e+00 +2.5849e+00 -1.8557e+00 +1.4892e+00 -2.1867e+00 +4.4395e+00 -1.5684e+00 -1.7836e+00 +2.6851e+00 +4.5290e+00 -2.7421e+00
6 0 +5.724181660e+05 +5.725161960e+05 +5.725161960e+05 +1.5954e-01 +5.9531e-01 +2.5186e+00 +4.0373e+00 +4.2577e-01 -2.1295e-01 -4.3965e+00 -3.4834e+00 -3.2847e+00 -3.2071e+00 -7.4599e-01 -1.6312e+00 +1.3318e+00 -4.0522e-01 -4.5922e+00 -3.5005e+00 -2.6076e+00 -2.7276e+00 +4.6430e+00 -2.9166e+00
10 0 +5.383367005e+05 +5.384347305e+05 +5.384347305e+05 -4.4131e+00 +1.4110e+00 -4.9247e+00 -3.7741e+00 +1.7595e+00 +1.1695e+00 +2.6179e+00 +3.7783e+00 -1.1049e+00 +1.6950e+00 -4.9461e-01 +3.5880e+00 -3.4547e+00 +1.5341e+00 +9.9217e-01 -1.8011e+00 +4.4659e+00 +1.8780e+00 +4.9351e+00 -4.6247e+00
52 0 +3.567143140e+05 +3.568123440e+05 +3.568123440e+05 -3.5616e+00 -9.1135e-01 -6.6890e-01 -4.5248e-02 +2.5932e+00 +1.9374e+00 +1.3027e+00 +1.2155e+00 -1.3732e+00 +7.3703e-01 +9.7172e-01 +3.0846e+00 -2.4951e+00 +2.8511e+00 +1.7808e-01 -2.5327e+00 +3.3671e+00 +1.0371e+00 +4.1658e+00 -5.1014e-01
102 0 +2.339029468e+05 +2.340009768e+05 +2.340009768e+05 -6.3883e-01 -3.5265e+00 -2.5909e-01 +2.2151e+00 -9.4112e-01 +8.6269e-01 -2.7014e+00 +1.8554e+00 -4.9438e-01 -4.0120e-01 +2.9400e+00 +3.4528e-02 -2.6106e-01 +2.1398e+00 +1.5567e+00 +5.0778e-01 -1.1695e-02 +1.6200e+00 +4.5322e-01 -2.2332e+00
254 0 +2.282513493e+05 +2.283493793e+05 +2.283493793e+05 -9.4686e-01 -3.3233e+00 -2.6975e-01 +2.0925e+00 -5.6843e-01 +9.3480e-01 -2.4640e+00 +1.7021e+00 -6.3004e-01 -2.4815e-01 +2.7878e+00 +1.0016e-01 -5.4762e-01 +2.1633e+00 +1.5648e+00 +1.1313e-01 +9.9026e-02 +1.4480e+00 +8.4110e-01 -2.1682e+00
302 0 +2.216470289e+05 +2.217450589e+05 +2.217450589e+05 -7.7100e-01 -3.3647e+00 -2.2366e-01 +2.1825e+00 -8.4877e-01 +7.6624e-01 -2.5405e+00 +1.8508e+00 -5.0404e-01 -3.9330e-01 +2.7912e+00 +1.6981e-01 -3.4639e-01 +2.1049e+00 +1.4496e+00 +3.4115e-01 +8.2026e-02 +1.5164e+00 +6.2266e-01 -2.1516e+00
304 0 +1.928917330e+05 +1.929897630e+05 +1.929897630e+05 -1.5700e+00 -2.4820e+00 -1.0037e-01 +1.9205e+00 -1.9772e-01 +3.7852e-01 -1.6324e+00 +1.7571e+00 -6.2815e-01 -2.5735e-01 +2.0072e+00 +8.5537e-01 -9.1501e-01 +1.9609e+00 +9.5870e-01 -6.5043e-01 +6.1170e-01 +9.5714e-01 +1.6409e+00 -1.7526e+00
563 0 +1.883824469e+05 +1.884804769e+05 +1.884804769e+05 -1.1098e+00 -3.1032e+00 -2.1507e-01 +2.0579e+00 -4.7319e-01 +7.8081e-01 -2.2493e+00 +1.7133e+00 -6.2858e-01 -2.5431e-01 +2.5813e+00 +2.9644e-01 -6.4247e-01 +2.1078e+00 +1.7431e-01 -9.1567e-02 +2.2730e-01 +1.3120e+00 +1.0508e+00 -2.0527e+00
813 0 +1.828283090e+05 +1.829263390e+05 +1.829263390e+05 -1.3532e+00 -2.7749e+00 -1.5228e-01 +1.9874e+00 -3.2753e-01 +5.6523e-01 -1.9239e+00 +1.7355e+00 -6.2837e-01 -2.5648e-01 +2.2775e+00 +5.9131e-01 -7.8654e-01 +2.0298e+00 +2.2022e-01 -3.8831e-01 +4.2912e-01 +1.1227e+00 +1.3631e+00 -1.8927e+00
862 0 +1.816721565e+05 +1.817701865e+05 +1.817701865e+05 -1.5607e+00 -2.4951e+00 -9.9409e-02 +1.6960e+00 -2.0325e-01 +3.7519e-01 -1.6463e+00 +1.7545e+00 -6.2826e-01 -2.5808e-01 +8.6459e-01 +8.4276e-01 -9.0944e-01 +1.9634e+00 +9.6720e-01 -6.4097e-01 +6.0154e-01 +9.6188e-01 +1.6292e+00 -1.7567e+00
962 0 +1.604744927e+05 +1.605725227e+05 +1.605725227e+05 -1.1098e+00 -3.1032e+00 -2.1507e-01 +2.0579e+00 -4.7319e-01 +7.8081e-01 -2.2493e+00 +1.7133e+00 -6.2858e-01 -2.5431e-01 +3.6157e-01 +2.9644e-01 -6.4247e-01 +2.1078e+00 +1.7431e-01 -9.1567e-02 +2.2730e-01 +1.3120e+00 +1.0508e+00 -2.0527e+00
1514 0 +1.577948604e+05 +1.578928904e+05 +1.578928904e+05 -1.1789e+00 -3.0101e+00 -1.9729e-01 +2.0286e+00 -4.3186e-01 +7.1947e-01 -2.1570e+00 +1.7196e+00 -6.2853e-01 -2.5491e-01 +7.3822e-02 +3.8010e-01 -6.8334e-01 +2.0857e+00 +2.1545e-01 -1.7573e-01 +2.8457e-01 +1.2576e+00 +1.1394e+00 -2.0074e+00
% f evaluations | g evaluations | best noise-free fitness - Fopt (1.000000000000e+03) + sum g_i+ | measured fitness | best measured fitness or single-digit g-values | x1 | x2...
1 0 +1.454847507e+06 +1.455847507e+06 +1.455847507e+06 +3.4235e+00 -2.9087e+00 -2.4817e-01 -3.9178e+00 -3.0617e+00 -3.1626e+00 -4.0509e+00 +3.5879e+00 +1.1294e+00 +9.9837e-01 -8.4802e-01 -1.0529e+00 +2.9109e+00 -2.1382e+00 +3.5234e+00 -3.9287e+00 +4.9345e+00 -1.7179e+00 -3.3014e-01 -4.4021e+00
2 0 +2.716602444e+05 +2.726602444e+05 +2.726602444e+05 -4.6764e+00 +4.0810e+00 +1.1716e+00 +2.3343e-01 -4.8257e+00 +4.6138e+00 -1.8896e+00 -3.7767e-01 -3.1712e+00 -4.8659e+00 +6.7637e-01 -1.6030e+00 +2.2822e+00 +2.5236e+00 +3.0684e+00 +2.3857e+00 -4.0356e+00 -4.2911e+00 +9.8109e-01 -4.4833e+00
108 0 +2.329819898e+05 +2.339819898e+05 +2.339819898e+05 -4.4733e+00 +3.7732e+00 +8.5235e-01 -1.6938e-01 -4.2144e+00 +3.7569e+00 -1.4232e+00 -6.9190e-01 -2.2425e+00 -4.0965e+00 +8.6077e-01 -1.5088e+00 +1.8563e+00 +2.6905e+00 +2.4129e+00 +1.9591e+00 -3.7944e+00 -3.5531e+00 +4.2516e-01 -4.0622e+00
152 0 +2.063297073e+05 +2.073297073e+05 +2.073297073e+05 -1.1492e+00 +2.5840e-01 +1.5940e-01 -6.2806e-01 +2.9413e-01 +9.7811e-01 -9.1090e-01 -1.6641e+00 +1.2224e+00 +5.0987e-01 +1.1625e+00 -2.2531e+00 -2.4279e+00 +3.3721e+00 -1.1639e+00 +1.9556e+00 -3.3477e+00 +1.6284e+00 -1.8926e+00 -1.0118e+00
153 0 +1.745486580e+05 +1.755486580e+05 +1.755486580e+05 -3.5267e+00 +2.7723e+00 +6.5502e-01 -3.0000e-01 -2.9305e+00 +2.9656e+00 -1.2773e+00 -9.6874e-01 -1.2558e+00 -2.7848e+00 +9.4669e-01 -1.7208e+00 +6.3630e-01 +2.8846e+00 +1.3944e+00 +1.9581e+00 -3.6672e+00 -2.0775e+00 -2.3488e-01 -3.1935e+00
154 0 +1.557848665e+05 +1.567848665e+05 +1.567848665e+05 -3.5885e+00 +2.3245e+00 -3.6618e-02 -8.2748e-01 -1.8938e+00 +1.6955e+00 -6.4653e-01 -1.4339e+00 -1.1490e-01 -1.4741e+00 +1.4912e+00 -2.0440e+00 +6.5456e-02 +3.0693e+00 +6.6029e-01 +1.6523e+00 -3.4859e+00 -9.5574e-01 -1.1455e+00 -2.9282e+00
155 0 +1.543164220e+05 +1.553164220e+05 +1.553164220e+05 -3.6434e+00 +2.4132e+00 +2.4425e-02 -7.7388e-01 -2.0419e+00 +1.8430e+00 -7.0933e-01 -1.3806e+00 -2.6931e-01 -1.6454e+00 +1.4500e+00 -2.0217e+00 +1.7745e-01 +3.0418e+00 +7.8195e-01 +1.6894e+00 -3.5137e+00 -1.1242e+00 -1.0380e+00 -3.0068e+00
304 0 +1.356612102e+05 +1.366612102e+05 +1.366612102e+05 -2.6891e+00 +2.3105e+00 +1.1109e-02 -1.5492e-01 -2.2087e+00 +1.6686e+00 -1.1523e+00 -1.4535e+00 -7.1655e-01 -1.5338e+00 +1.7827e+00 -1.4004e+00 -4.9272e-01 +2.8960e+00 -2.8985e-02 +1.1392e+00 -3.3058e+00 -1.5548e+00 -4.5386e-01 -2.6105e+00
561 0 +1.336115431e+05 +1.346115431e+05 +1.346115431e+05 -2.8498e+00 +2.3366e+00 +2.1359e-01 -3.3761e-03 -2.3354e+00 +1.9478e+00 -1.1423e+00 -1.2992e+00 -8.7312e-01 -3.4593e-01 +1.5577e+00 -1.4177e+00 -2.8104e-01 +2.8640e+00 +2.9504e-01 +1.2666e+00 -3.2989e+00 -1.5873e+00 -4.2047e-01 -2.5473e+00
613 0 +1.277841614e+05 +1.287841614e+05 +1.287841614e+05 -2.6694e+00 +2.2842e+00 +1.3008e-02 -1.6098e-01 -2.1766e+00 +1.6598e+00 -1.1492e+00 -1.4562e+00 -6.9172e-01 -1.5076e+00 +1.7748e+00 -1.4113e+00 -5.1750e-01 +2.9021e+00 -4.3518e-02 +1.1331e+00 -3.3063e+00 -1.5140e+00 -1.8404e-01 -2.5900e+00
813 0 +1.238640232e+05 +1.248640232e+05 +1.248640232e+05 -2.7873e+00 +2.3207e+00 +1.4152e-01 -5.9174e-02 -2.2820e+00 +1.8456e+00 -1.1451e+00 -1.3551e+00 -8.1084e-01 -7.6495e-01 +1.6363e+00 -1.4142e+00 -3.6305e-01 +9.7293e-01 +1.7534e-01 +1.2195e+00 -3.3015e+00 -1.5655e+00 -3.6519e-01 -2.5649e+00
858 0 +1.229500623e+05 +1.239500623e+05 +1.239500623e+05 -2.7676e+00 +2.3152e+00 +1.1247e-01 -8.6292e-02 -2.2597e+00 +1.8056e+00 -1.1439e+00 -1.3775e+00 -7.8278e-01 -9.2408e-01 +1.6660e+00 -1.4166e+00 -3.9138e-01 +1.5872e+00 +1.3174e-01 +1.2065e+00 -3.3042e+00 -1.5545e+00 -3.9019e-01 -2.5750e+00
1160 0 +1.179301213e+05 +1.189301213e+05 +1.189301213e+05 -1.4840e+00 +2.3069e+00 +8.5849e-02 -1.0628e-01 -2.2374e+00 +1.7666e+00 -1.1453e+00 -1.3985e+00 -7.5841e-01 -1.0803e+00 +1.6951e+00 -1.4152e+00 -4.2514e-01 +1.9391e+00 +8.4832e-02 +1.1869e+00 -3.3048e+00 -1.5437e+00 -3.3482e-01 -2.5790e+00
1214 0 +1.172433937e+05 +1.182433937e+05 +1.182433937e+05 -1.1934e+00 +2.3143e+00 +1.0962e-01 -8.8410e-02 -2.2573e+00 +1.8014e+00 -1.1440e+00 -1.3797e+00 -7.8018e-01 -9.4087e-01 +1.6691e+00 -1.4164e+00 -3.9210e-01 +1.6324e+00 +1.3886e-02 +1.2044e+00 -3.3043e+00 -1.5533e+00 -3.8390e-01 -2.5754e+00
1411 0 +1.034825151e+05 +1.044825151e+05 +1.044825151e+05 -1.1934e+00 +2.3143e+00 +1.0962e-01 -8.8410e-02 -1.6933e+00 +1.8014e+00 -1.1440e+00 -1.3797e+00 -7.8018e-01 -9.4087e-01 +1.6691e+00 -1.4164e+00 -3.9210e-01 +9.1976e-01 +1.3886e-02 +1.2044e+00 -3.3043e+00 -1.5533e+00 -3.8390e-01 -2.5754e+00
1611 0 +8.949850869e+04 +9.049850869e+04 +9.049850869e+04 -1.3221e+00 +2.3135e+00 +1.0733e-01 -9.0124e-02 -1.9777e-01 +1.7981e+00 -1.1442e+00 -1.3815e+00 -7.7808e-01 -9.3338e-01 +1.6716e+00 -1.4163e+00 -3.9427e-01 +1.6645e+00 +2.7894e-02 +1.2027e+00 -3.3043e+00 -1.5524e+00 -3.7905e-01 -2.5757e+00
1653 0 +8.545727039e+04 +8.645727039e+04 +8.645727039e+04 -1.2933e+00 +2.3137e+00 +1.0784e-01 -8.9740e-02 -5.3329e-01 +1.7988e+00 -1.1441e+00 -1.3811e+00 -7.7855e-01 -9.3506e-01 +1.6711e+00 -1.4163e+00 -3.9379e-01 +1.4975e+00 +2.4751e-02 +1.2031e+00 -3.3043e+00 -1.5526e+00 -3.8014e-01 -2.5757e+00
1658 0 +8.478945375e+04 +8.578945375e+04 +8.578945375e+04 -1.2740e+00 +2.3138e+00 +1.0819e-01 -8.9483e-02 -7.5739e-01 +1.7993e+00 -1.1441e+00 -1.3809e+00 -7.7886e-01 -9.3618e-01 +1.6707e+00 -1.4164e+00 -3.9346e-01 +1.3859e+00 +2.2652e-02 +1.2033e+00 -3.3043e+00 -1.5527e+00 -3.8086e-01 -2.5756e+00
1713 0 +7.954541569e+04 +8.054541569e+04 +8.054541569e+04 -1.2740e+00 +2.3138e+00 +1.0819e-01 -8.9483e-02 -7.5739e-01 +1.7993e+00 -1.1441e+00 -1.3809e+00 -7.7886e-01 -9.3618e-01 +1.6707e+00 -1.4164e+00 -3.9346e-01 +1.3859e+00 +2.2652e-02 +1.2033e+00 -3.3043e+00 -1.5527e+00 -2.1179e-01 -2.5756e+00
1862 0 +7.471705311e+04 +7.571705311e+04 +7.571705311e+04 -1.2683e+00 +2.3138e+00 +1.0829e-01 -8.9408e-02 -8.2298e-01 +1.7995e+00 -1.1441e+00 -1.3808e+00 -7.7896e-01 -9.3651e-01 +1.6706e+00 -1.4164e+00 -3.9337e-01 +1.3532e+00 +2.2038e-02 +1.2034e+00 -3.3043e+00 -1.5528e+00 -2.4265e-02 -2.5756e+00
% f evaluations | g evaluations | best noise-free fitness - Fopt (1.490000000000e+00) + sum g_i+ | measured fitness | best measured fitness or single-digit g-values | x1 | x2...
1 0 +6.615085848e+05 +6.615100748e+05 +6.615100748e+05 +1.5155e+00 -9.0632e-01 -1.7101e+00 +7.0641e-01 +4.9757e+00 +2.9510e+00 +1.1960e+00 -1.6028e+00 -4.9216e+00 -4.4678e+00 +4.3262e+00 -3.2256e+00 -4.1115e+00 -3.8353e+00 +1.1451e+00 -9.1312e-02 +2.4804e+00 +4.4718e+00 -3.1916e+00 +2.9003e+00
8 0 +4.612689096e+05 +4.612703996e+05 +4.612703996e+05 -4.1910e+00 -3.0726e+00 +3.3570e+00 +2.3010e+00 +1.3532e-01 +4.1492e+00 -2.2269e+00 +4.7165e+00 +2.3281e+00 -1.5361e+00 -1.0479e+00 -1.4427e+00 +1.7764e+00 -1.8194e+00 -4.6758e+00 -2.7329e+00 +3.1468e-01 +4.5464e+00 -3.9412e+00 -2.0593e+00
28 0 +2.895344409e+05 +2.895359309e+05 +2.895359309e+05 -7.4137e-01 -3.2493e+00 +2.0953e+00 +3.8309e+00 +2.5459e+00 +4.8383e+00 -2.1110e+00 +4.6298e+00 +4.0455e-01 +1.4927e+00 -7.1307e-01 -2.9125e+00 +3.9682e+00 -2.4624e+00 -7.9670e-01 -3.3171e+00 +3.0467e-01 +4.7382e+00 -1.4480e+00 +2.7256e+00
57 0 +1.794548467e+05 +1.794563367e+05 +1.794563367e+05 +1.1845e-01 -1.7347e+00 +1.3205e+00 +1.3849e+00 +1.8767e+00 +3.2259e+00 -2.3847e+00 +4.6163e+00 +4.3217e-01 +1.4788e+00 +8.0701e-02 -1.2335e-01 +8.3470e-01 -2.9780e+00 -1.3059e+00 -2.9414e+00 +4.3888e-01 +2.9533e+00 -1.7772e+00 +1.5616e+00
112 0 +1.569071427e+05 +1.569086327e+05 +1.569086327e+05 +1.1845e-01 -1.7347e+00 +1.3205e+00 +1.3849e+00 +1.8767e+00 +3.2259e+00 -2.3847e+00 +4.6163e+00 +4.3217e-01 +2.0643e-01 +8.0701e-02 -1.2335e-01 +8.3470e-01 -2.9780e+00 -1.3059e+00 -2.9414e+00 +4.3888e-01 +2.9533e+00 -1.7772e+00 +1.5616e+00
152 0 +1.516787305e+05 +1.516802205e+05 +1.516802205e+05 +1.8448e-01 -1.6397e+00 +1.2985e+00 +1.3840e+00 +1.8305e+00 +3.1420e+00 -2.3864e+00 +4.5833e+00 +4.3158e-01 +1.5336e-01 +1.3018e-01 -5.8962e-02 +7.7388e-01 -2.9185e+00 -1.2024e+00 -2.8072e+00 +4.4265e-01 +2.9218e+00 -1.7760e+00 +1.6096e+00
353 0 +1.353201166e+05 +1.353216066e+05 +1.353216066e+05 +1.3712e+00 +6.7753e-02 +9.0314e-01 +1.3679e+00 +9.9971e-01 +1.6347e+00 -2.4157e+00 +3.9912e+00 +4.2087e-01 -8.0061e-01 +1.0196e+00 +1.0983e+00 +4.0146e-02 -1.8479e+00 +6.5728e-01 -3.9426e-01 +5.1047e-01 +2.3542e+00 -1.7549e+00 +2.4729e+00
408 0 +1.333012754e+05 +1.333027654e+05 +1.333027654e+05 +1.1820e+00 -1.8237e-01 +9.2723e-01 +1.1762e+00 +1.1268e+00 +1.8335e+00 -2.4312e+00 +4.1188e+00 +4.2540e-01 -4.8155e-01 +8.8966e-01 +1.0694e+00 -6.6276e-02 -2.1216e+00 +2.1263e-01 -8.8851e-01 +5.0644e-01 +2.3351e+00 -1.7857e+00 +2.1925e+00
456 0 +1.257726055e+05 +1.257740955e+05 +1.257740955e+05 +9.8475e-01 -4.8739e-01 +1.0303e+00 +1.3652e+00 +1.2700e+00 +2.1239e+00 -2.4070e+00 +4.1854e+00 +4.2447e-01 -4.8314e-01 +7.3041e-01 +7.2780e-01 +2.6998e-01 -2.2007e+00 +4.5625e-02 -1.1845e+00 +4.8866e-01 +2.5346e+00 -1.7629e+00 +2.1859e+00
663 0 +1.206849559e+05 +1.206864459e+05 +1.206864459e+05 +5.5644e-01 -1.0963e+00 +1.1601e+00 +1.3065e+00 +1.5681e+00 +2.6541e+00 -2.4031e+00 +4.4101e+00 +1.1418e-01 -8.3394e-02 +4.1339e-01 +3.6181e-01 +4.6059e-01 -2.6213e+00 -6.7475e-01 -6.3992e-01 +4.6644e-01 +2.7030e+00 -1.7797e+00 +1.8270e+00
811 0 +1.189893820e+05 +1.189908720e+05 +1.189908720e+05 +8.3866e-01 -6.9463e-01 +1.0738e+00 +1.3412e+00 +1.3716e+00 +2.3039e+00 -2.4061e+00 +4.2627e+00 +3.3827e-01 -3.4338e-01 +6.2252e-01 +6.0614e-01 +3.3044e-01 -2.3463e+00 -2.0311e-01 -3.4693e-02 +4.8122e-01 +2.5898e+00 -1.7692e+00 +2.0606e+00
1512 0 +1.174258008e+05 +1.174272908e+05 +1.174272908e+05 +8.3812e-01 -6.9524e-01 +1.0044e+00 +1.3300e+00 +1.3719e+00 +2.3043e+00 -2.4062e+00 +4.2627e+00 +3.3962e-01 -3.4174e-01 +6.2220e-01 +6.0674e-01 +3.2916e-01 -2.3475e+00 -2.0503e-01 -5.9788e-02 +4.8124e-01 +2.5892e+00 -1.7694e+00 +1.1587e+00
% f evaluations | g evaluations | best noise-free fitness - Fopt (5.963500000000e+02) + sum g_i+ | measured fitness | best measured fitness or single-digit g-values | x1 | x2...
1 0 +1.745402388e+06 +1.745998738e+06 +1.745998738e+06 -2.7207e+00 +4.4768e+00 -1.4893e+00 +3.3795e+00 +2.2351e+00 -4.2386e+00 +2.8485e+00 -2.4778e+00 -4.9146e+00 +7.0392e-01 +4.7952e+00 +3.2331e+00 +3.5409e+00 +3.5269e+00 -4.8112e+00 +1.6282e+00 -2.7961e+00 +4.3224e+00 -2.1889e-01 -3.0927e+00
2 0 +1.023502231e+06 +1.024098581e+06 +1.024098581e+06 -4.5619e+00 +3.1689e+00 -1.8213e+00 -1.5103e+00 +3.9688e+00 +2.7973e+00 -3.6337e+00 -4.4783e+00 +4.2743e-01 -2.3130e+00 +4.2594e-01 +2.0155e+00 +4.4642e+00 +8.3933e-01 -2.6280e+00 -3.6977e+00 +1.6019e+00 -1.8736e+00 +4.1517e-01 +4.0866e-01
12 0 +8.386966794e+05 +8.392930294e+05 +8.392930294e+05 -3.5293e+00 -3.4410e+00 +2.5440e+00 +1.8134e+00 -2.3281e+00 -2.6229e+00 -2.3309e+00 -1.2313e+00 +3.4498e+00 -2.9924e+00 -4.0154e+00 +3.5234e+00 +3.9962e+00 -4.0726e+00 +2.9160e+00 -1.0077e+00 -1.0596e+00 -1.9746e-01 -4.9079e+00 +4.1614e+00
15 0 +7.570593454e+05 +7.576556954e+05 +7.576556954e+05 -3.4919e+00 -3.7534e+00 -2.8987e-01 -3.4499e-01 -8.1617e-01 +1.4910e+00 +2.4346e-02 +3.4601e+00 -8.3118e-01 +3.9618e-01 -6.9125e-01 -2.6426e+00 -1.5324e+00 -6.6871e-01 -2.9164e+00 -4.4616e+00 -1.3693e+00 +1.1984e+00 -1.5820e+00 +4.2473e+00
23 0 +6.733134827e+05 +6.739098327e+05 +6.739098327e+05 -1.7361e+00 -3.0342e+00 +4.4446e+00 +3.2028e+00 -3.5513e+00 -2.3745e+00 +1.3364e+00 +2.9344e+00 -8.2254e-01 -1.5539e+00 +1.0260e+00 +2.8766e-01 +3.8385e+00 +1.0447e+00 -2.2677e-01 +2.6277e+00 -1.6360e+00 -4.0139e+00 -2.2805e+00 -3.9283e+00
36 0 +6.482709766e+05 +6.488673266e+05 +6.488673266e+05 +2.9750e+00 -4.3136e+00 -3.8010e+00 +1.9710e+00 +1.2236e+00 +2.4958e-01 -2.1927e+00 +3.8806e+00 -5.3652e-01 -1.5605e+00 -4.7502e+00 +4.7577e+00 +3.1453e+00 +1.7646e+00 -4.2152e+00 -3.1602e+00 +7.7181e-01 -2.2865e-01 -4.9239e+00 -2.8744e+00
55 0 +6.005283246e+05 +6.011246746e+05 +6.011246746e+05 +2.6846e+00 -4.2746e+00 -3.5177e+00 +1.9639e+00 +1.0650e+00 +1.2133e-01 -2.1988e+00 +3.6523e+00 -3.5853e-01 -1.6244e+00 -4.7174e+00 +4.7026e+00 +3.1833e+00 +1.5039e+00 -3.8968e+00 -3.0641e+00 +6.9004e-01 -2.2726e-01 -4.9232e+00 -2.5602e+00
154 0 +5.760054417e+05 +5.766017917e+05 +5.766017917e+05 -1.3469e+00 -3.6221e+00 +2.4594e-01 +1.3104e+00 -1.0657e+00 -2.6710e+00 -2.4115e+00 -5.0795e-02 +7.5687e-01 +5.3466e-01 -2.2175e+00 +2.9629e+00 +1.8839e+00 -1.4367e+00 +1.7816e-01 -7.5261e-01 -1.6778e+00 -1.0360e+00 -2.7497e+00 +4.7034e-01
155 0 +5.540576183e+05 +5.546539683e+05 +5.546539683e+05 +1.0900e+00 -3.4174e+00 -1.9616e-01 +2.0114e+00 -1.8681e-01 -9.6395e-01 -1.8147e+00 +2.4854e+00 -3.8887e-01 -8.8218e-02 -1.3132e+00 +3.2997e+00 +1.7387e+00 +1.0229e+00 -1.2096e+00 -4.2091e-01 -1.2849e+00 -1.2496e+00 -1.9204e+00 -3.2021e-01
406 0 +4.814122130e+05 +4.820085630e+05 +4.820085630e+05 +1.7169e-01 -3.4374e+00 +3.1392e-01 +1.9783e+00 -6.0554e-01 -1.2702e+00 -1.9242e+00 +1.7529e+00 +4.1631e-01 -7.5216e-01 -1.9498e+00 +3.3824e+00 +1.4723e+00 -2.0536e-02 -4.0397e-01 -5.0591e-01 -1.1890e+00 -1.0060e+00 -2.6108e+00 +5.8028e-01
504 0 +4.767192540e+05 +4.773156040e+05 +4.773156040e+05 -1.9377e-01 -3.4509e+00 +4.8339e-01 +1.9426e+00 -7.6364e-01 -1.4250e+00 -1.9790e+00 +1.4396e+00 +7.0027e-01 -9.2859e-01 -2.1742e+00 +3.3948e+00 +1.3977e+00 -4.2439e-01 -1.1095e-01 -6.4813e-01 -1.1746e+00 -9.2496e-01 -2.8486e+00 +8.7980e-01
710 0 +4.643597991e+05 +4.649561491e+05 +4.649561491e+05 -1.9377e-01 -3.4509e+00 +4.8339e-01 +1.9426e+00 -7.6364e-01 -1.4250e+00 -1.9790e+00 +1.4396e+00 +7.0027e-01 -3.3064e-01 -2.1742e+00 +3.3948e+00 +1.3977e+00 -4.2439e-01 -1.1095e-01 -6.4813e-01 -1.1746e+00 -9.2496e-01 -2.8486e+00 +8.7980e-01
862 0 +4.430172774e+05 +4.436136274e+05 +4.436136274e+05 -1.9377e-01 -3.4509e+00 +4.8339e-01 +1.9426e+00 -1.4873e-02 -1.4250e+00 -1.9790e+00 +1.4396e+00 +7.0027e-01 -1.2010e-01 -2.1742e+00 +3.3948e+00 +1.3977e+00 -4.2439e-01 -1.1095e-01 -6.4813e-01 -1.1746e+00 -9.2496e-01 -2.8486e+00 +8.7980e-01
910 0 +4.005334566e+05 +4.011298066e+05 +4.011298066e+05 +1.1031e-01 -2.0091e-02 +3.5807e-01 +1.9822e+00 -6.3604e-01 -1.2821e+00 -1.9282e+00 +1.7098e+00 +4.7919e-01 -8.1869e-01 -1.9979e+00 +3.3926e+00 +1.4473e+00 -9.2700e-02 -3.4218e-01 -5.8964e-01 -1.1772e+00 -9.8609e-01 -2.6649e+00 +6.5646e-01
1003 0 +3.951488469e+05 +3.957451969e+05 +3.957451969e+05 -2.4264e-03 -1.2920e+00 +4.0453e-01 +1.9675e+00 -6.8335e-01 -1.3351e+00 -1.9471e+00 +1.6097e+00 +5.6116e-01 -8.5944e-01 -2.0633e+00 +3.3934e+00 +1.4289e+00 -2.1567e-01 -2.5645e-01 -6.1132e-01 -1.1762e+00 -9.6343e-01 -2.7330e+00 +7.3926e-01
1058 0 +3.871620470e+05 +3.877583970e+05 +3.877583970e+05 -1.3920e-02 -1.4638e+00 +4.0882e-01 +1.9657e+00 -4.0036e-01 -1.3409e+00 -1.9491e+00 +1.5992e+00 +5.6906e-01 -6.2267e-01 -2.0696e+00 +3.3933e+00 +1.4275e+00 -2.2807e-01 -2.4807e-01 -6.1360e-01 -1.1764e+00 -9.6131e-01 -2.7395e+00 +7.4696e-01
1113 0 +3.772547507e+05 +3.778511007e+05 +3.778511007e+05 -2.4264e-03 -1.2920e+00 +4.0453e-01 +1.9675e+00 -6.8335e-01 -1.3351e+00 -1.9471e+00 +1.6097e+00 +5.6116e-01 -8.5944e-01 -2.0633e+00 +3.3934e+00 +7.6002e-02 -2.1567e-01 -2.5645e-01 -6.1132e-01 -1.1762e+00 -9.6343e-01 -2.7330e+00 +7.3926e-01
1410 0 +3.672356646e+05 +3.678320146e+05 +3.678320146e+05 -2.7573e-02 -1.5819e+00 +4.1483e-01 +1.9642e+00 -5.9733e-01 -1.3469e+00 -1.9513e+00 +1.5873e+00 +5.7937e-01 -8.6836e-01 -2.0778e+00 +3.3936e+00 +5.0935e-01 -2.4308e-01 -2.3738e-01 -6.1617e-01 -1.9202e-01 -9.5840e-01 -2.7481e+00 +7.5763e-01
1761 0 +3.569204763e+05 +3.575168263e+05 +3.575168263e+05 -2.7573e-02 -1.5819e+00 +4.1483e-01 +1.9642e+00 -5.9733e-01 -1.3469e+00 -1.4110e+00 +1.5873e+00 +5.7937e-01 -8.6836e-01 -2.0778e+00 +3.3936e+00 +5.0935e-01 -2.4308e-01 -2.3738e-01 -6.1617e-01 -1.9202e-01 -9.5840e-01 -2.7481e+00 +4.8526e-01
1811 0 +3.535972247e+05 +3.541935747e+05 +3.541935747e+05 -2.7573e-02 -1.5819e+00 +4.1483e-01 +1.9642e+00 -5.9733e-01 -6.7265e-01 -1.9513e+00 +1.5873e+00 +5.7937e-01 -8.6836e-01 -2.0778e+00 +3.3936e+00 +5.0935e-01 -2.4308e-01 -2.3738e-01 -6.1617e-01 -1.9202e-01 -9.5840e-01 -2.7481e+00 +3.8949e-01
% f evaluations | g evaluations | best noise-free fitness - Fopt (-1.189700000000e+02) + sum g_i+ | measured fitness | best measured fitness or single-digit g-values | x1 | x2...
1 0 +2.759715948e+06 +2.759596978e+06 +2.759596978e+06 +1.1089e+00 -3.2741e+00 +2.1557e+00 +3.1705e+00 -9.2055e-01 +2.8168e+00 -4.3585e+00 -3.6256e+00 -3.0531e+00 +4.0447e+00 -3.1340e+00 -4.4938e+00 +4.8495e+00 -3.7147e+00 +8.5827e-01 -4.8225e+00 +1.3555e+00 -4.2565e+00 +4.0592e+00 -1.6631e+00
2 0 +2.038200972e+06 +2.038082002e+06 +2.038082002e+06 +4.5440e+00 -4.3008e+00 +6.7491e-03 -4.5262e+00 -3.2865e+00 -1.4666e+00 -2.2970e+00 -7.9717e-01 -1.6794e+00 +3.9025e+00 +2.7000e+00 +2.5797e+00 +2.1524e+00 +3.2028e+00 +4.0104e+00 +2.1161e+00 -1.9498e-02 +9.0948e-01 +3.5932e+00 +2.0405e+00
4 0 +1.787582124e+06 +1.787463154e+06 +1.787463154e+06 +2.8088e+00 -2.8204e+00 -3.5617e+00 -4.5336e+00 +1.1876e+00 -3.4851e+00 +3.9740e+00 +3.2570e+00 +5.6058e-01 -3.3154e+00 -3.8986e+00 +3.1917e+00 +3.9756e+00 -3.7087e+00 -3.3077e+00 +1.5464e-01 +2.9318e+00 +4.4550e+00 +1.8444e+00 +3.2958e+00
7 0 +1.204197013e+06 +1.204078043e+06 +1.204078043e+06 -6.6093e-02 -3.7728e+00 +6.2750e-01 -1.8785e+00 +3.3372e+00 -4.2914e+00 +3.2138e-02 -5.2337e-01 +1.4652e+00 +1.9914e-01 +4.2770e+00 -2.9915e-01 +1.7100e+00 -4.1188e+00 -1.5043e+00 +1.0859e+00 +4.7024e+00 +4.7108e+00 -2.6386e+00 -3.9260e+00
16 0 +8.252204984e+05 +8.251015284e+05 +8.251015284e+05 +3.2820e+00 -1.4765e+00 +2.7222e-01 -1.4142e+00 +2.0719e+00 -1.5484e+00 -1.8466e+00 +2.9832e+00 +1.2342e+00 -3.3483e+00 -3.4876e+00 -2.6870e+00 -2.6035e+00 +2.0138e+00 -2.5010e+00 -2.7574e-01 +2.3561e+00 +2.0344e+00 +6.5920e-01 +1.3568e+00
104 0 +8.022994186e+05 +8.021804486e+05 +8.021804486e+05 +2.9928e+00 -1.3550e+00 +3.7907e-01 -1.2720e+00 +2.0678e+00 -1.6189e+00 -1.9199e+00 +2.8778e+00 +1.2342e+00 -3.1803e+00 -3.4050e+00 -2.7362e+00 -2.4918e+00 +2.0952e+00 -2.4699e+00 -4.3673e-01 +2.1880e+00 +2.1073e+00 +4.9681e-01 +1.2230e+00
153 0 +7.728362276e+05 +7.727172576e+05 +7.727172576e+05 -1.5565e+00 -2.1412e+00 -3.1638e-02 +1.3389e+00 +1.7209e+00 -3.5506e+00 -8.0263e-01 +1.8561e+00 +1.7278e+00 +1.8632e-01 -1.1680e+00 -2.5547e+00 -3.3286e+00 +1.4671e+00 -4.2841e-01 -1.2435e-01 +2.0101e+00 +2.1663e+00 -1.9197e+00 +1.6012e+00
155 0 +7.479950337e+05 +7.478760637e+05 +7.478760637e+05 -3.4525e-01 -2.2627e-01 -3.8051e-02 -4.9180e-01 +1.8103e+00 -4.3686e+00 -1.8111e+00 -1.2867e-01 +1.2785e-01 -8.8334e-01 -1.9725e+00 -2.9101e+00 -2.8710e+00 -1.0034e+00 +1.5553e+00 +6.5522e-01 -3.3684e-01 +9.0223e-01 -8.4606e-01 +1.1159e-01
202 0 +7.359810740e+05 +7.358621040e+05 +7.358621040e+05 -6.6034e-01 -7.1679e-01 +8.6538e-02 -1.3420e-02 +1.7833e+00 -4.2487e+00 -1.5245e+00 +4.0988e-01 +4.9333e-01 -5.6314e-01 -1.8156e+00 -2.8624e+00 -2.9655e+00 -4.6650e-01 +1.1562e+00 +3.9146e-01 +1.9523e-01 +1.3548e+00 -1.1970e+00 +3.1799e-01
207 0 +6.501730519e+05 +6.500540819e+05 +6.500540819e+05 -3.2169e-01 -9.8420e-01 +8.1578e-01 +1.7587e+00 +1.9670e+00 -3.3025e+00 -8.1477e-01 +1.4741e+00 +1.3737e+00 -2.5095e-01 -1.5435e+00 -1.3021e+00 -2.9501e+00 +2.9229e-01 +7.5243e-01 +8.1528e-01 +2.1513e+00 +1.6442e+00 -5.1146e-01 +1.9767e+00
408 0 +6.358307595e+05 +6.357117895e+05 +6.357117895e+05 +6.6434e-01 -1.1101e+00 +5.2332e-01 +4.4980e-01 +1.9727e+00 -2.9152e+00 -1.3061e+00 +1.8069e+00 +1.2270e+00 -1.2816e+00 -2.1693e+00 -2.0438e+00 -2.8163e+00 +8.1421e-01 -2.8735e-01 +2.9685e-01 +1.8692e+00 +1.7671e+00 -3.4256e-01 +1.4797e+00
612 0 +6.214237987e+05 +6.213048287e+05 +6.213048287e+05 -3.2169e-01 -9.8420e-01 +8.1578e-01 +1.7587e+00 +1.9670e+00 -3.3025e+00 -8.1477e-01 +1.4741e+00 +1.3737e+00 -2.5095e-01 -1.5435e+00 -1.3021e+00 -2.9501e+00 +2.9229e-01 +2.9670e-01 +8.1528e-01 +2.1513e+00 +1.6442e+00 -5.1146e-01 +1.4961e+00
710 0 +6.055604831e+05 +6.054415131e+05 +6.054415131e+05 +3.3704e-01 -2.2978e-01 +6.0980e-01 +8.5569e-01 +1.9685e+00 -3.0554e+00 -1.1547e+00 +1.6810e+00 +1.2620e+00 -9.4693e-01 -1.9679e+00 -1.8204e+00 -2.8601e+00 +6.3006e-01 +6.1955e-02 +4.6316e-01 +1.9341e+00 +1.7211e+00 -4.0542e-01 +1.5067e+00
861 0 +6.016538797e+05 +6.015349097e+05 +6.015349097e+05 -1.4948e-01 -9.1082e-01 +5.2361e-01 +9.0656e-01 +1.9167e+00 -3.4977e+00 -1.1547e+00 +1.2125e+00 +4.5316e-01 -6.0297e-01 -1.7734e+00 -1.9337e+00 -2.9197e+00 +1.6512e-01 +1.0842e-01 +5.8361e-01 +1.4856e+00 +1.5620e+00 -6.5683e-01 +1.2882e+00
1210 0 +5.833590220e+05 +5.832400520e+05 +5.832400520e+05 +3.4432e-01 -3.7618e-01 +5.9162e-01 +8.2134e-01 +1.9665e+00 -3.0629e+00 -1.1684e+00 +1.6709e+00 +1.2448e-01 -9.6141e-01 -1.9772e+00 -1.8457e+00 -2.8588e+00 +6.2537e-01 +5.1426e-02 +4.5368e-01 +1.9077e+00 +1.7179e+00 -4.1118e-01 +1.4966e+00
