% f evaluations | g evaluations | best noise-free fitness - Fopt (-5.494000000000e+01) + sum g_i+ | measured fitness | best measured fitness or single-digit g-values | x1 | x2...
1 0 +1.814478486e+07 +1.814472992e+07 +1.814472992e+07 -1.3150e+00 -4.4012e+00 +1.7539e+00 +3.3867e+00 -9.4785e-02 -1.1518e+00 +3.2787e+00 -3.1251e+00 -4.7262e+00 +1.0462e+00 -1.1449e+00 +1.0870e+00 +8.0371e-01 -4.6519e+00 +2.3690e+00 +5.4543e-01 +4.1211e+00 +1.3129e+00 +4.2521e+00 +3.9520e+00
2 0 +7.042555967e+06 +7.042501027e+06 +7.042501027e+06 +1.5896e+00 -3.1317e+00 +4.8729e+00 +4.9982e+00 +2.1145e+00 +7.3673e-01 +1.0211e+00 -2.9932e+00 -1.8098e+00 -1.6802e-01 +3.3579e-01 -2.0949e+00 -3.9465e+00 +1.0892e+00 -1.5434e+00 -7.3773e-01 -3.3183e+00 +2.1278e+00 -1.0428e+00 -1.7301e+00
6 0 +5.390616733e+06 +5.390561793e+06 +5.390561793e+06 -3.7852e+00 -2.9256e+00 -1.6105e+00 +2.5854e+00 +3.2583e+00 +2.2877e+00 -4.2994e+00 +4.9949e+00 -4.1025e+00 +4.6707e+00 -4.7323e+00 +1.6865e+00 -3.0298e+00 +2.1515e+00 -3.0213e+00 +2.0630e+00 -1.4572e+00 +1.7316e+00 -1.1936e+00 -4.3056e+00
8 0 +3.809508544e+06 +3.809453604e+06 +3.809453604e+06 +2.0832e+00 +4.0408e+00 -3.2300e+00 -4.8427e+00 +4.5656e+00 +4.1363e+00 +9.6980e-01 -9.3664e-01 -3.2518e+00 +1.4902e-01 -6.9442e-02 -7.5360e-01 +3.8957e+00 -1.9525e+00 +5.3653e-01 -1.1865e+00 +2.8480e+00 -4.6205e+00 -1.4072e+00 +1.0221e+00
46 0 +3.386986963e+06 +3.386932023e+06 +3.386932023e+06 -3.7965e+00 -3.8616e+00 -4.1155e-01 -6.8957e-01 +3.5702e+00 +9.8561e-01 +2.1891e+00 +3.2391e+00 +4.7453e+00 +1.5105e+00 +1.3145e+00 +4.1109e+00 +4.6400e+00 -4.6091e+00 -4.1104e+00 +2.5139e+00 -7.2828e-01 +3.9220e+00 -1.5046e+00 +2.9286e+00
53 0 +2.641453323e+06 +2.641398383e+06 +2.641398383e+06 +1.0108e+00 +2.4379e+00 -1.8829e+00 -4.4595e+00 +4.3308e+00 +2.3543e+00 +3.0317e-01 -1.3128e+00 -2.2090e+00 +9.6042e-01 -5.5228e-01 -1.8437e-01 +3.1944e+00 -1.6586e+00 +7.1184e-01 +2.6767e-01 +1.8528e+00 -2.9383e+00 -1.5765e+00 -8.4538e-02
104 0 +2.479789455e+06 +2.479734515e+06 +2.479734515e+06 -2.9805e+00 -2.7922e+00 -6.6131e-01 -1.3295e+00 +3.6994e+00 +1.2180e+00 +1.8689e+00 +2.4664e+00 +3.5648e+00 +1.4172e+00 +9.9756e-01 +3.3818e+00 +4.3946e+00 -4.1082e+00 -3.2918e+00 +2.1326e+00 -2.9013e-01 +2.7574e+00 -1.5168e+00 +2.4171e+00
105 0 +1.876822012e+06 +1.876767072e+06 +1.876767072e+06 +1.9470e-01 +1.3685e+00 -1.6331e+00 -3.8195e+00 +4.2017e+00 +2.1220e+00 +6.2332e-01 -5.4007e-01 -1.0284e+00 +1.0538e+00 -2.3539e-01 +5.4478e-01 +3.4398e+00 -2.1595e+00 -1.0678e-01 +6.4899e-01 +1.4146e+00 -1.7737e+00 -1.5643e+00 +4.2697e-01
108 0 +1.548745601e+06 +1.548690661e+06 +1.548690661e+06 -2.0283e+00 +8.8690e-01 -1.6061e+00 -2.6342e-01 +8.0509e-01 +2.8175e+00 -7.2453e-01 -1.9602e+00 -2.2869e+00 +2.2415e-01 +2.6646e-01 -1.3072e+00 +2.4359e+00 +3.6715e-03 -1.9413e-01 +8.5183e-01 +2.5529e+00 +2.4226e+00 +1.3303e+00 +3.1838e+00
154 0 +1.215645696e+06 +1.215590756e+06 +1.215590756e+06 -6.0232e-01 +2.7552e-01 -1.4435e+00 -3.2306e+00 +3.6710e+00 +1.7745e+00 +5.4268e-01 +3.3753e-01 -2.3851e-01 +1.0057e+00 -2.9084e-01 +1.0978e+00 +3.6556e+00 -2.1274e+00 -9.6556e-01 +9.4412e-01 +6.8532e-01 -9.1269e-01 -1.4101e+00 +8.8484e-01
205 0 +1.093455648e+06 +1.093400708e+06 +1.093400708e+06 -1.3035e+00 +1.0439e+00 -1.6149e+00 -1.4228e+00 +1.9125e+00 +2.5908e+00 -2.8510e-01 -1.4972e+00 -1.8766e+00 +4.9464e-01 +1.0284e-01 -7.0338e-01 +2.7632e+00 -7.0157e-01 -1.6565e-01 +7.8570e-01 +2.1818e+00 +1.0545e+00 +3.8661e-01 +2.2850e+00
208 0 +1.048733147e+06 +1.048678207e+06 +1.048678207e+06 -1.2998e+00 -6.8093e-01 -1.2776e+00 -2.7152e+00 +3.2065e+00 +1.4705e+00 +4.7211e-01 +1.1055e+00 +4.5272e-01 +9.6366e-01 -3.3936e-01 +1.5818e+00 +3.8445e+00 -2.0994e+00 -1.7171e+00 +1.2024e+00 +4.7127e-02 -1.5921e-01 -1.2751e+00 +1.2855e+00
307 0 +1.041765818e+06 +1.041710878e+06 +1.041710878e+06 -1.5828e-02 +5.0129e-01 -2.3596e+00 -1.4676e+00 +3.4575e-01 +3.0584e+00 -1.2045e+00 -1.7439e+00 -2.1359e+00 +8.6205e-01 +1.1572e+00 -6.1907e-01 +2.9555e+00 -1.0922e+00 +2.5654e-01 -1.5175e-02 +1.9688e+00 +2.1430e+00 +4.8573e-01 +2.1669e+00
308 0 +9.541100092e+05 +9.540550692e+05 +9.540550692e+05 -9.5277e-01 -8.4441e-01 -1.5479e+00 -2.4673e+00 +2.3685e+00 +1.6630e+00 +1.6755e-01 +8.9544e-01 +1.7583e-01 +9.7724e-01 +3.0587e-02 +1.3118e+00 +3.7089e+00 -1.9972e+00 -1.2757e+00 +8.2104e-01 +1.0201e-01 +5.7603e-01 -1.0438e+00 +1.3464e+00
613 0 +8.973958879e+05 +8.973409479e+05 +8.973409479e+05 -2.8131e-01 -1.1607e+00 -2.0710e+00 -1.9875e+00 +9.5679e-02 +2.0356e+00 -4.2174e-01 +4.8902e-01 -3.5994e-01 +1.0035e+00 +7.4641e-01 +7.8927e-01 +3.4464e+00 -1.7996e+00 -4.2177e-01 +8.3169e-02 +2.0821e-01 +1.9987e+00 -5.4286e-01 +1.4641e+00
664 0 +8.044089440e+05 +8.043540040e+05 +8.043540040e+05 -8.5214e-01 -8.9181e-01 -1.6263e+00 -2.3954e+00 +2.1255e+00 +1.7188e+00 +7.9244e-02 +8.3454e-01 +9.5540e-02 +9.8118e-01 +1.3786e-01 +1.2335e+00 +1.5838e+00 -1.9676e+00 -1.1478e+00 +7.1047e-01 +1.1792e-01 +7.8922e-01 -9.7671e-01 +1.3640e+00
759 0 +7.526733182e+05 +7.526183782e+05 +7.526183782e+05 -8.1827e-01 -9.0777e-01 -1.6527e+00 -2.3712e+00 +2.0051e+00 +1.7376e+00 +4.9515e-02 +8.1403e-01 +6.8511e-02 +9.8250e-01 +1.7397e-01 +1.2071e+00 +2.1673e+00 -1.9576e+00 -1.1047e+00 +6.7324e-01 +1.2328e-01 +8.6099e-01 -9.5097e-01 +1.3700e+00
1160 0 +7.329591475e+05 +7.329042075e+05 +7.329042075e+05 -8.2010e-01 -9.0691e-01 -1.6513e+00 -2.3725e+00 +2.0116e+00 +1.7366e+00 +5.1118e-02 +8.1514e-01 +6.9969e-02 +9.8243e-01 +5.5676e-03 +1.2085e+00 +2.2223e+00 -1.9582e+00 -1.1070e+00 +6.7525e-01 +1.2281e-01 +8.5712e-01 -9.4956e-01 +1.3696e+00
1211 0 +6.986016290e+05 +6.985466890e+05 +6.985466890e+05 -4.0940e-01 -1.1004e+00 -1.9712e+00 -2.0790e+00 +5.5115e-01 +1.9645e+00 -3.0932e-01 +5.6655e-01 -2.5774e-01 +9.9850e-01 +3.1589e-01 +8.8894e-01 +1.2226e+00 -1.8373e+00 -5.8467e-01 +2.2392e-01 +1.6217e-01 +1.7273e+00 -6.4021e-01 +1.4417e+00
1254 0 +6.869165964e+05 +6.868616564e+05 +6.868616564e+05 -4.7843e-01 -1.0679e+00 -1.9175e+00 -2.1284e+00 +7.9660e-01 +1.9262e+00 -2.4875e-01 +6.0833e-01 -2.0266e-01 +9.9580e-01 +2.9193e-01 +9.4266e-01 +1.3821e+00 -1.8576e+00 -6.7246e-01 +2.9978e-01 +1.5561e-01 +1.5810e+00 -6.9267e-01 +1.4296e+00
1363 0 +6.575733437e+05 +6.575184037e+05 +6.575184037e+05 -5.3573e-01 -1.0409e+00 -1.8728e+00 -4.2271e-02 +1.0004e+00 +1.8944e+00 -1.9845e-01 +6.4301e-01 -1.5694e-01 +9.9356e-01 +2.7204e-01 +9.8725e-01 +1.5145e+00 -1.8745e+00 -7.4533e-01 +3.6275e-01 +1.5016e-01 +1.4596e+00 -7.3622e-01 +1.4195e+00
1454 0 +6.254782861e+05 +6.254233461e+05 +6.254233461e+05 -5.1630e-01 -1.0500e+00 -1.8880e+00 -7.3293e-01 +9.3127e-01 +1.9052e+00 -2.1551e-01 +6.3125e-01 -1.7244e-01 +9.9432e-01 +2.7878e-01 +9.7213e-01 +1.4696e+00 -1.8688e+00 -7.2062e-01 +3.4140e-01 +1.2332e-01 +1.5008e+00 -7.2145e-01 +1.4229e+00
1614 0 +5.712101468e+05 +5.711552068e+05 +5.711552068e+05 -5.2328e-01 -1.0467e+00 -1.8825e+00 -4.8474e-01 +9.5610e-01 +1.9013e+00 -2.0938e-01 +6.3548e-01 -1.6687e-01 +9.9405e-01 +2.7636e-01 +9.7756e-01 +1.4858e+00 -1.8708e+00 -7.2950e-01 +3.4907e-01 +1.2705e-01 +1.4860e+00 -7.2676e-01 +6.3627e-01
% f evaluations | g evaluations | best noise-free fitness - Fopt (5.913000000000e+01) + sum g_i+ | measured fitness | best measured fitness or single-digit g-values | x1 | x2...
1 0 +1.553597617e+07 +1.553603530e+07 +1.553603530e+07 -1.3343e+00 +1.5842e-01 -3.3435e+00 -3.9454e+00 -3.8379e+00 -1.6769e+00 -1.5720e+00 +3.7218e+00 +1.4244e+00 -3.5524e+00 +1.0976e-01 +3.1597e+00 +2.7838e+00 -4.2418e+00 +4.2842e+00 +9.8261e-01 -4.9057e+00 +3.1387e+00 +2.1161e+00 -4.2430e+00
4 0 +5.056754291e+06 +5.056813421e+06 +5.056813421e+06 -3.9500e+00 -1.7085e+00 -3.8720e+00 -2.0252e+00 +2.3076e+00 -2.0514e+00 +1.2572e+00 -1.0274e+00 -1.9780e+00 -2.6923e+00 +6.7362e-01 -2.5122e+00 -2.0929e-02 +1.1910e-01 -2.4432e+00 -2.9099e+00 +2.0979e+00 +1.1582e+00 +2.6465e+00 +2.3965e+00
8 0 +4.583636998e+06 +4.583696128e+06 +4.583696128e+06 -9.6946e-01 +3.0912e+00 -4.6303e+00 -2.5734e+00 +2.1500e-01 +1.1933e+00 +4.1898e+00 +3.7242e+00 +4.3789e-01 -9.8340e-01 +2.4644e+00 +1.5488e+00 -9.4482e-01 +9.4940e-01 -2.3767e+00 -1.6360e-01 +3.1565e+00 +1.0292e+00 -4.3693e+00 -3.8460e+00
19 0 +3.827294935e+06 +3.827354065e+06 +3.827354065e+06 -1.0362e+00 +3.8435e+00 +1.9813e-02 -4.9477e+00 -1.1624e+00 +2.8211e+00 -3.4992e+00 +1.6257e+00 -2.4683e+00 +5.4139e-01 +2.6562e+00 -4.7920e+00 +2.0726e+00 +1.1237e+00 -4.9972e+00 -8.9830e-01 +3.4656e+00 +8.6752e-01 -6.4122e-01 -4.5964e+00
35 0 +3.500202673e+06 +3.500261803e+06 +3.500261803e+06 -3.4138e+00 -4.7505e+00 -2.7367e+00 +2.4315e+00 -2.3781e+00 +4.6655e+00 +2.6309e+00 +1.3777e+00 +3.8914e+00 +9.5040e-01 +1.4705e+00 +7.3858e-01 -1.6766e+00 +4.0291e+00 +1.2069e+00 +4.2268e+00 +2.3061e+00 +1.8324e+00 +2.3422e+00 +1.1946e+00
50 0 +3.363562259e+06 +3.363621389e+06 +3.363621389e+06 +2.6094e+00 +3.7788e+00 -1.4722e+00 -2.6967e+00 -3.6320e+00 -3.1603e+00 +2.0123e+00 -1.2940e+00 -2.8714e+00 +1.9656e+00 +4.4049e-01 +4.7313e-01 -1.3800e-01 +4.9113e+00 +3.3751e+00 +4.3898e+00 +2.6431e+00 +3.6992e+00 -4.0978e+00 +1.0173e+00
52 0 +2.265632601e+06 +2.265691731e+06 +2.265691731e+06 +1.6998e+00 +1.7616e+00 +6.5422e-04 -1.6308e+00 -1.4813e+00 -1.9610e+00 -9.0006e-01 +1.5031e+00 +1.3983e+00 -2.9381e+00 +2.3363e+00 +5.5819e-01 +5.5609e-01 +4.3851e+00 -3.5098e-01 -9.4015e-01 +1.3722e+00 -3.1421e+00 -3.1018e+00 +1.5679e+00
53 0 +1.984073088e+06 +1.984132218e+06 +1.984132218e+06 +1.2963e-01 +1.8875e+00 +1.0853e+00 -1.7161e+00 -4.0369e-01 -7.3244e-01 -1.5727e+00 +1.4995e-01 +8.5745e-01 -2.3190e+00 +2.5903e+00 +1.6502e+00 -1.2147e+00 +4.1335e+00 -8.7242e-01 +1.5892e-01 +2.3433e+00 -2.8381e+00 -2.4011e+00 +1.0275e+00
108 0 +1.793735574e+06 +1.793794704e+06 +1.793794704e+06 +2.1949e+00 +1.9388e+00 -1.7031e+00 -1.8980e+00 -2.3642e+00 -3.0556e+00 +1.5433e+00 +3.1299e+00 +1.4242e+00 -2.6655e+00 +1.3490e+00 +2.2602e-02 +1.3781e+00 +3.4945e+00 +8.7549e-02 -1.7205e+00 +1.2541e+00 -2.5369e+00 -3.0137e+00 +1.1521e-01
154 0 +1.462218353e+06 +1.462277483e+06 +1.462277483e+06 +2.3249e+00 +2.5158e+00 -1.6307e+00 -2.1485e+00 -2.7618e+00 -3.0884e+00 +1.6904e+00 +1.7425e+00 +7.7038e-02 -1.2131e+00 +1.0641e+00 +1.6389e-01 +9.0260e-01 +3.9388e+00 +1.1186e+00 +1.9581e-01 +1.6897e+00 -5.8116e-01 -3.3537e+00 +3.9814e-01
211 0 +1.408135753e+06 +1.408194883e+06 +1.408194883e+06 +1.2963e-01 +8.0514e-01 +1.0853e+00 -1.7161e+00 -4.0369e-01 -7.3244e-01 -1.5727e+00 +1.4995e-01 +8.5745e-01 -2.3190e+00 +2.5903e+00 +1.6502e+00 -1.2147e+00 +4.1335e+00 -8.7242e-01 +1.5892e-01 +2.3433e+00 -2.8381e+00 -2.4011e+00 +1.0275e+00
304 0 +1.088522075e+06 +1.088581205e+06 +1.088581205e+06 +2.5763e-02 +7.8651e-01 +3.8388e-01 +4.1701e-01 +5.1076e-01 -2.0541e+00 -5.8402e-01 +1.0672e+00 -9.4805e-01 -1.7244e+00 +1.4984e+00 +7.8997e-02 -2.3650e+00 +2.8223e+00 -4.1154e-01 +1.9960e+00 +2.4386e+00 -8.0953e-01 -7.3710e-01 +2.1195e-01
305 0 +9.490059127e+05 +9.490650427e+05 +9.490650427e+05 +4.3060e-02 +9.5178e-01 +4.8709e-01 +9.6813e-02 +3.7232e-01 -1.8569e+00 -7.3082e-01 +9.3162e-01 -6.7647e-01 -1.8142e+00 +1.6619e+00 +3.1352e-01 -2.1902e+00 +3.0189e+00 -4.8031e-01 +1.7189e+00 +2.4232e+00 -1.1138e+00 -9.8797e-01 +3.3432e-01
458 0 +9.010811109e+05 +9.011402409e+05 +9.011402409e+05 +8.6309e-02 +9.2407e-01 +7.8596e-01 -8.0892e-01 -1.5370e-02 -1.2951e+00 -1.1514e+00 +5.4110e-01 +8.9868e-02 -2.0664e+00 +2.1257e+00 +9.8130e-01 -1.7029e+00 +3.5758e+00 -6.7620e-01 +9.3953e-01 +2.3833e+00 -1.9753e+00 -1.6940e+00 +6.8062e-01
502 0 +8.350456342e+05 +8.351047642e+05 +8.351047642e+05 +6.9697e-02 +9.3471e-01 +6.7116e-01 -4.6102e-01 +1.3354e-01 -1.5109e+00 -9.8985e-01 +6.9110e-01 -2.0449e-01 -1.9695e+00 +1.9476e+00 +7.2480e-01 -1.8901e+00 +3.3619e+00 -6.0096e-01 +1.2389e+00 +2.3986e+00 -1.6444e+00 -1.4228e+00 +4.6275e-01
664 0 +7.083339343e+05 +7.083930643e+05 +7.083930643e+05 +6.9697e-02 +1.2393e-01 +6.7116e-01 -4.6102e-01 +1.3354e-01 -1.5109e+00 -9.8985e-01 +6.9110e-01 -2.0449e-01 -1.9695e+00 +1.9476e+00 +7.2480e-01 -1.8901e+00 +3.3619e+00 -6.0096e-01 +1.2389e+00 +2.3986e+00 -1.6444e+00 -1.4228e+00 +4.6275e-01
961 0 +6.431490822e+05 +6.432082122e+05 +6.432082122e+05 +6.9697e-02 +1.2393e-01 +6.7116e-01 -4.6102e-01 +1.3354e-01 -1.5109e+00 -9.8985e-01 +6.9110e-01 -2.0449e-01 -1.9695e+00 +1.9476e+00 +7.2480e-01 -1.8901e+00 +3.3619e+00 -6.0096e-01 +1.2389e+00 +2.3986e+00 -9.7093e-01 -1.4228e+00 +4.6275e-01
1062 0 +5.975072358e+05 +5.975663658e+05 +5.975663658e+05 +6.9697e-02 +1.2393e-01 +6.7116e-01 -4.6102e-01 +1.3354e-01 -1.5109e+00 -9.8985e-01 +6.9110e-01 -2.0449e-01 -1.9695e+00 +1.9476e+00 +7.2480e-01 -1.8901e+00 +3.3619e+00 -6.0096e-01 +1.2389e+00 +2.3986e+00 -1.0708e-01 -1.4228e+00 +4.6275e-01
1163 0 +5.686683631e+05 +5.687274931e+05 +5.687274931e+05 +6.9725e-02 +1.2096e-01 +6.7113e-01 -4.6105e-01 +1.3350e-01 -1.5109e+00 -4.7224e-01 +6.9110e-01 -2.0450e-01 -1.9695e+00 +1.9476e+00 +7.2479e-01 -1.8900e+00 +3.3619e+00 -6.0094e-01 +1.2389e+00 +2.3986e+00 -1.7955e-01 -1.4228e+00 +4.6275e-01
1410 0 +5.049254685e+05 +5.049845985e+05 +5.049845985e+05 +6.9724e-02 +1.2116e-01 +6.7113e-01 -4.3105e-01 +1.3351e-01 -1.5109e+00 -5.4026e-01 +6.9110e-01 -2.0450e-01 -1.9695e+00 +1.9476e+00 +7.2479e-01 -1.8900e+00 +3.3619e+00 -6.0094e-01 +7.5558e-01 +2.3986e+00 -1.8048e-01 -1.4228e+00 +4.6275e-01
1664 0 +4.972078870e+05 +4.972670170e+05 +4.972670170e+05 +6.9724e-02 +1.2116e-01 +6.7113e-01 -4.3118e-01 +3.4885e-02 -1.5109e+00 -5.3916e-01 +6.9110e-01 -2.0450e-01 -1.9695e+00 +1.9476e+00 +7.2479e-01 -1.8900e+00 +3.3619e+00 -6.0094e-01 +7.5760e-01 +2.3986e+00 -1.8047e-01 -1.4228e+00 +4.6275e-01
1810 0 +4.688616605e+05 +4.689207905e+05 +4.689207905e+05 +6.9714e-02 +1.2211e-01 +6.7114e-01 -4.4281e-01 +9.8545e-02 -1.5109e+00 -7.1658e-01 +6.9110e-01 -2.0450e-01 -1.9695e+00 +1.9476e+00 +7.2480e-01 -1.8900e+00 +3.3619e+00 -6.0095e-01 +4.4840e-01 +2.3986e+00 -2.2415e-01 -1.4228e+00 +4.6275e-01
1960 0 +4.661232286e+05 +4.661823586e+05 +4.661823586e+05 +6.9714e-02 +1.2211e-01 +6.7114e-01 -4.4281e-01 +9.8545e-02 -1.5109e+00 -7.1658e-01 +6.9110e-01 -2.0450e-01 -1.9695e+00 +1.9476e+00 +7.2480e-01 -1.8900e+00 +3.3619e+00 -6.0095e-01 +4.4840e-01 +2.3986e+00 -2.2415e-01 -7.7505e-01 +4.6275e-01
% f evaluations | g evaluations | best noise-free fitness - Fopt (-4.915300000000e+02) + sum g_i+ | measured fitness | best measured fitness or single-digit g-values | x1 | x2...
1 0 +1.836259074e+07 +1.836209921e+07 +1.836209921e+07 -3.6410e+00 +4.5089e+00 -2.5102e+00 -3.8182e+00 -2.1433e+00 -2.6355e+00 +1.0612e+00 -3.2038e-01 -3.2667e+00 +2.6053e+00 -7.2957e-01 -1.5465e+00 -2.5502e+00 +7.6234e-01 -1.4798e+00 -2.9137e+00 -2.6569e+00 +4.4847e+00 -4.3794e+00 +2.1452e+00
2 0 +5.467509914e+06 +5.467018384e+06 +5.467018384e+06 +1.2553e+00 +2.2117e+00 +9.9010e-01 +4.8737e+00 -2.7797e+00 -2.1389e+00 -2.1578e+00 -2.1760e+00 -3.9118e+00 -5.2577e-01 +4.4050e+00 +1.9383e+00 -1.9873e+00 +2.6436e+00 +3.6019e+00 +3.4863e+00 -8.9322e-01 +4.2523e-01 -1.6512e-01 +1.6131e+00
13 0 +1.845573202e+06 +1.845081672e+06 +1.845081672e+06 +1.9187e+00 -4.3903e+00 +9.2602e-02 +1.3482e+00 +2.7353e+00 -4.4681e+00 +1.3076e+00 +1.6098e+00 +3.1299e+00 +3.8521e+00 +1.1771e-01 +2.2157e+00 -3.6018e-01 -1.4347e+00 -2.4244e+00 +2.6544e+00 +3.5460e-01 +2.0803e+00 -3.3269e+00 +2.8012e-01
104 0 +1.528233426e+06 +1.527741896e+06 +1.527741896e+06 +3.4664e-01 -2.5629e+00 +1.7531e+00 +9.7178e-01 +2.4956e+00 -2.5502e+00 +1.5407e+00 -1.5461e+00 +1.4471e+00 +3.7723e+00 +2.1276e-01 +1.3202e+00 -1.3482e+00 -5.0513e-01 -7.0026e-01 +3.1623e+00 +1.2665e+00 -2.2134e-01 -1.2537e-01 +1.4319e+00
105 0 +1.389559839e+06 +1.389068309e+06 +1.389068309e+06 +6.3491e-01 -2.8980e+00 +1.4486e+00 +1.0408e+00 +2.5396e+00 -2.9019e+00 +1.4980e+00 -9.6741e-01 +1.7556e+00 +3.7869e+00 +1.9533e-01 +1.4844e+00 -1.1670e+00 -6.7559e-01 -1.0164e+00 +3.0692e+00 +1.0993e+00 +2.0072e-01 -7.1244e-01 +1.2207e+00
156 0 +1.043382909e+06 +1.042891379e+06 +1.042891379e+06 +2.4718e+00 +1.9835e+00 -9.0175e-02 +3.6194e+00 -1.1361e+00 -3.3833e+00 -1.7699e+00 +4.9715e-01 -4.3016e-01 +1.8546e-01 +3.2481e+00 +2.7005e+00 -1.9153e+00 +4.8871e-01 +2.6186e+00 +3.2377e+00 -1.4392e+00 -1.1373e-01 +7.4150e-01 +2.0864e+00
157 0 +7.762878573e+05 +7.757963273e+05 +7.757963273e+05 +1.5879e+00 -3.0362e+00 +1.8052e-01 +1.2824e+00 +1.5089e+00 -4.1237e+00 +2.1470e-01 +1.2040e+00 +1.8026e+00 +2.6457e+00 +6.2345e-01 +2.0433e+00 -6.1458e-01 -4.4886e-01 -1.1931e+00 +2.1939e+00 -7.2804e-02 +1.6165e+00 -2.2957e+00 +7.7410e-01
202 0 +6.014048271e+05 +6.009132971e+05 +6.009132971e+05 +2.0139e+00 +9.1611e-01 +3.0195e-01 +3.0221e+00 -3.0409e-01 -3.2258e+00 -1.0191e+00 +8.4710e-02 +2.6251e-02 +1.0045e+00 +2.5545e+00 +2.4010e+00 -1.7693e+00 +2.4643e-01 +1.8328e+00 +3.2119e+00 -8.3777e-01 -9.9344e-02 +4.8974e-01 +1.9177e+00
356 0 +4.937077775e+05 +4.932162475e+05 +4.932162475e+05 +1.6571e+00 +3.8531e-02 +6.0488e-01 +2.5428e+00 +3.7007e-01 -3.1146e+00 -4.1451e-01 -2.2214e-01 +4.0905e-01 +1.6669e+00 +1.9934e+00 +2.1664e+00 -1.6431e+00 +4.2912e-02 +1.1836e+00 +3.1868e+00 -3.5951e-01 -6.8489e-02 +2.5959e-01 +1.7718e+00
402 0 +4.752818899e+05 +4.747903599e+05 +4.747903599e+05 +1.5635e+00 -1.7383e-01 +6.8538e-01 +2.4225e+00 +5.3686e-01 -3.0810e+00 -2.6352e-01 -3.0830e-01 +4.9890e-01 +1.8312e+00 +1.8542e+00 +2.1054e+00 -1.6148e+00 -4.7459e-03 +1.0277e+00 +3.1822e+00 -2.3780e-01 -6.8045e-02 +2.1245e-01 +1.7392e+00
410 0 +4.400912701e+05 +4.395997401e+05 +4.395997401e+05 +1.6571e+00 +3.8531e-02 +6.0488e-01 +2.5428e+00 +3.7007e-01 -3.1146e+00 -1.0923e-01 -2.2214e-01 +4.0905e-01 +1.6669e+00 +1.9934e+00 +2.1664e+00 -1.6431e+00 +4.2912e-02 +1.1836e+00 +3.1868e+00 -3.5951e-01 -6.8489e-02 +2.5959e-01 +1.7718e+00
453 0 +3.683796070e+05 +3.678880770e+05 +3.678880770e+05 +1.6340e+00 -9.8753e-01 +4.6327e-01 +2.1222e+00 +7.5012e-01 -3.4514e+00 -2.0454e-01 +2.5379e-01 +8.7408e-01 +1.9935e+00 +1.5362e+00 +2.1254e+00 -1.2999e+00 -1.2120e-01 +3.9047e-01 +2.8555e+00 -2.6384e-01 +4.9382e-01 -5.9312e-01 +1.4389e+00
614 0 +3.585703727e+05 +3.580788427e+05 +3.580788427e+05 +1.6387e+00 -6.4631e-01 +5.1402e-01 +2.2601e+00 +6.2657e-01 -3.3359e+00 -2.7089e-01 +8.9380e-02 +7.1911e-01 +1.8880e+00 +1.6867e+00 +2.1372e+00 -1.4154e+00 -6.6963e-02 +6.5453e-01 +2.4802e+00 -2.9230e-01 +3.0299e-01 -3.0524e-01 +1.5508e+00
704 0 +3.516923219e+05 +3.512007919e+05 +3.512007919e+05 +1.6403e+00 -5.2719e-01 +5.3173e-01 +2.3083e+00 +5.8344e-01 -3.2957e+00 -1.5966e-01 +3.1988e-02 +6.6501e-01 +1.8512e+00 +1.7393e+00 +2.1414e+00 -1.4558e+00 -4.8031e-02 +7.4671e-01 +2.8283e+00 -3.0223e-01 +2.3637e-01 -2.0474e-01 +1.5899e+00
804 0 +3.325711192e+05 +3.320795892e+05 +3.320795892e+05 +1.6184e+00 -7.3600e-01 +5.2379e-01 +2.2114e+00 +6.7698e-01 -3.3445e+00 -1.9637e-01 +9.3782e-02 +7.5781e-01 +1.9354e+00 +1.6377e+00 +2.1228e+00 -1.3939e+00 -8.3380e-02 +3.5620e-01 +2.8111e+00 -2.6356e-01 +3.2891e-01 -3.5366e-01 +1.5291e+00
1061 0 +3.244613582e+05 +3.239698282e+05 +3.239698282e+05 +1.6197e+00 -7.2572e-01 +5.2382e-01 +2.2164e+00 +6.7210e-01 -3.3425e+00 -1.3543e-01 +9.1339e-02 +7.5328e-01 +1.9310e+00 +1.6428e+00 +2.1239e+00 -1.3968e+00 -8.1607e-02 +3.7894e-01 +2.8028e+00 -2.6579e-01 +3.2473e-01 -3.4676e-01 +1.5320e+00
1062 0 +3.224708117e+05 +3.219792817e+05 +3.219792817e+05 +1.6204e+00 -7.2101e-01 +5.2384e-01 +2.2187e+00 +6.6986e-01 -3.3415e+00 -1.2070e-01 +9.0219e-02 +7.5120e-01 +1.9290e+00 +1.6452e+00 +2.1244e+00 -1.3981e+00 -8.0794e-02 +3.8938e-01 +2.7990e+00 -2.6682e-01 +3.2281e-01 -3.4359e-01 +1.5333e+00
1463 0 +3.013790896e+05 +3.008875596e+05 +3.008875596e+05 +1.6212e+00 -7.1444e-01 +5.2385e-01 +2.2218e+00 +6.6673e-01 -3.3402e+00 -1.3582e-01 +8.8042e-02 +5.3827e-01 +1.9261e+00 +1.6485e+00 +2.1251e+00 -1.4000e+00 -7.9660e-02 +4.0398e-01 +2.7935e+00 -2.6825e-01 +3.2015e-01 -9.2809e-02 +1.5351e+00
1802 0 +2.947669138e+05 +2.942753838e+05 +2.942753838e+05 +1.6212e+00 -7.1444e-01 +5.2385e-01 +2.2218e+00 +5.0393e-01 -3.3402e+00 -1.3582e-01 +8.8042e-02 +5.3827e-01 +1.9261e+00 +1.6485e+00 +2.1251e+00 -1.4000e+00 -7.9660e-02 +4.0398e-01 +2.7935e+00 -2.6825e-01 +3.2015e-01 -9.2809e-02 +1.5351e+00
2009 0 +2.876710664e+05 +2.871795364e+05 +2.871795364e+05 +1.6206e+00 -7.1361e-01 +5.2386e-01 +2.2222e+00 +6.2793e-01 -3.3400e+00 -1.6119e-01 +8.8323e-02 +6.1268e-01 +1.9257e+00 +1.6489e+00 +2.0031e+00 -1.4002e+00 -7.0977e-02 +4.0582e-01 +2.4820e+00 -2.6843e-01 +3.1981e-01 -1.0215e-01 +1.5354e+00
2012 0 +2.697168315e+05 +2.692253015e+05 +2.692253015e+05 +1.6066e+00 -7.1502e-01 +5.2385e-01 +2.2216e+00 +6.6701e-01 -3.3403e+00 -1.5955e-01 +8.8806e-02 +6.0706e-01 +1.9264e+00 +1.6482e+00 +1.8396e+00 -1.3998e+00 -5.9798e-02 +2.0122e-02 +2.0675e+00 -2.6812e-01 +3.2039e-01 -3.3957e-01 +1.5350e+00
% f evaluations | g evaluations | best noise-free fitness - Fopt (-1.702000000000e+02) + sum g_i+ | measured fitness | best measured fitness or single-digit g-values | x1 | x2...
1 0 +2.375843376e+07 +2.375826356e+07 +2.375826356e+07 +1.6547e+00 +6.9604e-01 -2.2630e+00 -3.9297e+00 +8.6891e-01 -8.0742e-02 -3.3541e+00 -1.4995e+00 -4.6552e+00 -4.9612e+00 +5.8120e-02 -1.6407e+00 +3.3834e+00 +1.6129e+00 +1.8097e+00 -4.7250e-01 +1.3609e-01 -2.3940e+00 -2.2454e+00 -4.3565e+00
2 0 +1.316132437e+07 +1.316115417e+07 +1.316115417e+07 -2.4872e+00 -3.8973e+00 +2.0129e+00 -2.8069e+00 +4.4680e+00 +3.8435e+00 +4.4011e+00 -1.1107e+00 -9.3549e-01 +2.0227e+00 +4.7204e+00 +4.7848e+00 +1.4477e+00 -2.7627e+00 +8.0671e-02 -4.6329e+00 +3.7685e+00 +2.7498e-01 +3.9374e+00 +1.9529e+00
3 0 +6.863356637e+06 +6.863186437e+06 +6.863186437e+06 -8.9570e-01 -2.6899e+00 +3.5051e+00 +4.1991e+00 +3.8046e+00 -3.2700e+00 +1.0010e-01 +1.7028e+00 -3.7011e-01 +6.9304e-01 +3.8376e+00 +4.4118e-01 -1.0588e+00 -2.7473e+00 -1.3050e-01 +8.1196e-01 +4.8738e+00 -1.7649e+00 -1.2997e+00 -3.6817e+00
4 0 +3.597572570e+06 +3.597402370e+06 +3.597402370e+06 +8.9559e-01 +4.0557e+00 -4.2616e+00 +1.0414e+00 +2.5339e+00 -1.8029e+00 +4.8064e+00 +3.8918e+00 -4.6650e+00 -2.4749e+00 +8.9350e-01 -4.9667e-01 -2.2820e+00 +4.1105e-01 +2.1622e+00 -3.5209e+00 -1.2758e+00 -4.8251e-02 -1.8837e+00 -4.8385e+00
5 0 +3.231434094e+06 +3.231263894e+06 +3.231263894e+06 -3.5357e+00 +2.4246e+00 -3.8851e+00 +2.6415e+00 +4.9270e+00 -4.0921e+00 +3.4117e+00 +2.7570e+00 -3.4266e+00 -3.5801e+00 -2.2580e+00 -2.5803e+00 +3.3410e+00 -2.0237e+00 +3.5195e+00 -4.8142e+00 -5.8588e-01 +4.8773e+00 -3.1215e+00 +3.5478e+00
108 0 +2.645694224e+06 +2.645524024e+06 +2.645524024e+06 +2.0104e+00 -5.5898e-01 -2.1990e+00 +2.5008e-01 +2.9750e+00 -3.1470e+00 +2.9139e+00 +1.1606e+00 -1.8732e+00 -6.3311e-01 +8.6980e-01 +4.9500e-01 +4.2184e-01 +1.6949e+00 +2.2053e+00 -3.0328e+00 -3.1189e+00 +1.4662e+00 -2.7096e+00 -2.8199e+00
109 0 +2.569454588e+06 +2.569284388e+06 +2.569284388e+06 +1.9506e+00 -3.1123e-01 -2.3097e+00 +2.9257e-01 +2.9513e+00 -3.0748e+00 +3.0155e+00 +1.3072e+00 -2.0231e+00 -7.3199e-01 +8.7107e-01 +4.4176e-01 +2.7668e-01 +1.6260e+00 +2.2029e+00 -3.0590e+00 -3.0199e+00 +1.3849e+00 -2.6652e+00 -2.9283e+00
152 0 +1.635909366e+06 +1.635739166e+06 +1.635739166e+06 -1.6007e+00 +3.3252e+00 -3.3679e+00 +1.7827e+00 +2.6698e+00 -2.3270e+00 +1.7384e+00 +1.4510e+00 -4.0770e+00 -2.0316e+00 -4.1710e-01 -2.2861e+00 +1.0503e+00 +2.1447e-01 +1.9104e+00 -3.8275e+00 -1.9005e+00 +2.3399e+00 -3.0399e+00 +3.6999e-01
203 0 +1.169572843e+06 +1.169402643e+06 +1.169402643e+06 +1.3526e-01 +2.7370e+00 -2.6479e+00 -4.5712e-01 +2.4621e+00 -1.8568e+00 +1.8513e+00 +1.7363e+00 -3.9937e+00 -1.8143e+00 -4.6755e-01 -1.7014e+00 -3.7562e-01 -3.7817e-01 +1.4858e+00 -2.9284e+00 -1.6311e+00 +1.1533e+00 -2.8378e+00 +7.6349e-01
761 0 +1.138726011e+06 +1.138555811e+06 +1.138555811e+06 +5.6558e-02 +2.7673e+00 -2.6850e+00 -3.4980e-01 +2.4719e+00 -1.8785e+00 +1.8530e+00 +1.7281e+00 -3.9991e+00 -1.8259e+00 -4.6204e-01 -1.7257e+00 -3.1396e-01 -3.5054e-01 +1.5071e+00 -2.9715e+00 -1.6427e+00 +9.7024e-01 -2.8449e+00 +7.3218e-01
762 0 +9.790750548e+05 +9.789048548e+05 +9.789048548e+05 +1.2876e-01 +2.7395e+00 -2.6509e+00 -4.4826e-01 +2.4629e+00 -1.8586e+00 +2.4196e-01 +1.7356e+00 -3.9942e+00 -1.8153e+00 -4.6710e-01 -1.7034e+00 -3.7053e-01 -3.7588e-01 +1.4876e+00 -2.9320e+00 -1.6320e+00 +1.1576e+00 -2.8384e+00 +7.6090e-01
914 0 +9.703346004e+05 +9.701644004e+05 +9.701644004e+05 +2.4315e-02 +2.7395e+00 -2.6509e+00 -4.4826e-01 +2.4629e+00 -1.8586e+00 +2.4196e-01 +1.7356e+00 -3.9942e+00 -1.8153e+00 -4.6710e-01 -1.7034e+00 -3.7053e-01 -3.7588e-01 +1.4876e+00 -2.9320e+00 -1.6320e+00 +1.1576e+00 -2.8384e+00 +7.6090e-01
963 0 +9.222829305e+05 +9.221127305e+05 +9.221127305e+05 +1.2876e-01 +2.7395e+00 -2.6509e+00 -4.4826e-01 +2.4629e+00 -1.8586e+00 +2.4196e-01 +1.7356e+00 -3.9942e+00 -7.6788e-01 -4.6710e-01 -1.7034e+00 -3.7053e-01 -3.7588e-01 +1.4876e+00 -2.9320e+00 -1.6320e+00 +1.1576e+00 -2.8384e+00 +7.6090e-01
1002 0 +9.037084414e+05 +9.035382414e+05 +9.035382414e+05 +1.2876e-01 +2.7395e+00 -2.6509e+00 -4.4826e-01 +2.4629e+00 -1.8586e+00 +2.4196e-01 +1.7356e+00 -3.9942e+00 -1.3322e+00 -4.6710e-01 -1.7034e+00 -3.7053e-01 -3.7588e-01 +1.4876e+00 -2.9320e+00 -1.6320e+00 +1.1576e+00 -2.8384e+00 +7.6090e-01
1214 0 +8.577563274e+05 +8.575861274e+05 +8.575861274e+05 +1.2876e-01 +2.7395e+00 -2.6509e+00 -1.1567e-01 +2.4629e+00 -1.8586e+00 +2.4196e-01 +1.7356e+00 -3.9942e+00 -1.2509e+00 -4.6710e-01 -1.7034e+00 -3.7053e-01 -3.7588e-01 +1.4876e+00 -2.9320e+00 -1.6320e+00 +1.1576e+00 -2.8384e+00 +7.6090e-01
1364 0 +7.586032103e+05 +7.584330103e+05 +7.584330103e+05 +1.2876e-01 +9.5475e-01 -2.6509e+00 -4.4826e-01 +2.4629e+00 -1.8586e+00 +2.4196e-01 +1.7356e+00 -3.9942e+00 -1.4829e+00 -4.6710e-01 -1.7034e+00 -3.7053e-01 -3.7588e-01 +1.4876e+00 -2.9320e+00 -1.6320e+00 +1.1576e+00 -2.8384e+00 +7.6090e-01
1454 0 +7.442937242e+05 +7.441235242e+05 +7.441235242e+05 +1.2764e-01 +1.4395e+00 -2.6509e+00 -4.3519e-01 +2.4629e+00 -1.8586e+00 +2.4196e-01 +1.7356e+00 -3.9942e+00 -1.4396e+00 -4.6710e-01 -1.7034e+00 -3.7053e-01 -3.7588e-01 +1.4876e+00 -2.9320e+00 -1.6320e+00 +1.1576e+00 -2.8384e+00 +7.6090e-01
1502 0 +7.392740956e+05 +7.391038956e+05 +7.391038956e+05 +1.2695e-01 +1.6747e+00 -2.6509e+00 -4.3755e-01 +2.4629e+00 -1.8586e+00 +2.4196e-01 +1.7356e+00 -3.9942e+00 -1.4208e+00 -4.6710e-01 -1.7034e+00 -3.7053e-01 -3.7588e-01 +1.4876e+00 -2.9320e+00 -1.6320e+00 +1.1576e+00 -2.8384e+00 +7.6090e-01
1861 0 +6.996579239e+05 +6.994877239e+05 +6.994877239e+05 +1.2845e-01 +1.2221e+00 -2.6509e+00 -4.1996e-01 +2.4629e+00 -1.8586e+00 +2.4196e-01 +1.7356e+00 -3.9942e+00 -1.4537e+00 -4.6710e-01 -1.7034e+00 -3.7053e-01 -3.7588e-01 +1.4876e+00 -2.9320e+00 -1.6320e+00 +1.1576e+00 -2.8384e+00 +5.0041e-02
% f evaluations | g evaluations | best noise-free fitness - Fopt (-4.697500000000e+02) + sum g_i+ | measured fitness | best measured fitness or single-digit g-values | x1 | x2...
1 0 +5.118429732e+07 +5.118382757e+07 +5.118382757e+07 -4.6981e+00 -3.0629e+00 -2.9307e+00 -8.2692e-01 -1.7047e+00 +1.6539e+00 +1.8752e+00 -1.7328e+00 +2.6352e+00 -1.0326e+00 -1.7904e+00 +6.6982e-01 -7.2120e-01 +1.7646e+00 +3.1009e+00 -4.3444e+00 +1.4653e+00 -3.0151e+00 -6.7277e-01 +3.5540e+00
2 0 +1.445126591e+07 +1.445079616e+07 +1.445079616e+07 +4.6816e+00 -3.5303e+00 -3.7009e+00 +2.2321e+00 -4.3571e+00 -4.0668e+00 +3.9375e+00 +3.0260e+00 +9.0894e-01 +6.1906e-01 -2.4998e+00 -2.9872e+00 +1.5827e+00 -9.9354e-01 -4.4093e-01 -7.4114e-01 -1.6719e+00 +9.4758e-02 -4.2805e+00 +2.9152e+00
5 0 +1.199549732e+07 +1.199502757e+07 +1.199502757e+07 +2.3320e+00 -3.3212e+00 +1.9850e+00 -7.9830e-02 -3.5169e+00 +3.9018e-01 -2.2683e+00 +1.5434e+00 -4.2456e+00 +2.6515e+00 +8.8910e-01 -2.0269e+00 -2.2100e+00 +5.5838e-01 +2.1107e+00 +3.1971e+00 -8.8551e-01 +3.6995e+00 -1.4249e-01 +3.3263e+00
9 0 +3.285210393e+06 +3.284740643e+06 +3.284740643e+06 +1.9426e+00 -1.9403e+00 +1.1487e+00 -5.2212e-01 -1.2114e+00 -1.1327e+00 +2.2777e+00 +5.2628e-01 -1.9961e+00 -1.6491e+00 -3.3276e+00 +2.8118e+00 +4.2600e+00 -3.0424e+00 +4.8445e-01 +1.9557e+00 -3.2161e+00 -4.1323e+00 -2.4097e+00 -6.0990e-01
261 0 +3.080174903e+06 +3.079705153e+06 +3.079705153e+06 +1.4082e+00 -1.9462e+00 +1.1499e+00 -5.3060e-01 -1.2066e+00 -1.1342e+00 +2.2761e+00 +5.2746e-01 -1.9947e+00 -1.6378e+00 -3.3172e+00 +2.8120e+00 +4.2558e+00 -3.0284e+00 +4.8705e-01 +1.9577e+00 -3.2064e+00 -4.1201e+00 -2.3951e+00 -6.0722e-01
512 0 +2.710315875e+06 +2.709846125e+06 +2.709846125e+06 +1.8663e+00 -1.9411e+00 +1.1489e+00 -5.2333e-01 -1.2108e+00 -1.1329e+00 +2.2775e+00 +5.2645e-01 -1.9959e+00 -3.8378e-01 -3.3261e+00 +2.8118e+00 +4.2594e+00 -3.0404e+00 +4.8482e-01 +1.9560e+00 -3.2147e+00 -4.1306e+00 -2.4076e+00 -6.0951e-01
762 0 +2.661685125e+06 +2.661215375e+06 +2.661215375e+06 +1.3218e+00 -1.9421e+00 +1.1491e+00 -5.2474e-01 -1.2099e+00 -1.1332e+00 +2.2772e+00 +5.2664e-01 -1.9957e+00 -9.3100e-01 -3.3244e+00 +2.8119e+00 +4.2587e+00 -3.0381e+00 +1.9498e-01 +1.9563e+00 -3.2131e+00 -4.1285e+00 -2.4052e+00 -6.0907e-01
1012 0 +2.524073657e+06 +2.523603907e+06 +2.523603907e+06 +1.5038e+00 -1.9418e+00 +1.1490e+00 -5.2429e-01 -1.2102e+00 -1.1331e+00 +2.2773e+00 +5.2658e-01 -1.9958e+00 -1.3225e-01 -3.3249e+00 +2.8119e+00 +4.2589e+00 -3.0388e+00 +2.9270e-01 +1.9562e+00 -3.2136e+00 -4.1292e+00 -2.4060e+00 -6.0921e-01
1013 0 +2.433671437e+06 +2.433201687e+06 +2.433201687e+06 +1.7507e+00 -1.9424e+00 +1.1491e+00 -5.2516e-01 -1.2097e+00 -1.1333e+00 +2.2771e+00 +5.2670e-01 -4.3874e-02 -1.0554e+00 -3.3239e+00 +2.8119e+00 +4.2585e+00 -3.0374e+00 +4.8538e-01 +1.9564e+00 -3.2126e+00 -4.1279e+00 -2.4045e+00 -6.0894e-01
1061 0 +2.331742928e+06 +2.331273178e+06 +2.331273178e+06 +1.3218e+00 -1.9421e+00 +1.1491e+00 -5.2474e-01 -1.2099e+00 -1.1332e+00 +2.2772e+00 +5.2664e-01 -1.9957e+00 -9.3100e-01 -3.3244e+00 +2.8119e+00 +4.2587e+00 -3.0381e+00 +1.9498e-01 +1.9563e+00 -3.2131e+00 -4.1285e+00 -9.0972e-01 -6.0907e-01
1256 0 +2.263979694e+06 +2.263509944e+06 +2.263509944e+06 +1.4538e+00 -1.9422e+00 +1.1491e+00 -4.2281e-01 -1.2099e+00 -1.1332e+00 +2.2772e+00 +5.2457e-01 -1.3951e+00 -9.6928e-01 -3.3242e+00 +2.8119e+00 +4.2587e+00 -3.0379e+00 +2.8434e-01 +1.9563e+00 -3.2129e+00 -4.1283e+00 -1.3697e+00 -5.9477e-01
1356 0 +2.167731970e+06 +2.167262220e+06 +2.167262220e+06 +1.3234e+00 -1.9421e+00 +1.1491e+00 -2.6684e-01 -1.2099e+00 -1.1332e+00 +2.2772e+00 +5.2664e-01 -1.2575e+00 -9.3145e-01 -3.3244e+00 +2.8119e+00 +4.2587e+00 -3.0381e+00 +1.9602e-01 +1.9563e+00 -3.2131e+00 -4.1285e+00 -9.8834e-01 -6.0907e-01
1562 0 +2.090726116e+06 +2.090256366e+06 +2.090256366e+06 +3.5724e-01 -1.9421e+00 +1.1491e+00 -2.5656e-01 -1.2099e+00 -1.1332e+00 +2.2772e+00 +5.2664e-01 -1.2861e+00 -9.3143e-01 -3.3244e+00 +2.8119e+00 +4.2587e+00 -3.0381e+00 +1.9598e-01 +1.9563e+00 -3.2131e+00 -4.1285e+00 -9.8530e-01 -6.0907e-01
1653 0 +2.087203639e+06 +2.086733889e+06 +2.086733889e+06 +6.1141e-01 -1.9421e+00 +1.1491e+00 -2.5921e-01 -1.2099e+00 -1.1332e+00 +2.2772e+00 +5.2664e-01 -1.2923e+00 -9.3145e-01 -3.3244e+00 +2.8119e+00 +4.2587e+00 -3.0381e+00 +1.9601e-01 +1.9563e+00 -3.2131e+00 -4.1285e+00 -9.8514e-01 -6.0907e-01
1660 0 +1.844014216e+06 +1.843544466e+06 +1.843544466e+06 +1.3233e+00 -1.9421e+00 +1.1491e+00 -2.5656e-01 -1.2099e+00 -1.1332e+00 +2.2772e+00 +5.2664e-01 -1.2861e+00 -3.0559e-01 -3.3244e+00 +2.8119e+00 +4.2587e+00 -3.0381e+00 +1.9598e-01 +1.9563e+00 -3.2131e+00 -4.1285e+00 -9.8530e-01 -6.0907e-01
% f evaluations | g evaluations | best noise-free fitness - Fopt (-5.191000000000e+01) + sum g_i+ | measured fitness | best measured fitness or single-digit g-values | x1 | x2...
1 0 +1.062744786e+08 +1.062744267e+08 +1.062744267e+08 +1.3448e+00 -4.3175e+00 +3.1491e+00 +1.4434e-01 -3.5228e+00 +2.0922e+00 -9.8293e-01 -4.3791e+00 +1.3125e+00 +3.7234e+00 +4.0296e+00 -4.1603e+00 -4.9632e+00 +3.6533e+00 +1.8348e+00 +3.2684e+00 -4.4217e+00 +1.1618e+00 -4.6498e+00 +1.8517e+00
2 0 +3.670932264e+07 +3.670927073e+07 +3.670927073e+07 +2.4820e+00 +1.1402e+00 +1.5677e+00 +4.0753e+00 -1.0566e-01 +4.9800e+00 -3.9812e+00 -3.7097e-01 -1.4278e+00 -3.2279e+00 +1.3719e+00 -1.7470e+00 -6.2067e-01 +4.3082e+00 +1.8467e+00 -1.7860e+00 -2.3808e-01 -3.6666e+00 +8.5617e-01 +1.5096e+00
3 0 +3.381173554e+07 +3.381168363e+07 +3.381168363e+07 +2.8216e+00 -4.5543e+00 -4.2223e+00 +2.5316e+00 +1.7235e+00 -1.9676e-01 -4.6828e+00 -3.4086e+00 +1.5181e-01 -4.5500e+00 +4.4519e+00 -2.1407e+00 +2.2562e+00 +4.8683e+00 -2.4247e+00 -5.8470e-01 +3.2707e+00 +4.8193e+00 -3.6379e+00 -3.8118e+00
5 0 +3.165589715e+07 +3.165584524e+07 +3.165584524e+07 -2.1225e+00 -2.6946e+00 -2.4666e+00 -1.4468e+00 +1.7469e+00 -2.1666e+00 -4.8207e+00 +4.2157e+00 +4.4447e+00 -4.7972e-01 +3.2589e-01 +4.0461e+00 +9.0456e-01 +3.2617e+00 +4.0066e+00 -3.2881e+00 -9.1792e-01 +6.2899e-01 +1.9157e+00 +4.8084e+00
7 0 +1.489801253e+07 +1.489796062e+07 +1.489796062e+07 -2.7622e+00 -2.9410e+00 -3.2814e+00 +1.2159e+00 +3.9947e+00 -1.6313e+00 -2.8527e+00 +1.6355e+00 +8.0194e-01 +3.5528e-01 +3.3213e+00 -1.8443e+00 -2.4772e+00 +4.6575e+00 +3.0228e+00 +2.7719e+00 -1.0061e-01 +1.4842e+00 -7.1036e-01 -1.2300e+00
8 0 +9.305692953e+06 +9.305641043e+06 +9.305641043e+06 +3.1336e-01 +4.9273e+00 +8.3407e-01 +2.2345e+00 -1.8119e+00 +3.2580e-01 +1.4723e+00 +9.6296e-01 +3.1519e+00 +1.7215e+00 -9.6789e-01 +2.0505e+00 +2.9697e+00 +4.9367e-01 +2.8133e+00 +4.0544e+00 +4.9040e+00 +1.6053e+00 -2.3978e+00 -2.5191e+00
13 0 +3.538733798e+06 +3.538681888e+06 +3.538681888e+06 -1.9535e+00 +8.0928e-02 +1.7008e+00 +6.0018e-01 +2.3145e+00 +4.3349e+00 +4.2989e+00 -2.1711e+00 -7.9771e-01 +1.6256e+00 +1.2889e+00 +1.3494e+00 -4.3452e+00 -1.1627e+00 +2.9760e-01 +1.8547e+00 +2.4941e-01 -1.6387e+00 +3.4373e+00 +1.1376e+00
50 0 +1.810563066e+06 +1.810511156e+06 +1.810511156e+06 +6.7527e-01 -2.2481e+00 +1.4020e+00 +1.2324e+00 +9.8254e-01 -3.8407e+00 +2.6239e+00 +9.8280e-01 -9.9864e-01 +2.5948e+00 -5.3940e-01 -2.7015e+00 -2.3754e+00 -4.5354e+00 -8.1257e-01 +1.1336e+00 +4.4739e+00 -1.0096e+00 +1.2559e+00 +1.7895e-01
156 0 +1.666281221e+06 +1.666229311e+06 +1.666229311e+06 -1.4840e-01 -1.4481e+00 +7.3054e-01 +2.1315e+00 +1.0583e+00 -1.4496e+00 +1.0718e+00 +1.0471e+00 -1.1975e+00 +2.8080e+00 +4.0219e-01 -3.6630e-01 -8.4309e-01 -2.1269e+00 -1.5497e+00 +7.6278e-01 +2.1035e+00 -4.2195e-01 +1.1238e+00 +8.7150e-01
206 0 +9.054103326e+05 +9.053584226e+05 +9.053584226e+05 +7.0321e-02 -1.1396e+00 -7.1472e-02 +3.6513e-01 +1.9301e+00 -2.6639e+00 +1.7053e+00 +2.3670e-01 +1.4790e-01 +1.5157e+00 -6.4907e-01 -1.7234e+00 -1.4963e+00 -1.1106e+00 -7.1008e-01 +6.8409e-01 +3.3186e+00 -7.9012e-01 +2.2982e+00 -1.5438e+00
307 0 +8.894067856e+05 +8.893548756e+05 +8.893548756e+05 -1.1485e-02 -1.2194e+00 +1.3601e-01 +8.2208e-01 +1.7046e+00 -2.3498e+00 +1.5414e+00 +4.4635e-01 -2.0015e-01 +1.8500e+00 -3.7711e-01 -1.3723e+00 -1.3273e+00 -1.3735e+00 -9.2729e-01 +7.0445e-01 +3.0043e+00 -6.9488e-01 +1.9944e+00 -9.1895e-01
353 0 +8.477019991e+05 +8.476500891e+05 +8.476500891e+05 +2.1510e-01 -1.4049e+00 +2.8117e-01 +5.7270e-01 +1.7034e+00 -2.9455e+00 +1.9252e+00 +4.1526e-01 -1.2650e-01 +1.7739e+00 -6.2282e-01 -1.9575e+00 -1.7067e+00 -1.9302e+00 -7.3461e-01 +7.9168e-01 +3.5951e+00 -8.4265e-01 +2.0488e+00 -1.1360e+00
408 0 +8.309102975e+05 +8.308583875e+05 +8.308583875e+05 +2.4351e-01 -1.4570e+00 +3.5037e-01 +6.1343e-01 +1.6589e+00 -3.0008e+00 +1.9683e+00 +4.5030e-01 -1.8035e-01 +1.8246e+00 -6.1767e-01 -2.0034e+00 -1.7480e+00 -2.0911e+00 -7.3942e-01 +8.1279e-01 +3.6494e+00 -8.5295e-01 +1.9998e+00 -1.0558e+00
512 0 +7.402410712e+05 +7.401891612e+05 +7.401891612e+05 +2.4351e-01 -9.8127e-01 +3.5037e-01 +6.1343e-01 +1.6589e+00 -3.0008e+00 +1.9683e+00 +4.5030e-01 -1.8035e-01 +1.8246e+00 -6.1767e-01 -2.0034e+00 -1.7480e+00 -2.0911e+00 -7.3942e-01 +8.1279e-01 +3.6494e+00 -8.5295e-01 +1.9998e+00 -1.0558e+00
811 0 +6.272395218e+05 +6.271876118e+05 +6.271876118e+05 +2.3110e-01 -1.1225e-02 +3.3100e-01 +6.1035e-01 +1.6734e+00 -2.9944e+00 +1.9611e+00 +4.3880e-01 -1.6095e-01 +1.8141e+00 -6.1170e-01 -1.9850e+00 -1.7429e+00 -2.0560e+00 -7.3107e-01 +7.7577e-01 +3.6404e+00 -8.4081e-01 +2.0140e+00 -1.0656e+00
1160 0 +6.160251066e+05 +6.159731966e+05 +6.159731966e+05 +2.1539e-01 -2.9130e-01 +3.0906e-01 +6.0997e-01 +1.6907e+00 -1.7478e+00 +1.9549e+00 +4.2515e-01 -1.5381e-01 +1.8037e+00 -6.0217e-01 -1.9620e+00 -1.7395e+00 -2.0199e+00 -7.1901e-01 +7.9086e-01 +3.6326e+00 -8.2360e-01 +2.0303e+00 -1.0719e+00
1213 0 +5.882676645e+05 +5.882157545e+05 +5.882157545e+05 +2.3247e-01 -1.1786e-01 +3.3313e-01 +6.1069e-01 +1.6718e+00 -2.5777e+00 +1.9619e+00 +4.4007e-01 -1.6308e-01 +1.8153e+00 -6.1235e-01 -1.9870e+00 -1.7434e+00 -2.0598e+00 -7.3199e-01 +7.7984e-01 +3.6414e+00 -8.4214e-01 +2.0125e+00 -1.0645e+00
1506 0 +5.590958630e+05 +5.590439530e+05 +5.590439530e+05 +2.3031e-01 -1.4738e-01 +3.3010e-01 +6.1062e-01 +1.6742e+00 -2.7824e+00 +1.9610e+00 +4.3819e-01 -1.6200e-01 +1.8138e+00 -6.1106e-01 -1.9838e+00 -5.6627e-01 -2.0548e+00 -7.3034e-01 +4.8739e-01 +3.6403e+00 -8.3979e-01 +2.0147e+00 -1.0654e+00
1708 0 +5.494554687e+05 +5.494035587e+05 +5.494035587e+05 +2.2845e-01 -1.8000e-01 +3.2751e-01 +6.1057e-01 +1.6762e+00 -2.5844e+00 +1.9603e+00 +4.3657e-01 -1.6115e-01 +1.8126e+00 -6.0993e-01 -1.9811e+00 -1.0000e+00 -2.0506e+00 -7.2892e-01 +5.9769e-01 +3.6394e+00 -8.3776e-01 +2.0166e+00 -1.0661e+00
1910 0 +5.334537185e+05 +5.334018085e+05 +5.334018085e+05 +2.2839e-01 -1.8100e-01 +3.2743e-01 +6.1057e-01 +1.6763e+00 -2.5804e+00 +1.9603e+00 +4.3652e-01 -1.6112e-01 +1.8125e+00 -6.0990e-01 -1.9810e+00 -1.0049e+00 -2.0504e+00 -7.2887e-01 +5.9897e-01 +3.6394e+00 -6.6016e-01 +2.0167e+00 -1.0662e+00
1961 0 +5.191217010e+05 +5.190697910e+05 +5.190697910e+05 +1.1011e-01 -1.9621e-01 +3.2612e-01 +6.1055e-01 +1.6773e+00 -2.4811e+00 +1.9599e+00 +4.3571e-01 -1.6068e-01 +1.8119e+00 -6.0933e-01 -1.9797e+00 -8.8964e-01 -2.0483e+00 -7.2816e-01 +6.5376e-01 +3.6389e+00 -8.3667e-01 +2.0176e+00 -1.0666e+00
% f evaluations | g evaluations | best noise-free fitness - Fopt (4.808000000000e+01) + sum g_i+ | measured fitness | best measured fitness or single-digit g-values | x1 | x2...
1 0 +1.495779197e+07 +1.495784005e+07 +1.495784005e+07 -3.5316e+00 +1.6765e+00 -4.8991e+00 +3.5151e-01 +4.9547e+00 -7.5547e-01 -4.4377e+00 +4.5340e+00 -1.4879e+00 -2.7891e+00 +4.7559e+00 +4.2741e+00 -1.7276e+00 +3.4080e+00 +4.7412e+00 -3.9353e+00 -2.1705e+00 +9.6406e-02 -1.8651e+00 +1.3293e+00
2 0 +6.415727947e+06 +6.415776027e+06 +6.415776027e+06 +3.9868e+00 +2.0088e+00 +1.2836e+00 -2.2451e+00 -2.7076e+00 -1.8967e+00 -1.7109e+00 +1.8424e+00 +4.8220e+00 -1.6942e+00 -6.6280e-01 +8.3149e-01 +2.7361e+00 +2.5601e-01 -7.0909e-01 -3.2152e+00 +1.1195e+00 -3.8046e+00 +3.9110e+00 -4.5765e+00
3 0 +3.945399967e+06 +3.945448047e+06 +3.945448047e+06 +1.3220e+00 +2.4721e+00 -4.4202e+00 +4.0067e+00 +1.0957e+00 -3.3395e+00 +1.9023e-01 +3.6669e+00 +2.4698e+00 -3.3204e+00 +3.3991e+00 +2.1132e+00 +3.2643e+00 -9.3041e-01 +2.4811e+00 -2.8681e-01 -4.5287e+00 -3.4884e+00 +4.7273e+00 +1.8087e+00
7 0 +2.712173221e+06 +2.712221301e+06 +2.712221301e+06 +7.5781e-01 +2.8691e+00 +4.8336e-01 -2.5252e+00 +4.3483e+00 -3.9831e-01 -4.6605e+00 +2.3144e+00 +1.2491e+00 -1.2903e+00 +2.5164e+00 -2.2975e+00 -3.6287e+00 -1.2298e+00 +4.6982e+00 +3.4230e+00 -2.6384e+00 +1.3486e+00 -2.1303e+00 -3.6700e+00
53 0 +1.107758279e+06 +1.107806359e+06 +1.107806359e+06 +6.0326e-01 +1.9755e+00 +6.2920e-01 -1.3760e+00 +3.0858e+00 -3.9189e-01 -4.6392e+00 +8.9281e-01 +1.1803e+00 -1.7009e+00 +1.6232e+00 -1.1364e+00 -3.3197e+00 -2.5700e-01 +4.6595e+00 +3.3630e+00 -2.8876e+00 +3.6199e-01 -9.1993e-01 -3.7016e+00
259 0 +1.021285837e+06 +1.021333917e+06 +1.021333917e+06 +2.6502e+00 -2.9728e+00 -3.6504e-02 -1.2823e+00 -4.3840e-01 +1.4298e-01 -1.1098e+00 -8.4937e-01 +1.9477e+00 -1.2550e-01 +3.4502e+00 -1.1912e+00 -2.1338e-01 -3.0742e-01 -2.0717e+00 +1.8183e+00 -1.2380e+00 +2.8702e+00 -1.9404e+00 +7.7770e-01
302 0 +5.121893429e+05 +5.122374229e+05 +5.122374229e+05 +1.6577e+00 -5.6471e-01 -6.6898e-01 -1.3503e+00 +1.3354e+00 -2.6220e-02 -2.8749e+00 -5.0652e-03 +1.5401e+00 -8.0378e-01 +2.5024e+00 -1.1734e+00 -1.7418e+00 -3.0559e-01 +1.3165e+00 +2.5829e+00 -2.0560e+00 +1.4718e+00 -1.3999e+00 -1.4643e+00
303 0 +4.527089854e+05 +4.527570654e+05 +4.527570654e+05 +1.5141e+00 -2.1871e-01 -4.9215e-01 -1.3538e+00 +1.5739e+00 -7.6028e-02 -3.1152e+00 +1.1724e-01 +1.4911e+00 -9.2598e-01 +2.3827e+00 -1.1684e+00 -1.9567e+00 -2.9897e-01 +1.7719e+00 +2.6892e+00 -2.1693e+00 +1.3206e+00 -1.3345e+00 -1.7690e+00
306 0 +3.557665517e+05 +3.558146317e+05 +3.558146317e+05 +1.7046e+00 -7.5877e-01 +2.7644e-01 -1.2600e+00 +1.1029e+00 -1.0146e-01 -2.7239e+00 -1.3264e-01 +1.5926e+00 -8.6981e-01 +2.5633e+00 -1.1002e+00 -1.6175e+00 -2.2917e-01 +1.0068e+00 +2.5219e+00 -2.0071e+00 +1.6663e+00 -1.4047e+00 -1.2742e+00
514 0 +3.228665925e+05 +3.229146725e+05 +3.229146725e+05 +1.7046e+00 -7.5877e-01 +2.7644e-01 -1.2600e+00 +1.1029e+00 -1.0146e-01 -2.7239e+00 -1.3264e-01 +1.5926e+00 -8.6981e-01 +2.5633e+00 -1.1002e+00 -1.3589e+00 -2.2917e-01 +1.0068e+00 +2.5219e+00 -2.0071e+00 +1.6663e+00 -1.4047e+00 -1.2742e+00
560 0 +3.095190283e+05 +3.095671083e+05 +3.095671083e+05 +1.3601e+00 -8.1243e-01 +2.6952e-01 -1.2577e+00 +1.0640e+00 -9.5758e-02 -2.6864e+00 -1.4482e-01 +1.6007e+00 -8.5350e-01 +2.5818e+00 -1.0995e+00 -1.5841e+00 -2.2862e-01 +9.3515e-01 +2.5054e+00 -1.9899e+00 +1.6919e+00 -1.4142e+00 -1.2265e+00
610 0 +3.065216501e+05 +3.065697301e+05 +3.065697301e+05 +1.7046e+00 -7.5877e-01 +2.7644e-01 -1.2600e+00 +1.1029e+00 -1.0146e-01 -2.7239e+00 -1.3264e-01 +1.5926e+00 -8.6981e-01 +2.5633e+00 -1.1002e+00 -1.1170e+00 -2.2917e-01 +1.0068e+00 +2.5219e+00 -2.0071e+00 +1.6663e+00 -1.4047e+00 -1.2742e+00
611 0 +2.966061141e+05 +2.966541941e+05 +2.966541941e+05 +1.7046e+00 -7.5877e-01 +2.7644e-01 -1.2600e+00 +1.1029e+00 -1.0146e-01 -2.7239e+00 -1.3264e-01 +1.5926e+00 -8.6981e-01 +2.5633e+00 -1.1002e+00 -1.6175e+00 -2.2917e-01 +1.0068e+00 +2.5219e+00 -1.1158e+00 +1.6663e+00 -1.4047e+00 -1.2742e+00
702 0 +2.915050746e+05 +2.915531546e+05 +2.915531546e+05 +1.6144e+00 -7.5695e-01 +2.5492e-01 -1.2608e+00 +1.1051e+00 -1.0079e-01 -2.7254e+00 -1.2952e-01 +1.5921e+00 -8.6925e-01 +2.5628e+00 -1.1009e+00 -1.6052e+00 -2.2986e-01 +1.0097e+00 +2.5224e+00 -9.4626e-01 +1.6645e+00 -1.4047e+00 -1.2759e+00
858 0 +2.876138050e+05 +2.876618850e+05 +2.876618850e+05 +1.7046e+00 -7.5877e-01 +2.7644e-01 -1.2600e+00 +1.1029e+00 -1.0146e-01 -2.7239e+00 -1.3264e-01 +1.5926e+00 -8.6981e-01 +2.5633e+00 -1.1002e+00 -1.5644e+00 -2.2917e-01 +1.0068e+00 +2.5219e+00 -6.6100e-01 +1.6663e+00 -1.4047e+00 -1.2742e+00
1212 0 +2.102288170e+05 +2.102768970e+05 +2.102768970e+05 +1.6924e+00 -7.5852e-01 +2.7353e-01 -1.2601e+00 +1.1032e+00 -1.0137e-01 -2.7241e+00 -1.3222e-01 +1.5925e+00 -8.6974e-01 +2.5633e+00 -5.8756e-01 -1.5700e+00 -2.2926e-01 +1.0072e+00 +2.5219e+00 -6.9962e-01 +1.6660e+00 -1.4047e+00 -1.2744e+00
1660 0 +2.018712711e+05 +2.019193511e+05 +2.019193511e+05 +1.6920e+00 -7.5852e-01 +1.9823e-01 -1.2601e+00 +1.1032e+00 -9.4674e-02 -2.7241e+00 -1.3221e-01 +1.5925e+00 -8.6973e-01 +2.5633e+00 -4.9569e-01 -1.5702e+00 -2.2927e-01 +1.0072e+00 +2.5219e+00 -7.0045e-01 +1.6660e+00 -1.4047e+00 -1.2744e+00
1754 0 +1.955393376e+05 +1.955874176e+05 +1.955874176e+05 +1.6904e+00 -7.5848e-01 +2.7305e-01 -8.8881e-01 +1.1033e+00 -1.0135e-01 -2.7242e+00 -1.3215e-01 +1.5925e+00 -8.6972e-01 +2.5633e+00 -5.4171e-01 -1.5579e+00 -2.2928e-01 +1.0073e+00 +2.5219e+00 -7.6774e-01 +1.6660e+00 -1.4047e+00 -1.2744e+00
1755 0 +1.890149131e+05 +1.890629931e+05 +1.890629931e+05 +1.6906e+00 -7.5849e-01 +2.7309e-01 -5.1685e-01 +1.1033e+00 -1.0135e-01 -2.7242e+00 -1.3216e-01 +1.5925e+00 -8.6972e-01 +2.5633e+00 -5.4601e-01 -1.5590e+00 -2.2928e-01 +1.0073e+00 +2.5219e+00 -7.6136e-01 +1.6660e+00 -1.4047e+00 -1.2744e+00
1804 0 +1.806166039e+05 +1.806646839e+05 +1.806646839e+05 +1.6889e+00 -7.5845e-01 +2.4430e-01 -5.6030e-01 +1.1033e+00 -9.8815e-02 -2.7242e+00 -1.3210e-01 +1.5925e+00 -8.6971e-01 +2.5632e+00 -4.7698e-01 -1.5501e+00 -2.1525e-01 +1.0073e+00 +2.5220e+00 -8.1270e-01 +1.6660e+00 -1.4047e+00 -1.2745e+00
1813 0 +1.731201402e+05 +1.731682202e+05 +1.731682202e+05 +1.2065e+00 -7.5842e-01 +2.7225e-01 -1.3584e-01 +1.1033e+00 -1.0133e-01 -2.7242e+00 -1.3204e-01 +1.5925e+00 -8.6970e-01 +2.5632e+00 -4.6563e-01 -1.5379e+00 -2.0675e-01 +1.0074e+00 +2.5220e+00 -8.8078e-01 +1.6659e+00 -1.4047e+00 -1.2745e+00
1857 0 +1.599276442e+05 +1.599757242e+05 +1.599757242e+05 +1.2787e+00 -7.5842e-01 +2.6776e-01 -2.9039e-01 +1.1033e+00 -1.0092e-01 -2.7242e+00 -1.3205e-01 +1.5925e+00 -8.6970e-01 +2.5632e+00 -4.6849e-01 -1.5402e+00 -2.1012e-01 +1.0074e+00 +2.5220e+00 -8.6830e-01 +1.6659e+00 -1.4047e+00 -1.2745e+00
2009 0 +1.584447794e+05 +1.584928594e+05 +1.584928594e+05 +1.3081e+00 -7.5843e-01 +2.6605e-01 -3.5007e-01 +1.1033e+00 -1.0077e-01 -2.7242e+00 -1.3205e-01 +1.5925e+00 -8.6971e-01 +2.5632e+00 -4.6985e-01 -1.5411e+00 -2.1150e-01 +1.0074e+00 +2.5220e+00 -8.6312e-01 +1.6659e+00 -1.4047e+00 -1.2745e+00
% f evaluations | g evaluations | best noise-free fitness - Fopt (3.058000000000e+01) + sum g_i+ | measured fitness | best measured fitness or single-digit g-values | x1 | x2...
1 0 +3.235127892e+07 +3.235130950e+07 +3.235130950e+07 -2.3442e+00 +1.5563e+00 +3.1082e+00 +2.8289e+00 +3.6047e+00 -5.8677e-01 -2.1584e+00 +1.2658e+00 +3.8629e-01 +2.8969e+00 +2.3460e+00 +4.9144e+00 +2.6595e+00 -1.6372e+00 -4.5015e+00 +4.4282e+00 +3.2607e+00 -2.3490e+00 +3.2054e+00 -2.0878e+00
3 0 +9.826037857e+06 +9.826068437e+06 +9.826068437e+06 -1.2652e+00 +2.7245e+00 -1.4944e+00 +1.9324e+00 +1.0027e+00 +1.8771e+00 +2.0365e+00 -3.5391e+00 +2.5273e+00 +3.7052e+00 -4.4834e+00 +4.2218e+00 -8.8818e-01 +2.8441e+00 -3.3233e+00 +4.6106e+00 +3.6317e-01 -4.8650e+00 +3.6382e+00 +2.0012e+00
15 0 +8.309395811e+06 +8.309426391e+06 +8.309426391e+06 -2.9010e+00 +4.6267e+00 -4.5076e+00 +5.7116e-01 +5.0011e-01 -4.8968e+00 -3.3304e+00 -1.0734e+00 +1.2535e+00 +1.4017e+00 -1.1277e+00 -1.6204e+00 +3.2079e+00 -4.2208e+00 -2.5429e+00 -3.3290e+00 -3.5436e+00 -2.9312e+00 -3.5604e+00 -4.3160e+00
54 0 +2.075429149e+06 +2.075459729e+06 +2.075459729e+06 -3.4481e+00 +1.7128e+00 -1.8927e+00 -2.8220e-01 +1.4616e+00 -4.8644e+00 -3.0119e+00 -9.2558e-01 +1.0987e+00 +2.0588e+00 -1.1888e+00 +1.9815e-01 +1.8293e+00 -1.7371e+00 -2.7994e+00 -2.4091e+00 -2.9732e+00 -3.5063e+00 -8.8726e-01 -2.2243e+00
813 0 +1.906195661e+06 +1.906226241e+06 +1.906226241e+06 -3.4481e+00 +1.7128e+00 -1.8927e+00 -2.8220e-01 +1.4616e+00 -4.8644e+00 -3.0119e+00 -9.2558e-01 +1.0987e+00 +2.0588e+00 -1.1888e+00 +1.9815e-01 +1.8293e+00 -1.7371e+00 -2.7994e+00 -2.4091e+00 -2.9732e+00 -3.5063e+00 -1.9450e-01 -2.2243e+00
864 0 +1.873762939e+06 +1.873793519e+06 +1.873793519e+06 -3.4481e+00 +1.7128e+00 -1.8927e+00 -2.8220e-01 +1.4616e+00 -4.8644e+00 -3.0119e+00 -9.2558e-01 +1.0987e+00 +2.0588e+00 -9.0766e-01 +1.9815e-01 +1.8293e+00 -1.7371e+00 -2.7994e+00 -2.4091e+00 -2.9732e+00 -3.5063e+00 -1.9450e-01 -2.2243e+00
1061 0 +1.684117414e+06 +1.684147994e+06 +1.684147994e+06 -3.4481e+00 +1.7128e+00 -1.8927e+00 -2.8220e-01 +1.4616e+00 -4.8644e+00 -3.0119e+00 -9.2558e-01 +1.0987e+00 +2.0588e+00 -1.1888e+00 +1.9815e-01 +1.7415e-01 -1.7371e+00 -2.7994e+00 -2.4091e+00 -2.9732e+00 -3.5063e+00 -8.8726e-01 -2.2243e+00
1212 0 +1.526192210e+06 +1.526222790e+06 +1.526222790e+06 -3.4481e+00 +1.7128e+00 -1.8927e+00 -2.8220e-01 +1.4616e+00 -4.8644e+00 -3.0119e+00 -9.2558e-01 +1.0987e+00 +2.0588e+00 -1.1246e+00 +1.9815e-01 +5.5194e-01 -1.7371e+00 -2.3165e-01 -2.4091e+00 -2.9732e+00 -3.5063e+00 -7.2915e-01 -2.2243e+00
1256 0 +1.490706139e+06 +1.490736719e+06 +1.490736719e+06 -3.4481e+00 +1.7128e+00 -1.8927e+00 -2.8220e-01 +1.4616e+00 -4.8644e+00 -3.0119e+00 -9.2558e-01 +1.0987e+00 +2.0588e+00 -1.1328e+00 +1.9815e-01 +5.0371e-01 -1.7371e+00 -5.5943e-01 -2.4091e+00 -2.9732e+00 -3.5063e+00 -7.4933e-01 -2.2243e+00
1259 0 +1.468481196e+06 +1.468511776e+06 +1.468511776e+06 -3.4481e+00 +1.7128e+00 -1.8927e+00 -2.8220e-01 +1.4616e+00 -4.8644e+00 -3.0119e+00 -9.2558e-01 +1.0987e+00 +2.0588e+00 -1.1453e+00 +1.9815e-01 +4.3047e-01 -1.7371e+00 -1.0573e+00 -2.4091e+00 -2.9732e+00 -3.5063e+00 -7.7999e-01 -2.2243e+00
1462 0 +1.389555249e+06 +1.389585829e+06 +1.389585829e+06 -3.4481e+00 +1.7128e+00 -1.8927e+00 -2.8220e-01 +1.4616e+00 -4.8644e+00 -3.0119e+00 -9.2558e-01 +1.0987e+00 +2.0305e+00 -1.1614e+00 +1.9815e-01 +4.8189e-02 -1.7371e+00 -1.7013e+00 -2.4091e+00 -2.9732e+00 -3.5063e+00 -8.1964e-01 -2.2243e+00
1810 0 +1.373518700e+06 +1.373549280e+06 +1.373549280e+06 -3.4481e+00 +1.7128e+00 -1.8927e+00 -2.8220e-01 +1.4616e+00 -4.8644e+00 -3.0119e+00 -9.2558e-01 +1.0987e+00 +2.0394e+00 -1.1516e+00 +1.9815e-01 +3.6870e-01 -1.7371e+00 -1.3096e+00 -2.4091e+00 -2.9732e+00 -3.5063e+00 -9.7799e-02 -2.2243e+00
1811 0 +1.329824983e+06 +1.329855563e+06 +1.329855563e+06 -3.4481e+00 +1.7128e+00 -1.8927e+00 -2.8220e-01 +1.4616e+00 -4.8644e+00 -3.0119e+00 -3.9135e-01 +1.0987e+00 +2.0138e+00 -1.1558e+00 +1.9815e-01 +2.1234e-01 -1.7371e+00 -1.4774e+00 -2.4091e+00 -2.9732e+00 -3.5063e+00 -7.7261e-01 -2.2243e+00
% f evaluations | g evaluations | best noise-free fitness - Fopt (1.000000000000e+03) + sum g_i+ | measured fitness | best measured fitness or single-digit g-values | x1 | x2...
1 0 +3.133025298e+06 +3.134025298e+06 +3.134025298e+06 +3.5252e+00 +1.8883e+00 +4.1521e+00 -4.0354e+00 -1.4422e+00 -2.0945e+00 -8.8729e-01 +3.4820e+00 -2.5646e+00 -2.8059e+00 -1.5642e-01 +3.0544e+00 +4.1876e+00 +3.6130e+00 +3.4449e-01 -1.6193e+00 +4.6942e+00 -1.3018e+00 -4.8598e+00 +4.3243e+00
102 0 +2.804967120e+06 +2.805967120e+06 +2.805967120e+06 -4.1821e+00 -2.4803e-01 -3.5529e+00 +2.1659e+00 -3.9781e+00 -2.2837e-01 -1.5224e+00 -9.4696e-01 -3.2243e+00 +2.0612e+00 -6.5472e-01 -1.0885e+00 +2.8915e-01 +2.3036e+00 +2.5757e+00 +7.5391e-01 -1.6452e+00 -1.9199e-01 -1.7157e+00 -3.5710e+00
104 0 +2.522958255e+06 +2.523958255e+06 +2.523958255e+06 +4.1896e-02 +2.8654e+00 -2.8118e-01 -1.6718e+00 -1.5759e+00 -2.4486e+00 +4.6685e-01 +1.8397e+00 -1.6371e+00 -1.6381e+00 -7.7852e-01 +2.3908e+00 +1.5542e+00 +2.7316e+00 -7.0317e-01 -1.9736e+00 +2.5199e+00 +1.9246e-01 -3.6625e+00 -3.1271e-02
105 0 +2.351252414e+06 +2.352252414e+06 +2.352252414e+06 +6.5948e-01 +2.6922e+00 +5.0484e-01 -2.0908e+00 -1.5522e+00 -2.3858e+00 +2.2677e-01 +2.1309e+00 -1.8015e+00 -1.8452e+00 -6.6823e-01 +2.5085e+00 +2.0211e+00 +2.8879e+00 -5.1742e-01 -1.9108e+00 +2.9054e+00 -7.2465e-02 -3.8748e+00 +7.4096e-01
156 0 +1.922760884e+06 +1.923760884e+06 +1.923760884e+06 -2.6373e+00 +5.1700e-01 -1.8077e+00 +3.9326e-01 -3.4866e+00 -4.4685e-01 -6.8391e-01 -3.3088e-01 -2.7411e+00 +1.5525e+00 -8.6216e-02 -1.0155e+00 +3.6753e-01 +2.2703e+00 +1.9569e+00 +4.4438e-02 +1.7209e-01 +1.7443e-01 -2.2695e+00 -1.6649e+00
157 0 +1.614451302e+06 +1.615451302e+06 +1.615451302e+06 -9.3620e-01 +1.6394e+00 -6.1448e-01 -8.8848e-01 -2.4885e+00 -1.4473e+00 -2.1402e-01 +9.3936e-01 -2.2563e+00 -2.0064e-01 -3.8652e-01 +8.0281e-01 +1.2207e+00 +2.5890e+00 +6.8021e-01 -9.6442e-01 +1.5824e+00 +4.7036e-02 -3.0978e+00 -4.2350e-01
309 0 +1.510841513e+06 +1.511841513e+06 +1.511841513e+06 -1.5542e+00 +1.2316e+00 -1.0480e+00 -4.2281e-01 -2.8511e+00 -1.0838e+00 -3.8474e-01 +4.7787e-01 -2.4324e+00 +4.3630e-01 -2.7742e-01 +1.4220e-01 +9.1074e-01 +2.4732e+00 +1.1441e+00 -5.9789e-01 +1.0700e+00 +9.3319e-02 -2.7969e+00 -8.7451e-01
563 0 +1.321917759e+06 +1.322917759e+06 +1.322917759e+06 -1.5542e+00 +1.2316e+00 -1.0480e+00 -4.2281e-01 -2.1053e+00 -1.0838e+00 -3.8474e-01 +4.7787e-01 -2.4324e+00 +4.3630e-01 -2.7742e-01 +1.4220e-01 +9.1074e-01 +2.4732e+00 +1.1441e+00 -5.9789e-01 +1.0700e+00 +9.3319e-02 -2.7969e+00 -8.7451e-01
660 0 +1.316445948e+06 +1.317445948e+06 +1.317445948e+06 -1.5542e+00 +1.2316e+00 -1.0480e+00 -4.2281e-01 -2.8511e+00 -1.0838e+00 -3.8474e-01 +4.7787e-01 -2.4324e+00 +4.3630e-01 -2.7742e-01 +1.4220e-01 +2.8442e-01 +2.4732e+00 +1.1441e+00 -5.9789e-01 +1.0700e+00 +9.3319e-02 -2.7969e+00 -8.7451e-01
814 0 +1.193410073e+06 +1.194410073e+06 +1.194410073e+06 -1.5333e+00 +1.2530e+00 -1.0380e+00 -4.3915e-01 -2.6860e+00 -1.1017e+00 -3.7359e-01 +4.9569e-01 -2.0080e+00 +4.0915e-01 -2.8398e-01 +1.7163e-01 +1.4611e-01 +2.4766e+00 +1.1199e+00 -6.1589e-01 +1.0890e+00 +9.4617e-02 -2.8082e+00 -8.6347e-01
860 0 +1.161100224e+06 +1.162100224e+06 +1.162100224e+06 -1.5542e+00 +1.2316e+00 -1.0480e+00 -4.2281e-01 -2.1053e+00 -1.0838e+00 -3.8474e-01 +4.7787e-01 -2.4324e+00 +4.3630e-01 -2.7742e-01 +1.4220e-01 +3.8487e-01 +2.4732e+00 +1.1441e+00 -5.9789e-01 +1.0700e+00 +9.3319e-02 -2.7969e+00 -8.7451e-01
1014 0 +1.102909312e+06 +1.103909312e+06 +1.103909312e+06 -1.5341e+00 +1.2522e+00 -1.0384e+00 -4.3852e-01 -1.7783e+00 -1.1010e+00 -3.7402e-01 +4.9500e-01 -1.8475e+00 +4.1020e-01 -2.8372e-01 +1.7050e-01 +8.2259e-01 +2.4764e+00 +1.1208e+00 -6.1520e-01 +1.0883e+00 +9.4567e-02 -2.8078e+00 -8.6390e-01
1055 0 +1.093866040e+06 +1.094866040e+06 +1.094866040e+06 -1.2136e+00 +1.2529e+00 -1.0380e+00 -4.3907e-01 -2.0793e+00 -1.1016e+00 -3.7365e-01 +4.9560e-01 -1.8965e+00 +4.0928e-01 -2.8394e-01 +1.7149e-01 +6.0592e-01 +2.4766e+00 +1.1200e+00 -6.1580e-01 +1.0889e+00 +9.4610e-02 -2.8082e+00 -8.6353e-01
1110 0 +7.628303201e+05 +7.638303201e+05 +7.638303201e+05 -1.5542e+00 +1.2316e+00 -1.0201e+00 -4.2281e-01 -7.2620e-01 -1.0838e+00 -3.8474e-01 +4.7787e-01 -2.4324e+00 +4.3630e-01 -2.7742e-01 +1.4220e-01 +7.6090e-01 +2.4732e+00 +1.1441e+00 -5.9789e-01 +1.0700e+00 +9.3319e-02 -2.7969e+00 -8.7451e-01
1210 0 +7.043284610e+05 +7.053284610e+05 +7.053284610e+05 -1.4821e+00 +1.3054e+00 -1.0134e+00 -4.7921e-01 -1.5540e-01 -1.1455e+00 -3.4628e-01 +5.3937e-01 -2.2944e+00 +3.4262e-01 -3.0005e-01 +2.4375e-01 +9.3980e-01 +2.4849e+00 +1.0606e+00 -6.6001e-01 +1.1355e+00 +4.7235e-02 -2.8360e+00 -8.3643e-01
1503 0 +6.889486059e+05 +6.899486059e+05 +6.899486059e+05 -1.4368e+00 +8.6889e-01 -1.0153e+00 -4.6291e-01 -3.2008e-01 -1.1277e+00 -3.5739e-01 +5.2160e-01 -2.3343e+00 +3.6969e-01 -2.9351e-01 +1.9015e-01 +8.8810e-01 +2.4815e+00 +1.0847e+00 -6.4206e-01 +1.1166e+00 +6.0552e-02 -2.8247e+00 -8.4743e-01
1514 0 +6.703069215e+05 +6.713069215e+05 +6.713069215e+05 -1.3425e+00 +1.2890e+00 -1.0149e+00 -4.6671e-01 -2.8123e-01 -1.1318e+00 -3.5480e-01 +5.2574e-01 -2.3250e+00 +3.6337e-01 -2.9503e-01 +2.1091e-01 +8.1658e-01 +2.4823e+00 +1.0791e+00 -6.4625e-01 +1.1210e+00 +5.7443e-02 -2.8273e+00 -8.4486e-01
1654 0 +6.539893687e+05 +6.549893687e+05 +6.549893687e+05 -1.4726e+00 +1.2529e+00 -1.0192e+00 -4.3910e-01 -6.4516e-01 -1.1016e+00 -1.1512e-01 +4.9563e-01 -1.7890e+00 +4.0924e-01 -2.8395e-01 +1.2374e-01 +7.7800e-01 +2.4766e+00 +1.1200e+00 -6.1583e-01 +1.0890e+00 +8.0815e-02 -2.7643e+00 -8.6351e-01
1660 0 +6.009726778e+05 +6.019726778e+05 +6.019726778e+05 -1.4222e+00 +1.2894e+00 -1.0148e+00 -4.6696e-01 -2.7904e-01 -1.1321e+00 -3.5463e-01 +5.2601e-01 -2.3244e+00 +3.6296e-01 -2.9513e-01 +2.0703e-01 +2.3029e-02 +2.4823e+00 +1.0788e+00 -6.4652e-01 +1.1213e+00 +5.7241e-02 -2.8275e+00 -8.4470e-01
1753 0 +5.757372958e+05 +5.767372958e+05 +5.767372958e+05 -1.4620e+00 +1.2694e+00 -1.0173e+00 -4.5170e-01 -4.7972e-01 -1.1154e+00 -2.2311e-01 +5.0937e-01 -2.0303e+00 +3.8831e-01 -2.8901e-01 +1.6071e-01 +3.1697e-01 +2.4792e+00 +1.1013e+00 -6.2971e-01 +1.1036e+00 +7.0153e-02 -2.7928e+00 -8.5500e-01
1854 0 +5.706248275e+05 +5.716248275e+05 +5.716248275e+05 -1.4380e+00 +1.2811e+00 -1.0158e+00 -4.6062e-01 -3.6238e-01 -1.1252e+00 -2.0024e-01 +5.1910e-01 -2.2023e+00 +3.7349e-01 -2.9259e-01 +1.8783e-01 +1.5235e-01 +2.4810e+00 +1.0881e+00 -6.3954e-01 +1.1139e+00 +6.2604e-02 -2.8131e+00 -8.4898e-01
1962 0 +5.431722935e+05 +5.441722935e+05 +5.441722935e+05 -1.4326e+00 +1.2841e+00 -1.0155e+00 -4.6296e-01 -3.2640e-01 -1.1277e+00 -3.2012e-01 +5.2165e-01 -2.2472e+00 +3.6961e-01 -2.9353e-01 +1.9487e-01 +1.0016e-01 +3.3076e-01 +1.0847e+00 -6.4211e-01 +1.1166e+00 +6.0629e-02 -2.8184e+00 -8.4740e-01
% f evaluations | g evaluations | best noise-free fitness - Fopt (-4.236000000000e+01) + sum g_i+ | measured fitness | best measured fitness or single-digit g-values | x1 | x2...
1 0 +2.856618646e+07 +2.856614410e+07 +2.856614410e+07 -2.9426e+00 +2.9462e+00 -9.3254e-01 -3.3012e+00 -2.1188e+00 +4.9004e+00 +2.1948e+00 -3.3327e+00 +4.1936e+00 +1.5775e+00 +2.4412e+00 -2.2759e+00 -4.3276e-01 +4.9452e+00 +1.8741e+00 -3.6747e+00 -1.5193e-01 +1.5096e+00 -1.3941e+00 -1.5470e+00
2 0 +1.771520662e+07 +1.771516426e+07 +1.771516426e+07 +4.5556e+00 -1.0094e+00 +2.9147e+00 +2.1766e+00 +3.8580e+00 -3.3899e+00 -2.2438e+00 +1.7762e-01 +2.6980e+00 -2.9819e-01 -2.6941e-01 -2.8856e+00 +1.4769e+00 +4.9617e+00 -1.3451e+00 +4.6518e+00 -4.2455e+00 +3.1843e+00 -4.8298e-01 +1.3347e+00
3 0 +7.879163222e+06 +7.879120862e+06 +7.879120862e+06 -2.8300e+00 +2.6923e+00 -2.3735e+00 -3.0622e+00 -1.2620e+00 +4.2360e+00 +4.8702e+00 +2.2821e+00 +4.7509e-01 +1.1441e+00 +4.0797e+00 +3.2655e+00 +2.5408e+00 -3.0794e+00 +3.0012e+00 -3.9541e+00 +5.8702e-01 -2.3409e+00 +4.3739e-01 -2.3596e+00
7 0 +7.760446510e+06 +7.760404150e+06 +7.760404150e+06 +3.2226e+00 -2.8203e+00 +2.9301e+00 +3.2937e+00 -3.4441e+00 -8.3014e-01 +4.6395e+00 -4.7225e+00 +3.2052e+00 -3.4406e+00 -4.9156e+00 -7.5958e-01 +1.2140e+00 +4.6572e-01 -1.4128e+00 -1.0909e+00 +3.1006e+00 -8.1982e-01 -2.4747e+00 +1.4892e+00
8 0 +6.235700365e+06 +6.235658005e+06 +6.235658005e+06 +3.9221e+00 -2.5642e+00 +2.1527e+00 +2.3852e+00 -4.8484e+00 -1.1950e+00 +2.4246e+00 +3.0483e+00 -1.0331e-01 -3.9039e+00 -2.8794e+00 +1.9607e+00 +3.4183e+00 -2.9076e+00 +2.6516e+00 +4.0448e+00 -4.2237e+00 -2.8556e+00 +3.7920e-01 +1.2986e+00
11 0 +5.393512176e+06 +5.393469816e+06 +5.393469816e+06 -4.9787e+00 +2.0081e+00 +2.7624e+00 -1.5690e+00 -1.1506e+00 -1.0237e+00 +9.5104e-01 +4.0750e+00 -4.6862e+00 +4.5423e+00 +7.1938e-01 +3.7674e+00 -8.8375e-01 -9.3300e-01 -2.8627e+00 +3.1678e+00 +3.4448e+00 +4.9154e+00 -1.5117e+00 +2.0714e+00
18 0 +3.238098237e+06 +3.238055877e+06 +3.238055877e+06 +3.6445e+00 +5.5525e-01 -1.6546e+00 +3.9619e+00 +3.7116e+00 +2.3471e+00 +4.0921e+00 -4.2310e+00 +6.7297e-01 +3.1687e+00 -3.4569e+00 +2.7349e+00 +1.7661e+00 -7.6128e-01 +4.1107e+00 +2.4504e+00 -9.5269e-01 +2.3304e+00 -3.8876e-01 -5.3443e-01
25 0 +1.193521129e+06 +1.193478769e+06 +1.193478769e+06 +2.8720e+00 -3.4928e+00 +4.8740e+00 +9.2392e-01 -4.3097e+00 -4.8849e+00 -1.6476e-01 +1.6362e+00 -2.4253e+00 +3.9375e+00 -3.8393e+00 +2.1389e+00 -3.8465e+00 -1.8849e+00 +2.4593e+00 +3.8926e+00 -4.3026e+00 -7.6171e-01 -1.6754e+00 +2.6602e-01
56 0 +6.868115960e+05 +6.867692360e+05 +6.867692360e+05 +2.4937e+00 +5.4957e-01 -2.1495e+00 +2.7973e+00 +3.1140e+00 +1.8653e+00 +3.0509e+00 -3.6568e+00 +6.7415e-01 +2.7791e+00 -3.3607e+00 +1.9571e+00 +6.2633e-01 -1.5381e-01 +3.0657e+00 +2.0387e+00 -1.4670e+00 +2.0604e+00 +2.7285e-01 -2.6895e-01
104 0 +4.067133670e+05 +4.066710070e+05 +4.066710070e+05 +9.3280e-01 +9.0417e-01 -2.0218e+00 +3.1193e+00 +3.5789e+00 +1.7561e+00 +1.5747e+00 -2.3067e+00 +7.6316e-01 +2.4245e+00 -3.5652e+00 +2.8826e+00 +9.5641e-01 -1.7493e+00 +8.7244e-01 +1.4432e+00 -8.8581e-01 +3.8813e-01 +6.8805e-01 +9.3709e-01
262 0 +3.010268960e+05 +3.009845360e+05 +3.009845360e+05 +9.3280e-01 +9.0417e-01 -2.0218e+00 +2.0876e+00 +3.5789e+00 +1.7561e+00 +1.5747e+00 -2.3067e+00 +7.6316e-01 +2.4245e+00 -3.5652e+00 +2.8826e+00 +9.5641e-01 -1.7493e+00 +8.7244e-01 +1.4432e+00 -8.8581e-01 +3.8813e-01 +6.8805e-01 +9.3709e-01
402 0 +2.389951079e+05 +2.389527479e+05 +2.389527479e+05 +1.1630e+00 +3.2781e-01 -1.1609e+00 +2.4413e+00 +3.0420e+00 +1.4523e+00 +1.5533e+00 -1.6583e+00 +8.0499e-01 +2.5732e+00 -3.3976e+00 +2.9040e+00 +1.9221e-01 -1.6034e+00 +1.4167e+00 +1.4719e+00 -1.4478e+00 -1.4806e-01 +3.4021e-01 +7.7721e-01
404 0 +1.946832568e+05 +1.946408968e+05 +1.946408968e+05 +1.2258e+00 +2.0559e-01 -9.5330e-01 +2.0617e+00 +2.6387e+00 +1.0579e+00 +1.4284e+00 -1.5974e+00 +5.4618e-01 +2.6336e+00 -3.4805e+00 +2.8394e+00 +1.9189e-01 -1.6678e+00 +1.3364e+00 +1.6482e+00 -1.5005e+00 -3.7338e-02 +2.8860e-01 +7.8517e-01
764 0 +1.892458335e+05 +1.892034735e+05 +1.892034735e+05 +1.3446e+00 -7.7729e-02 -5.1883e-01 +2.0598e+00 +2.2581e+00 +7.7669e-01 +1.3694e+00 -1.3096e+00 +4.5886e-01 +2.7184e+00 -3.4459e+00 +2.8220e+00 -5.6183e-02 -1.6345e+00 +1.5250e+00 +1.7310e+00 -1.7500e+00 -2.1050e-01 +1.2649e-01 +7.2338e-01
864 0 +1.797223156e+05 +1.796799556e+05 +1.796799556e+05 +1.4505e+00 -3.3015e-01 -1.2809e-01 +2.0861e+00 +1.9213e+00 +5.2661e-01 +1.3178e+00 -1.0526e+00 +3.8330e-01 +2.7936e+00 -3.4141e+00 +2.8070e+00 -2.4843e-01 -1.6040e+00 +1.6947e+00 +1.8033e+00 -1.9730e+00 -3.6676e-01 -1.8248e-02 +6.6775e-01
1014 0 +1.430020374e+05 +1.429596774e+05 +1.429596774e+05 +1.1552e+00 +3.5067e-01 -1.1753e+00 +2.5196e+00 +2.2772e+00 +1.4462e+00 +1.5474e+00 -1.6885e+00 +7.8923e-01 +2.5687e+00 -3.4106e+00 +2.8993e+00 +2.3054e-01 -1.6142e+00 +1.3848e+00 +1.4800e+00 -1.4225e+00 -1.1549e-01 +3.5454e-01 +7.8463e-01
1509 0 +1.411843656e+05 +1.411420056e+05 +1.411420056e+05 +1.1897e+00 +2.7210e-01 -1.0545e+00 +2.4488e+00 +2.2604e+00 +1.3294e+00 +1.5170e+00 -1.6175e+00 +7.3365e-01 +2.5956e+00 -3.4149e+00 +2.8864e+00 +1.7342e-01 -1.6162e+00 +1.4142e+00 +1.5228e+00 -1.4838e+00 -1.3714e-01 +2.4125e-01 +7.7257e-01
1614 0 +1.287266834e+05 +1.286843234e+05 +1.286843234e+05 +1.1552e+00 +3.5067e-01 -1.1753e+00 +2.5196e+00 +2.2772e+00 +1.4462e+00 +1.5474e+00 -1.6885e+00 +7.8923e-01 +2.5687e+00 -3.4106e+00 +2.8993e+00 +2.3054e-01 -1.6142e+00 +1.3848e+00 +1.4800e+00 -1.4225e+00 -1.1549e-01 +1.6887e-01 +7.8463e-01
1764 0 +1.202498232e+05 +1.202074632e+05 +1.202074632e+05 +1.1768e+00 +1.4912e-01 -1.0997e+00 +2.4753e+00 +2.2667e+00 +1.3731e+00 +1.5284e+00 -1.6441e+00 +7.5445e-01 +2.5856e+00 -3.4133e+00 +2.8912e+00 +1.9480e-01 -1.6155e+00 +1.4032e+00 +1.5068e+00 -1.4609e+00 -1.2903e-01 +2.8365e-01 +7.7708e-01
2004 0 +1.193703107e+05 +1.193279507e+05 +1.193279507e+05 +1.1650e+00 +2.7807e-01 -1.1412e+00 +2.4996e+00 +2.2724e+00 +1.4132e+00 +1.5388e+00 -1.6684e+00 +7.7354e-01 +2.5763e+00 -3.4118e+00 +2.8957e+00 +2.1442e-01 -1.4135e+00 +1.3931e+00 +1.4921e+00 -1.4398e+00 -1.2160e-01 +2.1464e-01 +7.8122e-01
2005 0 +1.158348360e+05 +1.157924760e+05 +1.157924760e+05 +1.1698e+00 +2.2491e-01 -1.1243e+00 +2.4897e+00 +2.2701e+00 +1.3969e+00 +1.5346e+00 -1.6585e+00 +7.6576e-01 +2.5801e+00 -3.4124e+00 +2.8939e+00 +2.0642e-01 -1.5054e+00 +1.3972e+00 +1.4981e+00 -1.4484e+00 -1.2463e-01 +2.4294e-01 +7.7954e-01
% f evaluations | g evaluations | best noise-free fitness - Fopt (-7.187000000000e+01) + sum g_i+ | measured fitness | best measured fitness or single-digit g-values | x1 | x2...
1 0 +1.942915626e+07 +1.942908439e+07 +1.942908439e+07 +1.1223e+00 -7.1054e-01 +3.7733e+00 -3.2875e+00 -4.6998e+00 +2.4187e+00 +3.1335e-01 +1.8482e+00 -3.5089e+00 +4.2906e+00 +2.5072e+00 -3.9342e+00 +1.2102e+00 -3.4484e+00 +1.9782e+00 -3.0050e+00 -1.7605e+00 -5.5187e-01 +3.0663e+00 -1.6258e+00
2 0 +8.300724055e+06 +8.300652185e+06 +8.300652185e+06 +3.1983e+00 +5.8559e-01 -2.8457e+00 +2.6906e+00 -9.7755e-01 +4.2453e+00 +2.7961e+00 -4.1197e+00 -3.2301e+00 +1.6297e+00 -2.2639e+00 -2.0101e+00 +4.9905e+00 +6.3670e-02 +1.1392e+00 +6.0343e-01 +8.2604e-01 -1.7637e+00 +7.1327e-01 -1.9293e+00
8 0 +6.061101281e+06 +6.061029411e+06 +6.061029411e+06 -1.9333e+00 -1.8791e-01 -1.2536e+00 -1.9318e+00 +3.0292e+00 -1.9420e+00 +2.3848e+00 +1.8153e+00 +1.6510e+00 -3.1181e+00 +1.3752e+00 +3.5454e+00 +2.7211e+00 +2.1829e+00 -1.9573e+00 -3.1772e+00 +4.8758e+00 -5.7142e-01 -4.6591e+00 -2.9902e+00
21 0 +1.998652563e+06 +1.998580693e+06 +1.998580693e+06 +2.8856e+00 -3.1868e+00 -3.8344e+00 -4.1516e+00 +2.1845e+00 +8.2339e-01 +2.6683e+00 +3.7018e+00 +4.4959e-01 -5.9959e-01 -4.2042e+00 +3.8179e+00 +5.0433e-01 -3.9930e-01 -3.9379e+00 +4.8323e+00 +7.0022e-01 +2.5625e-01 +3.7138e+00 -1.4015e+00
102 0 +1.246805952e+06 +1.246734082e+06 +1.246734082e+06 -3.3591e-01 +3.0927e-01 -2.2972e+00 -1.7146e+00 -5.3574e-01 -7.9567e-01 +2.7643e+00 +1.5544e+00 -9.8585e-01 -7.0088e-01 -1.8778e+00 +3.4880e+00 -2.3477e+00 -3.3414e+00 +9.9991e-02 -6.0625e-02 +1.8866e+00 +1.9904e-01 +1.7307e-01 -1.5329e+00
103 0 +8.218555006e+05 +8.217836306e+05 +8.217836306e+05 +1.2896e+00 -1.4548e+00 -3.0728e+00 -2.9443e+00 +8.3686e-01 +2.1290e-02 +2.7159e+00 +2.6379e+00 -2.6154e-01 -6.4977e-01 -3.0517e+00 +3.6545e+00 -9.0859e-01 -1.8569e+00 -1.9375e+00 +2.4083e+00 +1.2879e+00 +2.2791e-01 +1.9597e+00 -1.4666e+00
205 0 +7.771932686e+05 +7.771213986e+05 +7.771213986e+05 +1.0575e+00 -1.3131e+00 -2.9860e+00 -2.6989e+00 +9.5273e-01 +7.1106e-02 +2.6278e+00 +2.5954e+00 -1.3265e-01 -6.7594e-01 -2.8751e+00 +3.5737e+00 -9.0542e-01 -1.6724e+00 -1.9200e+00 +2.2433e+00 +1.5036e+00 +2.1963e-01 +1.5668e+00 -1.5938e+00
362 0 +7.700383160e+05 +7.699664460e+05 +7.699664460e+05 +1.2896e+00 -1.4548e+00 -3.0728e+00 -2.9443e+00 +8.3686e-01 +2.1290e-02 +2.7159e+00 +2.6379e+00 -2.6154e-01 -6.4977e-01 -2.6708e+00 +3.6545e+00 -9.0859e-01 -1.8569e+00 -1.9375e+00 +2.4083e+00 +1.2879e+00 +2.2791e-01 +1.9597e+00 -1.4666e+00
564 0 +7.351548209e+05 +7.350829509e+05 +7.350829509e+05 +1.1913e+00 -1.3948e+00 -3.0361e+00 -2.8403e+00 +7.5790e-01 +4.2388e-02 +2.6786e+00 +2.6199e+00 -2.0695e-01 -6.6085e-01 -2.7573e+00 +3.6202e+00 -9.0725e-01 -1.7788e+00 -1.9301e+00 +2.3384e+00 +1.3793e+00 +2.2440e-01 +1.7933e+00 -1.5205e+00
810 0 +7.078490212e+05 +7.077771512e+05 +7.077771512e+05 +1.1393e+00 -1.3631e+00 -3.0166e+00 -2.7854e+00 +8.3359e-01 +5.3545e-02 +2.6588e+00 +2.6104e+00 -1.7809e-01 -1.2493e-01 -2.8030e+00 +3.6022e+00 -9.0654e-01 -1.7375e+00 -1.9262e+00 +2.3015e+00 +1.4276e+00 +1.7747e-01 +1.7053e+00 -1.5490e+00
814 0 +6.323038691e+05 +6.322319991e+05 +6.322319991e+05 +1.1296e+00 -5.1127e-01 -3.0130e+00 -2.7752e+00 +9.1671e-01 +5.5623e-02 +2.6551e+00 +2.4654e+00 -1.7271e-01 -6.5797e-01 -2.9300e+00 +3.5988e+00 -9.0640e-01 -1.7298e+00 -1.9255e+00 +2.2946e+00 +1.4366e+00 +1.8763e-01 +1.6889e+00 -1.5543e+00
1064 0 +6.194140275e+05 +6.193421575e+05 +6.193421575e+05 +1.2568e+00 -5.2891e-01 -3.0606e+00 -2.9096e+00 +8.1617e-01 +2.8320e-02 +2.7034e+00 +2.6319e+00 -2.4335e-01 -6.4718e-01 -2.9632e+00 +3.6431e+00 -9.0814e-01 -1.8308e+00 -1.9350e+00 +2.3850e+00 +1.3184e+00 +1.1222e-01 +1.9037e+00 -1.4845e+00
1162 0 +5.822437461e+05 +5.821718761e+05 +5.821718761e+05 +1.1641e+00 -8.5682e-01 -3.0259e+00 -2.8116e+00 +2.1045e-01 +4.8225e-02 +2.6682e+00 +2.5123e+00 -1.9185e-01 -6.0415e-01 -2.9024e+00 +3.6108e+00 -9.0687e-01 -1.7571e+00 -1.9281e+00 +2.3191e+00 +1.4046e+00 +1.7166e-01 +1.7428e+00 -1.5354e+00
1262 0 +5.686673897e+05 +5.685955197e+05 +5.685955197e+05 +1.1296e+00 -5.1127e-01 -3.0130e+00 -2.7752e+00 +4.1646e-01 +5.5623e-02 +2.6551e+00 +2.4654e+00 -1.7271e-01 -6.5797e-01 -2.9300e+00 +3.5988e+00 -9.0640e-01 -1.7298e+00 -1.9255e+00 +2.2946e+00 +1.4366e+00 +1.8763e-01 +1.6889e+00 -1.5543e+00
1814 0 +5.533924613e+05 +5.533205913e+05 +5.533205913e+05 +1.1396e+00 -6.1179e-01 -3.0167e+00 -2.7858e+00 +3.5653e-01 +4.1580e-02 +2.6590e+00 +2.4791e+00 -1.7828e-01 -6.4231e-01 -2.9220e+00 +3.6023e+00 -9.0654e-01 -1.7377e+00 -1.9262e+00 +2.3017e+00 +1.4273e+00 +5.3566e-02 +1.7046e+00 -1.5488e+00
1961 0 +5.494050563e+05 +5.493331863e+05 +5.493331863e+05 +1.1407e+00 -6.1951e-01 -3.0171e+00 -2.7869e+00 +3.6690e-01 +5.3239e-02 +2.6594e+00 +2.4805e+00 -1.7888e-01 -6.4265e-01 -2.9225e+00 +3.6027e+00 -9.0656e-01 -7.1748e-01 -1.9263e+00 +2.3025e+00 +1.4263e+00 +1.8075e-01 +1.7064e+00 -1.5482e+00
2008 0 +5.338914964e+05 +5.338196264e+05 +5.338196264e+05 +1.1403e+00 -6.1628e-01 -3.0170e+00 -2.7864e+00 +3.6257e-01 +4.8674e-02 +2.6592e+00 +2.4799e+00 -1.7863e-01 -6.3416e-01 -2.9223e+00 +3.6025e+00 -9.0655e-01 -1.1442e+00 -1.9263e+00 +2.3022e+00 +1.4267e+00 +1.3095e-01 +1.7057e+00 -1.5484e+00
% f evaluations | g evaluations | best noise-free fitness - Fopt (-1.650000000000e+01) + sum g_i+ | measured fitness | best measured fitness or single-digit g-values | x1 | x2...
1 0 +5.046744297e+06 +5.046727797e+06 +5.046727797e+06 +3.5837e+00 +1.9732e+00 +2.0576e+00 -1.5326e-01 +2.7940e+00 -4.9559e+00 -1.0061e+00 +3.7032e+00 +2.6074e+00 -3.0729e-01 +6.9865e-01 +4.5484e+00 +2.2742e+00 -1.0020e+00 +6.0153e-01 +1.5589e+00 -3.1145e+00 -2.1153e+00 +1.1313e+00 -2.7787e+00
16 0 +4.067871105e+06 +4.067854605e+06 +4.067854605e+06 +2.7860e+00 +2.2712e+00 +1.0364e+00 -2.3526e+00 +1.6293e+00 -2.5133e+00 -2.5050e+00 +3.2882e+00 -7.6739e-02 -2.3638e+00 +3.5374e+00 -7.4104e-01 -2.4437e+00 +2.7393e+00 +4.2004e+00 -4.8052e+00 +2.9575e+00 -2.5696e+00 +3.8460e+00 +2.1000e+00
40 0 +2.545509540e+06 +2.545493040e+06 +2.545493040e+06 -3.1039e+00 +2.2351e+00 +4.9796e+00 +1.4693e+00 +4.7311e+00 -1.1150e+00 -1.3007e+00 +4.2897e+00 +3.1624e-01 +5.6249e-02 -1.9840e+00 -3.3527e-01 -3.4168e+00 -3.7145e+00 +2.5788e+00 +5.8022e-01 +3.5552e+00 +1.7574e+00 -4.4478e+00 -4.3655e+00
55 0 +2.445285022e+06 +2.445268522e+06 +2.445268522e+06 -2.8231e+00 +2.1682e+00 +4.7750e+00 +1.5441e+00 +4.5011e+00 -1.1362e+00 -1.3726e+00 +4.2157e+00 +1.4509e-01 +2.1157e-01 -1.7800e+00 -4.0954e-01 -3.3013e+00 -3.6034e+00 +2.2989e+00 +7.1371e-01 +3.5235e+00 +1.6746e+00 -4.1112e+00 -4.3169e+00
102 0 +1.968449135e+06 +1.968432635e+06 +1.968432635e+06 -2.0463e+00 +1.9952e+00 +2.1538e+00 +6.7913e-01 +3.9599e+00 -1.1846e+00 -1.7688e+00 +1.9952e+00 +1.6649e-01 +5.6300e-01 -1.7491e-01 +9.9451e-01 -1.2657e+00 -1.5440e+00 +1.2084e+00 +1.7967e-01 +1.6499e+00 +2.6048e-04 -4.2126e+00 -3.2410e+00
152 0 +1.803381907e+06 +1.803365407e+06 +1.803365407e+06 +2.6019e+00 +3.0625e+00 +2.0973e+00 -1.1108e+00 +2.5226e+00 -2.4917e+00 -9.3181e-01 +3.1298e+00 -4.0720e-01 -2.4907e+00 +2.9240e+00 -3.1335e-01 -1.7176e+00 +1.9689e+00 -4.0549e-01 -2.0344e+00 +4.1265e-01 -1.4961e+00 +1.3996e+00 +2.8138e-01
153 0 +1.215919942e+06 +1.215903442e+06 +1.215903442e+06 +1.9518e+00 +2.5600e+00 +1.6758e+00 -1.5117e+00 +3.2738e+00 -1.5366e+00 -9.0160e-01 +1.8526e+00 -1.2626e+00 -2.6105e+00 +1.4489e+00 +8.3538e-01 -2.7674e+00 +1.4815e+00 -1.3057e+00 -9.4906e-01 +1.6634e+00 +1.1493e+00 +8.6200e-01 -8.0979e-01
207 0 +1.090219238e+06 +1.090202738e+06 +1.090202738e+06 +1.9769e+00 +2.5850e+00 +1.7027e+00 -1.4860e+00 +3.2375e+00 -1.5847e+00 -9.0395e-01 +1.9218e+00 -1.2165e+00 -2.5996e+00 +1.5188e+00 +7.7458e-01 -2.7147e+00 +1.4977e+00 -1.2536e+00 -1.0017e+00 +1.6026e+00 +1.0151e+00 +8.8100e-01 -7.6001e-01
252 0 +8.320600007e+05 +8.320435007e+05 +8.320435007e+05 +2.3730e+00 +2.8539e+00 +1.9512e+00 -1.1335e+00 +2.7126e+00 -2.1669e+00 -9.6440e-01 +2.7296e+00 -7.3104e-01 -2.3906e+00 +2.4249e+00 -1.6743e-01 -2.0383e+00 +1.7153e+00 -7.3170e-01 -1.5668e+00 +8.7193e-01 -6.2215e-01 +1.2269e+00 -1.6070e-01
253 0 +7.522378153e+05 +7.522213153e+05 +7.522213153e+05 +2.1364e+00 +2.6309e+00 +1.7514e+00 -1.2697e+00 +2.9839e+00 -1.7739e+00 -9.6841e-01 +2.1979e+00 -1.1120e+00 -2.3957e+00 +1.8391e+00 +2.0338e-01 -2.4525e+00 +1.5109e+00 -1.1421e+00 -1.0832e+00 +1.3922e+00 +4.5871e-01 +1.0469e+00 -6.1963e-01
258 0 +5.718667415e+05 +5.718502415e+05 +5.718502415e+05 +2.2789e+00 +2.8861e+00 +2.0255e+00 -1.1767e+00 +2.8006e+00 -2.1640e+00 -9.3218e-01 +2.0934e+00 -6.6145e-01 -2.4680e+00 +2.3600e+00 +4.2435e-02 -2.0798e+00 +1.6933e+00 -6.2593e-01 -1.6352e+00 +8.7141e-01 -6.0145e-01 +1.1098e+00 -1.6069e-01
309 0 +5.529238310e+05 +5.529073310e+05 +5.529073310e+05 +2.2733e+00 +2.4222e+00 +2.0195e+00 -1.1825e+00 +2.8087e+00 -2.1533e+00 -9.3166e-01 +2.0902e+00 -6.7171e-01 -2.4705e+00 +2.3444e+00 +5.5972e-02 -2.0916e+00 +1.6897e+00 -6.3753e-01 -1.6235e+00 +8.8493e-01 -5.7156e-01 +1.1055e+00 -1.7177e-01
560 0 +3.921010740e+05 +3.920845740e+05 +3.920845740e+05 +2.2937e+00 +2.5104e+00 +2.0055e+00 -1.1724e+00 +2.7891e+00 -2.1561e+00 -9.3835e-01 +2.2209e+00 -6.8383e-01 -2.4541e+00 +2.3609e+00 +1.0319e-02 -1.1542e-02 +1.6949e+00 -6.5678e-01 -1.6119e+00 +8.8228e-01 -5.8190e-01 +1.1303e+00 -1.6951e-01
761 0 +3.810253025e+05 +3.810088025e+05 +3.810088025e+05 +2.2937e+00 +2.2417e+00 +2.0055e+00 -1.1724e+00 +2.7891e+00 -2.1561e+00 -9.3835e-01 +2.2209e+00 -6.8383e-01 -2.4541e+00 +2.3609e+00 +1.0319e-02 -1.1542e-02 +1.6949e+00 -6.5678e-01 -1.6119e+00 +8.8228e-01 -5.8190e-01 +1.1303e+00 -1.6951e-01
906 0 +3.527845778e+05 +3.527680778e+05 +3.527680778e+05 +1.7209e+00 +2.3951e+00 +2.0055e+00 -1.1724e+00 +2.7891e+00 -2.1561e+00 -9.3835e-01 +2.2209e+00 -6.8383e-01 -2.4541e+00 +2.3609e+00 +1.0319e-02 -1.1542e-02 +1.6949e+00 -6.5678e-01 -1.6119e+00 +8.8228e-01 -5.8190e-01 +1.1303e+00 -1.6951e-01
1013 0 +3.270259873e+05 +3.270094873e+05 +3.270094873e+05 +1.8631e+00 +2.3570e+00 +2.0055e+00 -1.1724e+00 +2.7891e+00 -2.1561e+00 -9.3835e-01 +2.2209e+00 -6.8383e-01 -2.4541e+00 +2.3609e+00 +1.0319e-02 -1.1542e-02 +1.4337e+00 -6.5678e-01 -1.6119e+00 +8.8228e-01 -5.8190e-01 +1.1303e+00 -1.6951e-01
1304 0 +3.165577554e+05 +3.165412554e+05 +3.165412554e+05 +2.0488e+00 +2.4378e+00 +2.0074e+00 -1.1737e+00 +2.7916e+00 -1.6989e+00 -9.3748e-01 +2.2039e+00 -6.8226e-01 -2.4563e+00 +2.3587e+00 +1.6246e-02 -2.8159e-01 +1.6539e+00 -6.5428e-01 -1.6134e+00 +8.8262e-01 -5.8056e-01 +1.1271e+00 -1.6952e-01
1305 0 +3.162072104e+05 +3.161907104e+05 +3.161907104e+05 +2.0578e+00 +2.4397e+00 +2.0074e+00 -1.1738e+00 +2.7917e+00 -1.6811e+00 -9.3745e-01 +2.2033e+00 -6.8220e-01 -2.4563e+00 +2.3586e+00 +1.6467e-02 -2.9163e-01 +1.6554e+00 -6.5419e-01 -1.6135e+00 +8.8263e-01 -5.8051e-01 +1.1270e+00 -1.6954e-01
1412 0 +2.892836522e+05 +2.892671522e+05 +2.892671522e+05 +1.8181e+00 +2.3899e+00 +1.4781e+00 -1.1725e+00 +2.7892e+00 -2.1561e+00 -9.3831e-01 +2.2201e+00 -6.8376e-01 -2.4542e+00 +2.3608e+00 +1.0585e-02 -2.3641e-02 +1.6157e+00 -6.5666e-01 -1.6120e+00 +8.8229e-01 -5.8184e-01 +1.1302e+00 -1.6896e-01
1611 0 +2.746872170e+05 +2.746707170e+05 +2.746707170e+05 +1.8557e+00 +2.2513e+00 +1.2562e+00 -1.1725e+00 +2.7891e+00 -2.1561e+00 -9.3834e-01 +2.2208e+00 -6.8382e-01 -2.4542e+00 +2.3608e+00 +1.0366e-02 -1.3690e-02 +1.4648e+00 -6.5676e-01 -1.6120e+00 +8.8228e-01 -5.8189e-01 +1.0858e+00 -1.6941e-01
% f evaluations | g evaluations | best noise-free fitness - Fopt (1.000000000000e+03) + sum g_i+ | measured fitness | best measured fitness or single-digit g-values | x1 | x2...
1 0 +1.713662734e+07 +1.713762734e+07 +1.713762734e+07 +1.1637e+00 +9.2827e-01 +1.3152e+00 +4.7229e+00 -1.3797e+00 -1.2302e+00 -4.1546e+00 +1.0122e+00 +2.4394e+00 +3.4973e-01 +3.7671e+00 -1.9841e+00 -1.6282e+00 +4.5310e+00 -3.7725e+00 -5.7136e-01 +2.3330e+00 -2.3025e-01 -1.6269e+00 -3.9619e+00
2 0 +6.669663504e+06 +6.670663504e+06 +6.670663504e+06 +4.3736e+00 -6.1730e-01 -4.0085e+00 +6.6913e-01 +3.5337e+00 -1.1222e-01 +1.3257e+00 +1.4384e+00 +2.9220e+00 -4.2301e+00 -4.2170e+00 +4.8267e+00 -4.9213e+00 +2.7171e+00 -4.4299e+00 -5.5033e-01 +1.7215e+00 +2.2974e+00 -2.7202e+00 +1.9858e-01
8 0 +5.489442464e+06 +5.490442464e+06 +5.490442464e+06 +6.8755e-01 -3.3915e+00 -4.7805e+00 +1.6769e+00 +1.0822e+00 +1.6454e+00 +4.4339e+00 -7.8367e-01 -7.8203e-01 +2.3124e+00 -1.7277e+00 -1.7693e+00 +3.4255e+00 +5.2515e-02 -2.3756e+00 -2.6932e+00 +1.9512e+00 -2.2347e+00 -3.7552e+00 -3.2120e+00
22 0 +3.629551303e+06 +3.630551303e+06 +3.630551303e+06 -1.5459e+00 -3.9210e+00 -1.0222e+00 -2.2259e+00 +2.6274e+00 +6.4821e-01 +3.4575e+00 -1.7299e+00 +2.4913e+00 +2.9105e+00 -2.0397e+00 +1.4196e+00 +4.5022e+00 -3.3191e+00 +2.1764e-02 +2.7663e+00 -1.9265e+00 +4.8634e+00 +4.8373e+00 -4.0087e+00
54 0 +2.745763398e+06 +2.746763398e+06 +2.746763398e+06 +1.5819e+00 -6.6447e-01 -2.0640e+00 -2.7145e+00 +4.0732e-01 -3.6396e-01 +1.5047e+00 -4.7087e-01 -2.7722e-01 +5.7913e-01 -3.6138e+00 +1.0118e-01 +1.4197e+00 -1.8972e+00 -3.0852e-01 -1.6211e+00 -2.8961e-01 +8.8480e-01 -1.3249e+00 +1.4448e+00
55 0 +2.315725740e+06 +2.316725740e+06 +2.316725740e+06 +2.2193e-01 -2.0804e+00 -1.6110e+00 -2.5020e+00 +1.3726e+00 +7.6146e-02 +2.3538e+00 -1.0183e+00 +9.2657e-01 +1.5928e+00 -2.9294e+00 +6.7445e-01 +2.7600e+00 -2.5155e+00 -1.6491e-01 +2.8661e-01 -1.0014e+00 +2.6148e+00 +1.3545e+00 -9.2644e-01
710 0 +2.060723927e+06 +2.061723927e+06 +2.061723927e+06 +2.2384e-01 -2.0785e+00 -1.6116e+00 -2.4954e+00 +1.3713e+00 +7.5528e-02 +2.3526e+00 -1.0175e+00 +9.2488e-01 +1.5914e+00 -2.9303e+00 +6.7364e-01 +2.7581e+00 -2.5146e+00 -1.6511e-01 +2.8411e-01 -5.1781e-01 +2.6123e+00 +1.3507e+00 -9.2311e-01
712 0 +1.809033767e+06 +1.810033767e+06 +1.810033767e+06 +2.6274e-01 -2.0379e+00 -1.6246e+00 -2.3597e+00 +1.3437e+00 +6.2938e-02 +2.3283e+00 -1.0019e+00 +8.9044e-01 +1.5624e+00 -2.9499e+00 +6.5724e-01 +2.7198e+00 -1.2602e+00 -1.6922e-01 +2.3331e-01 -9.8000e-01 +2.5628e+00 +1.2741e+00 -8.5528e-01
960 0 +1.609168224e+06 +1.610168224e+06 +1.610168224e+06 +2.2193e-01 -2.0804e+00 -1.6110e+00 -2.5020e+00 +4.5586e-02 +7.6146e-02 +2.3538e+00 -1.0183e+00 +9.2657e-01 +1.5928e+00 -2.9294e+00 +6.7445e-01 +2.7600e+00 -1.5261e+00 -1.6491e-01 +2.8661e-01 -1.0014e+00 +2.6148e+00 +1.3545e+00 -9.2644e-01
963 0 +1.480605666e+06 +1.481605666e+06 +1.481605666e+06 +2.6274e-01 -2.0379e+00 -1.6246e+00 -2.3597e+00 +1.3437e+00 +6.2938e-02 +2.3283e+00 -1.0019e+00 +8.9044e-01 +1.5624e+00 -2.9499e+00 +6.5724e-01 +2.7198e+00 -1.2602e+00 -1.6922e-01 +2.3331e-01 -3.1080e-01 +2.5628e+00 +1.2741e+00 -8.5528e-01
1013 0 +1.268447177e+06 +1.269447177e+06 +1.269447177e+06 +2.6274e-01 -2.0379e+00 -1.6246e+00 -2.3597e+00 +1.3437e+00 +6.2938e-02 +2.3283e+00 -1.0019e+00 +8.9044e-01 +5.8973e-01 -2.9499e+00 +6.5724e-01 +2.7198e+00 -1.2602e+00 -1.6922e-01 +2.3331e-01 -9.8000e-01 +2.5628e+00 +1.2741e+00 -8.5528e-01
1160 0 +1.061108943e+06 +1.062108943e+06 +1.062108943e+06 +2.6274e-01 -2.0379e+00 -1.6246e+00 -2.3597e+00 +1.3009e+00 +6.2938e-02 +2.3283e+00 -1.0019e+00 +8.9044e-01 +6.4160e-01 -2.9499e+00 +6.5724e-01 +2.7198e+00 -1.2602e+00 -1.6922e-01 +2.3331e-01 -4.9490e-01 +2.5628e+00 +1.2741e+00 -8.5528e-01
1311 0 +9.762332642e+05 +9.772332642e+05 +9.772332642e+05 +2.6274e-01 -2.0379e+00 -1.6246e+00 -2.3597e+00 +1.3009e+00 +6.2938e-02 +2.3283e+00 -1.0019e+00 +8.9044e-01 +6.4160e-01 -2.9499e+00 +6.5724e-01 +2.7198e+00 -1.2602e+00 -1.6922e-01 +2.3331e-01 -4.9490e-01 +2.5628e+00 +1.2741e+00 -4.0768e-01
1314 0 +9.385611322e+05 +9.395611322e+05 +9.395611322e+05 +2.6274e-01 -2.0379e+00 -1.6246e+00 -2.3597e+00 +1.3009e+00 +6.2938e-02 +2.3283e+00 -1.0019e+00 +8.9044e-01 +2.3930e-01 -2.9499e+00 +6.5724e-01 +2.7198e+00 -1.2602e+00 -1.6922e-01 +2.3331e-01 -4.9490e-01 +2.5628e+00 +7.3660e-01 -8.5528e-01
1512 0 +8.801411132e+05 +8.811411132e+05 +8.811411132e+05 +2.6274e-01 -2.0379e+00 -1.6246e+00 -2.3597e+00 +8.1003e-01 +6.2938e-02 +2.3283e+00 -1.0019e+00 +8.9044e-01 +3.1380e-01 -2.9499e+00 +6.5724e-01 +2.7198e+00 -1.2602e+00 -1.6922e-01 +2.3331e-01 -4.3829e-01 +2.5628e+00 +1.2741e+00 -8.5528e-01
1710 0 +8.589629951e+05 +8.599629951e+05 +8.599629951e+05 +2.6274e-01 -2.0379e+00 -1.6243e+00 -2.3597e+00 +8.3359e-01 +6.2938e-02 +2.3283e+00 -1.0019e+00 +8.9044e-01 +3.1668e-01 -2.9499e+00 +6.5724e-01 +2.7198e+00 -1.2602e+00 -1.6922e-01 +2.3331e-01 -4.4094e-01 +2.5628e+00 +1.2559e+00 -3.6397e-01
1856 0 +8.468695151e+05 +8.478695151e+05 +8.478695151e+05 +2.6274e-01 -2.0379e+00 -1.6245e+00 -2.3597e+00 +8.8369e-01 +6.2938e-02 +2.3283e+00 -1.0019e+00 +8.9044e-01 +3.5541e-01 -2.9499e+00 +6.5724e-01 +2.7198e+00 -1.1272e+00 -1.6922e-01 +2.3331e-01 -4.4674e-01 +2.5628e+00 +1.2632e+00 -6.2265e-01
1862 0 +8.315762172e+05 +8.325762172e+05 +8.325762172e+05 +2.6274e-01 -2.0379e+00 -1.6244e+00 -2.3597e+00 +8.3132e-01 +6.2938e-02 +2.3283e+00 -1.0019e+00 +8.9044e-01 +1.5889e-01 -2.9499e+00 +6.5724e-01 +2.7198e+00 -1.2602e+00 -1.6922e-01 +2.3331e-01 -4.4069e-01 +2.5628e+00 +1.2576e+00 -8.5285e-01
% f evaluations | g evaluations | best noise-free fitness - Fopt (-1.000000000000e+03) + sum g_i+ | measured fitness | best measured fitness or single-digit g-values | x1 | x2...
1 0 +1.665632448e+07 +1.665532448e+07 +1.665532448e+07 +3.7673e+00 +9.8427e-01 +5.7953e-01 +2.1644e+00 +4.5717e-01 +8.4898e-01 -4.7684e-01 -8.5347e-01 -1.4888e+00 -2.4543e-01 +2.9965e-02 +4.9900e+00 +3.1118e+00 +2.0027e+00 -4.9816e+00 -3.0271e+00 +2.1518e+00 -1.2201e+00 -4.4562e+00 +5.2949e-01
4 0 +8.402641234e+06 +8.401641234e+06 +8.401641234e+06 -1.1591e-01 -2.0270e+00 +4.3484e+00 -4.9816e+00 +2.0623e+00 +3.8016e+00 +4.9241e+00 +4.8773e+00 +3.3039e-01 +1.3578e+00 +3.3054e+00 +1.8308e+00 +4.3128e+00 -1.8854e+00 +2.9709e+00 +2.8129e-01 +4.1761e+00 -1.2726e+00 +4.9382e-01 -1.3187e+00
5 0 +7.791214559e+06 +7.790214559e+06 +7.790214559e+06 -4.0392e+00 -3.6137e-01 -2.8776e+00 -4.7320e-02 -3.6103e+00 +2.8252e+00 -2.8239e+00 +8.0998e-01 +1.0654e+00 +9.3496e-01 -3.4346e+00 -6.1134e-01 +1.9021e+00 -4.2242e+00 -5.4186e-01 -2.5077e+00 -4.2343e+00 -4.4320e+00 -1.4136e-01 +3.4049e+00
8 0 +5.122851708e+06 +5.121851708e+06 +5.121851708e+06 +8.1033e-01 +3.4931e+00 -4.6196e+00 +2.1831e+00 -1.3086e+00 +1.0325e+00 -2.0182e+00 +1.0685e+00 +3.1057e+00 +5.6959e-01 -2.7982e+00 -1.9262e+00 +4.9320e+00 +1.7510e+00 +4.9565e-02 -2.4267e-01 -4.1266e+00 -2.3766e+00 -2.6805e+00 -2.7578e+00
9 0 +4.566484188e+06 +4.565484188e+06 +4.565484188e+06 -1.5931e+00 -2.5398e+00 -4.7637e+00 -2.4851e+00 +3.8009e+00 -9.4086e-01 -7.2288e-01 +4.8121e+00 +2.1101e+00 +2.1393e+00 -6.1112e-01 -2.0260e+00 +2.7137e+00 -4.1815e+00 -1.6496e+00 -1.8071e+00 -8.3955e-01 +4.6902e+00 -1.2790e+00 +4.5695e+00
58 0 +4.115706068e+06 +4.114706068e+06 +4.114706068e+06 -2.0051e+00 -1.1977e+00 -3.4657e+00 -2.2307e+00 +2.8626e+00 -1.4589e+00 -9.2113e-01 +4.0274e+00 +1.5123e+00 +9.4573e-01 +7.2226e-02 -6.5651e-01 +2.0937e+00 -2.4211e+00 -1.6758e+00 -6.7604e-01 -8.5132e-01 +3.7021e+00 -1.4966e-01 +4.2686e+00
202 0 +3.978472961e+06 +3.977472961e+06 +3.977472961e+06 +2.8260e-01 -1.9164e-01 -2.7398e+00 -5.5991e-01 -1.6613e+00 -1.3586e+00 +2.3852e-01 +2.5355e+00 -2.3073e+00 +2.0772e+00 +2.9099e-02 +3.1330e+00 +1.9989e-01 -8.4938e-01 -2.0630e+00 -2.8268e+00 +1.1466e+00 -6.1227e-01 -2.0627e+00 +2.1437e+00
208 0 +3.808497627e+06 +3.807497627e+06 +3.807497627e+06 -1.7740e+00 -1.2081e+00 -3.3851e+00 -2.2371e+00 +2.1088e+00 -1.2460e+00 -7.8803e-01 +3.8860e+00 +1.1269e+00 +9.4314e-01 -9.5495e-02 -3.1640e-01 +1.7193e+00 -2.5120e+00 -1.6543e+00 -1.0164e+00 -7.1746e-01 +2.8171e+00 -2.2365e-01 +4.0888e+00
302 0 +3.784818173e+06 +3.783818173e+06 +3.783818173e+06 -1.9266e+00 -1.1803e+00 -3.4155e+00 -2.2290e+00 +2.5701e+00 -1.3887e+00 -8.7525e-01 +3.9629e+00 +1.3609e+00 +5.8046e-01 +2.1284e-02 -5.0954e-01 +1.9460e+00 -2.4266e+00 -1.6683e+00 -7.8346e-01 -8.0221e-01 +3.3605e+00 -1.5901e-01 +4.1976e+00
307 0 +3.640090244e+06 +3.639090244e+06 +3.639090244e+06 -5.2853e-01 -5.4835e-01 -2.9972e+00 -1.1523e+00 -5.7293e-02 -1.3942e+00 -1.7264e-01 +3.0645e+00 -9.5308e-01 +1.6760e+00 +4.4390e-02 +1.7894e+00 +8.7136e-01 -1.4066e+00 -1.9257e+00 -2.0642e+00 +4.3820e-01 +9.1741e-01 -1.3844e+00 +2.8971e+00
354 0 +3.624614948e+06 +3.623614948e+06 +3.623614948e+06 -1.0665e+00 -6.0468e-01 -2.9962e+00 -1.4826e+00 +7.8899e-01 -1.4730e+00 -4.4367e-01 +3.2890e+00 -2.0929e-01 +1.2884e+00 +1.3179e-01 +1.1437e+00 +1.1970e+00 -1.5367e+00 -1.8448e+00 -1.4721e+00 +8.6047e-03 +1.7094e+00 -8.3755e-01 +3.3155e+00
514 0 +3.146062937e+06 +3.145062937e+06 +3.145062937e+06 -6.0170e-01 -5.2152e-01 -2.9649e+00 -1.3674e+00 +8.4213e-02 -1.4222e+00 -1.7771e-01 +3.1726e+00 -8.0702e-01 +1.4818e+00 +8.2151e-02 +1.6755e+00 +8.1946e-01 -1.4708e+00 -1.1581e+00 -1.9270e+00 +3.9670e-01 +1.0022e+00 -1.1663e+00 +3.0157e+00
910 0 +2.807706507e+06 +2.806706507e+06 +2.806706507e+06 -5.9991e-01 -5.2218e-01 -2.9657e+00 -1.3622e+00 +8.0747e-02 -1.4216e+00 -1.7759e-01 +3.1699e+00 -8.1060e-01 +6.5802e-01 +8.1226e-02 +1.6783e+00 +8.2073e-01 -1.4692e+00 -1.1862e+00 -1.9304e+00 +3.9771e-01 +1.0001e+00 -1.1716e+00 +3.0128e+00
960 0 +2.691221439e+06 +2.690221439e+06 +2.690221439e+06 -5.9991e-01 -5.2218e-01 -2.9657e+00 -1.3622e+00 +8.0747e-02 -1.4216e+00 -1.7759e-01 +3.1699e+00 -8.1060e-01 +1.4866e+00 +8.1226e-02 +1.6783e+00 +8.2073e-01 -1.4692e+00 -1.1862e+00 -3.0092e-01 +3.9771e-01 +1.0001e+00 -1.1716e+00 +3.0128e+00
1010 0 +2.522335923e+06 +2.521335923e+06 +2.521335923e+06 -1.3472e+00 -9.3241e-01 -3.2508e+00 -1.9492e+00 +1.5359e+00 -1.3845e+00 -5.5663e-01 +3.6838e+00 +1.4609e-02 +9.1190e-01 +2.8886e-02 +3.6703e-01 +1.4355e+00 -2.1059e+00 -1.7228e+00 -1.2900e+00 -2.8548e-01 +2.3546e+00 -5.5932e-01 +8.7753e-01
1108 0 +2.505755233e+06 +2.504755233e+06 +2.504755233e+06 -1.1848e+00 -8.4325e-01 -3.1888e+00 -1.8217e+00 +1.2196e+00 -1.3926e+00 -4.7425e-01 +3.5721e+00 -1.6473e-01 +8.6254e-01 +4.0267e-02 +6.5202e-01 +1.3019e+00 -1.9675e+00 -1.6049e+00 -1.4291e+00 -1.3699e-01 +2.0602e+00 -6.9237e-01 +1.3416e+00
1112 0 +1.963180298e+06 +1.962180298e+06 +1.962180298e+06 -1.3472e+00 -9.3241e-01 -3.2508e+00 -1.9492e+00 +1.5359e+00 -1.3845e+00 -5.5663e-01 +3.6838e+00 +1.4609e-02 +9.1190e-01 +2.8886e-02 +3.6703e-01 +1.4355e+00 -2.1059e+00 -2.7494e-01 -1.2900e+00 -2.8548e-01 +2.3546e+00 -5.5932e-01 +8.7753e-01
1461 0 +1.826510465e+06 +1.825510465e+06 +1.825510465e+06 -1.1681e+00 -9.3092e-01 -3.2497e+00 -1.9471e+00 +1.5306e+00 -1.3847e+00 -5.5526e-01 +3.6819e+00 +1.1740e-02 +9.1394e-01 +2.9077e-02 +3.7178e-01 +1.4333e+00 -2.1036e+00 -2.7860e-01 -1.2923e+00 -2.8300e-01 +1.4207e+00 -5.6153e-01 +8.8602e-01
1560 0 +1.809005824e+06 +1.808005824e+06 +1.808005824e+06 -8.8297e-01 -9.2855e-01 -3.2481e+00 -1.9437e+00 +3.0213e-01 -1.3849e+00 -5.5307e-01 +3.6789e+00 +7.1712e-03 +8.6979e-01 +2.9382e-02 +3.7934e-01 +1.4297e+00 -2.0999e+00 -2.8442e-01 -1.2960e+00 -2.6477e-01 +2.3418e+00 -5.6505e-01 +8.9953e-01
1653 0 +1.761210780e+06 +1.760210780e+06 +1.760210780e+06 -9.3361e-01 -9.2897e-01 -3.2484e+00 -1.9443e+00 +5.0648e-01 -1.3848e+00 -5.5346e-01 +3.6795e+00 +7.9825e-03 +8.7710e-01 +2.9328e-02 +3.7800e-01 +1.4304e+00 -2.1006e+00 -2.8339e-01 -1.2953e+00 -2.6785e-01 +2.2055e+00 -5.6443e-01 +8.9713e-01
1812 0 +1.701877278e+06 +1.700877278e+06 +1.700877278e+06 -1.3277e+00 -9.2164e-01 -3.2433e+00 -1.9339e+00 +2.4526e-01 -1.3855e+00 -5.4669e-01 +3.6703e+00 -6.1417e-03 +9.2666e-01 +3.0270e-02 +4.0139e-01 +1.4194e+00 -2.0892e+00 -3.0140e-01 -1.3067e+00 -2.6756e-01 +2.3191e+00 -5.7532e-01 +9.3890e-01
1863 0 +1.587762738e+06 +1.586762738e+06 +1.586762738e+06 -1.2336e+00 -9.2712e-01 -3.2471e+00 -1.9417e+00 +1.5169e+00 -1.3850e+00 -5.5174e-01 +3.6772e+00 +4.4029e-03 +2.8989e-01 +2.3022e-02 +3.8393e-01 +1.4276e+00 -2.0977e+00 -2.8795e-01 -1.2982e+00 -2.7667e-01 +1.0620e+00 -5.6719e-01 +9.0771e-01
% f evaluations | g evaluations | best noise-free fitness - Fopt (-1.527400000000e+02) + sum g_i+ | measured fitness | best measured fitness or single-digit g-values | x1 | x2...
1 0 +1.105174463e+07 +1.105159189e+07 +1.105159189e+07 +6.2119e-01 +1.5555e+00 -8.9323e-01 -8.0517e-01 -2.5445e+00 +3.5360e+00 -3.6087e+00 -4.3111e+00 -4.4873e+00 +7.6522e-01 +4.2546e+00 +2.9388e+00 +8.3991e-02 +4.2129e+00 +2.8662e+00 +2.9361e+00 +3.8894e+00 -3.8651e-01 +2.1759e-03 +1.8565e+00
5 0 +9.922663746e+06 +9.922511006e+06 +9.922511006e+06 +3.2325e+00 +3.1245e+00 +2.4538e+00 +5.5926e-01 +2.0881e+00 -7.2091e-01 +4.0556e+00 +3.2852e+00 +3.6866e+00 -8.0697e-01 -3.1685e+00 -1.5902e+00 -3.6388e+00 +1.2070e+00 +3.8079e+00 -2.9499e+00 -2.8629e+00 -3.4069e+00 +4.9460e+00 -6.7396e-01
9 0 +5.370235440e+06 +5.370082700e+06 +5.370082700e+06 +1.6038e+00 +4.2620e+00 -3.0946e+00 +3.5345e-01 -3.8886e-01 +2.1453e-01 +1.6192e+00 -1.1285e+00 -1.5305e+00 -3.1388e+00 -3.7587e+00 +3.7321e+00 -3.6335e+00 +4.8231e+00 -4.7862e-01 -1.6662e+00 +1.0003e+00 +4.4380e+00 +4.9037e+00 +3.0163e+00
14 0 +3.325479541e+06 +3.325326801e+06 +3.325326801e+06 -6.0876e-01 +3.7633e+00 -3.4510e+00 -2.0752e+00 +2.7537e+00 -2.2782e+00 -4.6724e-01 -2.6436e+00 -4.2813e+00 -3.2022e+00 -1.7817e+00 -2.8100e-01 -1.4119e+00 +4.9353e+00 +4.8956e-01 -1.2591e+00 +3.6398e+00 +3.6567e+00 +3.7143e+00 +1.4901e+00
16 0 +2.980838731e+06 +2.980685991e+06 +2.980685991e+06 -4.5025e+00 +8.1666e-01 +6.0627e-01 -1.3048e+00 +2.0115e+00 -4.4672e+00 -6.1984e-01 -2.7210e+00 +7.5153e-01 +3.4272e+00 +5.6430e-01 -4.7513e+00 +4.1001e+00 -3.1703e+00 +4.7560e+00 -2.8467e+00 -4.2231e+00 -2.5934e+00 +3.6452e+00 +4.5673e-01
20 0 +2.555029442e+06 +2.554876702e+06 +2.554876702e+06 -7.2227e-01 +2.3967e+00 +9.8613e-01 -8.8926e-01 -4.8286e-01 +3.4830e-01 +5.1440e-01 -2.4791e+00 -3.1815e+00 +2.0875e+00 -4.1177e+00 +1.3932e+00 +3.9795e+00 +1.1835e+00 +2.1616e+00 +6.2475e-01 +1.9694e+00 -2.6808e+00 -4.6323e+00 -1.4524e+00
103 0 +2.061066551e+06 +2.060913811e+06 +2.060913811e+06 -4.0912e+00 +1.0047e+00 +4.0882e-02 -1.2382e+00 +1.6422e+00 -4.0667e+00 -1.0736e+00 -1.7893e+00 +3.9638e-01 +2.5063e+00 +1.6132e-01 -4.3665e+00 +3.6836e+00 -2.7832e+00 +4.2598e+00 -2.7612e+00 -3.8792e+00 -2.6992e+00 +3.0616e+00 -2.5440e-01
108 0 +1.989943282e+06 +1.989790542e+06 +1.989790542e+06 -9.1703e-01 +2.7669e+00 +2.1576e-01 -2.2438e+00 +2.5526e+00 -3.3983e+00 +2.9668e-01 -2.1177e+00 +1.5643e-01 -6.1826e-01 -3.7531e-01 +1.8649e-01 +5.3567e-01 -1.2086e+00 +2.8781e+00 -6.9641e-01 -2.2865e+00 -1.9946e+00 +1.0475e+00 +2.3690e+00
109 0 +1.473842480e+06 +1.473689740e+06 +1.473689740e+06 -2.6083e+00 +1.8470e+00 +3.9997e-01 -1.8008e+00 +2.2974e+00 -3.9025e+00 -1.3565e-01 -2.4023e+00 +4.3714e-01 +1.2900e+00 +6.7911e-02 -2.1427e+00 +2.2170e+00 -2.1339e+00 +3.7639e+00 -1.7107e+00 -3.2000e+00 -2.2770e+00 +2.2729e+00 +1.4670e+00
204 0 +9.739034065e+05 +9.737506665e+05 +9.737506665e+05 -2.7020e+00 +1.6760e+00 -1.3384e+00 -1.1909e+00 +8.3434e-01 -2.9968e+00 -2.0369e+00 +4.7891e-01 -5.1091e-01 -1.3878e-01 -8.9906e-01 -2.8819e+00 +2.2846e+00 -1.6409e+00 +2.8699e+00 -2.3082e+00 -2.8417e+00 -2.8788e+00 +1.3815e+00 -1.7084e+00
205 0 +8.662371782e+05 +8.660844382e+05 +8.660844382e+05 -2.6349e+00 +1.7984e+00 -9.3823e-02 -1.6276e+00 +1.8818e+00 -3.6453e+00 -6.7569e-01 -1.5839e+00 +1.6785e-01 +8.8416e-01 -2.0676e-01 -2.3527e+00 +2.2362e+00 -1.9939e+00 +3.5100e+00 -1.8804e+00 -3.0982e+00 -2.4480e+00 +2.0197e+00 +5.6502e-01
252 0 +7.592967346e+05 +7.591439946e+05 +7.591439946e+05 -2.1601e+00 +2.0562e+00 -1.5063e+00 -1.3797e+00 +1.0987e+00 -2.8558e+00 -1.7517e+00 +1.8182e-01 -8.6632e-01 -7.6357e-01 -1.0395e+00 -2.1413e+00 +1.6075e+00 -8.9306e-01 +2.5044e+00 -1.9844e+00 -2.1004e+00 -2.2373e+00 +1.3500e+00 -1.1442e+00
308 0 +6.257411255e+05 +6.255883855e+05 +6.255883855e+05 -2.4196e+00 +1.9320e+00 -4.5483e-01 -1.6065e+00 +1.7509e+00 -3.4343e+00 -8.7074e-01 -1.2307e+00 -1.4148e-01 +3.7998e-01 -4.2761e-01 -2.1601e+00 +1.9589e+00 -1.5931e+00 +3.2053e+00 -1.8419e+00 -2.7227e+00 -2.2748e+00 +1.8578e+00 +2.7670e-01
309 0 +5.735288622e+05 +5.733761222e+05 +5.733761222e+05 -2.3528e+00 +1.9639e+00 -7.2543e-01 -1.5481e+00 +1.5830e+00 -3.2854e+00 -1.0975e+00 -8.6720e-01 -3.2802e-01 +8.5679e-02 -5.8507e-01 -2.1553e+00 +1.8685e+00 -1.4129e+00 +3.0249e+00 -1.8786e+00 -2.5625e+00 -2.2651e+00 +1.7272e+00 -8.8965e-02
506 0 +5.578752246e+05 +5.577224846e+05 +5.577224846e+05 -2.3394e+00 +1.9627e+00 -8.1704e-01 -1.5193e+00 +1.5033e+00 -3.2313e+00 -1.1976e+00 -7.0088e-01 -3.7461e-01 -1.0700e-02 -6.4135e-01 -2.1691e+00 +1.8574e+00 -1.3883e+00 +2.9699e+00 -1.8993e+00 -2.4978e+00 -2.3083e+00 +1.6571e+00 -2.5509e-01
611 0 +5.046414637e+05 +5.044887237e+05 +5.044887237e+05 -2.2023e+00 +2.0360e+00 -1.3354e+00 -1.4166e+00 +1.2047e+00 -2.9498e+00 -1.6085e+00 -4.7799e-02 -3.5777e-01 -5.7768e-01 -9.4000e-01 -2.1443e+00 +1.6646e+00 -1.0069e+00 +2.6183e+00 -1.9612e+00 -2.2015e+00 -2.2434e+00 +1.4326e+00 -9.1319e-01
760 0 +4.998273526e+05 +4.996746126e+05 +4.996746126e+05 -2.3521e+00 +1.9643e+00 -7.2834e-01 -1.5475e+00 +1.5812e+00 -3.2441e+00 -1.0999e+00 -8.6329e-01 -3.3003e-01 +8.2513e-02 -5.8677e-01 -2.1552e+00 +1.8675e+00 -1.4110e+00 +3.0230e+00 -1.8790e+00 -2.5608e+00 -2.2650e+00 +6.6614e-01 -9.2899e-02
804 0 +4.869108909e+05 +4.867581509e+05 +4.867581509e+05 -2.2494e+00 +2.0135e+00 -1.1446e+00 -1.4577e+00 +1.3230e+00 -3.0204e+00 -1.4487e+00 -3.0403e-01 -2.9078e-01 -3.7024e-01 -8.2901e-01 -2.1478e+00 +1.7284e+00 -1.1338e+00 +2.7455e+00 -1.9354e+00 -2.3144e+00 -2.2502e+00 +1.5247e+00 -6.5545e-01
811 0 +4.561412667e+05 +4.559885267e+05 +4.559885267e+05 -2.3263e+00 +1.9768e+00 -8.2802e-01 -1.5264e+00 +1.5198e+00 -3.1752e+00 -1.1829e+00 -7.2960e-01 -3.9896e-01 -2.7186e-02 -6.4500e-01 -2.1517e+00 +1.8329e+00 -1.3438e+00 +2.9559e+00 -1.8917e+00 -1.9076e+00 -2.2610e+00 +1.6770e+00 -2.2653e-01
862 0 +4.180880864e+05 +4.179353464e+05 +4.179353464e+05 -2.2023e+00 +2.0360e+00 -1.3354e+00 -1.4166e+00 +1.2047e+00 -2.9498e+00 -1.6085e+00 -4.7799e-02 -3.5777e-01 -5.7768e-01 -9.4000e-01 -2.1443e+00 +1.6646e+00 -1.0069e+00 +2.6183e+00 -1.9612e+00 -2.2015e+00 -2.2434e+00 +6.9350e-02 -9.1319e-01
912 0 +3.882060724e+05 +3.880533324e+05 +3.880533324e+05 -2.3391e+00 +1.9705e+00 -7.8097e-01 -1.5361e+00 +1.5486e+00 -2.0363e+00 -1.1440e+00 -7.9258e-01 -1.6304e-01 +2.5274e-02 -6.1739e-01 -2.1543e+00 +1.8499e+00 -1.3760e+00 +2.9879e+00 -1.8861e+00 -2.5296e+00 -1.6441e+00 +1.7003e+00 -1.6402e-01
1163 0 +3.561646590e+05 +3.560119190e+05 +3.560119190e+05 -2.3391e+00 +1.9705e+00 -7.8097e-01 -1.5361e+00 +1.5486e+00 -2.0363e+00 -1.1440e+00 -3.7782e-01 -1.6304e-01 +2.5274e-02 -6.1739e-01 -2.1543e+00 +1.8499e+00 -1.3760e+00 +2.9879e+00 -1.8861e+00 -2.5296e+00 -1.6441e+00 +1.7003e+00 -1.6402e-01
1314 0 +3.511068712e+05 +3.509541312e+05 +3.509541312e+05 -2.3245e+00 +1.9775e+00 -8.4012e-01 -1.5234e+00 +1.5119e+00 -2.2351e+00 -1.1935e+00 -5.4978e-01 -1.8694e-01 -3.9122e-02 -6.5182e-01 -2.1531e+00 +1.8301e+00 -1.3365e+00 +2.9484e+00 -1.8941e+00 -2.4668e+00 -1.7698e+00 +1.2866e+00 -2.4391e-01
1461 0 +3.231907482e+05 +3.230380082e+05 +3.230380082e+05 -2.3355e+00 +1.9723e+00 -7.9567e-01 -1.5330e+00 +1.5395e+00 -2.0857e+00 -1.1563e+00 -7.0214e-01 -1.6898e-01 +9.2661e-03 -6.2595e-01 -1.7115e+00 +1.8450e+00 -1.3662e+00 +2.9781e+00 -1.8881e+00 -2.5140e+00 -1.6754e+00 +1.6644e+00 -1.8388e-01
1858 0 +2.957017527e+05 +2.955490127e+05 +2.955490127e+05 -2.3335e+00 +1.9732e+00 -7.9498e-01 -1.5313e+00 +1.5345e+00 -2.1061e+00 -1.1629e+00 -6.6816e-01 -1.7270e-01 +6.6214e-04 -6.3055e-01 -1.7345e+00 +1.8424e+00 -1.3609e+00 +1.6917e+00 -1.8892e+00 -2.5097e+00 -1.6877e+00 +1.6564e+00 -1.9457e-01
1902 0 +2.894245153e+05 +2.892717753e+05 +2.892717753e+05 -2.3352e+00 +1.9724e+00 -7.9631e-01 -1.5327e+00 +1.5388e+00 -2.0889e+00 -1.1572e+00 -6.9999e-01 -1.6942e-01 +8.1541e-03 -6.2655e-01 -1.7501e+00 +1.8447e+00 -1.3655e+00 +8.4109e-01 -1.8882e+00 -2.5131e+00 -1.5953e+00 +1.6587e+00 -1.8526e-01
