% f evaluations | g evaluations | best noise-free fitness - Fopt (-5.494000000000e+01) + sum g_i+ | measured fitness | best measured fitness or single-digit g-values | x1 | x2...
1 0 +1.751521763e+07 +1.751516269e+07 +1.751516269e+07 +2.0902e+00 -4.7795e+00 -3.7155e+00 +3.1547e+00 +3.3084e+00 -1.4311e+00 -4.9431e+00 +4.0085e+00 -7.4356e-01 +2.0671e+00
3 0 +8.424673810e+06 +8.424618870e+06 +8.424618870e+06 +3.1465e+00 +1.7017e+00 +1.3073e+00 +1.0024e+00 -9.4195e-01 +4.8960e+00 -3.0739e+00 -2.0214e+00 +4.1224e+00 -3.4705e+00
6 0 +5.469073373e+06 +5.469018433e+06 +5.469018433e+06 +4.2098e+00 +4.5410e+00 +4.1838e+00 -2.7070e-02 -1.2142e+00 -2.3156e+00 -3.5485e+00 -2.7073e+00 -4.3714e+00 +2.7258e+00
9 0 +3.453711096e+06 +3.453656156e+06 +3.453656156e+06 +1.4570e+00 +1.3969e+00 +4.4273e+00 -3.5645e+00 +3.2990e+00 +4.8557e-01 +1.3544e+00 -1.6515e+00 -1.8742e+00 +1.3837e+00
14 0 +2.650877944e+06 +2.650823004e+06 +2.650823004e+06 -8.9433e-01 -4.4842e-01 -4.8256e-01 -7.4715e-01 +2.8488e+00 -1.4199e+00 -4.2802e+00 -3.3386e+00 +2.2011e+00 +1.1375e+00
32 0 +1.194687451e+06 +1.194632511e+06 +1.194632511e+06 -2.2120e+00 -2.4941e+00 +4.3178e+00 +4.8750e+00 -7.3109e-01 +1.2174e+00 -9.8558e-01 -1.1326e+00 +1.8505e+00 -2.9285e+00
204 0 +1.141190329e+06 +1.141135389e+06 +1.141135389e+06 -2.3747e+00 -1.7613e+00 +3.9730e+00 +3.3693e+00 -3.5085e-01 +9.9440e-01 -1.1687e+00 -4.3307e-01 +6.6370e-01 -1.5589e+00
253 0 +1.069180131e+06 +1.069125191e+06 +1.069125191e+06 -2.1305e+00 -2.7357e+00 +3.7601e+00 +3.1240e+00 +2.2501e-01 +1.4427e+00 -7.5017e-01 -8.5175e-01 +8.6454e-01 -1.8112e+00
355 0 +1.033204576e+06 +1.033149636e+06 +1.033149636e+06 -2.2512e+00 -2.2711e+00 +3.9633e+00 +3.5814e+00 -2.1335e-01 +1.2060e+00 -9.7624e-01 -7.2959e-01 +9.7736e-01 -1.9285e+00
410 0 +8.815427372e+05 +8.814877972e+05 +8.814877972e+05 -2.2083e+00 -2.5052e+00 +4.2922e+00 +4.7946e+00 -6.8718e-01 +1.2277e+00 -9.7477e-01 -5.0004e-01 +1.8052e+00 -2.8772e+00
463 0 +8.705719850e+05 +8.705170450e+05 +8.705170450e+05 -2.2593e+00 -2.2812e+00 +4.2177e+00 +4.4377e+00 -6.2066e-01 +1.1526e+00 -1.0388e+00 -9.2945e-01 +5.3212e-01 -2.5307e+00
564 0 +7.951846498e+05 +7.951297098e+05 +7.951297098e+05 -4.3782e-01 -2.2812e+00 +4.2177e+00 +4.4377e+00 -6.2066e-01 +1.1526e+00 -1.0388e+00 -9.2945e-01 +5.3212e-01 -2.5307e+00
714 0 +7.708758758e+05 +7.708209358e+05 +7.708209358e+05 -2.3113e-01 -2.3264e+00 +4.2327e+00 +4.5097e+00 -6.3407e-01 +1.1677e+00 -1.0259e+00 -8.4288e-01 +7.8877e-01 -2.6006e+00
762 0 +7.504882399e+05 +7.504332999e+05 +7.504332999e+05 -4.3782e-01 -2.2812e+00 +4.2177e+00 +4.4377e+00 -6.2066e-01 +1.1526e+00 -1.0388e+00 -9.2945e-01 +5.3914e-02 -2.5307e+00
814 0 +5.609526270e+05 +5.608976870e+05 +5.608976870e+05 -2.2362e+00 -2.3825e+00 +4.2512e+00 +4.5985e+00 -1.0557e-01 +1.1866e+00 -1.0098e+00 -7.3041e-01 +1.1197e+00 -2.6870e+00
% f evaluations | g evaluations | best noise-free fitness - Fopt (5.913000000000e+01) + sum g_i+ | measured fitness | best measured fitness or single-digit g-values | x1 | x2...
1 0 +1.677873160e+07 +1.677879073e+07 +1.677879073e+07 +4.9695e+00 +3.7574e-01 +4.5587e+00 +1.9083e+00 +1.4773e-01 +4.4236e+00 +3.7642e+00 +1.1494e+00 +6.5526e-01 -3.6155e+00
3 0 +1.005716694e+07 +1.005722607e+07 +1.005722607e+07 -3.7181e+00 +2.0034e+00 +2.5866e+00 -2.8700e+00 -3.3933e+00 -1.9399e+00 +1.1459e+00 -4.8689e-01 +4.6634e+00 +2.4320e+00
4 0 +8.850774947e+06 +8.850834077e+06 +8.850834077e+06 +2.0124e+00 +1.4726e+00 +2.6855e+00 -9.8108e-01 +1.6795e+00 -2.0264e+00 +3.8059e+00 +5.9641e-01 +1.1251e+00 -1.8301e+00
9 0 +1.644157686e+06 +1.644216816e+06 +1.644216816e+06 +5.9886e-01 -3.2555e+00 +9.4875e-01 +2.6412e+00 -1.6587e+00 -3.9165e+00 +3.4224e+00 +7.9193e-01 -7.0422e-01 +3.4569e+00
13 0 +1.502913731e+06 +1.502972861e+06 +1.502972861e+06 +2.2705e+00 -1.7496e+00 +4.3891e-01 -1.5044e+00 -3.6257e+00 -3.4564e+00 -2.5200e+00 +1.3737e+00 -4.0484e+00 +3.4033e+00
104 0 +1.164858519e+06 +1.164917649e+06 +1.164917649e+06 +3.7792e-01 +2.5550e-01 -1.3073e+00 +1.9060e+00 +1.4451e+00 -7.8468e-02 +3.3494e+00 +1.0449e+00 +8.7755e-01 +2.8299e+00
154 0 +1.075195270e+06 +1.075254400e+06 +1.075254400e+06 +3.9401e-01 -1.9672e-04 -1.1430e+00 +1.9595e+00 +1.2190e+00 -3.5798e-01 +3.3547e+00 +1.0265e+00 +7.6235e-01 +2.8755e+00
211 0 +1.047901247e+06 +1.047960377e+06 +1.047960377e+06 +3.7792e-01 +2.5550e-01 -1.3073e+00 +1.9060e+00 +1.0642e-01 -7.8468e-02 +3.3494e+00 +1.0449e+00 +8.7755e-01 +2.8299e+00
257 0 +8.693627044e+05 +8.694218344e+05 +8.694218344e+05 -1.1167e-01 +5.3498e-01 -9.1550e-01 +2.1818e+00 -3.7541e-01 -3.4248e-01 +2.6966e+00 +7.0701e-01 +5.2114e-01 +2.2659e+00
462 0 +8.256410382e+05 +8.257001682e+05 +8.257001682e+05 -8.3304e-02 +5.1879e-01 -9.3821e-01 +2.1658e+00 -3.4749e-01 -3.2718e-01 +2.7344e+00 +7.2660e-01 +3.0546e-01 +2.2986e+00
564 0 +8.122098963e+05 +8.122690263e+05 +8.122690263e+05 -1.1167e-01 +5.3498e-01 -9.1550e-01 +2.1818e+00 -3.7541e-01 -3.4248e-01 +2.6966e+00 +7.0701e-01 +2.3940e-01 +2.2659e+00
812 0 +7.765235048e+05 +7.765826348e+05 +7.765826348e+05 -2.6267e-02 +4.8623e-01 -9.8385e-01 +1.1753e+00 -2.9136e-01 -2.9642e-01 +2.8105e+00 +7.6596e-01 +5.4142e-02 +2.3643e+00
1010 0 +7.662996778e+05 +7.663588078e+05 +7.663588078e+05 -3.4698e-02 +4.9104e-01 -9.7710e-01 +1.2769e+00 -2.9965e-01 -3.0097e-01 +2.7993e+00 +7.6014e-01 +2.2988e-02 +2.3546e+00
% f evaluations | g evaluations | best noise-free fitness - Fopt (-4.915300000000e+02) + sum g_i+ | measured fitness | best measured fitness or single-digit g-values | x1 | x2...
1 0 +1.007119887e+07 +1.007070734e+07 +1.007070734e+07 +8.6268e-01 +4.8447e-01 -2.6661e+00 -1.2811e+00 +2.6328e+00 +8.8561e-01 +2.7013e+00 +8.0830e-01 -3.9327e+00 +7.9911e-01
3 0 +1.293230138e+06 +1.292738608e+06 +1.292738608e+06 +4.2680e+00 +8.8104e-01 -2.5696e+00 -5.2032e-01 -4.5263e+00 -2.4918e+00 -1.7131e+00 +1.1069e+00 -3.7597e+00 -3.6642e+00
28 0 +1.240596960e+06 +1.240105430e+06 +1.240105430e+06 +4.4682e+00 -2.1558e+00 -3.2027e+00 +7.1248e-01 +4.6919e+00 -2.4471e-01 -2.9812e+00 -1.0894e+00 +8.1713e-01 -4.2688e+00
107 0 +1.107318684e+06 +1.106827154e+06 +1.106827154e+06 +4.2091e+00 -1.0546e-01 -2.4497e+00 +1.6737e+00 +4.6269e+00 +4.2890e-03 -3.0221e+00 -4.9295e-01 -9.3277e-01 -1.8257e+00
157 0 +2.831940684e+05 +2.827025384e+05 +2.827025384e+05 +3.6828e+00 -1.9987e+00 -3.4586e+00 +3.9320e-01 +4.3925e+00 +5.9062e-02 -2.0943e+00 -1.2191e+00 +1.9728e-01 -3.6330e+00
209 0 +1.178275563e+05 +1.173360263e+05 +1.173360263e+05 +4.5398e+00 -2.5219e+00 -2.9895e+00 +1.3182e+00 +2.8208e+00 -1.0719e+00 -2.2587e+00 -1.3456e+00 +8.4762e-01 -3.9019e+00
352 0 +1.043046507e+05 +1.038131207e+05 +1.038131207e+05 +4.5415e+00 -2.5159e+00 -2.9746e+00 +1.3056e+00 +2.7564e+00 -1.0128e+00 -2.1971e+00 -1.3033e+00 +8.0117e-01 -3.8622e+00
355 0 +9.369061874e+04 +9.319908874e+04 +9.319908874e+04 +1.8373e+00 -2.5167e+00 -1.2003e+00 +6.3515e-01 +1.7986e+00 -2.4418e+00 -1.7112e+00 -6.4550e-01 +2.0636e+00 -1.7661e+00
506 0 +9.217070362e+04 +9.167917362e+04 +9.167917362e+04 +2.2828e+00 -2.5086e+00 -1.5047e+00 +7.2532e-01 +1.9919e+00 -2.1851e+00 -1.7989e+00 -7.5324e-01 +1.8463e+00 -2.1196e+00
910 0 +7.656194859e+04 +7.607041859e+04 +7.607041859e+04 +2.0882e+00 -2.5122e+00 -1.3717e+00 +6.8593e-01 +1.9074e+00 -2.2973e+00 -1.6681e+00 -7.0618e-01 +1.2451e+00 -1.9652e+00
1005 0 +7.259938373e+04 +7.210785373e+04 +7.210785373e+04 +2.1651e+00 -2.5108e+00 -1.4243e+00 +7.0151e-01 +1.9408e+00 -2.2529e+00 -1.7727e+00 -3.0722e-01 +1.9037e+00 -2.0263e+00
% f evaluations | g evaluations | best noise-free fitness - Fopt (-1.702000000000e+02) + sum g_i+ | measured fitness | best measured fitness or single-digit g-values | x1 | x2...
1 0 +4.056839967e+07 +4.056822947e+07 +4.056822947e+07 +3.3480e+00 +4.9914e+00 -1.1425e+00 -1.1118e+00 +1.0047e+00 -3.6916e+00 -2.3245e+00 -1.0281e+00 +2.4967e+00 -4.2083e+00
2 0 +2.091400569e+07 +2.091383549e+07 +2.091383549e+07 -5.7549e-02 +2.5678e+00 -1.9227e+00 +3.5138e+00 +1.1076e+00 +8.5171e-01 +3.4198e+00 -1.6680e+00 +3.3603e+00 -4.2058e+00
13 0 +1.921089495e+07 +1.921072475e+07 +1.921072475e+07 +4.0063e+00 +8.2146e-01 +4.5669e+00 +1.0124e-01 -2.0911e+00 +2.6999e-01 -1.8415e+00 -3.1534e+00 -4.8516e+00 +4.6110e+00
14 0 +1.493564174e+07 +1.493547154e+07 +1.493547154e+07 -3.9906e+00 +3.7719e+00 +6.4925e-01 +1.0414e+00 +2.5550e+00 +3.5198e+00 +3.0702e+00 -3.6170e+00 -1.1382e+00 +3.5221e+00
15 0 +7.846193525e+06 +7.846023325e+06 +7.846023325e+06 +4.0886e+00 +1.0201e+00 -2.0115e+00 -2.8739e+00 +3.5572e+00 +4.2102e+00 +3.9932e+00 -3.2696e+00 -3.0692e+00 +3.2339e+00
19 0 +5.199516743e+06 +5.199346543e+06 +5.199346543e+06 +3.5856e+00 -8.9688e-02 +1.6170e+00 +1.9287e-01 +2.5656e+00 +2.5933e+00 +2.3600e+00 +1.3661e+00 +1.6525e+00 -3.7340e+00
21 0 +4.195161527e+06 +4.194991327e+06 +4.194991327e+06 +4.7890e+00 -4.9045e+00 +4.7894e+00 +3.7568e+00 -2.9513e+00 +4.5381e+00 +3.9581e+00 +3.6899e+00 +4.7131e+00 -8.9811e-01
22 0 +3.814622563e+06 +3.814452363e+06 +3.814452363e+06 +4.5017e+00 -2.7096e+00 -2.1512e+00 +4.3509e+00 +1.1018e+00 +4.2183e+00 -3.5555e+00 -2.2229e+00 -4.2028e+00 +2.7918e+00
26 0 +1.142005806e+06 +1.141835606e+06 +1.141835606e+06 +3.7856e+00 -8.9372e-01 -2.9184e-01 +4.4337e+00 -1.5697e+00 +3.7772e+00 +1.2786e+00 +3.1488e+00 -2.4579e+00 -7.3679e-01
102 0 +1.789659282e+05 +1.787957282e+05 +1.787957282e+05 +1.8404e+00 -6.9536e-01 +7.8274e-01 +1.8674e+00 +1.9797e+00 +1.3991e+00 +1.0780e+00 +2.8255e+00 -3.3449e+00 +1.2745e+00
206 0 +1.724454222e+05 +1.722752222e+05 +1.722752222e+05 +1.7191e+00 -9.9148e-01 +6.5750e-01 +1.8659e+00 +1.9489e+00 +1.3728e+00 +8.8552e-01 +2.7091e+00 -3.3366e+00 +1.3662e+00
456 0 +1.689073988e+05 +1.687371988e+05 +1.687371988e+05 +1.7438e+00 -9.3652e-01 +7.0727e-01 +1.8689e+00 +1.9508e+00 +1.3803e+00 +9.2161e-01 +2.7312e+00 -3.3372e+00 +1.3469e+00
763 0 +1.645786568e+05 +1.644084568e+05 +1.644084568e+05 +1.7460e+00 -9.2936e-01 +7.0285e-01 +1.8681e+00 +1.9527e+00 +1.3801e+00 +9.2614e-01 +2.7338e+00 -2.8771e+00 +1.3454e+00
% f evaluations | g evaluations | best noise-free fitness - Fopt (-4.697500000000e+02) + sum g_i+ | measured fitness | best measured fitness or single-digit g-values | x1 | x2...
1 0 +1.428542862e+07 +1.428495887e+07 +1.428495887e+07 -4.7937e+00 +3.2419e+00 -5.1510e-01 -8.4015e-01 +4.9123e+00 +9.8661e-01 +2.8685e+00 +1.4866e+00 +2.2418e+00 +2.8415e+00
2 0 +8.375477409e+06 +8.375007659e+06 +8.375007659e+06 +3.4357e+00 -4.8269e+00 -3.5802e+00 -3.9379e+00 -1.7812e+00 -2.1216e+00 +1.1230e+00 +2.4029e+00 +1.2851e+00 -3.6112e+00
4 0 +7.300083209e+06 +7.299613459e+06 +7.299613459e+06 -2.6057e+00 -3.3873e+00 -2.5215e+00 +4.5413e+00 -3.3417e+00 -4.5439e+00 +1.7392e+00 +3.9704e+00 +4.7178e+00 -3.9315e+00
5 0 +1.998861722e+06 +1.998391972e+06 +1.998391972e+06 -1.7382e+00 -1.3418e+00 -1.5742e+00 +2.1342e+00 +4.1434e+00 +4.4006e+00 +2.4634e+00 +4.0103e+00 +1.8281e+00 -4.4125e+00
15 0 +1.136231331e+06 +1.135761581e+06 +1.135761581e+06 -4.0978e+00 -4.6432e+00 -9.1828e-01 +1.5040e+00 +1.3232e+00 -9.6217e-01 -3.6330e+00 -3.5704e+00 +8.2231e-01 +3.4724e+00
46 0 +6.196086313e+05 +6.191388813e+05 +6.191388813e+05 +7.4926e-01 -4.8336e+00 +9.3567e-01 +4.6523e+00 -3.7365e+00 -2.0133e-01 +1.2436e-01 -1.2313e+00 +6.8185e-01 +1.8649e+00
55 0 +5.296396673e+05 +5.291699173e+05 +5.291699173e+05 +1.7445e-01 -3.6580e+00 +7.5235e-01 +1.3424e+00 -1.6606e+00 -1.4034e+00 -1.6198e-01 -8.5118e-01 +2.0175e+00 +2.1335e-01
56 0 +4.628485831e+05 +4.623788331e+05 +4.623788331e+05 +9.2590e-01 -4.5904e+00 +1.1131e+00 +4.2879e+00 -3.5595e+00 -4.6084e-01 +3.8580e-01 -1.0970e+00 +9.6621e-01 +1.8170e+00
103 0 +2.273445905e+05 +2.268748405e+05 +2.268748405e+05 +1.0191e+00 -4.4866e+00 +8.1541e-01 +3.8957e+00 -3.0084e+00 +1.5915e-02 +4.2827e-01 -5.7283e-01 +8.6282e-01 +1.5727e+00
152 0 +1.439376411e+05 +1.434678911e+05 +1.434678911e+05 +1.3904e+00 -2.6789e+00 +1.1020e+00 +2.1390e+00 -1.4202e+00 +1.0624e-01 +8.8032e-02 -7.8915e-01 +1.4087e+00 +2.0533e+00
252 0 +1.084807998e+05 +1.080110498e+05 +1.080110498e+05 +1.5307e+00 -2.7842e+00 +1.1259e+00 +2.5324e+00 -1.6264e+00 +3.2327e-01 +1.7624e-01 -7.6329e-01 +1.2347e+00 +2.2885e+00
402 0 +9.068406054e+04 +9.021431054e+04 +9.021431054e+04 +1.1449e+00 -3.8528e+00 +1.0052e+00 +2.7891e+00 -2.5875e+00 -5.9943e-02 +2.9853e-01 -7.9354e-01 +1.0775e+00 +1.8399e+00
403 0 +7.689924288e+04 +7.642949288e+04 +7.642949288e+04 +1.0498e+00 -4.2459e+00 +9.6515e-01 +2.3478e+00 -2.9623e+00 -1.2838e-01 +3.6394e-01 -7.8895e-01 +9.7709e-01 +1.7422e+00
456 0 +7.293192892e+04 +7.246217892e+04 +7.246217892e+04 +1.1009e+00 -4.0348e+00 +9.8668e-01 +2.5848e+00 -2.7610e+00 -9.1627e-02 +3.2881e-01 -7.9142e-01 +1.0310e+00 +1.7947e+00
457 0 +7.192029475e+04 +7.145054475e+04 +7.145054475e+04 +1.0938e+00 -4.0639e+00 +9.8371e-01 +2.5521e+00 -2.7888e+00 -9.6696e-02 +3.3366e-01 -7.9108e-01 +1.0236e+00 +1.7875e+00
506 0 +6.970122097e+04 +6.923147097e+04 +6.923147097e+04 +1.0718e+00 -4.1832e+00 +9.5331e-01 +2.5360e+00 -2.8767e+00 -8.5643e-02 +3.5830e-01 -7.5724e-01 +9.8279e-01 +1.7456e+00
560 0 +6.835355570e+04 +6.788380570e+04 +6.788380570e+04 +1.0718e+00 -4.1832e+00 +9.5331e-01 +2.5360e+00 -2.8767e+00 -3.6262e-02 +3.5830e-01 -7.5724e-01 +9.8279e-01 +1.7456e+00
964 0 +6.635508239e+04 +6.588533239e+04 +6.588533239e+04 +1.1504e+00 -3.9054e+00 +9.6811e-01 +2.6046e+00 -2.5946e+00 +2.8336e-02 +3.1843e-01 -1.0931e-01 +1.0403e+00 +1.8140e+00
% f evaluations | g evaluations | best noise-free fitness - Fopt (-5.191000000000e+01) + sum g_i+ | measured fitness | best measured fitness or single-digit g-values | x1 | x2...
1 0 +7.501053423e+06 +7.501001513e+06 +7.501001513e+06 -2.5122e+00 +3.8737e-01 -1.1088e-01 -9.2121e-01 +1.3468e+00 +4.5715e+00 +8.9249e-01 +2.1178e+00 +3.5803e+00 +4.9516e+00
4 0 +2.836198890e+06 +2.836146980e+06 +2.836146980e+06 -4.1162e+00 +4.0264e+00 +4.0238e+00 +4.8254e+00 -2.4830e+00 -4.3819e-01 -4.6846e-01 +3.6218e+00 -2.9347e+00 -1.3324e+00
5 0 +1.302223870e+06 +1.302171960e+06 +1.302171960e+06 +6.1813e-01 +2.3357e+00 +3.5380e+00 +3.4732e-02 -1.3401e+00 -1.0131e+00 -2.7639e+00 -9.0423e-02 -6.1980e-01 +3.4837e+00
14 0 +4.579843146e+05 +4.579324046e+05 +4.579324046e+05 -3.9451e+00 +4.7425e+00 -2.3581e+00 -1.0925e+00 +1.5023e+00 -4.1103e+00 +4.1886e+00 -2.3641e-01 +3.1711e+00 +2.4284e+00
59 0 +3.093789760e+05 +3.093270660e+05 +3.093270660e+05 -2.0180e+00 +1.6843e+00 +1.8363e-01 -2.6258e+00 +1.5252e+00 -3.4887e+00 +1.2618e+00 +5.6255e-01 +2.9660e+00 +9.4129e-01
105 0 +4.618544107e+04 +4.613353107e+04 +4.613353107e+04 -2.2670e+00 +3.6253e+00 -1.8974e-01 -6.7796e-01 +4.5695e-01 -2.9713e+00 +1.6317e+00 -1.8272e-01 +1.7770e+00 +2.8165e+00
254 0 +3.472779131e+04 +3.467588131e+04 +3.467588131e+04 -2.5066e+00 +3.6692e+00 -4.6690e-01 -6.6171e-01 +6.3561e-01 -3.1302e+00 +1.8598e+00 -2.2304e-01 +1.9201e+00 +2.7576e+00
305 0 +3.351646763e+04 +3.346455763e+04 +3.346455763e+04 -2.5153e+00 +3.5262e+00 -4.6088e-01 -7.8796e-01 +7.3558e-01 -3.1798e+00 +1.8470e+00 -1.9078e-01 +1.9966e+00 +2.5980e+00
403 0 +3.278811555e+04 +3.273620555e+04 +3.273620555e+04 -2.5448e+00 +3.5378e+00 -4.9425e-01 -7.7736e-01 +7.5318e-01 -3.1963e+00 +1.8744e+00 -2.0022e-01 +2.0065e+00 +2.5962e+00
504 0 +3.232581407e+04 +3.227390407e+04 +3.227390407e+04 -2.6259e+00 +3.5699e+00 -5.8599e-01 -7.4824e-01 +8.0157e-01 -3.2414e+00 +1.9496e+00 -2.2615e-01 +2.0336e+00 +2.5910e+00
% f evaluations | g evaluations | best noise-free fitness - Fopt (4.808000000000e+01) + sum g_i+ | measured fitness | best measured fitness or single-digit g-values | x1 | x2...
1 0 +6.272085536e+06 +6.272133616e+06 +6.272133616e+06 +2.5670e+00 +4.3322e+00 +1.4862e-01 +4.3687e+00 -5.8448e-01 +4.4922e+00 +1.1908e-01 -3.1900e+00 +4.5830e+00 +4.8204e+00
2 0 +1.848303883e+06 +1.848351963e+06 +1.848351963e+06 +3.5496e+00 +4.5263e+00 -1.2333e+00 +2.1247e+00 +5.4808e-01 +4.4324e+00 +2.4399e+00 -3.8365e+00 -4.7418e+00 -4.5971e-01
11 0 +1.487471926e+06 +1.487520006e+06 +1.487520006e+06 -2.9574e+00 -3.3111e+00 -1.1325e-01 -2.4175e+00 -1.6081e+00 +2.0299e+00 -1.5418e+00 -3.7971e+00 -2.9127e-01 -3.1855e+00
16 0 +1.454294150e+06 +1.454342230e+06 +1.454342230e+06 +9.2751e-01 +3.4508e+00 -4.9765e+00 +3.1570e+00 -4.6922e+00 +2.8633e+00 +1.3390e+00 +2.9199e+00 -6.3717e-01 -1.0856e+00
40 0 +1.393350672e+06 +1.393398752e+06 +1.393398752e+06 +4.3450e+00 -7.4285e-01 -2.4959e+00 -1.3453e+00 +1.6078e+00 -8.9964e-01 -3.3398e+00 -2.9614e+00 -3.7841e+00 +4.5041e+00
103 0 +9.926449857e+05 +9.926930657e+05 +9.926930657e+05 +3.1684e+00 -1.8827e+00 -3.9651e+00 -5.7432e-01 +1.8848e+00 -3.2199e+00 -2.5671e+00 +2.2848e+00 +3.4178e-02 -1.3728e+00
104 0 +4.787343169e+05 +4.787823969e+05 +4.787823969e+05 +2.1635e+00 -1.3339e+00 -1.0885e+00 -2.2824e+00 +1.6687e+00 -9.4779e-01 -2.0321e+00 -3.6782e+00 +5.1039e-02 +6.0623e-01
163 0 +4.780358375e+05 +4.780839175e+05 +4.780839175e+05 +2.1635e+00 -1.3339e+00 -1.0885e+00 -2.2824e+00 +9.1422e-01 -9.4779e-01 -2.0321e+00 -3.6782e+00 +5.1039e-02 +6.0623e-01
212 0 +4.173184066e+05 +4.173664866e+05 +4.173664866e+05 +2.1635e+00 -1.3339e+00 -1.0885e+00 -2.2824e+00 +1.6687e+00 -9.4779e-01 -2.0321e+00 -3.6782e+00 +5.1039e-02 +2.5549e-01
257 0 +4.145815792e+05 +4.146296592e+05 +4.146296592e+05 +2.6171e+00 -1.0728e+00 -1.3686e+00 -1.9894e+00 +1.6364e+00 -8.1533e-01 -2.1768e+00 -3.5228e+00 -8.0963e-01 +1.3268e+00
302 0 +3.773649181e+05 +3.774129981e+05 +3.774129981e+05 +2.4577e+00 -1.1895e+00 -1.2725e+00 -2.1101e+00 +1.6513e+00 -8.8401e-01 -2.1490e+00 -3.5785e+00 -4.9585e-01 +8.1877e-01
307 0 +3.677013417e+05 +3.677494217e+05 +3.677494217e+05 +3.5027e+00 +6.8131e-01 -1.7366e+00 -5.5539e-01 +1.3172e+00 +6.7416e-01 -1.2473e+00 -3.3889e+00 -3.0191e+00 +1.9307e+00
405 0 +3.446948585e+05 +3.447429385e+05 +3.447429385e+05 +3.2985e+00 +3.5405e-01 -1.6406e+00 -8.3258e-01 +1.3748e+00 +4.1172e-01 -1.3863e+00 -3.4306e+00 -2.5425e+00 +1.6884e+00
505 0 +3.320510910e+05 +3.320991710e+05 +3.320991710e+05 +3.0825e+00 +4.9025e-02 -1.5332e+00 -1.0973e+00 +1.4275e+00 +1.6527e-01 -1.4935e+00 -3.4797e+00 -2.0559e+00 +1.4051e+00
610 0 +2.966126962e+05 +2.966607762e+05 +2.966607762e+05 +2.5605e+00 -6.1873e-01 -1.2647e+00 -1.6885e+00 +1.5415e+00 -3.3571e-01 -1.6858e+00 -1.5718e+00 -9.0984e-01 +7.2409e-01
703 0 +2.910175730e+05 +2.910656530e+05 +2.910656530e+05 +2.5669e+00 -8.9456e-01 -1.3073e+00 -1.8785e+00 +1.5968e+00 -6.2166e-01 -1.9585e+00 -1.2427e+00 -8.0213e-01 +8.9326e-01
707 0 +2.877920789e+05 +2.878401589e+05 +2.878401589e+05 +2.8254e+00 -2.6399e-01 -1.4005e+00 -1.3768e+00 +1.4781e+00 -6.4797e-02 -1.5750e+00 -2.4100e+00 -1.5023e+00 +1.0702e+00
756 0 +2.810493287e+05 +2.810974087e+05 +2.810974087e+05 +2.8508e+00 -3.7497e-01 -1.4317e+00 -1.4483e+00 +1.5036e+00 -1.8833e-01 -1.7025e+00 -2.4745e+00 -1.4925e+00 +1.1751e+00
1014 0 +2.744311733e+05 +2.744792533e+05 +2.744792533e+05 +2.8167e+00 -2.9002e-01 -1.3979e+00 -1.3971e+00 +1.4831e+00 -8.8475e-02 -1.5924e+00 -2.3691e+00 -1.4764e+00 +8.5799e-01
% f evaluations | g evaluations | best noise-free fitness - Fopt (3.058000000000e+01) + sum g_i+ | measured fitness | best measured fitness or single-digit g-values | x1 | x2...
1 0 +1.046235309e+07 +1.046238367e+07 +1.046238367e+07 -1.1477e+00 +1.4975e+00 -1.8298e+00 -4.4385e+00 -5.0348e-01 +1.3557e+00 +6.8489e-02 +2.3877e+00 -5.0055e-01 -4.7964e+00
2 0 +1.023376750e+07 +1.023379808e+07 +1.023379808e+07 -3.6890e+00 -9.6462e-01 -9.6522e-01 +4.1848e+00 -3.0603e-01 +1.4408e+00 -1.3611e+00 +4.6355e+00 -3.9529e+00 -3.8692e+00
4 0 +7.646019529e+06 +7.646050109e+06 +7.646050109e+06 -4.8786e+00 -3.9668e+00 +1.3896e+00 +7.5993e-02 +2.8974e+00 +4.1453e+00 +4.0258e-01 -4.1649e+00 -4.4848e+00 -1.2205e+00
5 0 +4.927327819e+05 +4.927633619e+05 +4.927633619e+05 -4.4200e+00 +9.5771e-01 +1.7470e+00 +2.6008e+00 +1.1991e+00 +2.3768e+00 -4.5630e+00 +9.4130e-01 -2.2886e+00 -6.1632e-01
56 0 +4.303680937e+05 +4.303986737e+05 +4.303986737e+05 +8.6854e-01 +2.8695e+00 -4.3522e-02 -2.3511e+00 -1.1809e+00 -3.2011e-01 -3.2834e+00 +8.0333e-01 -3.9957e+00 +1.2811e+00
157 0 +4.037780826e+05 +4.038086626e+05 +4.038086626e+05 -4.3181e+00 +1.0087e+00 +1.4098e+00 +2.3561e+00 +1.4462e+00 +2.1265e+00 -4.3656e+00 +5.0990e-01 -2.0592e+00 -8.2661e-01
164 0 +1.374350083e+05 +1.374655883e+05 +1.374655883e+05 -3.3363e+00 +9.5771e-01 +1.7470e+00 +2.6008e+00 +1.1991e+00 +2.3768e+00 -4.5630e+00 +9.4130e-01 -2.2886e+00 -6.1632e-01
304 0 +1.334123135e+05 +1.334428935e+05 +1.334428935e+05 -3.4733e+00 +9.6323e-01 +1.6880e+00 +2.5613e+00 +1.2463e+00 +2.3390e+00 -4.5158e+00 +8.6375e-01 -2.2469e+00 -6.5637e-01
402 0 +9.346765763e+04 +9.349823763e+04 +9.349823763e+04 -2.7080e+00 +1.4548e+00 +1.3819e+00 +1.9556e+00 +9.2195e-01 +1.9344e+00 -4.4750e+00 +9.7177e-01 -2.5101e+00 -1.9197e-01
552 0 +5.567111743e+04 +5.570169743e+04 +5.570169743e+04 -2.8242e+00 +1.4298e+00 +9.1714e-01 +1.6840e+00 +1.3637e+00 +1.6785e+00 -4.2140e+00 +5.7126e-01 -2.1171e+00 -6.0721e-01
911 0 +4.273408405e+04 +4.276466405e+04 +4.276466405e+04 -2.8543e+00 +1.4020e+00 +9.6599e-01 +1.7380e+00 +1.3540e+00 +1.3067e+00 -4.2345e+00 +5.9305e-01 -2.1272e+00 -6.0774e-01
% f evaluations | g evaluations | best noise-free fitness - Fopt (1.000000000000e+03) + sum g_i+ | measured fitness | best measured fitness or single-digit g-values | x1 | x2...
1 0 +6.100212852e+06 +6.101212852e+06 +6.101212852e+06 -2.1241e-01 +2.5528e+00 -1.2827e+00 -1.8028e+00 +1.6594e+00 +3.4021e+00 -4.9149e-01 -1.4314e+00 +3.4087e+00 +7.2346e-01
2 0 +2.916578582e+06 +2.917578582e+06 +2.917578582e+06 +3.0761e+00 +2.6946e+00 +9.3969e-01 -2.6588e+00 +3.2905e+00 -3.9931e+00 +2.6848e+00 -3.5339e+00 -1.5953e+00 +2.1957e+00
7 0 +1.888180028e+06 +1.889180028e+06 +1.889180028e+06 -3.9898e+00 +1.2797e+00 -1.3048e+00 +2.1318e+00 -4.9065e+00 -3.4820e+00 +2.7686e+00 -4.4093e-01 +1.0955e+00 +1.0039e+00
17 0 +2.626914993e+05 +2.636914993e+05 +2.636914993e+05 -2.2851e+00 -7.3241e-01 +2.9330e+00 +2.0576e+00 -1.9280e+00 -3.9162e+00 -1.9917e+00 -2.0073e+00 +3.4592e+00 +4.9074e-01
44 0 +1.960643725e+05 +1.970643725e+05 +1.970643725e+05 -1.1705e+00 -6.0184e-01 -3.6583e+00 -3.5535e+00 -6.3252e-01 +1.0920e-01 +1.7557e+00 -4.5193e+00 -2.1896e+00 +4.2473e+00
52 0 +1.727342586e+05 +1.737342586e+05 +1.737342586e+05 -1.5193e+00 -1.7457e-01 -3.0598e+00 -2.8703e+00 -6.8293e-01 +4.0187e-01 +1.7755e+00 -3.4553e+00 -2.4234e+00 +3.4615e+00
107 0 +1.254756301e+05 +1.264756301e+05 +1.264756301e+05 -2.5039e+00 -2.6164e-01 +1.9758e+00 +1.7949e+00 -1.0877e+00 -3.4771e+00 -1.1553e+00 -2.0245e+00 +2.6963e+00 +5.4735e-01
164 0 +8.709853577e+04 +8.809853577e+04 +8.809853577e+04 -1.5193e+00 -1.7457e-01 -3.0598e+00 -2.8703e+00 -6.8293e-01 +4.0187e-01 +1.7755e+00 -3.4553e+00 -1.6242e+00 +3.4615e+00
411 0 +6.980978552e+04 +7.080978552e+04 +7.080978552e+04 -1.5193e+00 -1.7457e-01 -3.0598e+00 -2.8703e+00 -6.8293e-01 +2.8282e-01 +1.7755e+00 -3.4553e+00 -1.6242e+00 +3.4615e+00
503 0 +6.788424369e+04 +6.888424369e+04 +6.888424369e+04 -1.5462e+00 -1.4554e-01 -3.0458e+00 -2.8190e+00 -6.3206e-01 +2.5780e-01 +1.7707e+00 -3.4356e+00 -1.6100e+00 +3.4233e+00
611 0 +4.549096674e+04 +4.649096674e+04 +4.649096674e+04 -1.5193e+00 -1.7457e-01 -3.0598e+00 -2.8703e+00 -6.8293e-01 +5.4400e-02 +1.7755e+00 -3.4553e+00 -1.6242e+00 +3.4615e+00
912 0 +4.396159437e+04 +4.496159437e+04 +4.496159437e+04 -1.5449e+00 -1.4694e-01 -3.0465e+00 -2.8215e+00 -6.3451e-01 +1.6185e-02 +1.7709e+00 -3.4365e+00 -1.6106e+00 +3.4251e+00
1011 0 +3.520390521e+04 +3.620390521e+04 +3.620390521e+04 -1.5193e+00 -1.7457e-01 -3.0598e+00 -2.8703e+00 -6.8293e-01 +5.4400e-02 +1.7755e+00 -3.4553e+00 -1.3350e+00 +3.4615e+00
% f evaluations | g evaluations | best noise-free fitness - Fopt (-4.236000000000e+01) + sum g_i+ | measured fitness | best measured fitness or single-digit g-values | x1 | x2...
1 0 +2.178384934e+07 +2.178380698e+07 +2.178380698e+07 +3.2147e+00 +4.1476e+00 -1.6975e-01 +4.9876e+00 -4.2779e+00 +2.7983e+00 -5.4228e-02 -1.8887e+00 +1.4286e+00 -3.9943e+00
2 0 +2.638131544e+06 +2.638089184e+06 +2.638089184e+06 -4.7828e+00 +4.5734e+00 +4.3289e+00 +3.7705e+00 +1.4604e+00 +4.0800e+00 +3.7196e+00 -8.4971e-01 -4.4625e+00 -4.1171e+00
22 0 +6.886945709e+05 +6.886522109e+05 +6.886522109e+05 -2.3874e+00 +3.9530e+00 +4.0328e+00 +1.4390e+00 -4.1751e-01 +8.6174e-01 +2.4006e+00 -5.5552e-01 -2.5360e+00 +5.1502e-01
60 0 +5.596983067e+05 +5.596559467e+05 +5.596559467e+05 -3.0179e+00 -2.6715e+00 -2.2751e+00 -3.6522e+00 +3.3967e+00 -1.4090e+00 +9.9994e-01 -4.3507e+00 +3.2029e+00 +1.9788e-01
158 0 +2.688799828e+05 +2.688376228e+05 +2.688376228e+05 -1.4205e+00 -3.0250e+00 -1.7442e+00 -3.0148e+00 +2.6555e+00 -2.0638e+00 +1.3198e+00 -3.4521e+00 +2.2158e+00 +1.3093e+00
252 0 +2.520310085e+05 +2.519886485e+05 +2.519886485e+05 +8.2747e-01 -1.6727e+00 +3.2522e-01 -9.2299e-01 +5.7983e-01 -2.3765e+00 +1.8934e+00 -9.4457e-01 -7.9678e-01 +3.0610e+00
254 0 +2.125574871e+05 +2.125151271e+05 +2.125151271e+05 -1.7652e+00 -5.3739e-01 +3.1534e-01 -1.4271e+00 +1.5600e+00 -1.0208e+00 +1.7051e+00 -2.4195e+00 +5.2180e-01 +1.0262e+00
314 0 +1.418081514e+05 +1.417657914e+05 +1.417657914e+05 -2.9054e+00 -1.5146e+00 -1.2786e+00 -2.8633e+00 +2.7995e+00 -1.0060e+00 +1.0402e+00 -1.6063e+00 +2.1564e+00 +1.1751e-01
359 0 +1.168723297e+05 +1.168299697e+05 +1.168299697e+05 -2.6249e+00 -1.7999e+00 -1.3665e+00 -2.8920e+00 +2.7723e+00 -1.2058e+00 +1.0930e+00 -1.9549e+00 +2.1676e+00 +3.4264e-01
406 0 +1.036643613e+05 +1.036220013e+05 +1.036220013e+05 -2.4497e+00 -1.5427e+00 -1.0238e+00 -2.5934e+00 +2.5252e+00 -1.1551e+00 +1.2177e+00 -2.0496e+00 +1.8322e+00 +4.8192e-01
712 0 +5.660471745e+04 +5.656235745e+04 +5.656235745e+04 -2.1506e+00 -1.7908e+00 -3.1824e-01 -2.6213e+00 +2.4932e+00 -1.3602e+00 +1.2386e+00 -1.9822e+00 +1.8096e+00 +6.9389e-01
% f evaluations | g evaluations | best noise-free fitness - Fopt (-7.187000000000e+01) + sum g_i+ | measured fitness | best measured fitness or single-digit g-values | x1 | x2...
1 0 +4.092250995e+06 +4.092179125e+06 +4.092179125e+06 -1.4666e+00 +3.0857e+00 +3.9404e+00 -1.2836e-01 -2.1761e+00 -7.6418e-01 +3.1910e+00 +4.1881e+00 -3.9361e+00 -1.4405e+00
12 0 +3.257877876e+06 +3.257806006e+06 +3.257806006e+06 -2.7406e+00 +2.6466e+00 -1.4445e-01 -3.5800e+00 -2.3440e-01 +2.5290e+00 +2.1033e+00 -7.0966e-01 -2.1083e+00 -3.6714e+00
34 0 +2.658610018e+06 +2.658538148e+06 +2.658538148e+06 -4.1546e+00 -2.0873e-01 +1.0416e+00 +2.4583e+00 -6.5824e-01 +4.7852e+00 -1.9659e+00 +2.5650e+00 -3.1419e-01 -3.3504e+00
52 0 +1.758170209e+06 +1.758098339e+06 +1.758098339e+06 -1.7339e+00 +3.1816e+00 +2.3350e+00 +1.1050e+00 -1.6883e+00 +2.7272e-01 +2.3702e+00 +3.1886e+00 -2.3556e+00 -1.9515e+00
64 0 +9.238244515e+05 +9.237525815e+05 +9.237525815e+05 -1.4666e+00 +3.0857e+00 +1.1745e-02 -1.2836e-01 -2.1761e+00 -7.6418e-01 +3.1910e+00 +4.1881e+00 -3.9361e+00 -1.4405e+00
256 0 +8.451994002e+05 +8.451275302e+05 +8.451275302e+05 -1.4990e+00 +3.0973e+00 +2.9281e-01 +2.0852e-02 -2.1171e+00 -6.3874e-01 +3.0917e+00 +4.0672e+00 -3.7449e+00 -1.5023e+00
410 0 +8.293446454e+05 +8.292727754e+05 +8.292727754e+05 -1.4990e+00 +3.0973e+00 +2.9281e-01 +2.0852e-02 -2.1171e+00 -3.9904e-01 +3.0917e+00 +4.0672e+00 -3.7449e+00 -1.5023e+00
462 0 +7.019809839e+05 +7.019091139e+05 +7.019091139e+05 -1.5110e+00 +3.0511e+00 +1.1881e-01 -8.5612e-02 -2.1228e+00 -6.4485e-01 +2.6977e+00 +4.0904e+00 -3.8300e+00 -1.4823e+00
611 0 +5.145283367e+05 +5.144564667e+05 +5.144564667e+05 -1.5042e+00 +3.0636e+00 +1.4160e-01 -6.9345e-02 -2.1271e+00 -6.5584e-01 +2.7550e-01 +4.0959e+00 -3.8243e+00 -1.4819e+00
658 0 +5.115413062e+05 +5.114694362e+05 +5.114694362e+05 -1.5042e+00 +3.0636e+00 +1.4184e-01 -6.9229e-02 -2.1271e+00 -6.5531e-01 +2.9371e-01 +4.0958e+00 -3.8242e+00 -1.4820e+00
663 0 +2.453981798e+05 +2.453263098e+05 +2.453263098e+05 -1.8943e+00 +3.0777e+00 +1.7062e+00 +1.6436e-01 -1.4646e+00 +5.9796e-01 +6.0261e-01 +2.5646e+00 -2.4349e+00 -2.2213e+00
704 0 +2.375702361e+05 +2.374983661e+05 +2.374983661e+05 -1.7471e+00 +3.0807e+00 +1.0423e+00 +1.2548e-01 -1.7041e+00 +1.3615e-01 +1.2269e+00 +3.1357e+00 -2.9230e+00 -1.9475e+00
852 0 +2.150129443e+05 +2.149410743e+05 +2.149410743e+05 -1.6977e+00 +3.0797e+00 +8.3765e-01 +1.0008e-01 -1.7872e+00 -2.1828e-02 +1.2608e+00 +3.3292e+00 -3.0960e+00 -1.8542e+00
952 0 +2.106633505e+05 +2.105914805e+05 +2.105914805e+05 -1.5927e+00 +3.0709e+00 +4.5970e-01 +3.1749e-02 -1.9717e+00 -3.6592e-01 +7.3876e-01 +3.7454e+00 -3.4914e+00 -1.6522e+00
953 0 +2.028594262e+05 +2.027875562e+05 +2.027875562e+05 -1.6092e+00 +3.0722e+00 +5.1933e-01 +4.2530e-02 -1.9426e+00 -3.1164e-01 +8.2113e-01 +3.6797e+00 -3.4290e+00 -1.6840e+00
1011 0 +1.902099367e+05 +1.901380667e+05 +1.901380667e+05 -1.5042e+00 +3.0635e+00 +1.4141e-01 -3.2704e-02 -2.1271e+00 -1.1184e-01 +2.9533e-01 +4.0958e+00 -3.8244e+00 -1.4819e+00
% f evaluations | g evaluations | best noise-free fitness - Fopt (-1.650000000000e+01) + sum g_i+ | measured fitness | best measured fitness or single-digit g-values | x1 | x2...
1 0 +2.962639838e+06 +2.962623338e+06 +2.962623338e+06 -1.5053e+00 +2.8762e-01 +4.8919e+00 -1.9569e+00 -4.0058e+00 -4.4265e+00 +3.9116e-01 +3.3041e+00 -4.7999e+00 -3.1299e+00
6 0 +2.121468545e+06 +2.121452045e+06 +2.121452045e+06 -4.4912e+00 +3.7902e+00 -1.9715e-01 +1.7371e+00 -4.2069e+00 -3.4020e+00 -1.3902e+00 -1.8026e+00 -4.0570e+00 +2.3471e+00
18 0 +8.512226563e+05 +8.512061563e+05 +8.512061563e+05 +4.7487e+00 +9.3102e-01 -1.6710e+00 -4.4790e+00 -1.0110e-01 +1.1221e+00 -1.0376e+00 -6.8359e-01 -8.9945e-01 +1.5738e+00
64 0 +7.972550400e+05 +7.972385400e+05 +7.972385400e+05 +4.7487e+00 +9.3102e-01 -1.6710e+00 -4.4790e+00 -1.0110e-01 +9.8946e-01 -1.0376e+00 -6.8359e-01 -8.9945e-01 +1.5738e+00
162 0 +7.350471859e+05 +7.350306859e+05 +7.350306859e+05 +4.7487e+00 +9.3102e-01 -1.6710e+00 -4.4790e+00 -1.0110e-01 +9.8946e-01 -2.3035e-01 -6.8359e-01 -8.9945e-01 +1.5738e+00
510 0 +5.330672056e+05 +5.330507056e+05 +5.330507056e+05 +4.3796e+00 +1.0084e+00 -7.7619e-01 -4.2479e+00 -6.5583e-01 +3.4930e-01 -7.6597e-01 -1.2561e+00 -1.0590e+00 +1.9305e+00
662 0 +3.981066174e+05 +3.980901174e+05 +3.980901174e+05 +4.7357e+00 +9.3374e-01 -1.6395e+00 -4.4708e+00 -1.2062e-01 +2.5721e-03 -2.1478e-01 -7.0373e-01 -9.0506e-01 +1.5864e+00
% f evaluations | g evaluations | best noise-free fitness - Fopt (1.000000000000e+03) + sum g_i+ | measured fitness | best measured fitness or single-digit g-values | x1 | x2...
1 0 +2.289399239e+06 +2.290399239e+06 +2.290399239e+06 +3.3183e-01 -2.5287e+00 -2.1714e+00 -2.3164e+00 +8.4594e-01 -1.5390e+00 -3.6845e+00 -3.1004e-02 +4.2829e+00 -2.2970e+00
9 0 +2.210641951e+06 +2.211641951e+06 +2.211641951e+06 -2.2303e+00 +4.4123e+00 +1.3092e+00 +6.9880e-01 +6.2656e-01 -2.4351e+00 +3.7516e+00 -3.0199e+00 +2.1890e+00 +9.0832e-01
16 0 +1.307698109e+06 +1.308698109e+06 +1.308698109e+06 -2.5742e+00 +1.6333e+00 -3.6673e+00 -2.6359e+00 -3.0220e-01 +3.1995e+00 +3.7031e+00 +4.1100e+00 -1.9591e+00 -3.5081e+00
22 0 +1.112462077e+06 +1.113462077e+06 +1.113462077e+06 -3.7191e+00 +4.0831e+00 -3.6276e+00 +3.8010e+00 -2.2550e+00 -2.5036e+00 +4.7944e+00 -2.7625e+00 -1.3318e+00 +3.3085e+00
108 0 +9.170044156e+05 +9.180044156e+05 +9.180044156e+05 -2.0144e+00 +3.9913e+00 +7.9599e-01 -2.8805e-02 +4.1057e-01 -1.5581e+00 +3.5047e+00 -2.0306e+00 +1.6074e+00 +4.1458e-01
113 0 +8.527350808e+05 +8.537350808e+05 +8.537350808e+05 -3.7191e+00 +4.0831e+00 -1.0554e+00 +3.8010e+00 -2.2550e+00 -2.5036e+00 +4.7944e+00 -2.7625e+00 -1.3318e+00 +3.3085e+00
204 0 +7.736266921e+05 +7.746266921e+05 +7.746266921e+05 -2.9463e+00 +4.0415e+00 -1.6223e+00 +2.0648e+00 -1.0466e+00 -2.0750e+00 +4.2098e+00 -2.4307e+00 +6.2413e-04 +1.9966e+00
205 0 +7.233411414e+05 +7.243411414e+05 +7.243411414e+05 -2.7872e+00 +4.0329e+00 -1.2094e+00 +1.7074e+00 -7.9784e-01 -1.9868e+00 +4.0894e+00 -2.3624e+00 +2.7495e-01 +1.7265e+00
259 0 +6.278112150e+05 +6.288112150e+05 +6.288112150e+05 -2.6594e+00 +3.9004e+00 -1.2263e+00 +1.3487e+00 -6.1199e-01 -2.0454e+00 +3.6663e+00 -2.0990e+00 +1.7547e-01 +1.5086e+00
305 0 +5.769900081e+05 +5.779900081e+05 +5.779900081e+05 -2.8457e+00 +3.4381e+00 -2.6876e+00 +1.6970e+00 -1.5283e+00 -1.3242e+00 +3.8828e+00 -1.4859e+00 -7.9508e-01 +1.7423e+00
354 0 +5.444494246e+05 +5.454494246e+05 +5.454494246e+05 -2.7379e+00 +3.4103e+00 -2.5066e+00 +1.4301e+00 -1.2058e+00 -1.6485e+00 +3.4285e+00 -1.4458e+00 -7.2479e-01 +1.5928e+00
406 0 +4.773186131e+05 +4.783186131e+05 +4.783186131e+05 -2.6845e+00 +3.5742e+00 -2.0140e+00 +1.3334e+00 -9.7461e-01 -1.7406e+00 +3.5021e+00 -1.6362e+00 -3.9099e-01 +1.5135e+00
414 0 +4.441566459e+05 +4.451566459e+05 +4.451566459e+05 -2.7243e+00 +8.0834e-01 -1.2679e+00 +1.5207e+00 -7.0843e-01 -2.0342e+00 +3.8343e+00 -2.2028e+00 +1.8000e-01 +1.6192e+00
452 0 +4.327972031e+05 +4.337972031e+05 +4.337972031e+05 -2.7057e+00 +2.1024e+00 -1.6169e+00 +1.4331e+00 -8.3297e-01 -1.8969e+00 +3.6789e+00 -1.9377e+00 -8.7141e-02 +1.5697e+00
562 0 +3.762128240e+05 +3.772128240e+05 +3.772128240e+05 -2.7057e+00 +1.1443e-01 -1.6169e+00 +1.4331e+00 -8.3297e-01 -1.8969e+00 +3.6789e+00 -1.9377e+00 -8.7141e-02 +1.5697e+00
663 0 +3.550849995e+05 +3.560849995e+05 +3.560849995e+05 -2.7187e+00 +1.1978e+00 -1.3729e+00 +1.4614e+00 -7.4591e-01 -1.0679e+00 +3.7876e+00 -2.1230e+00 +9.9608e-02 +1.6043e+00
810 0 +2.799802520e+05 +2.809802520e+05 +2.809802520e+05 -2.7053e+00 +2.4654e-01 -1.6129e+00 +1.4324e+00 -1.4251e-01 -1.8977e+00 +3.6796e+00 -1.9394e+00 -8.4392e-02 +1.5692e+00
961 0 +2.747751041e+05 +2.757751041e+05 +2.757751041e+05 -2.7052e+00 +2.8550e-01 -1.6176e+00 +1.4318e+00 -2.3490e-02 -1.8545e+00 +3.6779e+00 -1.9363e+00 -8.7870e-02 +1.5689e+00
% f evaluations | g evaluations | best noise-free fitness - Fopt (-1.000000000000e+03) + sum g_i+ | measured fitness | best measured fitness or single-digit g-values | x1 | x2...
1 0 +1.234015061e+07 +1.233915061e+07 +1.233915061e+07 +7.4603e-01 +2.7522e+00 +8.6771e-01 +2.2985e+00 +2.4023e+00 +1.5006e+00 -6.7830e-01 +3.2460e+00 +3.4366e+00 +4.5393e+00
4 0 +5.791355065e+06 +5.790355065e+06 +5.790355065e+06 +2.7082e+00 +1.6573e+00 +2.3059e+00 +1.2383e+00 -1.9594e+00 +4.3510e+00 +8.2461e-01 +2.6788e+00 -1.4396e+00 -4.8439e+00
14 0 +2.343410797e+06 +2.342410797e+06 +2.342410797e+06 -2.6989e+00 -2.0897e+00 +1.1783e+00 -2.8510e-01 -3.8760e+00 -1.8791e+00 +1.7848e+00 +4.2666e+00 +2.8573e+00 +1.7662e+00
16 0 +8.886242312e+05 +8.876242312e+05 +8.876242312e+05 -2.7979e+00 -4.6387e+00 -3.1210e+00 +1.0347e+00 -3.5753e+00 -1.9268e+00 -2.8862e+00 -3.7880e+00 +1.0837e+00 +1.3476e+00
17 0 +4.062719385e+05 +4.052719385e+05 +4.052719385e+05 -3.4887e+00 +2.4821e+00 +3.9772e+00 +5.3215e-01 +3.0809e+00 -2.5611e+00 -3.2518e+00 -4.7560e+00 +3.7250e+00 -2.1497e+00
159 0 +3.624042815e+05 +3.614042815e+05 +3.614042815e+05 -3.1148e+00 +2.1416e+00 +4.0645e+00 +3.1204e-01 +3.0522e+00 -2.6736e+00 -2.8400e+00 -4.2572e+00 +3.3574e+00 -1.6688e+00
213 0 +3.115830908e+05 +3.105830908e+05 +3.105830908e+05 -3.4887e+00 +2.4821e+00 +3.9772e+00 +5.3215e-01 +4.5404e-01 -2.5611e+00 -3.2518e+00 -4.7560e+00 +3.7250e+00 -2.1497e+00
256 0 +1.769332168e+05 +1.759332168e+05 +1.759332168e+05 -3.3880e+00 +2.3904e+00 +4.0007e+00 +4.7290e-01 +1.2969e+00 -2.5914e+00 -3.1410e+00 -4.6217e+00 +3.6261e+00 -2.0202e+00
352 0 +1.516091714e+05 +1.506091714e+05 +1.506091714e+05 -2.8256e+00 +1.5019e+00 +2.7354e+00 +3.0169e-01 -2.0793e-01 -2.9083e+00 -2.5068e+00 -3.1877e+00 +2.7721e+00 -7.2138e-01
355 0 +1.495341499e+05 +1.485341499e+05 +1.485341499e+05 -3.2553e+00 +2.2695e+00 +4.0317e+00 +3.9474e-01 +1.6517e+00 -2.6313e+00 -2.9947e+00 -4.4446e+00 +3.4955e+00 -1.8495e+00
402 0 +1.235183549e+05 +1.225183549e+05 +1.225183549e+05 -3.0779e+00 +2.1080e+00 +4.0731e+00 +2.9032e-01 +1.6987e+00 -2.6847e+00 -2.7993e+00 -4.2080e+00 +3.3211e+00 -1.6214e+00
503 0 +6.318540637e+04 +6.218540637e+04 +6.218540637e+04 -2.1894e+00 +7.3679e-01 +2.4381e+00 +1.1492e-01 -1.4820e-01 -3.4493e+00 -1.4050e+00 -1.9467e+00 +1.8783e+00 +6.5048e-01
603 0 +5.669698027e+04 +5.569698027e+04 +5.569698027e+04 -2.4647e+00 +1.1617e+00 +2.9447e+00 +1.6927e-01 +4.2410e-01 -3.2124e+00 -1.8371e+00 -2.6474e+00 +2.3254e+00 -5.3519e-02
752 0 +4.681493017e+04 +4.581493017e+04 +4.581493017e+04 -1.9503e+00 +3.4128e-01 +1.7884e+00 -6.8112e-02 -1.2220e-01 -3.2913e+00 -1.5612e+00 -1.3641e+00 +1.6307e+00 +9.3789e-01
807 0 +4.269997140e+04 +4.169997140e+04 +4.169997140e+04 -2.1440e+00 +6.3175e-01 +2.1521e+00 +5.9955e-03 +1.2572e-01 -3.2119e+00 -1.7439e+00 -1.8298e+00 +1.9039e+00 +5.3427e-01
% f evaluations | g evaluations | best noise-free fitness - Fopt (-1.527400000000e+02) + sum g_i+ | measured fitness | best measured fitness or single-digit g-values | x1 | x2...
1 0 +7.452572756e+05 +7.451045356e+05 +7.451045356e+05 +8.0587e-01 +3.1917e+00 -8.5494e-01 -3.2443e+00 -4.5719e+00 -2.5187e+00 -1.0492e+00 +4.8017e+00 +2.9677e+00 -4.3844e+00
57 0 +3.283334922e+05 +3.281807522e+05 +3.281807522e+05 +5.2486e-01 +3.3984e+00 -2.0757e-01 -2.9622e+00 -3.4545e+00 -1.7513e+00 -5.4798e-01 +3.9651e+00 +2.2898e+00 -3.4840e+00
103 0 +2.785927743e+05 +2.784400343e+05 +2.784400343e+05 -1.4410e-01 +1.0969e+00 -1.5939e-01 +1.1384e-01 -1.0206e+00 +1.9346e-01 +3.3981e-01 +4.3703e+00 +1.3475e+00 +3.1022e-02
107 0 +2.423036766e+05 +2.421509366e+05 +2.421509366e+05 -5.6567e-01 +2.2177e+00 -1.1713e+00 -1.9178e+00 -2.7693e+00 -8.1667e-01 -6.4409e-02 +3.6615e+00 +1.8468e+00 -1.8825e+00
208 0 +1.832628434e+05 +1.831101034e+05 +1.831101034e+05 -3.5477e-01 +2.4460e+00 -9.8490e-01 -2.1197e+00 -2.9018e+00 -9.9742e-01 -1.5793e-01 +3.7202e+00 +1.9324e+00 -2.1922e+00
259 0 +1.810166755e+05 +1.808639355e+05 +1.808639355e+05 -2.7721e-01 +2.4181e+00 -9.9372e-01 -2.0167e+00 -2.8301e+00 -1.0047e+00 -2.2513e-01 +3.7246e+00 +1.9225e+00 -2.1492e+00
464 0 +1.439158064e+05 +1.437630664e+05 +1.437630664e+05 -2.7721e-01 +2.4181e+00 -6.2410e-01 -2.0167e+00 -2.8301e+00 -1.0047e+00 -2.2513e-01 +3.7246e+00 +1.9225e+00 -2.1492e+00
664 0 +1.331753925e+05 +1.330226525e+05 +1.330226525e+05 -2.4638e-01 +2.0078e+00 -5.2295e-01 -1.5232e+00 -2.4109e+00 -7.2714e-01 -9.4273e-02 +3.8741e+00 +1.7893e+00 -1.3906e+00
