% f evaluations | g evaluations | best noise-free fitness - Fopt (-2.098800000000e+02) + sum g_i+ | measured fitness | best measured fitness or single-digit g-values | x1 | x2...
1 0 +8.914475838e+06 +8.914265958e+06 +8.914265958e+06 -0.0000e+00 -2.0000e+00 +2.0000e+00 +3.0000e+00 -1.0000e+00 -2.0000e+00 +1.0000e+00 -3.0000e+00 +4.0000e+00 +1.0000e+00
2 0 +6.632142882e+06 +6.631933002e+06 +6.631933002e+06 +3.0000e+00 -1.0000e+00 +4.0000e+00 +4.0000e+00 +5.0000e+00 +3.0000e+00 -3.0000e+00 -5.0000e+00 -5.0000e+00 +4.0000e+00
3 0 +4.443556846e+06 +4.443346966e+06 +4.443346966e+06 +0.0000e+00 -5.0000e+00 +3.0000e+00 +2.0000e+00 +4.0000e+00 +1.0000e+00 -3.0000e+00 -3.0000e+00 -3.0000e+00 +1.0000e+00
14 0 +2.323074149e+06 +2.322864269e+06 +2.322864269e+06 +2.0000e+00 -0.0000e+00 +4.0000e+00 +4.0000e+00 -0.0000e+00 -4.0000e+00 -1.0000e+00 -0.0000e+00 +2.0000e+00 +3.0000e+00
16 0 +2.096678366e+06 +2.096468486e+06 +2.096468486e+06 +3.0000e+00 +4.0000e+00 -0.0000e+00 +1.0000e+00 -5.0000e+00 +2.0000e+00 +3.0000e+00 +1.0000e+00 -1.0000e+00 +4.0000e+00
% f evaluations | g evaluations | best noise-free fitness - Fopt (-9.209000000000e+01) + sum g_i+ | measured fitness | best measured fitness or single-digit g-values | x1 | x2...
1 0 +9.541471738e+06 +9.541379648e+06 +9.541379648e+06 +1.0000e+00 -3.0000e+00 -4.0000e+00 -2.0000e+00 +1.0000e+00 +1.0000e+00 -2.0000e+00 -1.0000e+00 -3.0000e+00 -1.0000e+00
5 0 +4.555296881e+06 +4.555204791e+06 +4.555204791e+06 -1.0000e+00 -1.0000e+00 +5.0000e+00 -4.0000e+00 +4.0000e+00 +3.0000e+00 -2.0000e+00 -5.0000e+00 -3.0000e+00 +1.0000e+00
7 0 +3.960526249e+06 +3.960434159e+06 +3.960434159e+06 +5.0000e+00 -5.0000e+00 -2.0000e+00 -1.0000e+00 +0.0000e+00 +5.0000e+00 -2.0000e+00 +5.0000e+00 +4.0000e+00 +1.0000e+00
10 0 +2.014720219e+06 +2.014628129e+06 +2.014628129e+06 -0.0000e+00 -4.0000e+00 -2.0000e+00 +3.0000e+00 +1.0000e+00 -5.0000e+00 -2.0000e+00 -4.0000e+00 +2.0000e+00 +1.0000e+00
% f evaluations | g evaluations | best noise-free fitness - Fopt (-8.789000000000e+01) + sum g_i+ | measured fitness | best measured fitness or single-digit g-values | x1 | x2...
1 0 +6.993456848e+07 +6.993448059e+07 +6.993448059e+07 -5.0000e+00 +3.0000e+00 +3.0000e+00 +4.0000e+00 -4.0000e+00 -1.0000e+00 -2.0000e+00 -2.0000e+00 -5.0000e+00 -5.0000e+00
2 0 +2.167353244e+06 +2.167265354e+06 +2.167265354e+06 +3.0000e+00 -0.0000e+00 +3.0000e+00 -0.0000e+00 +3.0000e+00 -2.0000e+00 +0.0000e+00 +4.0000e+00 +0.0000e+00 +3.0000e+00
3 0 +6.809720171e+05 +6.808841271e+05 +6.808841271e+05 +1.0000e+00 -2.0000e+00 -1.0000e+00 -0.0000e+00 -1.0000e+00 -2.0000e+00 -2.0000e+00 +2.0000e+00 -1.0000e+00 +3.0000e+00
5 0 +5.300014611e+05 +5.299135711e+05 +5.299135711e+05 +3.0000e+00 -1.0000e+00 -1.0000e+00 +3.0000e+00 +3.0000e+00 -2.0000e+00 -3.0000e+00 -1.0000e+00 -3.0000e+00 +3.0000e+00
% f evaluations | g evaluations | best noise-free fitness - Fopt (3.201900000000e+02) + sum g_i+ | measured fitness | best measured fitness or single-digit g-values | x1 | x2...
1 0 +7.939351633e+06 +7.939671823e+06 +7.939671823e+06 -3.0000e+00 -3.0000e+00 +3.0000e+00 -4.0000e+00 -4.0000e+00 +2.0000e+00 +4.0000e+00 +2.0000e+00 +2.0000e+00 -1.0000e+00
2 0 +7.808981318e+06 +7.809301508e+06 +7.809301508e+06 -0.0000e+00 +4.0000e+00 -4.0000e+00 -1.0000e+00 -3.0000e+00 +3.0000e+00 +4.0000e+00 -4.0000e+00 -3.0000e+00 -3.0000e+00
5 0 +6.964315826e+06 +6.964636016e+06 +6.964636016e+06 +5.0000e+00 -3.0000e+00 +4.0000e+00 +2.0000e+00 +2.0000e+00 +3.0000e+00 -2.0000e+00 +4.0000e+00 -1.0000e+00 -2.0000e+00
6 0 +6.464611014e+06 +6.464931204e+06 +6.464931204e+06 +2.0000e+00 +2.0000e+00 +1.0000e+00 -3.0000e+00 +0.0000e+00 +3.0000e+00 +5.0000e+00 +0.0000e+00 -0.0000e+00 -2.0000e+00
8 0 +2.289269779e+06 +2.289589969e+06 +2.289589969e+06 -1.0000e+00 -2.0000e+00 +2.0000e+00 +1.0000e+00 +4.0000e+00 -1.0000e+00 -3.0000e+00 +0.0000e+00 -3.0000e+00 +1.0000e+00
% f evaluations | g evaluations | best noise-free fitness - Fopt (-1.042400000000e+02) + sum g_i+ | measured fitness | best measured fitness or single-digit g-values | x1 | x2...
1 0 +2.503129124e+07 +2.503118700e+07 +2.503118700e+07 -3.0000e+00 -5.0000e+00 -3.0000e+00 +0.0000e+00 -1.0000e+00 +4.0000e+00 +2.0000e+00 +1.0000e+00 +4.0000e+00 +2.0000e+00
2 0 +4.477683774e+06 +4.477579534e+06 +4.477579534e+06 +4.0000e+00 -0.0000e+00 -1.0000e+00 -3.0000e+00 -0.0000e+00 +3.0000e+00 +2.0000e+00 +1.0000e+00 +2.0000e+00 -1.0000e+00
% f evaluations | g evaluations | best noise-free fitness - Fopt (-6.785000000000e+01) + sum g_i+ | measured fitness | best measured fitness or single-digit g-values | x1 | x2...
1 0 +6.331461405e+05 +6.330782905e+05 +6.330782905e+05 -4.0000e+00 -2.0000e+00 -3.0000e+00 -1.0000e+00 -2.0000e+00 +3.0000e+00 -4.0000e+00 -1.0000e+00 -2.0000e+00 +3.0000e+00
16 0 +5.584123596e+05 +5.583445096e+05 +5.583445096e+05 -2.0000e+00 -3.0000e+00 +2.0000e+00 +1.0000e+00 +5.0000e+00 -2.0000e+00 +5.0000e+00 +1.0000e+00 -3.0000e+00 +3.0000e+00
% f evaluations | g evaluations | best noise-free fitness - Fopt (-3.639800000000e+02) + sum g_i+ | measured fitness | best measured fitness or single-digit g-values | x1 | x2...
1 0 +2.349371725e+07 +2.349335327e+07 +2.349335327e+07 -1.0000e+00 +2.0000e+00 -0.0000e+00 -1.0000e+00 +1.0000e+00 -2.0000e+00 +1.0000e+00 +2.0000e+00 -3.0000e+00 -3.0000e+00
2 0 +9.332000525e+06 +9.331636545e+06 +9.331636545e+06 -4.0000e+00 +3.0000e+00 +2.0000e+00 -5.0000e+00 +3.0000e+00 -2.0000e+00 -4.0000e+00 -1.0000e+00 +2.0000e+00 -1.0000e+00
4 0 +6.118237739e+06 +6.117873759e+06 +6.117873759e+06 +2.0000e+00 +1.0000e+00 -1.0000e+00 -4.0000e+00 -2.0000e+00 -0.0000e+00 +1.0000e+00 +1.0000e+00 +4.0000e+00 +1.0000e+00
7 0 +4.344291300e+06 +4.343927320e+06 +4.343927320e+06 +1.0000e+00 -2.0000e+00 -5.0000e+00 +3.0000e+00 +4.0000e+00 -1.0000e+00 -0.0000e+00 -2.0000e+00 -3.0000e+00 +0.0000e+00
9 0 +2.987174989e+06 +2.986811009e+06 +2.986811009e+06 -4.0000e+00 +3.0000e+00 -4.0000e+00 -3.0000e+00 +4.0000e+00 -1.0000e+00 +5.0000e+00 +5.0000e+00 +1.0000e+00 +2.0000e+00
18 0 +2.637097847e+06 +2.636733867e+06 +2.636733867e+06 -0.0000e+00 +3.0000e+00 +3.0000e+00 +0.0000e+00 +2.0000e+00 -4.0000e+00 +4.0000e+00 +2.0000e+00 -0.0000e+00 +3.0000e+00
% f evaluations | g evaluations | best noise-free fitness - Fopt (-1.865000000000e+01) + sum g_i+ | measured fitness | best measured fitness or single-digit g-values | x1 | x2...
1 0 +1.003815713e+07 +1.003813848e+07 +1.003813848e+07 +2.0000e+00 -1.0000e+00 -3.0000e+00 -4.0000e+00 -3.0000e+00 +5.0000e+00 -1.0000e+00 -2.0000e+00 +2.0000e+00 -1.0000e+00
2 0 +9.606270158e+06 +9.606251508e+06 +9.606251508e+06 -5.0000e+00 +5.0000e+00 +4.0000e+00 -4.0000e+00 -0.0000e+00 +4.0000e+00 +2.0000e+00 -1.0000e+00 -1.0000e+00 +0.0000e+00
4 0 +1.680460001e+06 +1.680441351e+06 +1.680441351e+06 +1.0000e+00 -1.0000e+00 +0.0000e+00 +4.0000e+00 +1.0000e+00 -1.0000e+00 +3.0000e+00 +5.0000e+00 +4.0000e+00 +3.0000e+00
12 0 +5.528929888e+05 +5.528743388e+05 +5.528743388e+05 +2.0000e+00 +2.0000e+00 -2.0000e+00 -3.0000e+00 +4.0000e+00 +2.0000e+00 +2.0000e+00 +1.0000e+00 +5.0000e+00 +2.0000e+00
% f evaluations | g evaluations | best noise-free fitness - Fopt (1.749200000000e+02) + sum g_i+ | measured fitness | best measured fitness or single-digit g-values | x1 | x2...
1 0 +4.707325877e+07 +4.707343369e+07 +4.707343369e+07 -3.0000e+00 -1.0000e+00 +1.0000e+00 -3.0000e+00 +1.0000e+00 +4.0000e+00 +0.0000e+00 +4.0000e+00 -2.0000e+00 +4.0000e+00
2 0 +4.673283928e+07 +4.673301420e+07 +4.673301420e+07 +1.0000e+00 -3.0000e+00 +4.0000e+00 -2.0000e+00 -1.0000e+00 -2.0000e+00 +4.0000e+00 +1.0000e+00 -1.0000e+00 +4.0000e+00
3 0 +1.941725003e+06 +1.941899923e+06 +1.941899923e+06 +1.0000e+00 -2.0000e+00 -1.0000e+00 -3.0000e+00 -4.0000e+00 +2.0000e+00 +4.0000e+00 -2.0000e+00 +1.0000e+00 -3.0000e+00
% f evaluations | g evaluations | best noise-free fitness - Fopt (-5.659600000000e+02) + sum g_i+ | measured fitness | best measured fitness or single-digit g-values | x1 | x2...
1 0 +2.741827359e+07 +2.741770763e+07 +2.741770763e+07 +4.0000e+00 +3.0000e+00 +3.0000e+00 -2.0000e+00 +4.0000e+00 -5.0000e+00 +5.0000e+00 +2.0000e+00 -4.0000e+00 -3.0000e+00
2 0 +1.420840697e+06 +1.420274737e+06 +1.420274737e+06 +4.0000e+00 -2.0000e+00 +3.0000e+00 -1.0000e+00 -0.0000e+00 -2.0000e+00 -0.0000e+00 +1.0000e+00 -1.0000e+00 +3.0000e+00
% f evaluations | g evaluations | best noise-free fitness - Fopt (7.095000000000e+01) + sum g_i+ | measured fitness | best measured fitness or single-digit g-values | x1 | x2...
1 0 +7.097746353e+06 +7.097817303e+06 +7.097817303e+06 +3.0000e+00 -2.0000e+00 -3.0000e+00 +5.0000e+00 +3.0000e+00 -5.0000e+00 -1.0000e+00 +3.0000e+00 -1.0000e+00 +4.0000e+00
2 0 +4.043226921e+06 +4.043297871e+06 +4.043297871e+06 +4.0000e+00 -5.0000e+00 +1.0000e+00 +3.0000e+00 -4.0000e+00 -3.0000e+00 -0.0000e+00 +4.0000e+00 -1.0000e+00 -0.0000e+00
3 0 +2.863395422e+06 +2.863466372e+06 +2.863466372e+06 +2.0000e+00 -5.0000e+00 +4.0000e+00 -2.0000e+00 +1.0000e+00 -4.0000e+00 +4.0000e+00 -3.0000e+00 -3.0000e+00 +3.0000e+00
4 0 +2.522065069e+06 +2.522136019e+06 +2.522136019e+06 +4.0000e+00 +0.0000e+00 -5.0000e+00 -1.0000e+00 +5.0000e+00 +5.0000e+00 -3.0000e+00 -2.0000e+00 -3.0000e+00 +3.0000e+00
16 0 +2.469027998e+06 +2.469098948e+06 +2.469098948e+06 -2.0000e+00 -4.0000e+00 -3.0000e+00 -3.0000e+00 +1.0000e+00 -1.0000e+00 -3.0000e+00 -2.0000e+00 -3.0000e+00 +3.0000e+00
% f evaluations | g evaluations | best noise-free fitness - Fopt (4.728000000000e+01) + sum g_i+ | measured fitness | best measured fitness or single-digit g-values | x1 | x2...
1 0 +9.954663372e+06 +9.954710652e+06 +9.954710652e+06 +2.0000e+00 +5.0000e+00 -2.0000e+00 +5.0000e+00 -2.0000e+00 -3.0000e+00 -2.0000e+00 +5.0000e+00 +3.0000e+00 -5.0000e+00
4 0 +1.735322263e+06 +1.735369543e+06 +1.735369543e+06 -1.0000e+00 +4.0000e+00 -1.0000e+00 -3.0000e+00 +5.0000e+00 +2.0000e+00 -0.0000e+00 -5.0000e+00 -3.0000e+00 -3.0000e+00
% f evaluations | g evaluations | best noise-free fitness - Fopt (-5.688800000000e+02) + sum g_i+ | measured fitness | best measured fitness or single-digit g-values | x1 | x2...
1 0 +2.328630008e+07 +2.328573120e+07 +2.328573120e+07 -2.0000e+00 -4.0000e+00 +2.0000e+00 +0.0000e+00 +1.0000e+00 -0.0000e+00 +2.0000e+00 +4.0000e+00 -5.0000e+00 +1.0000e+00
2 0 +1.260442618e+06 +1.259873738e+06 +1.259873738e+06 +5.0000e+00 +5.0000e+00 -1.0000e+00 +2.0000e+00 +1.0000e+00 -2.0000e+00 -3.0000e+00 +4.0000e+00 -3.0000e+00 -4.0000e+00
% f evaluations | g evaluations | best noise-free fitness - Fopt (2.069000000000e+01) + sum g_i+ | measured fitness | best measured fitness or single-digit g-values | x1 | x2...
1 0 +7.173355500e+06 +7.173376190e+06 +7.173376190e+06 +3.0000e+00 +3.0000e+00 -1.0000e+00 +4.0000e+00 +0.0000e+00 -3.0000e+00 -2.0000e+00 +4.0000e+00 +2.0000e+00 -1.0000e+00
2 0 +7.135626817e+06 +7.135647507e+06 +7.135647507e+06 -2.0000e+00 -4.0000e+00 -5.0000e+00 +3.0000e+00 +0.0000e+00 -2.0000e+00 -3.0000e+00 -1.0000e+00 +2.0000e+00 -2.0000e+00
7 0 +6.555261372e+06 +6.555282062e+06 +6.555282062e+06 +2.0000e+00 -3.0000e+00 +1.0000e+00 -2.0000e+00 +2.0000e+00 +3.0000e+00 +3.0000e+00 +3.0000e+00 +2.0000e+00 -1.0000e+00
9 0 +7.410483374e+05 +7.410690274e+05 +7.410690274e+05 +5.0000e+00 -0.0000e+00 -3.0000e+00 -3.0000e+00 -3.0000e+00 +4.0000e+00 -1.0000e+00 -2.0000e+00 -4.0000e+00 -1.0000e+00
% f evaluations | g evaluations | best noise-free fitness - Fopt (5.616700000000e+02) + sum g_i+ | measured fitness | best measured fitness or single-digit g-values | x1 | x2...
1 0 +4.042405428e+06 +4.042967098e+06 +4.042967098e+06 -2.0000e+00 +4.0000e+00 +3.0000e+00 +4.0000e+00 -1.0000e+00 +4.0000e+00 +4.0000e+00 +3.0000e+00 -5.0000e+00 -4.0000e+00
7 0 +1.733967728e+06 +1.734529398e+06 +1.734529398e+06 -4.0000e+00 -3.0000e+00 +4.0000e+00 -1.0000e+00 -3.0000e+00 +1.0000e+00 +2.0000e+00 +3.0000e+00 -5.0000e+00 -3.0000e+00
13 0 +1.127427417e+06 +1.127989087e+06 +1.127989087e+06 +4.0000e+00 -0.0000e+00 +2.0000e+00 +3.0000e+00 +3.0000e+00 +1.0000e+00 +5.0000e+00 +3.0000e+00 -1.0000e+00 -2.0000e+00
17 0 +7.403589878e+05 +7.409206578e+05 +7.409206578e+05 -2.0000e+00 +4.0000e+00 +3.0000e+00 -3.0000e+00 -3.0000e+00 +0.0000e+00 +3.0000e+00 +5.0000e+00 -3.0000e+00 -3.0000e+00
