% f evaluations | g evaluations | best noise-free fitness - Fopt (1.491500000000e+02) + sum g_i+ | measured fitness | best measured fitness or single-digit g-values | x1 | x2...
1 0 +2.165746102e+04 +2.180661102e+04 +2.180661102e+04 +2.4587e+00 +1.3389e+00 -1.0155e+00 +5.4534e-01 -9.0952e-01 -2.8831e-01 -2.4057e+00 -1.0360e+00 +3.7274e-01 -1.3505e+00
3 0 +1.749473213e+04 +1.764388213e+04 +1.764388213e+04 +2.3813e+00 +1.0940e+00 -6.2742e-01 +4.1046e-01 -9.8657e-01 +1.7265e-01 -5.5189e-01 -7.4760e-01 -2.5007e-01 -1.0464e+00
7 0 +1.631332299e+04 +1.646247299e+04 +1.646247299e+04 +2.2195e+00 +8.5105e-01 -4.8830e-01 +2.3211e-01 -7.6065e-01 +9.7773e-02 -6.0346e-01 -5.2784e-01 -9.4639e-02 -1.1509e+00
18 0 +1.120959298e+04 +1.135874298e+04 +1.135874298e+04 +8.2034e-01 +5.2305e-01 -3.0255e-01 -5.3590e-03 -4.5910e-01 -3.8493e-03 -6.6974e-01 -2.3565e-01 +1.1495e-01 -1.7499e-01
% f evaluations | g evaluations | best noise-free fitness - Fopt (-1.000000000000e+03) + sum g_i+ | measured fitness | best measured fitness or single-digit g-values | x1 | x2...
1 0 +7.160873249e+04 +7.060873249e+04 +7.060873249e+04 +1.1432e-01 -2.5562e+00 +3.4301e-01 +9.0076e-01 -1.5373e+00 +5.0175e-01 -3.1587e-01 -9.1742e-01 -2.9173e+00 -2.2436e-01
2 0 +6.881537600e+04 +6.781537600e+04 +6.781537600e+04 -3.4090e-02 -1.9878e+00 -9.6431e-02 +1.0574e+00 -1.3939e+00 +1.3221e-01 -2.0957e-01 -2.8865e-01 -3.0052e+00 -2.7567e-01
4 0 +6.345505492e+04 +6.245505492e+04 +6.245505492e+04 +3.0918e-01 -1.6722e+00 +1.4126e-02 +1.2523e+00 -1.4629e+00 +1.0484e+00 -8.5762e-01 -5.8331e-01 -1.7807e+00 -6.7495e-01
6 0 +6.288977275e+04 +6.188977275e+04 +6.188977275e+04 +2.4196e-01 -1.7867e+00 +5.2692e-02 +1.2675e+00 -1.5590e+00 +9.6056e-01 -8.1508e-01 -4.9311e-01 -1.8297e+00 -4.0872e-01
% f evaluations | g evaluations | best noise-free fitness - Fopt (9.862000000000e+01) + sum g_i+ | measured fitness | best measured fitness or single-digit g-values | x1 | x2...
1 0 +2.997892106e+04 +3.007754106e+04 +3.007754106e+04 -9.0249e-01 -2.6032e+00 -6.1539e-02 -1.8451e+00 +6.3247e-01 -2.8764e-01 -2.6639e-01 -1.7764e+00 +7.1245e-01 +1.5137e+00
2 0 +2.968422786e+04 +2.978284786e+04 +2.978284786e+04 -1.9970e+00 +3.4610e-01 +1.5994e+00 -2.5030e-01 +7.5771e-01 +1.6780e+00 -4.9670e-01 -1.0873e+00 -1.8252e-01 -1.6405e+00
3 0 +2.615996793e+04 +2.625858793e+04 +2.625858793e+04 -1.3318e+00 -7.2185e-01 +6.2297e-01 -1.0875e+00 +1.0293e+00 +5.5226e-01 -6.6834e-01 -1.7717e+00 +3.2668e-01 -1.4106e-01
% f evaluations | g evaluations | best noise-free fitness - Fopt (-4.715000000000e+01) + sum g_i+ | measured fitness | best measured fitness or single-digit g-values | x1 | x2...
1 0 +9.960290858e+04 +9.955575858e+04 +9.955575858e+04 -1.4720e+00 -1.6472e+00 +5.0866e-01 +1.0110e+00 -1.6078e+00 -2.6007e+00 -1.7780e+00 +2.0529e+00 -4.3435e-01 +5.9214e-01
3 0 +7.772369711e+04 +7.767654711e+04 +7.767654711e+04 -2.1129e+00 +7.6820e-01 +2.5004e+00 +7.4895e-01 -1.2299e+00 +5.8453e-01 -2.2134e+00 -1.7431e-01 +2.0179e+00 +2.4751e-01
4 0 +2.727325950e+04 +2.722610950e+04 +2.722610950e+04 -4.3025e-01 +3.6250e-01 -1.5723e+00 +3.2987e-01 -7.6511e-01 -1.4655e+00 -1.6405e+00 -2.5237e-01 +1.2522e+00 +1.2761e+00
20 0 +2.678923542e+04 +2.674208542e+04 +2.674208542e+04 -4.4362e-01 -2.5859e-01 -9.4000e-01 +4.3239e-01 -9.2580e-01 -2.5793e-01 -5.4572e-01 +2.5810e-01 +8.0374e-01 +9.1487e-01
% f evaluations | g evaluations | best noise-free fitness - Fopt (3.752000000000e+01) + sum g_i+ | measured fitness | best measured fitness or single-digit g-values | x1 | x2...
1 0 +5.589381535e+04 +5.593133535e+04 +5.593133535e+04 -8.0817e-01 -2.8357e-01 +2.1222e+00 -1.1667e+00 -1.9454e-01 -8.1432e-02 -1.4338e+00 -6.1659e-01 -2.8632e+00 +1.5125e-01
2 0 +3.170745409e+04 +3.174497409e+04 +3.174497409e+04 -6.9313e-01 -2.7671e-01 +1.5680e+00 -6.0251e-01 +4.2658e-01 +2.4587e-02 -1.1602e+00 -4.8965e-01 -1.9236e+00 +9.4257e-01
4 0 +2.412628770e+04 +2.416380770e+04 +2.416380770e+04 -6.2234e-01 -2.7249e-01 +1.2270e+00 -4.4880e-01 +8.0873e-01 +8.9814e-02 -9.9191e-01 -4.1156e-01 -1.3455e+00 +1.4294e+00
14 0 +2.176387160e+04 +2.180139160e+04 +2.180139160e+04 -6.4526e-01 -2.7371e-01 +1.1598e+00 -4.8069e-01 +6.8773e-01 +6.9149e-02 -1.0465e+00 -4.3910e-01 -1.1454e-01 +1.1376e+00
17 0 +2.121226059e+04 +2.124978059e+04 +2.124978059e+04 -6.4638e-01 -2.7376e-01 +1.1490e+00 -4.8013e-01 +6.8195e-01 +6.8161e-02 -9.2659e-01 -4.4054e-01 -3.6578e-01 +1.1019e+00
19 0 +1.988709379e+04 +1.992461379e+04 +1.992461379e+04 -6.5009e-01 -2.7394e-01 +1.1130e+00 -4.7825e-01 +6.6275e-01 +6.4879e-02 -5.2810e-01 -4.4531e-01 -7.5176e-01 +9.8326e-01
% f evaluations | g evaluations | best noise-free fitness - Fopt (6.740000000000e+00) + sum g_i+ | measured fitness | best measured fitness or single-digit g-values | x1 | x2...
1 0 +5.791937490e+04 +5.792611490e+04 +5.792611490e+04 +3.5509e+00 +1.8713e+00 +1.6905e+00 +3.3461e-01 +5.9159e-01 +1.1530e+00 -1.6284e+00 +9.3512e-01 -1.3155e+00 -9.8586e-01
3 0 +3.574998609e+04 +3.575672609e+04 +3.575672609e+04 +2.0783e+00 +7.5796e-01 +1.0229e+00 +5.7697e-02 +3.9576e-01 +5.9983e-01 -1.0048e+00 +1.4433e-02 -1.1287e-01 -2.6788e-01
12 0 +2.412743013e+04 +2.413417013e+04 +2.413417013e+04 +1.3529e+00 -2.0004e-01 +4.5521e-01 +1.4295e-01 +1.0148e-01 +1.5959e-01 -9.1620e-01 +1.6958e-01 +1.8255e-01 -4.6556e-01
% f evaluations | g evaluations | best noise-free fitness - Fopt (-1.897900000000e+02) + sum g_i+ | measured fitness | best measured fitness or single-digit g-values | x1 | x2...
1 0 +1.102060636e+04 +1.083081636e+04 +1.083081636e+04 -1.6712e-01 -9.9678e-01 +5.5053e-01 -1.3292e+00 +5.9828e-01 -8.1946e-01 -1.5504e+00 +8.5470e-01 +1.9989e-01 +5.0526e-01
9 0 +9.948310431e+03 +9.758520431e+03 +9.758520431e+03 -4.5856e-01 -1.3287e+00 +4.8769e-01 -1.0728e+00 +2.3202e-01 -2.3962e-01 -2.5457e-02 +6.2361e-01 -2.0909e-01 +8.4218e-02
11 0 +5.149487327e+03 +4.959697327e+03 +4.959697327e+03 -6.7941e-01 -3.2188e-01 +4.4007e-01 -8.7849e-01 -4.5517e-02 +1.9975e-01 -5.1420e-01 +4.4850e-01 -5.1899e-01 -2.3483e-01
13 0 +4.469789079e+03 +4.279999079e+03 +4.279999079e+03 -3.5264e-01 -1.3534e-01 +4.5338e-01 -9.5223e-01 +5.9808e-02 +2.8817e-03 -3.2853e-01 +5.1495e-01 -4.0138e-01 -1.1375e-01
% f evaluations | g evaluations | best noise-free fitness - Fopt (-2.774000000000e+01) + sum g_i+ | measured fitness | best measured fitness or single-digit g-values | x1 | x2...
1 0 +2.157673299e+05 +2.157395899e+05 +2.157395899e+05 -1.3192e-01 +2.1415e+00 +5.9210e-01 +3.4872e+00 -6.0621e-01 +8.7515e-01 -1.6543e+00 +1.3289e-01 +1.9323e+00 +1.2079e+00
3 0 +2.110908139e+05 +2.110630739e+05 +2.110630739e+05 -1.1720e+00 +3.3573e+00 -6.4616e-01 +1.4083e+00 -8.6913e-01 -6.6406e-01 -2.7239e+00 -1.4309e+00 -4.0670e-01 +4.5805e-01
5 0 +1.255645563e+05 +1.255368163e+05 +1.255368163e+05 -1.6898e+00 +2.5413e+00 -8.1860e-01 +1.7585e+00 +1.8458e-01 +4.2780e-01 -2.7416e+00 -4.1387e-01 -1.1667e+00 -4.3547e-01
% f evaluations | g evaluations | best noise-free fitness - Fopt (6.930000000000e+00) + sum g_i+ | measured fitness | best measured fitness or single-digit g-values | x1 | x2...
1 0 +8.008303935e+04 +8.008996935e+04 +8.008996935e+04 -4.3185e+00 -3.3941e+00 -2.1690e+00 -1.5739e+00 +1.3777e+00 -2.3732e+00 +4.8467e-01 -3.2767e-01 -9.2654e-01 -1.8778e+00
2 0 +1.519764252e+04 +1.520457252e+04 +1.520457252e+04 -1.8128e-01 +1.0518e+00 -2.8964e+00 -4.1246e-01 +8.9529e-01 +1.8168e+00 -2.0972e+00 -8.9124e-01 +9.0755e-01 -1.1564e+00
4 0 +1.201046283e+04 +1.201739283e+04 +1.201739283e+04 -6.6318e-01 +1.0648e+00 -1.9673e+00 -7.1099e-01 +9.7903e-01 +7.9005e-01 -1.8688e+00 -1.1560e+00 +5.5362e-01 -1.4884e+00
5 0 +1.129799928e+04 +1.130492928e+04 +1.130492928e+04 -7.3749e-01 +1.1211e+00 -2.0205e+00 -7.8209e-01 +1.0601e+00 +7.2721e-01 -1.7571e+00 -1.1229e+00 +4.4337e-01 -1.4999e+00
17 0 +8.928862289e+03 +8.935792289e+03 +8.935792289e+03 -1.1796e+00 +5.7699e-01 -1.1119e+00 -1.2405e+00 +9.7424e-01 -2.9001e-01 -1.2699e+00 -8.7030e-01 +5.7055e-02 -4.0008e-01
% f evaluations | g evaluations | best noise-free fitness - Fopt (-4.456000000000e+01) + sum g_i+ | measured fitness | best measured fitness or single-digit g-values | x1 | x2...
1 0 +2.549854523e+04 +2.545398523e+04 +2.545398523e+04 +3.7465e-01 -1.8970e+00 +1.9015e+00 +7.1139e-01 -5.4781e-01 -1.2416e+00 -2.9398e+00 +7.5248e-02 -7.7779e-01 +4.9570e-01
% f evaluations | g evaluations | best noise-free fitness - Fopt (1.000000000000e+03) + sum g_i+ | measured fitness | best measured fitness or single-digit g-values | x1 | x2...
1 0 +5.530672843e+04 +5.630672843e+04 +5.630672843e+04 -3.2731e+00 +2.1006e-01 -1.3579e+00 +8.1310e-01 -1.5996e-01 -2.8655e+00 -6.3617e-01 -2.6159e-02 -2.1786e+00 +4.8421e-01
7 0 +5.171720202e+04 +5.271720202e+04 +5.271720202e+04 -2.9127e-01 -2.1310e+00 +2.0398e-01 +4.8230e-01 -2.2637e-01 -4.8863e-01 +1.6446e-01 +6.4643e-01 -1.0618e+00 -8.1259e-01
% f evaluations | g evaluations | best noise-free fitness - Fopt (-6.797100000000e+02) + sum g_i+ | measured fitness | best measured fitness or single-digit g-values | x1 | x2...
1 0 +2.156501764e+05 +2.149704664e+05 +2.149704664e+05 -1.2209e+00 -5.0942e-01 -1.1756e+00 +2.5925e+00 +2.4490e-01 -1.9300e+00 -1.7519e+00 +5.0897e-02 +2.3224e+00 +6.8559e-01
2 0 +1.405406644e+05 +1.398609544e+05 +1.398609544e+05 +1.4373e-02 -4.9572e-01 -1.4773e+00 +8.3657e-01 +8.1829e-01 -1.1775e+00 -5.0815e-01 +1.8829e+00 +1.9042e+00 -9.2954e-01
3 0 +1.375736857e+05 +1.368939757e+05 +1.368939757e+05 +1.4373e-02 -4.9572e-01 -1.4773e+00 +8.3657e-01 +8.1829e-01 -9.0343e-02 -5.0815e-01 +1.8829e+00 +1.9042e+00 -9.2954e-01
4 0 +9.429137095e+04 +9.361166095e+04 +9.361166095e+04 -5.6134e-01 +2.2805e-01 -2.0102e+00 +1.6224e+00 -5.9395e-01 +2.2486e-01 -1.1129e+00 +6.8191e-01 +8.2856e-01 +7.2770e-01
6 0 +8.973600412e+04 +8.905629412e+04 +8.905629412e+04 -5.6134e-01 +2.2805e-01 -6.7090e-01 +1.6224e+00 -5.9395e-01 +2.2486e-01 -1.1129e+00 +6.8191e-01 +8.2856e-01 +7.2770e-01
8 0 +6.341952365e+04 +6.273981365e+04 +6.273981365e+04 -3.4044e-01 -5.5410e-02 -1.7840e+00 +1.3211e+00 -4.3059e-02 -2.6326e-02 -8.8064e-01 +1.2476e+00 +3.0093e-01 +8.4697e-02
10 0 +5.902749315e+04 +5.834778315e+04 +5.834778315e+04 -3.8885e-01 +9.3661e-02 -1.4989e+00 +1.2392e+00 -4.8063e-02 -5.7566e-02 -8.7204e-01 +1.3946e+00 +1.4239e-01 +1.2824e-01
% f evaluations | g evaluations | best noise-free fitness - Fopt (1.000000000000e+03) + sum g_i+ | measured fitness | best measured fitness or single-digit g-values | x1 | x2...
1 0 +6.928963951e+04 +7.028963951e+04 +7.028963951e+04 +1.8576e+00 +1.5608e+00 +2.0192e+00 -1.1782e+00 +1.3231e+00 +1.4023e+00 +1.0620e+00 +1.3690e+00 +3.3251e-01 -2.6754e+00
2 0 +1.290108381e+04 +1.390108381e+04 +1.390108381e+04 +1.5080e-01 +8.6666e-01 +7.7088e-01 +2.1076e-01 -2.6839e-02 +1.3515e+00 +9.0797e-01 +1.6549e+00 +5.4946e-01 -7.4393e-01
3 0 +1.037835802e+04 +1.137835802e+04 +1.137835802e+04 -2.4016e-02 +4.0023e-01 +5.4833e-01 +1.7104e-01 -3.2881e-01 +1.3861e+00 +7.2825e-01 +1.8385e+00 +5.5742e-01 -5.4569e-01
12 0 +9.667792763e+03 +1.066779276e+04 +1.066779276e+04 -3.2915e-02 +8.6602e-01 +6.1505e-01 +1.5961e-01 -1.3314e-01 +7.4062e-02 +5.5917e-01 +1.0784e+00 +1.6259e-02 -6.1190e-01
% f evaluations | g evaluations | best noise-free fitness - Fopt (1.007000000000e+01) + sum g_i+ | measured fitness | best measured fitness or single-digit g-values | x1 | x2...
1 0 +2.423827458e+04 +2.424834458e+04 +2.424834458e+04 -3.0740e+00 +3.6138e-01 -3.7997e-01 +2.9469e-01 +8.8237e-01 -4.5286e-01 +4.6878e-01 +2.9364e+00 -2.1496e-01 -1.6545e+00
% f evaluations | g evaluations | best noise-free fitness - Fopt (-7.540000000000e+00) + sum g_i+ | measured fitness | best measured fitness or single-digit g-values | x1 | x2...
1 0 +3.917234136e+04 +3.916480136e+04 +3.916480136e+04 -2.5704e+00 +7.0151e-01 +2.2484e+00 -3.1778e+00 -1.7199e+00 +4.3155e-01 +7.7797e-01 -8.0302e-01 -1.6992e+00 +1.7135e+00
4 0 +1.775711982e+04 +1.774957982e+04 +1.774957982e+04 -1.3160e-01 +1.8827e-01 +1.5082e+00 +8.9028e-01 -7.7648e-01 -2.7927e-01 -6.0605e-01 -8.5876e-01 +4.4343e-01 +1.2951e+00
