% f evaluations | g evaluations | best noise-free fitness - Fopt (9.294000000000e+01) + sum g_i+ | measured fitness | best measured fitness or single-digit g-values | x1 | x2...
1 0 +2.043509755e+03 +2.136449755e+03 +2.136449755e+03 +4.9357e-01 +4.4352e-01 +3.2570e+00 -1.8748e+00 -1.6240e+00 +4.1963e+00 +3.6058e+00 +4.3478e+00 +2.1529e+00 -3.6367e-02 -2.7720e+00 +1.2160e+00 +2.5304e+00 +4.4271e+00 -4.4892e+00 -1.3087e+00 +1.3047e+00 -4.6104e+00 +2.1070e+00 +1.6292e+00
7 0 +1.562017826e+03 +1.654957826e+03 +1.654957826e+03 -2.2785e+00 -4.0830e+00 -2.6719e+00 -1.7007e+00 -3.1111e+00 +2.5705e+00 +3.0806e+00 +3.0477e+00 -5.2192e-01 +4.0169e+00 +4.1710e+00 -4.2688e+00 +3.9785e+00 +1.2695e-01 +5.2984e-01 -1.4721e+00 +4.5271e+00 +3.6630e+00 +5.1919e-01 -2.0851e+00
14 0 +1.470089522e+03 +1.563029522e+03 +1.563029522e+03 +2.2064e+00 +4.4765e+00 +1.0356e-01 -3.1054e+00 +2.8129e+00 +2.6957e+00 +8.3352e-01 -1.0841e+00 -1.3819e+00 +4.0406e+00 -4.9243e+00 +2.0799e-01 -4.8123e+00 +3.2910e-02 -2.9826e+00 +3.8514e+00 +4.3553e+00 -4.3578e+00 +2.4069e+00 -2.9006e+00
19 0 +1.350651066e+03 +1.443591066e+03 +1.443591066e+03 +3.8377e+00 +2.4239e+00 -3.9455e+00 -4.7371e-01 -1.9781e+00 +3.1534e+00 +4.2382e+00 +3.1150e+00 +3.2584e+00 -4.7042e+00 -3.1061e+00 +1.6304e+00 -3.0667e+00 -2.2477e+00 -1.4261e+00 +3.3861e+00 +4.4882e+00 -4.7514e+00 -3.1582e+00 +4.1970e+00
% f evaluations | g evaluations | best noise-free fitness - Fopt (3.535000000000e+01) + sum g_i+ | measured fitness | best measured fitness or single-digit g-values | x1 | x2...
1 0 +4.208988024e+03 +4.244338024e+03 +4.244338024e+03 +1.3649e+00 -1.1100e+00 -2.4726e+00 +2.5141e-04 -4.5487e+00 +9.0568e-01 +4.4954e+00 -4.8164e+00 -1.8179e+00 +4.9341e-01 +2.9472e+00 -5.5404e-01 -3.0188e+00 +2.9887e+00 +2.3828e+00 -6.1291e-01 -7.4597e-01 +1.5645e+00 +4.4128e-01 +2.1213e+00
3 0 +2.343052722e+03 +2.378402722e+03 +2.378402722e+03 -6.5124e-01 -4.5026e+00 -4.9124e+00 -2.3114e+00 +1.9381e+00 -4.4150e+00 -3.2559e+00 +3.4850e+00 -4.0113e+00 +1.8762e+00 +2.6927e+00 -4.5852e+00 +2.9004e+00 +4.6365e+00 -3.6274e+00 +1.8313e+00 -1.8810e+00 +1.2385e+00 +4.5256e+00 -2.4728e+00
6 0 +1.064363572e+03 +1.099713572e+03 +1.099713572e+03 +2.3867e+00 +3.6390e+00 +3.2890e+00 +4.9131e+00 -8.6470e-01 +3.8178e-01 +1.4165e+00 +1.5603e+00 -4.3594e+00 +7.8743e-02 -7.4974e-01 +1.9388e+00 +1.2319e+00 -1.3937e+00 -5.4982e-01 +4.0295e-01 +2.5490e+00 +2.5011e+00 +3.5147e+00 +3.1912e+00
% f evaluations | g evaluations | best noise-free fitness - Fopt (3.820000000000e+00) + sum g_i+ | measured fitness | best measured fitness or single-digit g-values | x1 | x2...
1 0 +1.924334624e+03 +1.928154624e+03 +1.928154624e+03 +4.1315e+00 -8.1638e-01 -3.6476e+00 -6.1868e-01 +2.9569e+00 -1.0640e+00 -4.7676e+00 -4.0708e+00 -2.9962e-01 -1.1231e+00 -3.4622e+00 +3.1930e+00 -4.1663e+00 +3.2487e+00 -2.9357e+00 -3.5982e+00 -4.3936e+00 +1.6969e+00 +3.4679e+00 -4.2185e+00
8 0 +1.702155705e+03 +1.705975705e+03 +1.705975705e+03 -2.7998e+00 -4.3780e+00 +4.7395e+00 -4.5808e+00 +4.1339e-01 +4.5583e+00 +1.7682e+00 -2.4429e+00 +1.9752e+00 +2.6714e+00 -2.5516e+00 +4.7075e+00 -3.0437e+00 -1.8517e+00 -2.4316e-02 -9.3971e-01 -4.5412e+00 -3.8927e-01 -2.8197e+00 -2.7571e+00
11 0 +8.903241924e+02 +8.941441924e+02 +8.941441924e+02 -1.8896e-01 -2.0436e-01 -4.5085e+00 +2.8963e+00 +4.2785e+00 -4.2569e+00 +3.7442e+00 +4.0576e+00 -4.1179e+00 +1.1371e+00 +2.4810e+00 +1.5959e+00 +2.1711e+00 -2.9259e+00 +6.8325e-01 +1.8119e+00 +1.9599e+00 +3.9875e+00 +2.3811e+00 +3.9953e+00
12 0 +6.747790048e+02 +6.785990048e+02 +6.785990048e+02 -3.6971e+00 -3.7927e+00 -9.3123e-01 -4.6882e+00 -4.4896e+00 +2.6497e+00 +2.5368e+00 -4.4155e-01 +2.6445e+00 -3.6322e+00 +3.1791e+00 +9.8083e-01 +4.0108e-01 +2.8945e-01 +2.4480e+00 +3.1291e+00 -3.4630e+00 +3.5140e+00 +1.1571e+00 +2.8681e+00
26 0 +6.277310448e+02 +6.315510448e+02 +6.315510448e+02 +2.7916e+00 +1.7161e+00 +4.1236e+00 -2.6781e+00 -4.8484e-01 +2.5676e+00 +8.1260e-01 -1.2287e+00 +2.0661e+00 +1.0586e+00 -1.0406e+00 -3.6734e+00 -1.2809e+00 -4.9319e+00 +1.1429e+00 -1.6734e+00 +7.5702e-02 +2.5862e+00 +1.4554e+00 +9.2857e-01
% f evaluations | g evaluations | best noise-free fitness - Fopt (2.175000000000e+01) + sum g_i+ | measured fitness | best measured fitness or single-digit g-values | x1 | x2...
1 0 +1.757901767e+03 +1.779651767e+03 +1.779651767e+03 -3.8182e+00 +2.3832e-01 -4.1238e+00 -3.5204e+00 +2.6155e+00 -4.6603e+00 +2.4552e+00 -2.8794e+00 -3.6254e+00 -1.9358e+00 -4.2691e+00 +4.9543e+00 -1.6516e+00 +2.1330e+00 +7.9399e-01 -4.3293e+00 -2.2126e-01 +3.8456e+00 +2.8467e+00 +2.0029e+00
3 0 +1.327551262e+03 +1.349301262e+03 +1.349301262e+03 +1.8445e+00 -8.4347e-01 -2.5903e+00 +8.1932e-01 -4.0046e+00 -2.2615e+00 +4.3578e+00 +4.3644e+00 -4.1716e+00 +4.5902e+00 +4.7946e+00 +1.6029e+00 +1.8965e+00 +2.1350e+00 -7.3353e-01 -3.1569e+00 +3.3812e+00 +4.2781e+00 -1.5783e+00 -1.3499e+00
13 0 +9.277855500e+02 +9.495355500e+02 +9.495355500e+02 -3.7656e+00 -4.3147e+00 +4.1539e+00 -5.8288e-01 +1.0998e+00 +9.7474e-01 +4.8658e+00 +8.2071e-01 -2.1781e+00 -2.2952e+00 +3.6532e+00 -3.2524e+00 +4.1554e+00 -1.1337e+00 -5.3660e-01 +1.1844e-01 +3.2631e+00 +3.0663e+00 -2.8709e+00 -4.8411e+00
15 0 +6.273868822e+02 +6.491368822e+02 +6.491368822e+02 +4.8246e+00 +2.8863e+00 -3.8737e-01 +1.8524e+00 -4.8730e+00 -3.1443e+00 +3.6263e+00 -2.7623e+00 -2.4102e+00 +3.7611e+00 +4.9853e+00 +2.7192e+00 -3.4914e+00 +4.6667e+00 -1.9950e+00 -4.0845e+00 -2.0952e+00 -1.4034e+00 +2.3849e+00 -2.2588e+00
% f evaluations | g evaluations | best noise-free fitness - Fopt (6.479000000000e+01) + sum g_i+ | measured fitness | best measured fitness or single-digit g-values | x1 | x2...
1 0 +1.495053482e+03 +1.559843482e+03 +1.559843482e+03 +4.6722e+00 +4.8744e+00 +6.5988e-01 -2.8723e+00 -2.3937e+00 -7.4211e-01 +1.4011e+00 -2.2308e+00 -5.0965e-01 -8.1430e-02 -9.6632e-01 +7.9040e-01 +4.9157e+00 +1.9957e+00 +6.5672e-01 -4.8723e+00 -4.2191e-01 -1.4162e+00 +1.7914e+00 +2.9335e+00
10 0 +1.127247834e+03 +1.192037834e+03 +1.192037834e+03 -2.6778e+00 -1.8030e-04 -4.6917e+00 -2.1386e-02 -4.8012e+00 -3.9655e-01 +1.6672e+00 +4.2137e+00 -4.1532e+00 +1.7184e+00 +3.3517e+00 +1.7672e+00 +4.7979e+00 -2.0116e+00 -2.0076e+00 -1.6710e+00 -3.2942e+00 -7.9681e-01 +1.3103e+00 +4.2575e+00
15 0 +6.755315994e+02 +7.403215994e+02 +7.403215994e+02 +3.3931e+00 +3.1977e+00 -3.6280e+00 +1.1283e+00 -4.9107e+00 -6.3332e-01 -4.6678e+00 -3.2696e+00 -3.9017e+00 -4.0088e+00 +4.3425e+00 -4.8083e+00 -2.5864e+00 +6.8157e-01 +2.3129e+00 +2.3377e+00 -4.5438e+00 -2.9802e+00 +3.0883e+00 -2.1010e+00
% f evaluations | g evaluations | best noise-free fitness - Fopt (-1.000000000000e+03) + sum g_i+ | measured fitness | best measured fitness or single-digit g-values | x1 | x2...
1 0 +3.726815377e+03 +2.726815377e+03 +2.726815377e+03 +2.8308e+00 -3.6067e+00 +3.1486e+00 -1.8630e+00 +9.7773e-01 +4.9540e+00 -3.9756e+00 -1.4014e+00 +3.0983e+00 +8.4872e-01 +2.5540e+00 +4.1224e+00 -3.6110e+00 -5.8834e-01 -2.7969e+00 +3.6375e+00 -4.5100e+00 -4.9707e+00 +3.4323e+00 +2.5865e+00
5 0 +2.284664557e+03 +1.284664557e+03 +1.284664557e+03 +4.3417e+00 -4.0961e+00 -1.2674e+00 -3.5607e+00 -3.9854e+00 +2.4308e-01 +8.1020e-01 -4.8595e+00 +4.0424e+00 -9.8626e-01 -4.8910e+00 -2.2692e+00 +4.5586e+00 -4.2889e+00 -4.9334e+00 -1.4334e+00 -4.4219e+00 +3.3795e+00 -2.5127e+00 -5.7116e-01
9 0 +1.844865696e+03 +8.448656957e+02 +8.448656957e+02 -2.2797e+00 +3.6685e-01 -1.6428e+00 +1.7392e+00 +2.8185e+00 -2.1192e+00 +2.4318e-01 -4.8673e+00 +3.0655e+00 +2.6178e+00 +3.9754e+00 +1.8411e+00 +3.9729e+00 +1.5910e+00 +1.2829e+00 +2.6814e+00 -2.5555e+00 +2.7992e+00 -4.4366e+00 +7.6057e-02
10 0 +1.205649953e+03 +2.056499534e+02 +2.056499534e+02 -1.7104e+00 -4.1870e+00 +2.0667e+00 +3.5274e+00 -1.1701e+00 -2.1606e+00 -4.7938e+00 -3.3075e+00 +3.3234e+00 +2.4102e+00 +1.9064e+00 +3.1260e+00 +3.3180e+00 +3.1905e+00 -1.5902e+00 -1.1119e+00 +1.0803e+00 +3.1004e+00 -2.4724e-01 -4.3537e+00
13 0 +9.572991515e+02 -4.270084850e+01 -4.270084850e+01 -4.5695e+00 -1.5669e+00 -4.2466e+00 +2.4432e+00 -1.7536e+00 -1.9658e+00 -3.1584e+00 +2.5431e-01 +2.6453e+00 -3.5879e+00 -2.4041e-01 +4.2547e+00 +1.2037e+00 -2.9288e+00 +4.9775e+00 -2.8349e+00 -1.1375e+00 +1.6187e+00 -2.1990e+00 -5.6024e-01
% f evaluations | g evaluations | best noise-free fitness - Fopt (1.640700000000e+02) + sum g_i+ | measured fitness | best measured fitness or single-digit g-values | x1 | x2...
1 0 +5.321822053e+03 +5.485892053e+03 +5.485892053e+03 +9.9861e-01 +2.1308e+00 -2.2489e+00 +1.9570e+00 +1.4771e+00 +7.3916e-01 -4.2272e+00 +2.0639e+00 -9.6308e-01 +4.9577e+00 -2.7470e+00 +4.5367e+00 +2.7168e+00 +1.0919e+00 +4.9314e+00 -3.6858e+00 -2.3196e+00 +2.9359e+00 +3.6795e-02 -1.3818e+00
2 0 +1.595349111e+03 +1.759419111e+03 +1.759419111e+03 -2.8125e+00 +4.5659e+00 +4.9167e+00 -2.8219e-01 -3.0295e+00 -3.7362e+00 +3.2979e+00 -4.4953e+00 +1.7164e+00 -3.5115e+00 -4.0717e+00 -3.8758e+00 -2.3981e+00 -4.3140e+00 +3.6421e+00 -4.0424e+00 -4.5289e+00 +4.6255e+00 -2.8792e+00 -1.8625e+00
6 0 +1.525772745e+03 +1.689842745e+03 +1.689842745e+03 +2.1547e+00 +1.0756e+00 -4.4391e+00 +3.5402e+00 +2.1626e+00 +2.9451e+00 -2.5504e+00 -1.7969e+00 +4.7570e+00 -3.6096e+00 -4.1879e-02 -4.9563e+00 -1.2714e+00 -2.5933e+00 -2.6444e+00 +2.6875e+00 +1.3631e+00 +1.5060e+00 -3.7563e+00 +7.0968e-01
8 0 +1.443156171e+03 +1.607226171e+03 +1.607226171e+03 +1.2489e+00 +4.0653e+00 -4.1828e+00 +3.7638e+00 +1.1144e+00 +4.5181e+00 +2.1319e+00 +2.0801e+00 +3.2639e+00 -7.1832e-01 -3.6424e+00 -3.6266e+00 +3.7493e+00 +3.8504e+00 +3.0195e+00 -2.0305e+00 +3.9293e+00 +2.8206e+00 +4.0078e+00 -2.9381e+00
11 0 +9.704677084e+02 +1.134537708e+03 +1.134537708e+03 +4.1256e+00 +3.4534e+00 +3.3288e-01 +4.1068e+00 +2.6079e+00 -3.1804e+00 +1.6431e+00 -2.1774e+00 +1.5816e+00 -4.7222e+00 -4.4745e+00 -3.3127e+00 +3.9281e+00 -9.5423e-01 +2.6633e+00 +2.4530e+00 +4.4816e+00 +6.7114e-01 +1.2877e+00 +6.6384e-01
14 0 +8.510587455e+02 +1.015128746e+03 +1.015128746e+03 -8.5748e-01 +4.0611e+00 +3.3012e+00 +3.9540e-01 +1.6592e+00 +4.2360e+00 -4.6120e+00 -5.1548e-01 +3.2649e+00 +4.1831e-01 +4.2310e+00 -2.1918e+00 +1.2505e+00 -3.5363e+00 +4.4986e+00 +5.7335e-01 -1.9573e+00 +3.0674e+00 +9.2056e-01 +4.9814e+00
% f evaluations | g evaluations | best noise-free fitness - Fopt (-1.656800000000e+02) + sum g_i+ | measured fitness | best measured fitness or single-digit g-values | x1 | x2...
1 0 +1.254793109e+03 +1.089113109e+03 +1.089113109e+03 +4.1159e+00 +4.9750e+00 -2.3943e+00 +2.0733e+00 +2.8469e+00 -4.4608e+00 +1.9297e+00 -3.6792e+00 +4.5480e+00 +3.7209e+00 +1.4742e+00 -3.6499e+00 +2.7834e+00 -3.0160e+00 -7.3313e-01 +1.9855e+00 -5.6132e-01 +2.1563e+00 -1.9843e+00 -2.1724e-01
3 0 +7.262040707e+02 +5.605240707e+02 +5.605240707e+02 +3.0988e+00 +4.2454e+00 +1.2331e+00 -1.3917e+00 +2.8867e+00 -5.5820e-01 -9.5967e-01 -3.5153e+00 -1.7698e+00 -2.3976e+00 +6.3290e-01 -3.9222e-01 -2.8304e+00 -3.8521e+00 +1.7582e+00 +4.2160e+00 -2.5008e-01 -2.6234e-01 +1.1048e+00 +3.5027e-01
% f evaluations | g evaluations | best noise-free fitness - Fopt (9.284000000000e+01) + sum g_i+ | measured fitness | best measured fitness or single-digit g-values | x1 | x2...
1 0 +3.253588420e+03 +3.346428420e+03 +3.346428420e+03 -3.7479e+00 -2.7455e+00 -1.9126e+00 -5.6197e-03 -4.5053e+00 +1.2992e+00 +3.9633e+00 -9.2247e-01 +4.7478e+00 -3.6497e+00 +1.2345e+00 +1.7376e+00 -4.4208e+00 +4.7595e+00 +2.7743e+00 -1.6135e+00 -2.0579e-01 +2.0752e+00 +2.4120e+00 -4.7824e+00
2 0 +1.752481086e+03 +1.845321086e+03 +1.845321086e+03 +3.9797e+00 -4.8525e+00 +2.4758e+00 +4.7246e+00 -6.7469e-01 -8.6508e-01 -2.4719e+00 -3.3723e+00 +6.4873e-01 +1.0826e+00 +2.9412e-01 -3.1235e+00 -1.5878e+00 +4.4060e+00 +2.1742e+00 -1.3901e-01 +1.3008e+00 +4.2705e+00 +2.3557e+00 +1.6617e+00
4 0 +1.499808961e+03 +1.592648961e+03 +1.592648961e+03 +1.2068e+00 -7.3782e-01 +2.0838e-01 -3.6008e+00 +1.8957e+00 -1.1795e+00 -1.1938e+00 +2.7628e+00 +4.5604e-03 +3.7291e+00 -4.6524e+00 -2.2399e+00 -9.0423e-01 -2.2317e-01 -1.9513e+00 -2.9498e+00 -2.1624e+00 +1.9800e+00 +6.0027e-01 -3.1790e+00
11 0 +1.050220074e+03 +1.143060074e+03 +1.143060074e+03 +2.8581e+00 -1.9078e+00 -3.3307e+00 -2.4416e+00 -8.5805e-01 -2.0551e+00 -4.7111e+00 -2.2281e+00 -4.0553e+00 -1.3019e+00 -1.0504e-02 -1.8580e+00 +5.8939e-01 -4.2412e+00 +4.9498e+00 +4.4383e+00 -4.4678e+00 +2.8597e+00 +4.0957e+00 +3.3029e-01
13 0 +8.978591434e+02 +9.906991434e+02 +9.906991434e+02 +1.5756e+00 -1.5128e+00 +1.4798e+00 -1.4075e+00 -4.9185e+00 -2.8964e+00 -8.1784e-01 -3.0492e+00 -1.7969e+00 +3.8945e+00 -7.7522e-01 +4.6567e+00 -4.7655e+00 -1.6935e+00 -1.6749e+00 +2.6782e+00 +7.5359e-01 -2.9092e+00 -5.3253e-01 -3.0383e+00
36 0 +8.603475969e+02 +9.531875969e+02 +9.531875969e+02 -2.0166e+00 -2.5256e+00 -4.2065e+00 -2.6270e+00 -2.3084e+00 +4.1132e+00 +1.7500e+00 -1.7904e+00 -2.8272e+00 +1.2829e+00 -3.8516e+00 -4.5355e+00 +3.1280e+00 -2.4475e+00 +2.2558e+00 +3.2096e+00 -1.5313e+00 -1.6629e+00 +2.3063e+00 +1.7643e+00
% f evaluations | g evaluations | best noise-free fitness - Fopt (-3.679200000000e+02) + sum g_i+ | measured fitness | best measured fitness or single-digit g-values | x1 | x2...
1 0 +2.371534780e+03 +2.003614780e+03 +2.003614780e+03 -2.2552e+00 +9.9876e-02 +5.7907e-01 -3.7253e+00 +3.5635e+00 -2.3673e+00 -3.0548e+00 -2.1291e+00 -2.2069e+00 +3.1897e+00 +4.8673e+00 +8.7814e-01 -2.8474e+00 +4.9858e+00 +3.7231e+00 -4.7941e+00 +4.7108e+00 +3.9205e+00 -1.5535e+00 -4.5416e+00
2 0 +2.224005418e+03 +1.856085418e+03 +1.856085418e+03 -3.1469e+00 -2.6547e-01 -3.9444e+00 +4.1506e+00 -2.0488e-01 +1.7236e-01 -4.9260e+00 +4.3347e+00 -3.7248e+00 -3.4875e+00 -2.4688e+00 +3.0561e+00 -3.7599e+00 -3.4083e+00 -3.1603e+00 +5.7168e-01 +3.9390e+00 +2.2814e+00 -2.2042e+00 -4.6856e+00
5 0 +1.290181837e+03 +9.222618373e+02 +9.222618373e+02 -4.4474e+00 -2.8640e+00 +3.1007e+00 -3.5256e+00 -4.4809e+00 -1.9942e+00 -3.8085e+00 +1.0917e+00 -4.6228e+00 -7.7125e-01 -3.9302e+00 +2.7351e+00 +7.6262e-01 +8.1700e-01 -1.8091e+00 -4.1859e+00 -2.5687e+00 +7.1240e-01 -3.8620e+00 +4.3024e+00
% f evaluations | g evaluations | best noise-free fitness - Fopt (4.950000000000e+01) + sum g_i+ | measured fitness | best measured fitness or single-digit g-values | x1 | x2...
1 0 +2.089446683e+03 +2.138946683e+03 +2.138946683e+03 +4.5984e+00 -1.3928e+00 -3.0107e+00 -1.6112e+00 -3.4233e+00 -1.8529e+00 -4.5332e+00 +1.7398e+00 -3.5497e+00 -2.4226e+00 +4.1716e+00 +5.3425e-01 -1.1796e+00 +3.2807e+00 +3.7050e+00 +2.2999e+00 -3.1637e+00 +1.2394e-01 -3.1104e+00 +4.9030e+00
2 0 +1.592049230e+03 +1.641549230e+03 +1.641549230e+03 +1.4500e+00 +4.9931e+00 +1.6997e+00 +4.8908e+00 -2.1804e+00 -4.6835e+00 +1.8140e+00 -3.9082e+00 +3.5516e+00 -1.8458e+00 -6.9743e-01 -3.9381e+00 -4.3154e+00 +6.7305e-01 -9.7243e-01 +1.4043e+00 +2.6367e+00 +2.9745e+00 -1.8358e+00 -3.8437e+00
3 0 +6.633507788e+02 +7.128507788e+02 +7.128507788e+02 -2.6273e+00 -2.1721e+00 -2.3665e+00 +7.4578e-02 +4.6569e-02 +2.8572e+00 +2.1605e+00 -2.5112e-02 +1.0078e+00 -4.4485e+00 +4.3702e+00 -8.6009e-01 +2.5474e+00 -9.5100e-02 +1.2887e+00 -1.0935e+00 -1.8126e+00 +1.9456e+00 +2.1434e+00 +4.2688e+00
% f evaluations | g evaluations | best noise-free fitness - Fopt (-1.277000000000e+01) + sum g_i+ | measured fitness | best measured fitness or single-digit g-values | x1 | x2...
1 0 +5.560402911e+03 +5.547632911e+03 +5.547632911e+03 -2.3280e+00 +1.6644e+00 +1.7079e+00 +3.0151e+00 -2.6360e+00 -3.2196e+00 +3.0825e+00 -3.1322e+00 -5.3780e-01 +1.9973e+00 +1.2823e+00 +2.3614e+00 -5.7322e-01 +1.8583e+00 -2.0082e+00 -2.9052e+00 +3.6276e+00 +1.3570e+00 +1.2151e+00 -4.4179e+00
2 0 +3.644723625e+03 +3.631953625e+03 +3.631953625e+03 -3.5575e-01 +3.4335e+00 -4.9105e+00 +3.7458e+00 -3.7125e+00 +4.1925e+00 -1.8305e+00 -2.6245e+00 +1.3622e-01 -1.8345e+00 +4.2538e+00 +3.9805e+00 +3.6388e+00 -2.6174e+00 -4.0213e+00 -4.1092e+00 +3.7946e+00 +4.1863e+00 -4.0847e+00 +1.1580e+00
4 0 +1.837803328e+03 +1.825033328e+03 +1.825033328e+03 -2.2267e-01 -3.1318e-02 +4.1566e+00 -4.1175e+00 +2.9882e+00 -4.0388e+00 -4.8314e+00 -2.9559e+00 -2.9455e+00 +3.2016e+00 -3.0134e+00 +2.3248e+00 +4.2514e+00 +2.1077e+00 +3.1970e+00 -7.6500e-01 +1.2729e+00 +4.7181e+00 -1.4075e+00 -3.6611e+00
14 0 +1.256992904e+03 +1.244222904e+03 +1.244222904e+03 -3.6059e+00 -4.5482e-01 -3.2017e+00 -4.0100e+00 +2.3753e+00 -3.3057e+00 -9.7920e-01 +4.2963e+00 -7.0269e-02 -9.8242e-01 +1.9144e+00 +2.6155e+00 -8.3626e-01 +3.6687e+00 -3.1476e+00 +9.9387e-01 -6.2974e-01 -1.6913e+00 -1.9766e+00 +4.0389e+00
15 0 +8.730621908e+02 +8.602921908e+02 +8.602921908e+02 +9.8218e-01 -1.1489e+00 +1.5581e+00 +1.4040e+00 +3.4808e+00 +3.4830e+00 +4.8111e+00 +4.5147e+00 -1.6258e+00 -3.3176e+00 +4.7321e+00 -7.2973e-01 +1.6173e+00 +2.7543e+00 +1.4524e+00 +3.7427e+00 -4.1575e+00 +2.1789e-01 +2.8334e+00 -2.4885e+00
38 0 +7.582939576e+02 +7.455239576e+02 +7.455239576e+02 +3.9252e+00 +2.5230e+00 -4.4910e+00 +6.4267e-01 +1.5724e+00 +3.6812e+00 -1.3511e+00 +7.9490e-01 -4.3718e+00 +5.2919e-01 -2.2368e+00 +3.4208e+00 +3.5153e+00 +2.1695e+00 +3.8106e+00 -3.1322e+00 -1.2196e+00 -3.9291e+00 +2.5198e+00 -2.3200e+00
% f evaluations | g evaluations | best noise-free fitness - Fopt (6.365000000000e+01) + sum g_i+ | measured fitness | best measured fitness or single-digit g-values | x1 | x2...
1 0 +1.959662416e+03 +2.023312416e+03 +2.023312416e+03 +1.1022e+00 -4.3058e+00 -2.4887e+00 +1.2807e-01 -8.2407e-01 +2.4588e+00 +9.3638e-01 -3.8870e+00 +7.4196e-01 +1.6001e+00 -2.3854e+00 -4.8899e+00 +3.4403e-01 -4.0413e+00 -4.1507e+00 -3.8240e+00 +1.0429e+00 -3.4448e+00 +3.6660e+00 +1.4661e+00
4 0 +1.149760556e+03 +1.213410556e+03 +1.213410556e+03 +3.0446e+00 +4.0885e+00 +2.3402e+00 -2.5011e+00 +4.8337e-01 +3.9509e+00 -2.1519e+00 +5.6364e-01 +1.2452e+00 +2.2216e+00 -1.2959e+00 -1.7238e+00 -5.5144e-01 -3.7945e-01 -3.6967e+00 +3.7558e+00 +1.8510e+00 +4.7221e+00 +9.4403e-01 -4.9232e+00
% f evaluations | g evaluations | best noise-free fitness - Fopt (6.991900000000e+02) + sum g_i+ | measured fitness | best measured fitness or single-digit g-values | x1 | x2...
1 0 +8.621001927e+02 +1.561290193e+03 +1.561290193e+03 +7.2598e-01 -1.8240e+00 -3.3973e+00 +7.6576e-01 -3.2459e-01 -1.9525e+00 -4.7176e+00 -2.0793e+00 -3.7547e+00 +2.3994e-01 -1.2641e+00 -2.3149e+00 -1.6977e+00 -1.4980e+00 -4.1782e+00 -2.4033e-01 +9.6280e-01 +9.6784e-01 +2.1851e+00 +2.8106e-01
17 0 +8.289216663e+02 +1.528111666e+03 +1.528111666e+03 -3.0816e-01 +2.1268e+00 +3.4874e+00 +4.0277e+00 +2.7220e-01 -1.9259e+00 +4.8847e-01 -1.7219e-01 -4.0528e+00 +4.2950e+00 -8.8929e-01 -5.4436e-01 +3.8285e+00 +2.6063e+00 +3.3555e+00 -1.6832e+00 +1.7072e+00 -4.9026e+00 -2.2973e+00 +3.0313e+00
% f evaluations | g evaluations | best noise-free fitness - Fopt (1.000000000000e+03) + sum g_i+ | measured fitness | best measured fitness or single-digit g-values | x1 | x2...
1 0 +4.042043131e+03 +5.042043131e+03 +5.042043131e+03 +3.5368e-01 -6.4547e-01 +2.5995e+00 -2.7997e+00 -2.5087e+00 -4.8078e+00 +4.8185e-02 +3.1852e+00 +6.3409e-01 +4.7499e+00 +7.6707e-01 +2.7874e+00 -4.4805e+00 -1.1411e+00 +8.9849e-01 +2.5668e+00 -2.0414e+00 -4.4657e+00 +6.6698e-01 -2.8883e+00
2 0 +1.596547493e+03 +2.596547493e+03 +2.596547493e+03 +1.3766e+00 -1.4392e+00 -4.8792e+00 -3.9461e-01 -2.8499e+00 +1.5231e+00 +4.7995e+00 -3.1908e+00 +4.6482e+00 +2.3123e+00 -1.7661e-01 +1.7404e+00 -3.3407e+00 -4.0045e+00 -4.1053e-01 +2.2894e+00 +2.8702e+00 +5.6714e-01 -4.5100e+00 -3.4480e+00
10 0 +1.109340873e+03 +2.109340873e+03 +2.109340873e+03 +1.1176e+00 +1.7001e+00 +2.4587e+00 +1.5032e+00 -4.0038e+00 +2.6526e+00 +4.4213e+00 -4.1493e+00 +4.2546e+00 +1.9564e+00 -9.3865e-01 +1.9743e+00 +2.9358e+00 +4.9935e+00 -2.3879e+00 +1.7442e+00 -2.9920e+00 -6.8200e-01 +2.6568e+00 +1.1466e-01
16 0 +8.297789409e+02 +1.829778941e+03 +1.829778941e+03 +1.6373e+00 +3.6352e+00 -6.5046e-01 -8.1886e-01 -2.0069e+00 -2.3514e+00 +3.0107e+00 -2.0124e+00 -2.3145e+00 +4.9307e+00 -6.0574e-01 +1.0661e+00 +7.9444e-01 -5.2065e-01 -4.9162e+00 +2.4910e-01 -2.6344e+00 +2.6861e+00 +4.1132e+00 +3.5936e+00
