% f evaluations | g evaluations | best noise-free fitness - Fopt (-1.000000000000e+03) + sum g_i+ | measured fitness | best measured fitness or single-digit g-values | x1 | x2...
1 0 +7.921986982e+01 -9.207801302e+02 -9.207801302e+02 -2.8386e-01 -3.9021e+00 +2.3497e+00 +1.6984e+00 +5.9817e-02 -9.6030e-01 +4.1468e+00 +1.6317e+00 +1.8241e+00 +3.2506e+00
22 0 +7.490496350e+01 -9.250950365e+02 -9.250950365e+02 +2.1495e+00 +1.2416e+00 +1.1794e+00 +2.0630e+00 +2.4773e+00 -1.2650e-01 +4.3090e+00 +6.9739e-01 +1.3905e+00 -2.7876e+00
37 0 +7.380167404e+01 -9.261983260e+02 -9.261983260e+02 +2.0936e+00 +8.6745e-01 -1.6397e-01 +2.2482e+00 -1.9145e+00 -1.4386e+00 +1.9579e-01 -4.5142e+00 +2.0695e+00 +4.1439e-01
39 0 +6.707026825e+01 -9.329297318e+02 -9.329297318e+02 -5.3142e-02 +2.4162e+00 +1.8123e+00 -1.8368e+00 -2.0571e+00 -4.4907e+00 -1.9144e+00 +1.7680e+00 +4.2109e+00 -3.7850e+00
211 0 +6.482493558e+01 -9.351750644e+02 -9.351750644e+02 -5.3142e-02 +2.4162e+00 +1.8123e+00 -1.8368e+00 -2.0571e+00 -3.7330e+00 -1.9144e+00 +1.7680e+00 +4.2109e+00 -2.7334e+00
713 0 +6.351620012e+01 -9.364837999e+02 -9.364837999e+02 -1.2632e-01 +1.9564e+00 +1.9581e+00 -1.7283e+00 -1.7319e+00 -4.1527e+00 -1.3210e+00 +5.1177e-01 +3.3638e+00 -3.3004e+00
811 0 +6.271952436e+01 -9.372804756e+02 -9.372804756e+02 -1.2632e-01 +1.9564e+00 +1.9581e+00 -1.7283e+00 -1.2678e+00 -4.1527e+00 -1.3210e+00 +5.1177e-01 +3.3638e+00 -3.3004e+00
% f evaluations | g evaluations | best noise-free fitness - Fopt (1.000000000000e+03) + sum g_i+ | measured fitness | best measured fitness or single-digit g-values | x1 | x2...
1 0 +8.482319536e+01 +1.084823195e+03 +1.084823195e+03 -4.6705e+00 +6.1261e-02 -4.8262e+00 +8.3584e-01 -4.6332e+00 +2.3385e+00 -4.4398e+00 -1.6642e+00 -4.2893e+00 +8.0155e-01
2 0 +7.761220807e+01 +1.077612208e+03 +1.077612208e+03 -2.0672e+00 +4.6947e-01 -3.6145e-01 -1.8638e+00 -2.8421e+00 +2.2315e+00 +4.4686e+00 -3.3548e+00 +8.6703e-01 +5.3563e-01
8 0 +7.411017309e+01 +1.074110173e+03 +1.074110173e+03 -3.2823e+00 -9.6112e-01 -3.2307e+00 -3.8058e+00 -1.0728e+00 +4.7625e-01 -7.2694e-01 -1.6587e+00 -1.9805e+00 +2.1331e+00
19 0 +7.146301260e+01 +1.071463013e+03 +1.071463013e+03 +5.2417e-01 +4.5592e+00 -4.0932e+00 -3.1166e+00 +1.1393e+00 -1.3835e+00 +4.1750e+00 -2.9452e+00 -2.8674e+00 -1.6250e+00
56 0 +4.135578704e+01 +1.041355787e+03 +1.041355787e+03 -1.2438e+00 +3.2021e+00 -3.7001e+00 -2.9506e+00 +1.1555e+00 -8.6496e-01 +1.9594e+00 -1.6937e+00 -2.5172e+00 -1.0058e+00
261 0 +2.616491105e+01 +1.026164911e+03 +1.026164911e+03 -1.2438e+00 +3.2021e+00 -3.7001e+00 -2.9506e+00 +1.1555e+00 -8.6496e-01 +1.9594e+00 -4.2223e-01 -2.5172e+00 -1.0058e+00
% f evaluations | g evaluations | best noise-free fitness - Fopt (-4.913000000000e+01) + sum g_i+ | measured fitness | best measured fitness or single-digit g-values | x1 | x2...
1 0 +8.310953570e+01 +3.397953570e+01 +3.397953570e+01 +1.2687e+00 -1.3360e+00 +1.1373e+00 -4.9097e+00 +3.7834e+00 +3.7804e+00 -4.3980e+00 -4.0816e+00 +3.8988e+00 -4.1024e-01
4 0 +7.893877545e+01 +2.980877545e+01 +2.980877545e+01 +2.3143e+00 -2.8165e+00 -2.1040e+00 -3.1983e+00 +2.1043e+00 -3.4924e-01 -1.4268e+00 +3.3731e+00 +2.7769e-01 +3.5678e+00
9 0 +7.620551220e+01 +2.707551220e+01 +2.707551220e+01 -9.0758e-01 +3.5513e+00 -2.9451e-02 -1.9705e+00 +1.7538e+00 -7.6958e-01 +2.1228e+00 +4.5562e+00 +1.4107e+00 -5.1649e-01
154 0 +7.323548891e+01 +2.410548891e+01 +2.410548891e+01 -1.1481e+00 +3.1639e+00 -6.5278e-02 -1.5447e+00 +1.6350e+00 -5.8796e-01 +1.9367e+00 +3.8564e+00 +1.5086e+00 -4.7751e-01
158 0 +6.735873944e+01 +1.822873944e+01 +1.822873944e+01 -9.5142e-01 +2.1740e+00 -6.9615e-01 -1.2118e+00 +6.1747e-01 -1.4007e+00 +9.3754e-01 +3.6678e+00 +1.8746e+00 -1.1712e+00
459 0 +6.545446624e+01 +1.632446624e+01 +1.632446624e+01 -2.1373e+00 +3.2425e+00 -7.8015e-01 -1.4318e+00 +2.8896e+00 -2.4604e+00 -1.1251e+00 +1.3745e+00 +2.9664e+00 -1.2191e+00
% f evaluations | g evaluations | best noise-free fitness - Fopt (2.977300000000e+02) + sum g_i+ | measured fitness | best measured fitness or single-digit g-values | x1 | x2...
1 0 +8.482704656e+01 +3.825570466e+02 +3.825570466e+02 -4.7637e-01 -4.6805e+00 +1.0608e+00 +2.8198e+00 +8.1685e-01 -1.3015e+00 +1.8975e+00 -3.4480e-01 -4.4250e+00 +3.3323e-01
3 0 +8.456821537e+01 +3.822982154e+02 +3.822982154e+02 +2.3305e+00 +1.0385e-03 -2.9181e+00 +8.0649e-02 +2.0071e+00 +9.6346e-01 +1.0534e-01 -4.7302e+00 +4.8818e+00 -3.4441e+00
4 0 +7.824652367e+01 +3.759765237e+02 +3.759765237e+02 +7.5835e-01 -2.4316e+00 -3.7244e-01 +2.2392e+00 +1.2739e+00 +2.9183e+00 -1.3665e+00 -4.1679e+00 -2.6454e+00 -1.7364e+00
6 0 +7.718004437e+01 +3.749100444e+02 +3.749100444e+02 +1.5371e+00 +4.3128e+00 -4.8007e+00 -4.2712e+00 +3.5417e+00 -3.2537e+00 +1.6165e+00 +9.7089e-01 +3.7251e+00 +9.2217e-01
32 0 +6.522649358e+01 +3.629564936e+02 +3.629564936e+02 +1.3639e+00 -2.7697e+00 +3.6163e-01 +3.5767e+00 -1.0722e-01 -4.5271e-01 +3.2845e+00 +1.8377e+00 +1.4028e+00 +3.3778e+00
364 0 +5.474302933e+01 +3.524730293e+02 +3.524730293e+02 +9.4435e-01 -8.3708e-01 +4.8356e-01 +2.6212e+00 -4.3489e-01 -4.6607e-01 +2.2847e+00 +1.1765e+00 +1.4748e+00 +2.9522e+00
% f evaluations | g evaluations | best noise-free fitness - Fopt (5.157000000000e+01) + sum g_i+ | measured fitness | best measured fitness or single-digit g-values | x1 | x2...
1 0 +7.975626340e+01 +1.313262634e+02 +1.313262634e+02 -2.0046e+00 +3.2354e+00 +1.9015e+00 +4.9335e+00 -1.0908e-01 -4.2865e+00 +2.2554e+00 -2.7804e+00 +2.9234e+00 +2.1974e+00
4 0 +7.486076243e+01 +1.264307624e+02 +1.264307624e+02 -3.1417e+00 -2.3821e+00 -4.8274e-01 -4.9300e+00 -1.9927e+00 +1.2174e+00 -5.4007e-01 +2.2347e+00 -3.8217e-01 +4.7014e+00
33 0 +6.436685545e+01 +1.159368555e+02 +1.159368555e+02 -2.5663e+00 +2.7023e-01 -4.7871e+00 -3.8820e+00 -1.9206e+00 -6.4094e-01 +2.0513e+00 -3.7364e+00 +2.9984e-01 +4.5553e+00
109 0 +5.947000480e+01 +1.110400048e+02 +1.110400048e+02 -3.5310e+00 +3.1462e+00 -3.9047e+00 -2.8950e+00 +2.1309e+00 -8.3065e-01 +2.0448e+00 -3.7701e+00 +3.0222e+00 -4.2124e+00
711 0 +4.895308710e+01 +1.005230871e+02 +1.005230871e+02 -3.8485e+00 +3.2238e+00 -1.2346e+00 -3.3387e+00 +1.9713e+00 -6.9510e-01 +2.3473e+00 -4.0695e+00 +3.2225e+00 -4.8602e+00
% f evaluations | g evaluations | best noise-free fitness - Fopt (1.527100000000e+02) + sum g_i+ | measured fitness | best measured fitness or single-digit g-values | x1 | x2...
1 0 +8.521940660e+01 +2.379294066e+02 +2.379294066e+02 -4.9609e+00 +2.9984e+00 -5.0678e-01 +5.5093e-01 -3.5249e+00 -4.4227e+00 -4.1899e+00 -2.3377e+00 -3.6491e+00 -2.2269e+00
2 0 +7.815439096e+01 +2.308643910e+02 +2.308643910e+02 -1.9206e-01 +4.0084e-01 -1.6184e+00 +1.4507e-01 +2.2472e+00 -3.9782e+00 -6.8374e-01 +1.1279e+00 +3.3080e+00 -5.3939e-01
9 0 +7.559890802e+01 +2.283089080e+02 +2.283089080e+02 -3.7238e-01 +1.4969e+00 -8.6053e-02 -3.2095e+00 -4.7959e+00 -3.2069e+00 -5.3851e-01 -1.0197e+00 -4.1099e+00 +3.2947e+00
30 0 +6.877741724e+01 +2.214874172e+02 +2.214874172e+02 -4.4635e+00 +2.8371e+00 +1.9237e+00 -1.5317e+00 -8.4274e-04 +4.8355e+00 -1.3656e+00 -2.4260e+00 -3.3434e+00 +2.1507e+00
54 0 +6.310558841e+01 +2.158155884e+02 +2.158155884e+02 -3.6618e+00 +2.3147e+00 +1.8849e+00 -1.1409e+00 +6.8662e-02 +4.4455e+00 -1.0264e+00 -2.3080e+00 -2.8023e+00 +1.4914e+00
% f evaluations | g evaluations | best noise-free fitness - Fopt (9.980000000000e+01) + sum g_i+ | measured fitness | best measured fitness or single-digit g-values | x1 | x2...
1 0 +8.623999000e+01 +1.860399900e+02 +1.860399900e+02 -2.8178e+00 -2.0543e+00 -2.7898e+00 +1.7745e+00 -2.3788e+00 -2.8404e+00 +3.8646e+00 +4.0869e+00 -3.0922e+00 -1.6379e+00
2 0 +8.447645013e+01 +1.842764501e+02 +1.842764501e+02 -2.8445e+00 +2.9622e+00 -3.0385e+00 +3.4092e+00 -1.7827e+00 +4.9077e+00 -3.7608e-01 +6.4374e-01 -3.5637e+00 +3.8853e-01
3 0 +8.294920609e+01 +1.827492061e+02 +1.827492061e+02 +2.8823e+00 -1.6883e+00 +2.0673e+00 -1.3129e+00 -3.3585e+00 -3.4081e+00 -1.5995e+00 +3.1081e-01 -2.7780e+00 -7.8029e-01
6 0 +7.793529656e+01 +1.777352966e+02 +1.777352966e+02 -3.5537e+00 +2.1034e+00 +4.0936e+00 +1.3728e-01 +4.5681e+00 -1.4550e+00 +1.8809e+00 -2.6379e+00 +1.6695e-01 -4.4154e+00
14 0 +7.738452366e+01 +1.771845237e+02 +1.771845237e+02 +3.1366e+00 +1.7587e-01 -3.5234e-01 +1.7064e+00 +4.6051e-01 -6.4845e-01 +8.3241e-01 +1.8792e+00 +4.2862e+00 -1.7806e+00
25 0 +7.407835856e+01 +1.738783586e+02 +1.738783586e+02 -3.6079e+00 +4.5544e+00 +2.2260e+00 -1.5209e+00 +3.5269e-02 +3.0225e+00 -3.3920e+00 +1.1691e+00 +1.8350e-01 +3.5657e+00
41 0 +5.984665926e+01 +1.596466593e+02 +1.596466593e+02 -2.3683e+00 -2.5493e-02 +1.1495e+00 +2.5139e+00 +2.0019e+00 -2.4475e+00 -1.8127e+00 +3.1515e+00 +1.7588e+00 -3.4143e+00
305 0 +5.869773134e+01 +1.584977313e+02 +1.584977313e+02 +1.9541e-01 -2.8695e-01 +8.8224e-01 +7.5300e-01 +2.7462e+00 -1.9695e+00 -1.1386e+00 +1.8442e+00 +1.2951e+00 -1.7188e+00
452 0 +5.606689451e+01 +1.558668945e+02 +1.558668945e+02 -4.2506e-01 +1.2453e-01 +4.1950e-01 +2.1247e+00 +1.9120e+00 -1.3036e+00 -1.3821e+00 +1.4824e+00 +2.2467e+00 -2.2844e+00
453 0 +5.210929972e+01 +1.519092997e+02 +1.519092997e+02 +5.7454e-01 -7.9765e-01 +6.5099e-01 +1.9909e+00 +2.4022e+00 -1.0060e+00 -1.1998e+00 +1.5850e+00 +2.2023e+00 -1.7575e+00
502 0 +4.795146707e+01 +1.477514671e+02 +1.477514671e+02 -5.8229e-01 -4.1625e-01 +7.8028e-01 +2.2146e+00 +2.2335e+00 -1.4987e+00 -1.4006e+00 +2.2143e+00 +2.0626e+00 -2.4264e+00
810 0 +4.675797967e+01 +1.465579797e+02 +1.465579797e+02 -1.0419e+00 -4.2028e-03 +7.5834e-01 +2.2018e+00 +2.0026e+00 -8.3212e-01 -1.3460e+00 +2.5096e+00 +2.1229e+00 -2.4885e+00
% f evaluations | g evaluations | best noise-free fitness - Fopt (-1.194100000000e+02) + sum g_i+ | measured fitness | best measured fitness or single-digit g-values | x1 | x2...
1 0 +8.505085817e+01 -3.435914183e+01 -3.435914183e+01 +7.7512e-01 -1.1815e+00 +4.3637e-01 -3.6401e+00 -4.4373e+00 +4.0009e+00 -1.9543e+00 +2.9722e+00 +4.1057e+00 +9.7610e-01
4 0 +7.730726704e+01 -4.210273296e+01 -4.210273296e+01 -9.3769e-01 +1.6760e+00 +2.3553e+00 -3.1705e+00 -9.3534e-01 +1.8592e+00 +2.5836e+00 -1.7910e+00 -2.3251e+00 +1.3291e+00
9 0 +6.402728718e+01 -5.538271282e+01 -5.538271282e+01 -2.2579e+00 -3.0339e-01 -2.4789e+00 +1.2705e+00 +2.9328e+00 +2.8819e-01 -2.3043e+00 +3.8546e+00 -4.8390e+00 +3.9097e+00
155 0 +6.266999125e+01 -5.674000875e+01 -5.674000875e+01 -1.9007e+00 -5.7090e-01 -2.4814e+00 +1.1753e+00 +2.7578e+00 +4.3038e-01 -2.3992e+00 +3.7140e+00 -4.3036e+00 +3.5234e+00
204 0 +4.709482540e+01 -7.231517460e+01 -7.231517460e+01 -2.8458e+00 -1.3167e+00 -2.5743e+00 +1.0477e+00 +1.3177e+00 +4.9173e-01 -1.3623e+00 +4.0945e+00 -2.6194e+00 +2.6925e+00
% f evaluations | g evaluations | best noise-free fitness - Fopt (1.077000000000e+01) + sum g_i+ | measured fitness | best measured fitness or single-digit g-values | x1 | x2...
1 0 +8.555369377e+01 +9.632369377e+01 +9.632369377e+01 -1.8369e+00 +5.9639e-01 +4.7745e+00 +5.1436e-01 -2.8226e-01 -4.7841e-01 -4.0674e+00 -3.8090e+00 +3.8030e+00 -6.3847e-02
2 0 +8.036431179e+01 +9.113431179e+01 +9.113431179e+01 -1.8140e+00 -1.4072e+00 -1.9160e+00 -3.8813e+00 -3.1932e+00 -4.8180e+00 -1.3440e-02 -6.1768e-01 -3.6486e+00 -7.2669e-01
5 0 +7.612143105e+01 +8.689143105e+01 +8.689143105e+01 -2.4996e+00 +3.4334e+00 -2.2038e+00 +1.0203e+00 -2.2749e+00 -3.1071e+00 -2.9379e+00 -1.8814e+00 -1.8784e+00 +4.3766e+00
10 0 +7.436561092e+01 +8.513561092e+01 +8.513561092e+01 -1.1652e-01 +2.7006e+00 -4.6862e+00 -4.3046e+00 +4.4022e+00 +2.5397e+00 +1.7952e+00 +3.4857e+00 -2.0859e+00 +1.2199e+00
23 0 +6.258460445e+01 +7.335460445e+01 +7.335460445e+01 -2.4761e+00 +2.2764e+00 -2.1736e-01 +6.8589e-01 -2.5657e+00 +3.4972e+00 +3.4293e+00 +6.4401e-01 -1.4046e+00 -1.2412e+00
358 0 +3.945480114e+01 +5.022480114e+01 +5.022480114e+01 -1.8251e+00 +1.4406e+00 +8.7595e-02 +7.4461e-02 -2.6253e+00 +2.8391e+00 +2.4357e+00 +9.4174e-01 -1.5151e+00 -1.4855e+00
605 0 +3.059367302e+01 +4.136367302e+01 +4.136367302e+01 -1.7088e+00 +1.5669e+00 -7.5624e-02 +4.8686e-01 -2.1810e+00 +2.5465e+00 +2.1044e+00 +6.3644e-01 -1.4940e+00 -1.3690e+00
% f evaluations | g evaluations | best noise-free fitness - Fopt (2.137000000000e+01) + sum g_i+ | measured fitness | best measured fitness or single-digit g-values | x1 | x2...
1 0 +7.559397545e+01 +9.696397545e+01 +9.696397545e+01 -2.6838e+00 -2.2339e+00 +1.4183e+00 -4.3447e+00 +2.2282e+00 +2.9299e+00 -4.2103e+00 +4.9253e-01 -1.7414e+00 -3.3356e+00
15 0 +7.555207333e+01 +9.692207333e+01 +9.692207333e+01 +2.0738e+00 -2.8213e-01 +4.8751e+00 +2.3249e-01 -1.1063e+00 -4.2723e+00 -3.1364e+00 +2.4986e+00 +1.7836e+00 -3.7713e+00
47 0 +6.886233070e+01 +9.023233070e+01 +9.023233070e+01 +4.9908e+00 -3.5860e+00 +4.1442e+00 -2.6492e+00 -6.6636e-01 +4.1302e-01 +3.1794e+00 +2.9781e+00 -2.8161e+00 -3.9390e+00
53 0 +5.760598840e+01 +7.897598840e+01 +7.897598840e+01 +4.2917e+00 -3.0176e+00 +4.0734e+00 -9.2722e-01 -4.2614e-01 +5.4193e-01 +1.9095e+00 +2.2626e+00 -3.0262e+00 -3.0975e+00
% f evaluations | g evaluations | best noise-free fitness - Fopt (1.673000000000e+01) + sum g_i+ | measured fitness | best measured fitness or single-digit g-values | x1 | x2...
1 0 +8.649950570e+01 +1.032295057e+02 +1.032295057e+02 +1.3985e+00 -3.3570e+00 +4.3341e+00 +1.2230e+00 -4.9159e+00 -4.3967e+00 -1.0729e+00 +2.5951e+00 -4.4072e+00 -4.3420e+00
2 0 +8.538719509e+01 +1.021171951e+02 +1.021171951e+02 -1.4378e+00 +4.1412e+00 -2.5645e+00 +2.8536e-01 -1.2363e+00 +4.5701e+00 +4.0569e+00 -3.6349e+00 -3.3173e+00 +1.2408e+00
3 0 +8.336892696e+01 +1.000989270e+02 +1.000989270e+02 +1.3441e+00 -1.2740e-01 +1.3671e+00 -4.6637e+00 +6.2758e-01 -9.1625e-01 +3.2795e+00 -8.2985e-01 +4.6906e+00 +2.3821e+00
4 0 +8.094886539e+01 +9.767886539e+01 +9.767886539e+01 +4.9476e+00 -3.2795e+00 +3.3001e+00 -8.4593e-01 -3.2876e-01 +1.5342e+00 +2.5327e+00 +1.9002e+00 -1.5488e+00 -3.7435e+00
7 0 +7.130201214e+01 +8.803201214e+01 +8.803201214e+01 -1.0287e+00 -5.9888e-01 -3.1101e+00 +3.5371e+00 -5.1370e-01 +1.9893e-01 +2.7019e+00 -2.8261e+00 +2.0411e+00 +2.4236e+00
158 0 +6.306511309e+01 +7.979511309e+01 +7.979511309e+01 +5.4629e-01 +1.0064e+00 +2.3897e+00 +9.0164e-01 +2.3687e-01 +1.1970e+00 -2.3012e+00 -1.0019e+00 -2.1716e+00 -4.1071e+00
462 0 +5.784591152e+01 +7.457591152e+01 +7.457591152e+01 -1.8037e-01 +1.8508e+00 +1.4156e-01 +1.3369e+00 +4.5928e-01 +1.9671e+00 -3.6061e+00 -1.3254e+00 -2.2906e+00 -4.3012e+00
813 0 +5.437694105e+01 +7.110694105e+01 +7.110694105e+01 +1.0872e+00 +1.1966e-01 +4.1236e-01 +1.1286e-01 +1.0677e+00 +8.1847e-02 -1.1485e+00 -3.8354e-01 -6.7052e-01 -3.4459e+00
% f evaluations | g evaluations | best noise-free fitness - Fopt (1.000000000000e+03) + sum g_i+ | measured fitness | best measured fitness or single-digit g-values | x1 | x2...
1 0 +8.136659510e+01 +1.081366595e+03 +1.081366595e+03 -7.8403e-01 +1.0494e-01 -2.6256e+00 -1.5695e+00 -2.9433e+00 +4.0409e+00 +3.3391e+00 +2.2820e+00 -3.1507e+00 -1.5972e+00
2 0 +7.293064050e+01 +1.072930640e+03 +1.072930640e+03 -2.1702e+00 +3.0793e+00 -3.9432e-01 -2.2731e+00 -3.9051e+00 +2.8787e+00 +4.7285e+00 -3.1201e-01 -3.8978e+00 +4.6364e-01
16 0 +6.382457758e+01 +1.063824578e+03 +1.063824578e+03 +4.5844e+00 +3.8454e+00 -3.4846e+00 +2.0009e-01 -2.1154e+00 +1.5561e+00 +3.6425e+00 -3.0676e+00 -1.4016e+00 +2.3683e-01
55 0 +3.068801346e+01 +1.030688013e+03 +1.030688013e+03 +4.0190e+00 +2.1405e+00 -2.5261e+00 -2.0925e-01 -1.6729e+00 +1.2562e+00 +3.6055e+00 -3.1073e+00 -1.7630e+00 -4.3793e-01
% f evaluations | g evaluations | best noise-free fitness - Fopt (-1.079600000000e+02) + sum g_i+ | measured fitness | best measured fitness or single-digit g-values | x1 | x2...
1 0 +8.501323397e+01 -2.294676603e+01 -2.294676603e+01 +3.5269e-01 -4.4126e+00 -2.1686e+00 +1.1129e+00 -3.3563e+00 +3.4275e+00 -4.2685e+00 -1.6332e+00 -3.8118e+00 +3.8052e+00
4 0 +8.351063791e+01 -2.444936209e+01 -2.444936209e+01 -4.7604e+00 -3.3137e-01 +4.2439e+00 +2.2601e+00 -3.0330e+00 +2.0440e+00 -3.9638e+00 -3.8656e+00 -1.9787e+00 +4.4126e+00
6 0 +7.864553364e+01 -2.931446636e+01 -2.931446636e+01 +3.7244e+00 -2.5828e+00 +4.8888e+00 +1.9019e+00 -6.1459e-01 -4.4651e+00 -2.2708e+00 -1.3491e+00 -1.7269e+00 +2.0508e-01
10 0 +6.836984853e+01 -3.959015147e+01 -3.959015147e+01 -1.8609e+00 -1.4885e-01 -1.0419e+00 +1.1777e+00 +4.5047e+00 -3.9971e+00 -2.1244e+00 +7.1190e-01 +1.2927e+00 -2.6033e+00
102 0 +6.529142985e+01 -4.266857015e+01 -4.266857015e+01 -3.8307e+00 +3.7761e+00 -9.6160e-03 -1.0642e+00 +2.5296e+00 -4.2741e+00 -2.8733e+00 +1.6793e+00 -2.7395e+00 +4.1298e+00
463 0 +6.368470174e+01 -4.427529826e+01 -4.427529826e+01 -4.1893e+00 +1.9812e+00 +1.6363e-01 -1.1011e+00 +2.7314e+00 -4.4843e+00 -2.7644e+00 +4.2069e-01 -2.6952e+00 +4.4824e+00
502 0 +6.200895866e+01 -4.595104134e+01 -4.595104134e+01 -2.9198e+00 +2.5413e+00 -2.0071e-01 -3.9358e-01 +1.5558e+00 -2.8366e+00 -1.6604e+00 +9.5791e-01 -1.2075e+00 +3.5999e+00
507 0 +5.987990608e+01 -4.808009392e+01 -4.808009392e+01 -3.3721e+00 +1.8444e+00 +1.1339e-01 -8.0652e-01 +1.9743e+00 -3.3458e+00 -2.1443e+00 +5.3920e-01 -1.9276e+00 +3.5924e+00
% f evaluations | g evaluations | best noise-free fitness - Fopt (-3.025900000000e+02) + sum g_i+ | measured fitness | best measured fitness or single-digit g-values | x1 | x2...
1 0 +8.101320159e+01 -2.215767984e+02 -2.215767984e+02 -4.4395e+00 -1.6682e+00 -2.0483e+00 +4.0298e+00 +9.7394e-01 -4.9810e-01 +1.6415e+00 -9.3277e-01 -1.4447e+00 -1.2170e+00
3 0 +7.864202712e+01 -2.239479729e+02 -2.239479729e+02 +1.9381e+00 +4.7266e+00 -1.6293e-01 +1.9862e+00 +1.0409e+00 -4.4158e+00 +2.9910e+00 +7.5627e-01 -1.4374e+00 -4.1586e+00
8 0 +6.959881464e+01 -2.329911854e+02 -2.329911854e+02 +1.8117e+00 +3.5432e+00 +1.9696e+00 -8.6175e-01 -2.5100e+00 +2.4442e+00 +1.7557e-01 +8.9593e-01 -3.6524e+00 +4.0571e-01
10 0 +5.323531166e+01 -2.493546883e+02 -2.493546883e+02 -3.8362e+00 -3.4603e+00 -2.4249e+00 -4.0968e+00 -1.3809e+00 +3.0930e+00 -1.0733e+00 +4.8845e+00 +3.1921e+00 +3.1560e+00
207 0 +5.208359113e+01 -2.505064089e+02 -2.505064089e+02 -3.8252e+00 -3.4341e+00 -2.4118e+00 -4.0725e+00 -1.3888e+00 +3.0724e+00 -1.0610e+00 +4.8566e+00 +3.1709e+00 +3.1431e+00
254 0 +4.959717791e+01 -2.529928221e+02 -2.529928221e+02 -3.1810e+00 -3.1714e+00 -2.0650e+00 -3.3149e+00 -6.0031e-01 +3.1708e+00 -1.2338e+00 +3.9139e+00 +2.1306e+00 +3.3821e+00
407 0 +3.698808553e+01 -2.656019145e+02 -2.656019145e+02 -3.6108e+00 -3.0771e+00 -2.4823e+00 -3.6003e+00 -1.2843e+00 +3.0206e+00 -1.0330e+00 +4.3029e+00 +2.5423e+00 +3.2317e+00
610 0 +3.586971858e+01 -2.667202814e+02 -2.667202814e+02 -3.8362e+00 -3.4603e+00 -2.4249e+00 -4.0968e+00 -1.3809e+00 +3.0930e+00 -1.0733e+00 +4.8845e+00 +1.6140e+00 +3.1560e+00
1010 0 +2.047329608e+01 -2.821167039e+02 -2.821167039e+02 -3.6004e+00 -3.3661e+00 -2.5747e+00 -3.7020e+00 -1.3064e+00 +2.7043e+00 -1.0327e+00 +4.1319e+00 +4.0587e-01 +2.7395e+00
% f evaluations | g evaluations | best noise-free fitness - Fopt (-3.065500000000e+02) + sum g_i+ | measured fitness | best measured fitness or single-digit g-values | x1 | x2...
1 0 +8.597647413e+01 -2.205735259e+02 -2.205735259e+02 +4.0851e+00 +5.5093e-01 -4.7510e+00 +3.9381e+00 -4.9105e+00 -4.2761e+00 -3.4476e+00 -3.3893e+00 +2.2155e+00 -4.8529e+00
2 0 +7.156794599e+01 -2.349820540e+02 -2.349820540e+02 -2.7167e+00 -2.9840e+00 -6.8753e-01 +1.3291e+00 +3.7103e+00 +8.1973e-01 -4.7192e+00 -3.2117e+00 -9.4807e-01 -1.2247e+00
14 0 +6.607503313e+01 -2.404749669e+02 -2.404749669e+02 +3.2078e+00 +1.6218e+00 -3.9083e-01 +2.7646e+00 -2.8148e+00 -1.2898e+00 -2.8544e+00 +3.6607e-01 +3.1456e+00 +3.5281e+00
60 0 +6.489829813e+01 -2.416517019e+02 -2.416517019e+02 -1.6274e+00 -3.1746e+00 +2.0731e+00 -1.8638e+00 -1.1152e+00 +1.6996e+00 -1.0606e+00 -1.7776e+00 -2.4613e+00 +9.0843e-01
412 0 +6.364667627e+01 -2.429033237e+02 -2.429033237e+02 +3.2078e+00 +1.6218e+00 -3.9083e-01 +2.7646e+00 -2.8148e+00 -1.2898e+00 -2.8544e+00 +3.6607e-01 +1.8422e+00 +3.5281e+00
