% f evaluations | g evaluations | best noise-free fitness - Fopt (-1.694000000000e+01) + sum g_i+ | measured fitness | best measured fitness or single-digit g-values | x1 | x2...
1 0 +1.066229342e+02 +8.968293423e+01 +8.968293423e+01
4 0 +7.157168225e+01 +5.463168225e+01 +5.463168225e+01
52 0 +5.935559814e+01 +4.241559814e+01 +4.241559814e+01
158 0 +5.887158193e+01 +4.193158193e+01 +4.193158193e+01
202 0 +5.067715735e+01 +3.373715735e+01 +3.373715735e+01
308 0 +4.698032395e+01 +3.004032395e+01 +3.004032395e+01
354 0 +4.632127907e+01 +2.938127907e+01 +2.938127907e+01
453 0 +4.354650522e+01 +2.660650522e+01 +2.660650522e+01
602 0 +4.123635259e+01 +2.429635259e+01 +2.429635259e+01
756 0 +3.924272673e+01 +2.230272673e+01 +2.230272673e+01
2914 0 +3.874983929e+01 +2.180983929e+01 +2.180983929e+01
3408 0 +3.787500191e+01 +2.093500191e+01 +2.093500191e+01
% f evaluations | g evaluations | best noise-free fitness - Fopt (1.881000000000e+01) + sum g_i+ | measured fitness | best measured fitness or single-digit g-values | x1 | x2...
1 0 +1.881050064e+02 +2.069150064e+02 +2.069150064e+02
2 0 +1.138285401e+02 +1.326385401e+02 +1.326385401e+02
14 0 +1.003224683e+02 +1.191324683e+02 +1.191324683e+02
38 0 +9.795019991e+01 +1.167601999e+02 +1.167601999e+02
52 0 +8.693256991e+01 +1.057425699e+02 +1.057425699e+02
105 0 +8.483377011e+01 +1.036437701e+02 +1.036437701e+02
106 0 +7.844377001e+01 +9.725377001e+01 +9.725377001e+01
153 0 +6.546007536e+01 +8.427007536e+01 +8.427007536e+01
154 0 +6.301032144e+01 +8.182032144e+01 +8.182032144e+01
204 0 +6.034642985e+01 +7.915642985e+01 +7.915642985e+01
205 0 +5.929709010e+01 +7.810709010e+01 +7.810709010e+01
262 0 +5.872945496e+01 +7.753945496e+01 +7.753945496e+01
305 0 +5.418747626e+01 +7.299747626e+01 +7.299747626e+01
352 0 +5.276124408e+01 +7.157124408e+01 +7.157124408e+01
355 0 +5.200149500e+01 +7.081149500e+01 +7.081149500e+01
408 0 +5.033754277e+01 +6.914754277e+01 +6.914754277e+01
507 0 +4.931783874e+01 +6.812783874e+01 +6.812783874e+01
514 0 +4.790959436e+01 +6.671959436e+01 +6.671959436e+01
607 0 +4.566890581e+01 +6.447890581e+01 +6.447890581e+01
812 0 +4.217937044e+01 +6.098937044e+01 +6.098937044e+01
1009 0 +4.166030335e+01 +6.047030335e+01 +6.047030335e+01
1564 0 +4.022730373e+01 +5.903730373e+01 +5.903730373e+01
2111 0 +3.879837822e+01 +5.760837822e+01 +5.760837822e+01
2460 0 +3.783810909e+01 +5.664810909e+01 +5.664810909e+01
3861 0 +3.581478212e+01 +5.462478212e+01 +5.462478212e+01
3960 0 +3.504376249e+01 +5.385376249e+01 +5.385376249e+01
% f evaluations | g evaluations | best noise-free fitness - Fopt (2.731500000000e+02) + sum g_i+ | measured fitness | best measured fitness or single-digit g-values | x1 | x2...
1 0 +1.476004312e+02 +4.207504312e+02 +4.207504312e+02
3 0 +1.354594586e+02 +4.086094586e+02 +4.086094586e+02
13 0 +1.176572764e+02 +3.908072764e+02 +3.908072764e+02
26 0 +1.151646294e+02 +3.883146294e+02 +3.883146294e+02
28 0 +1.111351989e+02 +3.842851989e+02 +3.842851989e+02
37 0 +7.297920341e+01 +3.461292034e+02 +3.461292034e+02
52 0 +6.627475532e+01 +3.394247553e+02 +3.394247553e+02
255 0 +6.509400395e+01 +3.382440039e+02 +3.382440039e+02
259 0 +6.436588702e+01 +3.375158870e+02 +3.375158870e+02
302 0 +6.014885884e+01 +3.332988588e+02 +3.332988588e+02
308 0 +5.283468579e+01 +3.259846858e+02 +3.259846858e+02
458 0 +4.946418796e+01 +3.226141880e+02 +3.226141880e+02
464 0 +4.584409204e+01 +3.189940920e+02 +3.189940920e+02
605 0 +4.357859733e+01 +3.167285973e+02 +3.167285973e+02
758 0 +4.249034584e+01 +3.156403458e+02 +3.156403458e+02
2608 0 +4.151822360e+01 +3.146682236e+02 +3.146682236e+02
% f evaluations | g evaluations | best noise-free fitness - Fopt (3.718000000000e+01) + sum g_i+ | measured fitness | best measured fitness or single-digit g-values | x1 | x2...
1 0 +1.136841095e+02 +1.508641095e+02 +1.508641095e+02
2 0 +9.966591724e+01 +1.368459172e+02 +1.368459172e+02
10 0 +9.694662187e+01 +1.341266219e+02 +1.341266219e+02
19 0 +9.117058346e+01 +1.283505835e+02 +1.283505835e+02
52 0 +7.788308566e+01 +1.150630857e+02 +1.150630857e+02
53 0 +6.733334669e+01 +1.045133467e+02 +1.045133467e+02
57 0 +5.800574707e+01 +9.518574707e+01 +9.518574707e+01
108 0 +5.308981337e+01 +9.026981337e+01 +9.026981337e+01
109 0 +5.065708743e+01 +8.783708743e+01 +8.783708743e+01
263 0 +4.373425729e+01 +8.091425729e+01 +8.091425729e+01
752 0 +4.289044760e+01 +8.007044760e+01 +8.007044760e+01
1011 0 +4.242040415e+01 +7.960040415e+01 +7.960040415e+01
1214 0 +4.158251796e+01 +7.876251796e+01 +7.876251796e+01
1404 0 +4.070799060e+01 +7.788799060e+01 +7.788799060e+01
1602 0 +3.974743935e+01 +7.692743935e+01 +7.692743935e+01
2263 0 +3.867011718e+01 +7.585011718e+01 +7.585011718e+01
2562 0 +3.793186111e+01 +7.511186111e+01 +7.511186111e+01
3904 0 +3.704968425e+01 +7.422968425e+01 +7.422968425e+01
% f evaluations | g evaluations | best noise-free fitness - Fopt (-1.479000000000e+02) + sum g_i+ | measured fitness | best measured fitness or single-digit g-values | x1 | x2...
1 0 +1.818605257e+02 +3.396052573e+01 +3.396052573e+01
4 0 +1.680961223e+02 +2.019612230e+01 +2.019612230e+01
5 0 +1.494687097e+02 +1.568709700e+00 +1.568709700e+00
7 0 +1.399667242e+02 -7.933275787e+00 -7.933275787e+00
9 0 +1.040598288e+02 -4.384017122e+01 -4.384017122e+01
13 0 +9.183152462e+01 -5.606847538e+01 -5.606847538e+01
26 0 +8.635840625e+01 -6.154159375e+01 -6.154159375e+01
50 0 +7.974584980e+01 -6.815415020e+01 -6.815415020e+01
58 0 +7.388731801e+01 -7.401268199e+01 -7.401268199e+01
59 0 +7.138709376e+01 -7.651290624e+01 -7.651290624e+01
103 0 +6.916653701e+01 -7.873346299e+01 -7.873346299e+01
154 0 +6.118585011e+01 -8.671414989e+01 -8.671414989e+01
156 0 +5.665066004e+01 -9.124933996e+01 -9.124933996e+01
206 0 +5.263418133e+01 -9.526581867e+01 -9.526581867e+01
256 0 +4.759027618e+01 -1.003097238e+02 -1.003097238e+02
711 0 +4.619161554e+01 -1.017083845e+02 -1.017083845e+02
858 0 +4.431284076e+01 -1.035871592e+02 -1.035871592e+02
1158 0 +4.355406144e+01 -1.043459386e+02 -1.043459386e+02
1712 0 +4.260980266e+01 -1.052901973e+02 -1.052901973e+02
% f evaluations | g evaluations | best noise-free fitness - Fopt (4.817100000000e+02) + sum g_i+ | measured fitness | best measured fitness or single-digit g-values | x1 | x2...
1 0 +4.924683031e+02 +9.741783031e+02 +9.741783031e+02
2 0 +2.057024952e+02 +6.874124952e+02 +6.874124952e+02
8 0 +1.869070720e+02 +6.686170720e+02 +6.686170720e+02
14 0 +5.874749328e+01 +5.404574933e+02 +5.404574933e+02
59 0 +4.052403845e+01 +5.222340384e+02 +5.222340384e+02
107 0 +3.795568378e+01 +5.196656838e+02 +5.196656838e+02
205 0 +3.604296484e+01 +5.177529648e+02 +5.177529648e+02
313 0 +3.384674091e+01 +5.155567409e+02 +5.155567409e+02
713 0 +3.300024920e+01 +5.147102492e+02 +5.147102492e+02
856 0 +3.115383262e+01 +5.128638326e+02 +5.128638326e+02
1206 0 +3.077488892e+01 +5.124848889e+02 +5.124848889e+02
1513 0 +2.984666898e+01 +5.115566690e+02 +5.115566690e+02
2213 0 +2.910022558e+01 +5.108102256e+02 +5.108102256e+02
3112 0 +2.873109843e+01 +5.104410984e+02 +5.104410984e+02
% f evaluations | g evaluations | best noise-free fitness - Fopt (-3.646000000000e+01) + sum g_i+ | measured fitness | best measured fitness or single-digit g-values | x1 | x2...
1 0 +1.015024466e+02 +6.504244662e+01 +6.504244662e+01
7 0 +9.274131901e+01 +5.628131901e+01 +5.628131901e+01
10 0 +6.877078412e+01 +3.231078412e+01 +3.231078412e+01
53 0 +6.494383466e+01 +2.848383466e+01 +2.848383466e+01
104 0 +5.940913505e+01 +2.294913505e+01 +2.294913505e+01
106 0 +5.619247865e+01 +1.973247865e+01 +1.973247865e+01
107 0 +4.764585002e+01 +1.118585002e+01 +1.118585002e+01
205 0 +4.553461536e+01 +9.074615364e+00 +9.074615364e+00
510 0 +4.445109941e+01 +7.991099407e+00 +7.991099407e+00
604 0 +4.298032407e+01 +6.520324072e+00 +6.520324072e+00
1006 0 +4.265588228e+01 +6.195882277e+00 +6.195882277e+00
1611 0 +4.167048131e+01 +5.210481310e+00 +5.210481310e+00
2161 0 +4.073596332e+01 +4.275963323e+00 +4.275963323e+00
3213 0 +3.865961547e+01 +2.199615470e+00 +2.199615470e+00
3962 0 +3.791010007e+01 +1.450100072e+00 +1.450100072e+00
% f evaluations | g evaluations | best noise-free fitness - Fopt (3.920000000000e+01) + sum g_i+ | measured fitness | best measured fitness or single-digit g-values | x1 | x2...
1 0 +1.771325966e+02 +2.163325966e+02 +2.163325966e+02
2 0 +1.608956455e+02 +2.000956455e+02 +2.000956455e+02
3 0 +1.328342824e+02 +1.720342824e+02 +1.720342824e+02
9 0 +9.988791128e+01 +1.390879113e+02 +1.390879113e+02
13 0 +8.128147885e+01 +1.204814789e+02 +1.204814789e+02
16 0 +6.332784864e+01 +1.025278486e+02 +1.025278486e+02
102 0 +4.663643235e+01 +8.583643235e+01 +8.583643235e+01
302 0 +4.376466235e+01 +8.296466235e+01 +8.296466235e+01
356 0 +4.359750152e+01 +8.279750152e+01 +8.279750152e+01
402 0 +4.018662046e+01 +7.938662046e+01 +7.938662046e+01
514 0 +3.624466052e+01 +7.544466052e+01 +7.544466052e+01
1614 0 +3.474822256e+01 +7.394822256e+01 +7.394822256e+01
2810 0 +3.456704130e+01 +7.376704130e+01 +7.376704130e+01
% f evaluations | g evaluations | best noise-free fitness - Fopt (-3.225000000000e+01) + sum g_i+ | measured fitness | best measured fitness or single-digit g-values | x1 | x2...
1 0 +2.950194869e+02 +2.627694869e+02 +2.627694869e+02
3 0 +2.697524949e+02 +2.375024949e+02 +2.375024949e+02
5 0 +2.283972521e+02 +1.961472521e+02 +1.961472521e+02
7 0 +1.992727164e+02 +1.670227164e+02 +1.670227164e+02
8 0 +1.828088319e+02 +1.505588319e+02 +1.505588319e+02
10 0 +1.708517307e+02 +1.386017307e+02 +1.386017307e+02
14 0 +1.349884260e+02 +1.027384260e+02 +1.027384260e+02
19 0 +1.301004247e+02 +9.785042466e+01 +9.785042466e+01
21 0 +1.214922449e+02 +8.924224495e+01 +8.924224495e+01
25 0 +1.039588705e+02 +7.170887053e+01 +7.170887053e+01
28 0 +7.533415129e+01 +4.308415129e+01 +4.308415129e+01
54 0 +6.173167607e+01 +2.948167607e+01 +2.948167607e+01
55 0 +6.085957421e+01 +2.860957421e+01 +2.860957421e+01
107 0 +5.956590339e+01 +2.731590339e+01 +2.731590339e+01
460 0 +5.519630960e+01 +2.294630960e+01 +2.294630960e+01
963 0 +5.494221583e+01 +2.269221583e+01 +2.269221583e+01
1114 0 +5.251499887e+01 +2.026499887e+01 +2.026499887e+01
1252 0 +5.224966556e+01 +1.999966556e+01 +1.999966556e+01
1513 0 +5.080612259e+01 +1.855612259e+01 +1.855612259e+01
1654 0 +5.001920961e+01 +1.776920961e+01 +1.776920961e+01
1913 0 +4.745842813e+01 +1.520842813e+01 +1.520842813e+01
2655 0 +4.655286581e+01 +1.430286581e+01 +1.430286581e+01
3910 0 +4.533581112e+01 +1.308581112e+01 +1.308581112e+01
% f evaluations | g evaluations | best noise-free fitness - Fopt (3.681200000000e+02) + sum g_i+ | measured fitness | best measured fitness or single-digit g-values | x1 | x2...
1 0 +5.279203863e+02 +8.960403863e+02 +8.960403863e+02
2 0 +1.859010777e+02 +5.540210777e+02 +5.540210777e+02
3 0 +1.212524774e+02 +4.893724774e+02 +4.893724774e+02
11 0 +9.605978776e+01 +4.641797878e+02 +4.641797878e+02
12 0 +8.628746664e+01 +4.544074666e+02 +4.544074666e+02
56 0 +7.888135053e+01 +4.470013505e+02 +4.470013505e+02
106 0 +5.553716560e+01 +4.236571656e+02 +4.236571656e+02
308 0 +5.466745934e+01 +4.227874593e+02 +4.227874593e+02
354 0 +4.783562112e+01 +4.159556211e+02 +4.159556211e+02
455 0 +4.538178666e+01 +4.135017867e+02 +4.135017867e+02
508 0 +4.081801890e+01 +4.089380189e+02 +4.089380189e+02
663 0 +4.071790512e+01 +4.088379051e+02 +4.088379051e+02
805 0 +3.954115592e+01 +4.076611559e+02 +4.076611559e+02
1063 0 +3.860220794e+01 +4.067222079e+02 +4.067222079e+02
1157 0 +3.735516355e+01 +4.054751636e+02 +4.054751636e+02
1457 0 +3.692568047e+01 +4.050456805e+02 +4.050456805e+02
1552 0 +3.577789338e+01 +4.038978934e+02 +4.038978934e+02
2108 0 +3.541872160e+01 +4.035387216e+02 +4.035387216e+02
2859 0 +3.461058366e+01 +4.027305837e+02 +4.027305837e+02
% f evaluations | g evaluations | best noise-free fitness - Fopt (4.739000000000e+01) + sum g_i+ | measured fitness | best measured fitness or single-digit g-values | x1 | x2...
1 0 +7.693188521e+02 +8.167088521e+02 +8.167088521e+02
2 0 +1.147992449e+02 +1.621892449e+02 +1.621892449e+02
6 0 +8.400413480e+01 +1.313941348e+02 +1.313941348e+02
8 0 +7.522825713e+01 +1.226182571e+02 +1.226182571e+02
53 0 +5.830553067e+01 +1.056955307e+02 +1.056955307e+02
108 0 +5.342486994e+01 +1.008148699e+02 +1.008148699e+02
204 0 +4.563264925e+01 +9.302264925e+01 +9.302264925e+01
454 0 +4.451607100e+01 +9.190607100e+01 +9.190607100e+01
555 0 +4.300023979e+01 +9.039023979e+01 +9.039023979e+01
563 0 +4.167243044e+01 +8.906243044e+01 +8.906243044e+01
811 0 +3.990183907e+01 +8.729183907e+01 +8.729183907e+01
1006 0 +3.919669066e+01 +8.658669066e+01 +8.658669066e+01
1263 0 +3.886940208e+01 +8.625940208e+01 +8.625940208e+01
1662 0 +3.696624012e+01 +8.435624012e+01 +8.435624012e+01
2114 0 +3.483184626e+01 +8.222184626e+01 +8.222184626e+01
2364 0 +3.454721994e+01 +8.193721994e+01 +8.193721994e+01
2612 0 +3.277722196e+01 +8.016722196e+01 +8.016722196e+01
2864 0 +3.225632077e+01 +7.964632077e+01 +7.964632077e+01
3510 0 +3.144918930e+01 +7.883918930e+01 +7.883918930e+01
% f evaluations | g evaluations | best noise-free fitness - Fopt (-3.428900000000e+02) + sum g_i+ | measured fitness | best measured fitness or single-digit g-values | x1 | x2...
1 0 +4.580835055e+02 +1.151935055e+02 +1.151935055e+02
2 0 +3.484188496e+02 +5.528849620e+00 +5.528849620e+00
3 0 +1.468891854e+02 -1.960008146e+02 -1.960008146e+02
6 0 +1.191119343e+02 -2.237780657e+02 -2.237780657e+02
15 0 +8.855341004e+01 -2.543365900e+02 -2.543365900e+02
30 0 +6.116927514e+01 -2.817207249e+02 -2.817207249e+02
57 0 +4.135809105e+01 -3.015319090e+02 -3.015319090e+02
58 0 +3.654837399e+01 -3.063416260e+02 -3.063416260e+02
108 0 +3.084044808e+01 -3.120495519e+02 -3.120495519e+02
354 0 +2.792599618e+01 -3.149640038e+02 -3.149640038e+02
702 0 +2.699979946e+01 -3.158902005e+02 -3.158902005e+02
1060 0 +2.623364221e+01 -3.166563578e+02 -3.166563578e+02
1810 0 +2.335833880e+01 -3.195316612e+02 -3.195316612e+02
2157 0 +2.281962732e+01 -3.200703727e+02 -3.200703727e+02
% f evaluations | g evaluations | best noise-free fitness - Fopt (9.102000000000e+01) + sum g_i+ | measured fitness | best measured fitness or single-digit g-values | x1 | x2...
1 0 +1.907575262e+02 +2.817775262e+02 +2.817775262e+02
2 0 +1.174869524e+02 +2.085069524e+02 +2.085069524e+02
4 0 +1.054148610e+02 +1.964348610e+02 +1.964348610e+02
44 0 +8.935524497e+01 +1.803752450e+02 +1.803752450e+02
55 0 +8.896816825e+01 +1.799881683e+02 +1.799881683e+02
152 0 +7.648461351e+01 +1.675046135e+02 +1.675046135e+02
206 0 +6.994757901e+01 +1.609675790e+02 +1.609675790e+02
252 0 +6.834734593e+01 +1.593673459e+02 +1.593673459e+02
253 0 +5.324617458e+01 +1.442661746e+02 +1.442661746e+02
353 0 +4.511435543e+01 +1.361343554e+02 +1.361343554e+02
507 0 +4.429177037e+01 +1.353117704e+02 +1.353117704e+02
763 0 +4.256040141e+01 +1.335804014e+02 +1.335804014e+02
806 0 +4.085734805e+01 +1.318773480e+02 +1.318773480e+02
911 0 +4.050400817e+01 +1.315240082e+02 +1.315240082e+02
1361 0 +3.960653269e+01 +1.306265327e+02 +1.306265327e+02
3714 0 +3.886168412e+01 +1.298816841e+02 +1.298816841e+02
% f evaluations | g evaluations | best noise-free fitness - Fopt (7.324200000000e+02) + sum g_i+ | measured fitness | best measured fitness or single-digit g-values | x1 | x2...
1 0 +9.532293661e+01 +8.277429366e+02 +8.277429366e+02
5 0 +7.917778553e+01 +8.115977855e+02 +8.115977855e+02
8 0 +6.474143134e+01 +7.971614313e+02 +7.971614313e+02
52 0 +6.441026674e+01 +7.968302667e+02 +7.968302667e+02
102 0 +5.648492431e+01 +7.889049243e+02 +7.889049243e+02
106 0 +4.859748409e+01 +7.810174841e+02 +7.810174841e+02
357 0 +4.636181161e+01 +7.787818116e+02 +7.787818116e+02
408 0 +4.233847127e+01 +7.747584713e+02 +7.747584713e+02
811 0 +4.155304312e+01 +7.739730431e+02 +7.739730431e+02
1013 0 +3.937844372e+01 +7.717984437e+02 +7.717984437e+02
1963 0 +3.753410622e+01 +7.699541062e+02 +7.699541062e+02
2311 0 +3.690602918e+01 +7.693260292e+02 +7.693260292e+02
2861 0 +3.569830660e+01 +7.681183066e+02 +7.681183066e+02
% f evaluations | g evaluations | best noise-free fitness - Fopt (3.542000000000e+01) + sum g_i+ | measured fitness | best measured fitness or single-digit g-values | x1 | x2...
1 0 +4.671935523e+02 +5.026135523e+02 +5.026135523e+02
2 0 +1.598920565e+02 +1.953120565e+02 +1.953120565e+02
3 0 +1.501291077e+02 +1.855491077e+02 +1.855491077e+02
4 0 +1.454582011e+02 +1.808782011e+02 +1.808782011e+02
5 0 +9.393504555e+01 +1.293550456e+02 +1.293550456e+02
41 0 +8.058786981e+01 +1.160078698e+02 +1.160078698e+02
106 0 +7.930488325e+01 +1.147248833e+02 +1.147248833e+02
108 0 +6.897513032e+01 +1.043951303e+02 +1.043951303e+02
109 0 +6.495530844e+01 +1.003753084e+02 +1.003753084e+02
155 0 +6.303150585e+01 +9.845150585e+01 +9.845150585e+01
259 0 +6.053871103e+01 +9.595871103e+01 +9.595871103e+01
313 0 +5.909889406e+01 +9.451889406e+01 +9.451889406e+01
403 0 +5.793014677e+01 +9.335014677e+01 +9.335014677e+01
507 0 +5.669224223e+01 +9.211224223e+01 +9.211224223e+01
509 0 +5.464449835e+01 +9.006449835e+01 +9.006449835e+01
713 0 +5.315019368e+01 +8.857019368e+01 +8.857019368e+01
1207 0 +5.243653279e+01 +8.785653279e+01 +8.785653279e+01
1212 0 +4.837472698e+01 +8.379472698e+01 +8.379472698e+01
2106 0 +4.773646383e+01 +8.315646383e+01 +8.315646383e+01
2959 0 +4.675165910e+01 +8.217165910e+01 +8.217165910e+01
3311 0 +4.567688613e+01 +8.109688613e+01 +8.109688613e+01
