% f evaluations | g evaluations | best noise-free fitness - Fopt (-1.694000000000e+01) + sum g_i+ | measured fitness | best measured fitness or single-digit g-values | x1 | x2...
1 0 +1.257349315e+03 +1.240409315e+03 +1.240409315e+03 -2.2881e+00 -4.4166e+00 +1.5871e+00 -4.8461e+00 +1.5150e+00 -3.0755e+00 -1.1514e+00 -2.8296e+00 +4.3608e+00 -1.1825e+00
2 0 +4.564165892e+02 +4.394765892e+02 +4.394765892e+02 -1.0685e-01 -2.6590e+00 +8.7570e-01 -1.9389e+00 -2.3103e+00 +4.8879e+00 -3.7862e+00 -1.9743e+00 -1.4031e+00 -2.7569e+00
3 0 +2.363686873e+02 +2.194286873e+02 +2.194286873e+02 -8.7433e-01 +4.8533e+00 -4.7840e+00 -4.8013e+00 -3.9074e-02 +3.4403e+00 -6.6383e-01 -9.5410e-02 +4.9216e-01 -4.2001e+00
5 0 +1.684326155e+02 +1.514926155e+02 +1.514926155e+02 -3.4393e-01 +4.7445e+00 -3.8067e+00 +8.1307e-01 -3.3205e+00 -3.2085e+00 -1.1516e+00 -8.7158e-01 -3.6903e-01 +6.9423e-02
8 0 +8.557105912e+01 +6.863105912e+01 +6.863105912e+01 +9.4884e-01 +2.6536e+00 +3.3473e-01 +7.0946e-01 -3.9363e+00 +3.8797e-01 +2.7343e+00 -2.0259e+00 +2.5808e+00 +2.2117e+00
15 0 +7.772869688e+01 +6.078869688e+01 +6.078869688e+01 +1.6230e+00 +3.5082e+00 +3.4066e-01 +2.9269e+00 +5.2407e-01 +2.6829e+00 +3.0625e+00 -4.8404e+00 +4.9757e+00 -2.7593e+00
20 0 +7.168998835e+01 +5.474998835e+01 +5.474998835e+01 +2.1157e+00 +4.2283e+00 +1.9681e+00 -3.2239e+00 +3.4633e-01 -2.4822e+00 +4.6112e+00 -1.2917e+00 +4.0948e+00 -1.5781e+00
27 0 +5.097829969e+01 +3.403829969e+01 +3.403829969e+01 +2.2539e+00 +4.2510e+00 +1.7397e-02 +4.2527e+00 -1.2659e+00 -1.0838e+00 -1.8920e-01 +2.3070e-02 +1.4506e+00 +3.8696e-01
42 0 +3.549125751e+01 +1.855125751e+01 +1.855125751e+01 +4.0016e+00 +4.4735e+00 -3.1361e+00 +3.8723e+00 +2.4166e+00 -1.0400e+00 +4.4474e+00 +4.7136e-03 +4.9210e+00 -3.2890e+00
105 0 +3.118479609e+01 +1.424479609e+01 +1.424479609e+01 +3.8938e+00 +4.0966e+00 -1.2062e+00 +4.0668e+00 +8.3209e-01 -1.8620e+00 +2.3388e+00 +1.6249e+00 +4.3482e+00 -1.8510e+00
208 0 +2.850456404e+01 +1.156456404e+01 +1.156456404e+01 +3.8523e+00 +4.0990e+00 -1.1475e+00 +4.0538e+00 +7.8045e-01 -1.8406e+00 +2.2487e+00 +1.5867e+00 +4.2780e+00 -1.7857e+00
662 0 +2.730883999e+01 +1.036883999e+01 +1.036883999e+01 +3.8920e+00 +4.0967e+00 -1.2036e+00 +4.0662e+00 +8.2987e-01 -1.8611e+00 +2.3349e+00 +1.6232e+00 +5.8921e-01 -1.8482e+00
858 0 +2.248904122e+01 +5.549041220e+00 +5.549041220e+00 +3.8864e+00 +4.0970e+00 -1.1957e+00 +4.0645e+00 +8.2287e-01 -1.8582e+00 +2.3227e+00 +1.6181e+00 +1.0042e+00 -1.8393e+00
904 0 +2.140983631e+01 +4.469836313e+00 +4.469836313e+00 +3.8893e+00 +4.0968e+00 -1.1997e+00 +4.0654e+00 +8.2643e-01 -1.8596e+00 +2.3289e+00 +1.6207e+00 +7.9768e-01 -1.8438e+00
955 0 +2.116116396e+01 +4.221163964e+00 +4.221163964e+00 +3.8874e+00 +4.0969e+00 -1.1971e+00 +4.0648e+00 +8.2410e-01 -1.8587e+00 +2.3248e+00 +1.6190e+00 +9.3889e-01 -1.8409e+00
% f evaluations | g evaluations | best noise-free fitness - Fopt (1.881000000000e+01) + sum g_i+ | measured fitness | best measured fitness or single-digit g-values | x1 | x2...
1 0 +1.619654189e+02 +1.807754189e+02 +1.807754189e+02 -1.1356e+00 -1.8166e+00 -4.9905e+00 +2.8838e-01 -2.3766e+00 -4.8783e+00 +3.0764e+00 +2.1609e+00 +1.6841e+00 -2.7548e+00
2 0 +1.282584852e+02 +1.470684852e+02 +1.470684852e+02 +7.7057e-01 +2.9873e+00 -3.1991e+00 -8.8522e-01 -2.9682e+00 -2.0119e+00 -1.8238e+00 -3.4559e+00 +2.7642e+00 -4.0512e+00
3 0 +9.762328495e+01 +1.164332849e+02 +1.164332849e+02 -4.5078e+00 +1.6944e-01 +1.5570e+00 +2.2988e+00 -5.5195e-02 +3.8544e+00 +3.8932e+00 +3.0616e+00 +1.4950e+00 +4.4922e+00
4 0 +9.511994705e+01 +1.139299471e+02 +1.139299471e+02 -9.3429e-01 -3.4772e+00 -1.6324e+00 -3.4972e-02 +3.0785e+00 -1.9238e+00 +4.0407e+00 +3.7193e+00 +1.9372e+00 -8.5070e-01
6 0 +6.254015932e+01 +8.135015932e+01 +8.135015932e+01 +2.5661e+00 -2.5382e+00 -3.7918e+00 -2.0344e-01 -1.6370e+00 +1.8030e+00 +3.2987e+00 +1.6690e-01 +1.3762e+00 +1.3836e+00
17 0 +5.868109172e+01 +7.749109172e+01 +7.749109172e+01 +2.7404e+00 -2.5767e+00 +3.9666e+00 -1.6410e+00 +3.4415e+00 -1.5463e+00 +1.3652e-01 -4.5898e+00 +4.6573e-01 +1.4194e+00
25 0 +5.650660731e+01 +7.531660731e+01 +7.531660731e+01 +4.1201e+00 -2.3254e+00 -3.7998e-01 -4.2340e+00 -2.7592e+00 +4.5774e+00 -1.3887e-01 +6.9410e-02 -5.0037e-01 +3.5495e+00
44 0 +3.318238125e+01 +5.199238125e+01 +5.199238125e+01 +4.3988e+00 +3.0552e+00 +3.4391e+00 -1.6321e+00 -5.9975e-01 -2.6979e+00 +4.6875e+00 -4.5749e+00 -7.9790e-02 -2.0280e+00
159 0 +2.468157626e+01 +4.349157626e+01 +4.349157626e+01 +1.9012e+00 +5.8961e-01 -1.5812e+00 +9.3603e-01 -2.7428e+00 -2.5821e-01 +1.6762e+00 +1.8105e+00 -1.9199e-01 +1.2025e+00
253 0 +2.249747603e+01 +4.130747603e+01 +4.130747603e+01 +1.6862e+00 +2.2137e-01 +7.1783e-02 -6.4603e-01 -1.2550e+00 -3.0507e-01 +1.3430e+00 -8.1197e-01 +1.1639e-01 +7.4725e-01
452 0 +2.228039919e+01 +4.109039919e+01 +4.109039919e+01 +1.6740e+00 +2.0787e-01 +8.7824e-02 -6.6758e-01 -1.2340e+00 -2.9916e-01 +1.3286e+00 -8.3811e-01 +1.2166e-01 +7.4795e-01
707 0 +2.138541139e+01 +4.019541139e+01 +4.019541139e+01 +1.6756e+00 +2.0965e-01 +8.5719e-02 -6.0374e-01 -1.2368e+00 -2.9993e-01 +1.3305e+00 -8.3359e-01 +1.2097e-01 +7.4786e-01
852 0 +2.137249702e+01 +4.018249702e+01 +4.018249702e+01 +1.6757e+00 +2.0966e-01 +8.5697e-02 -6.0493e-01 -1.2368e+00 -2.9994e-01 +1.3306e+00 -8.3354e-01 +1.2096e-01 +7.4786e-01
957 0 +2.083085568e+01 +3.964085568e+01 +3.964085568e+01 +1.6744e+00 +2.0832e-01 +8.7296e-02 -6.5052e-01 -1.2347e+00 -2.9935e-01 +1.2826e+00 -8.3697e-01 +1.2149e-01 +7.4793e-01
% f evaluations | g evaluations | best noise-free fitness - Fopt (2.731500000000e+02) + sum g_i+ | measured fitness | best measured fitness or single-digit g-values | x1 | x2...
1 0 +2.975755546e+02 +5.707255546e+02 +5.707255546e+02 +9.5075e-01 -7.2073e-01 +3.6655e+00 -3.8280e+00 -6.9965e-01 -7.9600e-01 -4.7558e-01 +4.0150e+00 +3.4598e+00 -2.9375e+00
2 0 +2.251636068e+02 +4.983136068e+02 +4.983136068e+02 +9.5311e-01 -3.2349e+00 +2.1352e+00 -9.5141e-01 -4.6749e+00 -6.6895e-01 +3.0609e+00 +5.0019e-01 -8.6081e-01 +3.6232e+00
3 0 +1.150850499e+02 +3.882350499e+02 +3.882350499e+02 -1.0880e+00 -4.4494e-01 -2.7898e+00 +3.7150e+00 +3.2226e+00 +1.1359e+00 +1.4895e+00 -1.9506e+00 +4.9353e+00 -4.7235e+00
4 0 +8.435086059e+01 +3.575008606e+02 +3.575008606e+02 -2.6172e+00 +4.0839e+00 +4.0553e+00 +2.9211e+00 +3.5646e+00 +1.5809e+00 -4.6367e+00 +2.6767e+00 +2.4771e+00 -3.5603e-01
9 0 +6.470280887e+01 +3.378528089e+02 +3.378528089e+02 +1.3999e+00 +3.9553e+00 +2.5315e+00 +1.4748e+00 -4.0475e+00 -4.2147e+00 +4.5741e+00 -6.9211e-01 -4.5379e+00 -2.9406e+00
17 0 +4.378906149e+01 +3.169390615e+02 +3.169390615e+02 -1.5179e+00 +1.7672e+00 +9.0361e-01 -2.5056e-01 +2.2960e+00 -2.9313e+00 +2.8317e+00 -1.1667e+00 -3.9057e+00 +1.6002e+00
19 0 +3.947900923e+01 +3.126290092e+02 +3.126290092e+02 -4.2437e+00 +2.7860e+00 +1.2490e+00 +2.5515e+00 +1.1535e+00 +1.5358e+00 -7.5851e-01 -4.3964e+00 -2.2443e+00 -2.3710e-01
105 0 +3.561551527e+01 +3.087655153e+02 +3.087655153e+02 -4.0296e+00 +3.6082e+00 -3.6460e+00 +1.8135e+00 +2.1770e+00 +2.2545e+00 -1.2567e+00 -8.8737e-01 +7.2533e-01 +2.3395e+00
261 0 +3.532211437e+01 +3.084721144e+02 +3.084721144e+02 -4.2437e+00 +2.7860e+00 +1.2490e+00 +2.5515e+00 +1.1535e+00 +1.5358e+00 -7.5851e-01 -2.3007e+00 -2.2443e+00 -2.3710e-01
356 0 +3.246769849e+01 +3.056176985e+02 +3.056176985e+02 -2.8426e+00 +2.4927e+00 -2.6685e-01 +1.0321e+00 +1.2321e+00 -2.0825e-01 +7.8201e-01 -2.4926e+00 -2.4401e+00 +5.9119e-01
452 0 +2.828969741e+01 +3.014396974e+02 +3.014396974e+02 -3.8831e+00 +2.7105e+00 +8.5879e-01 +2.1604e+00 +1.1738e+00 +1.0869e+00 -3.6196e-01 -2.3501e+00 -2.2947e+00 -2.3887e-02
658 0 +2.600778565e+01 +2.991577857e+02 +2.991577857e+02 -3.8697e+00 +2.7824e+00 +4.4254e-01 +2.1023e+00 +1.2617e+00 +1.1552e+00 -4.1049e-01 -2.2276e+00 -2.0381e+00 +1.9511e-01
808 0 +2.402715644e+01 +2.971771564e+02 +2.971771564e+02 -3.8926e+00 +2.7690e+00 +5.6512e-01 +2.1378e+00 +1.2392e+00 +1.1630e+00 -4.2029e-01 -2.2547e+00 -2.0978e+00 +1.3019e-01
% f evaluations | g evaluations | best noise-free fitness - Fopt (3.718000000000e+01) + sum g_i+ | measured fitness | best measured fitness or single-digit g-values | x1 | x2...
1 0 +1.064028352e+02 +1.435828352e+02 +1.435828352e+02 -3.6660e+00 -3.4461e+00 -5.7057e-01 -3.9446e+00 -2.1767e+00 +3.1598e+00 -1.8868e+00 +4.9985e-01 +1.5742e+00 -4.2238e+00
3 0 +7.534305359e+01 +1.125230536e+02 +1.125230536e+02 +3.2172e+00 +2.4177e+00 +2.6346e+00 -1.3643e+00 +1.3417e-01 -4.2042e+00 -3.6099e+00 -3.9574e+00 -2.1383e+00 +4.2410e+00
11 0 +6.602473786e+01 +1.032047379e+02 +1.032047379e+02 +2.5403e+00 +1.9446e+00 +1.2156e+00 -2.4778e+00 -3.1493e+00 -4.4337e+00 -4.1725e+00 +1.7575e+00 +4.2562e+00 +4.2825e-01
20 0 +5.032956054e+01 +8.750956054e+01 +8.750956054e+01 -2.9346e+00 +3.6709e+00 +3.1682e+00 -3.0711e-01 -2.1679e+00 -3.5488e+00 -3.3981e+00 -1.6985e+00 -1.5582e+00 -8.8506e-01
26 0 +4.865812020e+01 +8.583812020e+01 +8.583812020e+01 -4.9550e-01 +4.5437e+00 +2.3440e-01 +9.1175e-01 -4.0423e+00 +3.2850e+00 -4.9151e+00 +1.2707e+00 +4.2139e+00 -3.9131e+00
152 0 +3.408672548e+01 +7.126672548e+01 +7.126672548e+01 -6.0125e-02 +3.2760e+00 -2.2683e-01 -4.3286e-01 -1.8381e+00 -1.6492e+00 -2.2051e+00 -2.1342e+00 +1.2287e+00 +1.6011e+00
412 0 +3.102659874e+01 +6.820659874e+01 +6.820659874e+01 +2.1807e-01 +2.4711e+00 +9.3225e-01 +7.6458e-01 -3.1983e+00 +9.9273e-01 -3.5353e+00 -1.5563e-01 +3.5069e+00 -1.9202e+00
602 0 +3.087147477e+01 +6.805147477e+01 +6.805147477e+01 +1.2733e-01 +2.9443e+00 +5.5417e-01 +3.7399e-01 -2.7546e+00 +1.3094e-01 -3.1014e+00 -8.0101e-01 +2.7638e+00 -7.1530e-01
603 0 +2.927208733e+01 +6.645208733e+01 +6.645208733e+01 +1.4154e-01 +2.8702e+00 +6.1338e-01 +4.3516e-01 -2.8241e+00 +2.6591e-01 -3.1694e+00 -6.9994e-01 +2.8801e+00 -9.0399e-01
654 0 +2.845524875e+01 +6.563524875e+01 +6.563524875e+01 +1.4089e-01 +2.6944e+00 +6.1065e-01 +4.3233e-01 -2.8209e+00 +2.5968e-01 -3.1662e+00 -7.0460e-01 +2.8748e+00 -9.4315e-01
760 0 +2.691804488e+01 +6.409804488e+01 +6.409804488e+01 +1.4089e-01 +2.6944e+00 +6.1065e-01 +2.9921e-01 -2.8209e+00 +2.5968e-01 -3.1662e+00 -7.0460e-01 +2.8748e+00 -9.4315e-01
762 0 +2.551058646e+01 +6.269058646e+01 +6.269058646e+01 +1.4089e-01 +2.6944e+00 +6.1065e-01 +4.3233e-01 -2.8209e+00 +3.3744e-02 -3.1662e+00 -7.0460e-01 +2.8748e+00 -9.4315e-01
860 0 +2.486242111e+01 +6.204242111e+01 +6.204242111e+01 +1.4082e-01 +2.6956e+00 +6.1037e-01 +3.7064e-01 -2.8205e+00 +2.5905e-01 -3.1659e+00 -7.0508e-01 +2.8742e+00 -9.4203e-01
% f evaluations | g evaluations | best noise-free fitness - Fopt (-1.479000000000e+02) + sum g_i+ | measured fitness | best measured fitness or single-digit g-values | x1 | x2...
1 0 +6.670521223e+01 -8.119478777e+01 -8.119478777e+01 +3.0645e-02 +4.5423e+00 -1.7902e+00 -3.4041e+00 -2.1900e+00 +1.2644e+00 -2.7400e+00 -4.7360e+00 -6.9428e-01 +1.3872e-01
2 0 +4.796147750e+01 -9.993852250e+01 -9.993852250e+01 +2.5623e+00 -1.7335e+00 -4.6146e+00 +4.7101e+00 +4.5633e+00 +4.8849e+00 -4.7596e-01 -2.5588e-01 -4.5074e+00 +4.1235e+00
4 0 +3.498970551e+01 -1.129102945e+02 -1.129102945e+02 +1.3608e+00 +1.8896e-01 +3.6008e+00 -8.8280e-01 -7.7771e-01 +7.5004e-01 -1.2632e+00 -3.3556e+00 +2.7786e-01 +2.9156e+00
15 0 +3.141581142e+01 -1.164841886e+02 -1.164841886e+02 -1.0478e+00 +3.9455e+00 +3.7173e+00 +1.7416e+00 -5.0799e-01 -6.2552e-01 -1.8037e+00 +9.8571e-01 +4.7640e+00 +1.8051e-01
102 0 +2.647477911e+01 -1.214252209e+02 -1.214252209e+02 -8.2806e-01 -8.2545e-01 -1.6853e+00 +4.8416e-01 -9.0042e-01 -7.4315e-01 +1.6677e+00 +1.0476e+00 -1.1280e+00 +2.4576e+00
155 0 +2.158102072e+01 -1.263189793e+02 -1.263189793e+02 +8.7887e-01 +2.1970e+00 +7.3480e-01 -1.3829e-01 -4.3080e-01 +1.6043e-01 -1.1605e+00 -1.4962e-01 +1.0031e+00 -1.7626e+00
261 0 +1.848086023e+01 -1.294191398e+02 -1.294191398e+02 +8.7887e-01 +2.1970e+00 +7.3480e-01 -1.3829e-01 -4.3080e-01 +1.6043e-01 -1.1605e+00 -1.4962e-01 +1.0031e+00 -1.4827e+00
504 0 +1.386593788e+01 -1.340340621e+02 -1.340340621e+02 +5.4264e-01 +2.2000e+00 +7.3379e-01 -1.3179e-01 -4.3061e-01 +1.4976e-01 -1.1447e+00 -1.4069e-01 +1.0094e+00 -1.6779e+00
861 0 +1.360525627e+01 -1.342947437e+02 -1.342947437e+02 +4.1890e-01 +2.1930e+00 +7.3233e-01 -1.0822e-01 -4.3186e-01 +1.5886e-01 -3.6464e-01 -1.4850e-01 +1.0003e+00 -1.7274e+00
% f evaluations | g evaluations | best noise-free fitness - Fopt (4.817100000000e+02) + sum g_i+ | measured fitness | best measured fitness or single-digit g-values | x1 | x2...
1 0 +3.868867916e+03 +4.350577916e+03 +4.350577916e+03 -3.7727e+00 +3.7759e+00 +3.7343e+00 -3.8465e+00 -3.5808e+00 -1.3560e+00 -4.1489e+00 -2.6784e+00 +1.7552e+00 -6.7224e-01
2 0 +2.266803701e+02 +7.083903701e+02 +7.083903701e+02 +3.8156e+00 +1.2068e+00 +3.8841e+00 -1.8693e+00 -4.6840e+00 -1.3277e+00 -1.8686e+00 +2.2330e+00 -3.2877e-01 -3.4737e+00
3 0 +1.656820053e+02 +6.473920053e+02 +6.473920053e+02 -3.6199e+00 -4.7754e+00 -3.3412e+00 +3.0750e-01 -1.7316e+00 -1.9772e+00 +5.8789e-01 +4.1850e-01 +1.9598e+00 -4.2095e+00
5 0 +8.298690438e+01 +5.646969044e+02 +5.646969044e+02 +2.0446e+00 +6.4403e-01 +2.2391e+00 +2.2332e+00 +4.0686e+00 -4.5796e+00 +1.5933e-01 -4.7977e+00 -5.4502e-01 +4.3316e+00
11 0 +7.060798801e+01 +5.523179880e+02 +5.523179880e+02 -7.3396e-01 -2.9615e+00 -4.7483e+00 -1.8068e-01 -2.0258e+00 +4.4429e+00 -4.1803e+00 -4.6230e+00 +1.8437e+00 -2.8817e-01
40 0 +4.182037037e+01 +5.235303704e+02 +5.235303704e+02 +2.7518e+00 -3.4149e+00 -4.8794e+00 +2.2334e+00 +7.8089e-01 -4.4840e+00 +2.9666e+00 -1.9206e+00 +4.9313e+00 +5.5070e-01
108 0 +3.915322395e+01 +5.208632239e+02 +5.208632239e+02 +1.1108e-01 -3.3393e+00 -4.2041e+00 +1.5883e-01 -1.0573e+00 +3.5770e+00 -3.5359e+00 -2.8648e+00 +2.0541e+00 -1.0919e+00
303 0 +3.361889696e+01 +5.153288970e+02 +5.153288970e+02 -7.0101e-02 -2.7429e+00 -2.6542e+00 +4.3974e-01 +1.4367e+00 +1.1606e+00 -3.2378e+00 -1.2127e+00 +2.9626e+00 -7.6712e-01
307 0 +2.714563355e+01 +5.088556336e+02 +5.088556336e+02 -4.0234e-01 -1.2710e+00 -4.1371e+00 +1.0996e+00 +1.2599e+00 +7.0858e-01 -3.0513e+00 -2.9160e+00 +1.6895e+00 +6.9078e-01
657 0 +2.572043046e+01 +5.074304305e+02 +5.074304305e+02 -3.8640e-01 -1.3034e+00 -4.1311e+00 +1.0852e+00 +1.2377e+00 +7.4159e-01 -3.0534e+00 -2.8929e+00 +1.7043e+00 +6.5524e-01
710 0 +2.428533767e+01 +5.059953377e+02 +5.059953377e+02 +1.1756e-01 -2.3297e+00 -3.9405e+00 +3.9306e-01 +5.3735e-01 +1.7847e+00 -3.1219e+00 -2.1617e+00 +2.1703e+00 -4.6796e-01
963 0 +2.111186141e+01 +5.028218614e+02 +5.028218614e+02 -4.0234e-01 -1.2710e+00 -4.1371e+00 +1.5812e-01 +1.2599e+00 +7.0858e-01 -3.0513e+00 -2.9160e+00 +1.6895e+00 +6.9078e-01
1006 0 +2.005303053e+01 +5.017630305e+02 +5.017630305e+02 -3.1756e-01 -1.6125e+00 -4.1482e+00 +6.7114e-01 +8.7723e-01 +1.0863e+00 -3.1313e+00 -2.7019e+00 +1.5568e+00 +3.9641e-01
% f evaluations | g evaluations | best noise-free fitness - Fopt (-3.646000000000e+01) + sum g_i+ | measured fitness | best measured fitness or single-digit g-values | x1 | x2...
1 0 +7.233472192e+01 +3.587472192e+01 +3.587472192e+01 -4.3822e+00 -2.2295e+00 +1.2551e+00 +3.1985e+00 +2.5970e+00 +1.3192e-01 +3.1492e+00 +4.4276e+00 -1.1546e+00 -2.1661e+00
11 0 +4.176713163e+01 +5.307131628e+00 +5.307131628e+00 +2.3101e+00 -4.7941e+00 -3.1515e+00 -1.0863e+00 +3.6593e+00 +6.8424e-01 +1.1881e+00 +8.9075e-01 -4.1229e+00 -2.7078e+00
17 0 +3.710796572e+01 +6.479657212e-01 +6.479657212e-01 +1.2060e+00 -2.2045e+00 -2.7299e+00 +2.7336e+00 +1.3488e-01 +4.1536e+00 -5.9603e-01 +1.2480e+00 -3.8510e+00 +1.5495e+00
57 0 +3.488109766e+01 -1.578902343e+00 -1.578902343e+00 +2.2306e+00 -4.5047e+00 -3.1884e+00 -1.1116e+00 +3.4866e+00 +7.4633e-01 +9.5017e-01 +8.7388e-01 -3.9275e+00 -2.6993e+00
152 0 +2.669089410e+01 -9.769105902e+00 -9.769105902e+00 +1.5530e+00 -3.7404e+00 -3.0055e+00 -5.9979e-01 +2.3972e+00 +1.3491e+00 +2.5853e+00 +4.9539e-01 -3.0347e+00 -3.4843e+00
362 0 +2.392435628e+01 -1.253564372e+01 -1.253564372e+01 +1.5530e+00 -2.1207e+00 -3.0055e+00 -5.9979e-01 +2.3972e+00 +1.3491e+00 +2.5853e+00 +4.9539e-01 -3.0347e+00 -3.4843e+00
452 0 +2.335719506e+01 -1.310280494e+01 -1.310280494e+01 +1.5530e+00 -3.5942e+00 -3.0055e+00 -5.9979e-01 +2.3972e+00 +1.3491e+00 +2.5853e+00 +4.9539e-01 -3.0347e+00 -3.4843e+00
453 0 +2.118212304e+01 -1.527787696e+01 -1.527787696e+01 +1.5530e+00 -2.2136e+00 -3.0055e+00 -5.9979e-01 +2.3972e+00 +1.3491e+00 +2.5853e+00 +4.9539e-01 -3.0347e+00 -3.4843e+00
503 0 +1.977127370e+01 -1.668872630e+01 -1.668872630e+01 +1.5530e+00 -2.3650e+00 -3.0055e+00 -5.9979e-01 +2.3972e+00 +1.3491e+00 +2.5853e+00 +4.9539e-01 -2.9995e+00 -3.4843e+00
806 0 +1.752295041e+01 -1.893704959e+01 -1.893704959e+01 +5.7481e-01 -1.7564e+00 -2.6993e+00 +4.1569e-01 +1.9202e+00 +1.6973e+00 +2.7033e+00 +7.1049e-01 -3.1617e+00 -2.9839e+00
% f evaluations | g evaluations | best noise-free fitness - Fopt (3.920000000000e+01) + sum g_i+ | measured fitness | best measured fitness or single-digit g-values | x1 | x2...
1 0 +2.668827384e+02 +3.060827384e+02 +3.060827384e+02 -4.3354e+00 +1.7363e+00 -4.3388e+00 -1.0567e-01 -3.6810e-01 -2.7518e-01 -2.8591e+00 +4.0244e+00 +3.6902e+00 -2.9169e+00
2 0 +2.510823658e+02 +2.902823658e+02 +2.902823658e+02 -3.8023e-01 -3.7625e+00 +9.0202e-01 +2.8276e+00 -2.4621e+00 -7.8759e-01 -9.4013e-01 -4.2336e+00 -4.0315e+00 +3.3469e+00
4 0 +7.730555507e+01 +1.165055551e+02 +1.165055551e+02 +2.5912e+00 -2.4702e+00 +1.1898e+00 +2.1888e+00 +4.2059e+00 -3.7837e-01 +6.8533e-01 +2.8432e-01 +2.8528e+00 +4.9566e+00
6 0 +6.499374118e+01 +1.041937412e+02 +1.041937412e+02 +2.6812e+00 -3.3761e+00 +4.5729e+00 +2.0997e+00 +1.3197e+00 -2.5138e+00 +2.7075e+00 +1.1929e-01 +1.7019e+00 -7.1682e-01
10 0 +4.361116666e+01 +8.281116666e+01 +8.281116666e+01 -1.1168e+00 +1.4460e+00 -2.8509e+00 -3.1111e+00 +3.9508e+00 +1.5211e+00 +3.1867e+00 -3.1031e+00 +3.4761e+00 +5.5346e-01
16 0 +4.015660077e+01 +7.935660077e+01 +7.935660077e+01 +3.3178e+00 +4.9290e+00 +3.7414e+00 +3.2053e+00 +4.3921e+00 +1.1849e-02 +2.3178e+00 +1.7009e+00 -1.2689e+00 -4.5460e+00
52 0 +3.777786090e+01 +7.697786090e+01 +7.697786090e+01 +4.0619e-01 +4.4896e+00 +3.0377e+00 -6.2961e-01 +2.2418e-01 +1.6785e+00 +2.8412e+00 -2.8383e+00 -6.1510e-01 +1.7184e+00
154 0 +3.013110612e+01 +6.933110612e+01 +6.933110612e+01 +2.9815e+00 +2.0016e+00 +4.1806e+00 +2.6214e+00 +2.7693e+00 -1.3222e+00 +2.5237e+00 +8.6550e-01 +3.0028e-01 -2.5234e+00
412 0 +2.783826191e+01 +6.703826191e+01 +6.703826191e+01 +2.7686e+00 +2.6504e+00 +3.9099e+00 +2.5384e+00 +2.0736e+00 -8.5590e-01 +2.2674e+00 +6.9079e-01 -8.3585e-03 -2.6464e+00
458 0 +2.542227370e+01 +6.462227370e+01 +6.462227370e+01 +2.5076e+00 +2.1290e+00 +3.9347e+00 +2.1213e+00 +2.5552e+00 -1.1026e+00 +2.2694e+00 +3.6333e-01 +3.5928e-01 -2.0600e+00
504 0 +2.383090339e+01 +6.303090339e+01 +6.303090339e+01 +2.5338e+00 +2.1220e+00 +3.9483e+00 +2.1489e+00 +2.5670e+00 -1.1147e+00 +2.2835e+00 +3.9105e-01 +3.5602e-01 -2.0855e+00
609 0 +2.090509384e+01 +6.010509384e+01 +6.010509384e+01 +2.5582e+00 +2.1445e+00 +3.9531e+00 +2.1817e+00 +2.5485e+00 -1.1079e+00 +2.2896e+00 +4.1947e-01 +3.3647e-01 -2.1258e+00
705 0 +2.074522042e+01 +5.994522042e+01 +5.994522042e+01 +2.5300e+00 +2.1752e+00 +3.9322e+00 +2.1575e+00 +2.5124e+00 -1.0805e+00 +2.2689e+00 +3.9156e-01 +3.2690e-01 -2.1111e+00
% f evaluations | g evaluations | best noise-free fitness - Fopt (-3.225000000000e+01) + sum g_i+ | measured fitness | best measured fitness or single-digit g-values | x1 | x2...
1 0 +1.690306283e+02 +1.367806283e+02 +1.367806283e+02 +4.9757e+00 -4.4208e+00 -1.7910e+00 -2.6462e+00 +1.9750e-01 -1.2999e+00 -2.6118e+00 -1.8209e+00 +5.0057e-01 -3.5603e+00
11 0 +1.635284399e+02 +1.312784399e+02 +1.312784399e+02 -1.8006e+00 +3.3272e+00 +2.6260e+00 -3.6903e+00 +2.7913e+00 -9.6214e-02 +1.8283e+00 +2.4468e+00 -2.5500e-01 +5.5276e-01
12 0 +1.592958347e+02 +1.270458347e+02 +1.270458347e+02 -2.5331e+00 +2.3692e+00 -2.8529e+00 -1.0580e+00 +2.2865e+00 -6.5827e-01 +3.7307e+00 +4.2265e-01 +2.7195e+00 +2.1109e+00
18 0 +7.850533979e+01 +4.625533979e+01 +4.625533979e+01 -5.0915e-01 -2.0928e-01 -1.4314e+00 -1.3052e+00 +5.2120e-01 -3.3966e+00 -3.4035e+00 +4.5862e+00 -1.7328e+00 +4.6111e+00
22 0 +6.343156210e+01 +3.118156210e+01 +3.118156210e+01 +4.1556e+00 -2.3223e+00 +1.3418e-01 -4.6716e+00 +1.1468e+00 -3.0781e+00 -3.0697e+00 +1.3006e+00 -3.5742e+00 -2.8833e-01
32 0 +4.085352544e+01 +8.603525444e+00 +8.603525444e+00 +3.1477e+00 -7.6292e-01 -3.7478e+00 -4.2437e+00 +9.5320e-01 -1.6712e+00 -6.2440e-01 +3.2320e+00 +3.5305e+00 +1.0335e-01
164 0 +2.743179729e+01 -4.818202714e+00 -4.818202714e+00 +3.1477e+00 -7.6292e-01 -2.8608e+00 -4.2437e+00 +9.5320e-01 -1.6712e+00 -6.2440e-01 +3.2320e+00 +3.5305e+00 +1.0335e-01
404 0 +2.681608281e+01 -5.433917194e+00 -5.433917194e+00 +3.1477e+00 -7.6292e-01 -2.9277e+00 -4.2437e+00 +9.5320e-01 -1.6712e+00 -6.2440e-01 +3.2320e+00 +3.5305e+00 +1.0335e-01
455 0 +2.626854211e+01 -5.981457895e+00 -5.981457895e+00 +3.1477e+00 -7.6292e-01 -2.9157e+00 -4.2437e+00 +9.5320e-01 -1.6712e+00 -6.2440e-01 +3.2320e+00 +3.5305e+00 +1.0335e-01
513 0 +2.501073705e+01 -7.239262953e+00 -7.239262953e+00 +3.1477e+00 -7.6292e-01 -1.7631e+00 -4.2437e+00 +9.5320e-01 -1.6712e+00 -6.2440e-01 +3.2320e+00 +3.5305e+00 +1.0335e-01
811 0 +2.211903189e+01 -1.013096811e+01 -1.013096811e+01 +3.1477e+00 -7.6292e-01 -1.4890e+00 -4.2437e+00 +9.5320e-01 -1.6712e+00 -6.2440e-01 +3.2320e+00 +3.5305e+00 +1.0335e-01
812 0 +1.522238801e+01 -1.702761199e+01 -1.702761199e+01 +3.1477e+00 -7.6292e-01 -1.3142e+00 -4.2437e+00 +9.5320e-01 -1.6712e+00 -6.2440e-01 +3.2320e+00 +3.5305e+00 +9.4175e-02
% f evaluations | g evaluations | best noise-free fitness - Fopt (3.681200000000e+02) + sum g_i+ | measured fitness | best measured fitness or single-digit g-values | x1 | x2...
1 0 +2.963063157e+02 +6.644263157e+02 +6.644263157e+02 +3.4111e+00 +5.1986e-01 +3.8195e-01 +3.8094e+00 -2.4042e+00 +3.6379e+00 +1.9400e-01 +5.5849e-01 +4.4614e+00 -1.5130e+00
2 0 +2.705799052e+02 +6.386999052e+02 +6.386999052e+02 +3.6224e+00 -4.8859e+00 +4.8028e+00 +4.2528e+00 +1.4090e+00 +2.9460e+00 +1.2842e+00 +3.1781e+00 -1.9810e+00 -3.3138e+00
4 0 +1.319530556e+02 +5.000730556e+02 +5.000730556e+02 -4.5948e+00 -1.1531e+00 -1.9746e+00 +4.0079e+00 +1.5199e+00 +4.8318e+00 +1.8319e+00 +4.9146e+00 +1.6823e+00 +4.3606e+00
7 0 +8.655730922e+01 +4.546773092e+02 +4.546773092e+02 -1.2478e+00 -2.2959e+00 +1.7229e+00 +9.6113e-01 +3.3286e-01 +6.6067e-01 +3.6992e-01 -3.6051e-01 +1.8661e+00 +4.3513e+00
18 0 +7.448088158e+01 +4.426008816e+02 +4.426008816e+02 -2.7613e-01 -3.8615e+00 -1.1256e+00 +3.8737e+00 +1.1505e+00 +3.2950e+00 +3.0662e+00 -3.0362e+00 +2.2392e+00 +9.9351e-01
22 0 +5.491590635e+01 +4.230359063e+02 +4.230359063e+02 +2.8935e+00 -3.1036e+00 +3.3150e+00 +1.4987e+00 +4.8333e+00 -1.5248e+00 -1.5413e-01 -4.8250e+00 -2.2867e+00 -1.2359e+00
39 0 +5.064246835e+01 +4.187624684e+02 +4.187624684e+02 -3.1022e+00 +3.3400e+00 +1.9816e+00 -2.1342e+00 +8.3351e-02 -3.6949e+00 -2.2338e+00 -4.6637e+00 +4.0061e+00 +7.9257e-01
50 0 +3.358210901e+01 +4.017021090e+02 +4.017021090e+02 -4.3684e+00 +1.1214e+00 -1.3231e+00 -1.8615e+00 +3.0460e-02 +1.7371e+00 +2.6009e+00 -2.3727e+00 -2.4023e+00 -2.2127e+00
109 0 +2.555584016e+01 +3.936758402e+02 +3.936758402e+02 +1.9887e+00 +8.5805e-03 +3.1238e+00 +2.0295e+00 -7.4847e-01 -1.5045e+00 +2.4113e+00 -4.8771e+00 -2.7244e+00 -9.2876e-01
163 0 +2.364512202e+01 +3.917651220e+02 +3.917651220e+02 +5.4625e-01 +8.5805e-03 +3.1238e+00 +2.0295e+00 -7.4847e-01 -1.5045e+00 +2.4113e+00 -4.8771e+00 -2.7244e+00 -9.2876e-01
208 0 +2.106080837e+01 +3.891808084e+02 +3.891808084e+02 -4.9927e-02 +1.0416e+00 +2.6650e+00 +2.1039e-01 +2.6906e-01 -2.4306e+00 +1.4614e-01 -4.7809e+00 +1.6597e-01 -2.3961e-01
655 0 +1.929908298e+01 +3.874190830e+02 +3.874190830e+02 -3.6782e-02 +1.0240e+00 +2.6670e+00 +2.1470e-01 +2.7765e-01 -2.4254e+00 +1.4812e-01 -4.7797e+00 +1.5240e-01 -2.4416e-01
% f evaluations | g evaluations | best noise-free fitness - Fopt (4.739000000000e+01) + sum g_i+ | measured fitness | best measured fitness or single-digit g-values | x1 | x2...
1 0 +2.652754630e+02 +3.126654630e+02 +3.126654630e+02 -2.1998e+00 +1.1633e+00 +3.7321e+00 +2.4109e+00 -3.1875e-02 -2.9968e+00 +1.9677e+00 +6.6292e-01 -3.6584e+00 +1.2400e+00
2 0 +8.006148723e+01 +1.274514872e+02 +1.274514872e+02 +3.6198e+00 +1.2742e+00 +1.9915e+00 +1.7104e+00 -3.6569e+00 +3.2301e+00 -3.1465e+00 +2.3988e+00 -4.7907e+00 +4.8788e+00
7 0 +7.247949847e+01 +1.198694985e+02 +1.198694985e+02 +1.0154e+00 +1.3775e+00 -2.5511e+00 -2.1465e-01 +5.7097e-01 +4.3273e+00 -3.5353e+00 -2.8221e+00 -4.2535e+00 +1.1111e+00
9 0 +6.977291488e+01 +1.171629149e+02 +1.171629149e+02 +4.7812e+00 -2.2367e+00 +3.9339e-01 -3.4234e+00 +4.4108e+00 +4.0608e+00 -4.9190e-01 -1.9439e+00 +2.8674e+00 +4.8331e-01
12 0 +6.599920261e+01 +1.133892026e+02 +1.133892026e+02 +1.2346e+00 +1.6271e-01 +7.4428e-01 +4.2218e+00 +4.5762e+00 -1.5219e+00 +4.3662e-01 +3.1036e+00 +4.5166e+00 -9.8154e-01
14 0 +4.921773661e+01 +9.660773661e+01 +9.660773661e+01 +1.1446e+00 +2.2754e+00 -3.8781e-01 -4.2984e+00 -1.1701e+00 -4.4751e-02 +2.7650e+00 +9.5898e-01 -1.4764e+00 -1.7999e+00
15 0 +4.317276394e+01 +9.056276394e+01 +9.056276394e+01 +2.5888e+00 +2.5153e+00 +1.6541e+00 +4.3997e+00 -3.7434e-01 -2.7501e+00 -5.6348e-01 +3.2033e+00 -4.0890e-01 +1.2215e-01
36 0 +3.622498013e+01 +8.361498013e+01 +8.361498013e+01 +2.7981e+00 -4.3610e+00 -2.1172e+00 -1.4103e+00 -2.8576e+00 -4.8533e+00 -1.1997e+00 +3.1608e-01 -3.8423e+00 +2.1649e+00
58 0 +3.457919950e+01 +8.196919950e+01 +8.196919950e+01 -4.2693e-03 +7.1476e-01 -1.5995e+00 +2.1803e+00 -4.6507e-01 +2.9601e-01 +1.6096e+00 +3.7270e+00 -1.2479e+00 -1.0795e+00
59 0 +2.885772166e+01 +7.624772166e+01 +7.624772166e+01 +5.7225e-01 +1.1151e+00 -8.7615e-01 +2.6738e+00 -4.4490e-01 -3.8122e-01 +1.1265e+00 +3.6106e+00 -1.0614e+00 -8.1231e-01
102 0 +2.702241045e+01 +7.441241045e+01 +7.441241045e+01 +4.4622e-01 +1.0276e+00 -1.0343e+00 +2.5659e+00 -4.4931e-01 -2.3317e-01 +1.2321e+00 +3.6361e+00 -1.1021e+00 -8.7071e-01
209 0 +2.035385602e+01 +6.774385602e+01 +6.774385602e+01 +6.3968e-01 +9.4917e-01 -9.1375e-01 +2.5500e+00 -5.1799e-01 -5.1670e-01 +1.0560e+00 +3.5108e+00 -1.1456e+00 -7.2212e-01
304 0 +1.770944523e+01 +6.509944523e+01 +6.509944523e+01 +7.6103e-01 +6.2260e-01 -9.9751e-01 +2.3035e+00 -6.5948e-01 -7.6793e-01 +9.2734e-01 +3.3198e+00 -1.3112e+00 -5.5204e-01
353 0 +1.388059190e+01 +6.127059190e+01 +6.127059190e+01 +7.7965e-01 +5.6547e-01 -1.0033e+00 +2.2574e+00 -6.7884e-01 -8.3242e-01 +8.9910e-01 +3.2784e+00 -1.3359e+00 -5.0772e-01
507 0 +1.379640741e+01 +6.118640741e+01 +6.118640741e+01 +7.8073e-01 +5.6264e-01 -1.0040e+00 +2.2553e+00 -6.8009e-01 -8.3459e-01 +8.9797e-01 +3.2767e+00 -1.3373e+00 -5.0626e-01
756 0 +1.337232993e+01 +6.076232993e+01 +6.076232993e+01 +7.8989e-01 +5.3874e-01 -1.0101e+00 +2.2374e+00 -6.9058e-01 -8.5292e-01 +8.8846e-01 +3.2628e+00 -1.3495e+00 -4.9392e-01
% f evaluations | g evaluations | best noise-free fitness - Fopt (-3.428900000000e+02) + sum g_i+ | measured fitness | best measured fitness or single-digit g-values | x1 | x2...
1 0 +6.327779747e+01 -2.796122025e+02 -2.796122025e+02 +4.5682e+00 +4.5557e+00 +2.5608e+00 -1.6303e+00 +2.7993e+00 -3.6551e+00 -2.5567e+00 -2.1572e-01 +1.4889e+00 +2.0524e+00
19 0 +5.306113093e+01 -2.898288691e+02 -2.898288691e+02 -3.6765e-01 -3.3073e-01 -3.5542e+00 -1.0162e+00 -1.6120e+00 -3.7567e+00 +4.8390e-03 +3.2074e+00 -6.7833e-01 +1.2057e+00
40 0 +4.734254839e+01 -2.955474516e+02 -2.955474516e+02 -5.6529e-01 -2.0664e+00 -7.3329e-01 -1.5233e+00 +2.3985e+00 +1.3993e+00 -3.5877e-01 +7.2541e-01 -1.7254e+00 -2.4922e+00
42 0 +3.629408272e+01 -3.065959173e+02 -3.065959173e+02 +1.6803e+00 -7.5228e-01 -6.1505e-01 -4.1495e+00 +9.5704e-01 -1.0425e+00 +3.4514e+00 -1.2466e+00 +3.8761e+00 -1.7519e+00
159 0 +3.532030851e+01 -3.075696915e+02 -3.075696915e+02 +1.4841e+00 -8.6709e-01 -6.2538e-01 -3.9201e+00 +1.0830e+00 -8.2916e-01 +3.1185e+00 -1.0743e+00 +3.3867e+00 -1.8166e+00
202 0 +2.742640550e+01 -3.154635945e+02 -3.154635945e+02 +1.2586e+00 -1.2727e+00 +1.4994e-01 -3.0100e+00 +8.5242e-02 -5.9289e-01 +2.1687e+00 -3.6853e-01 +3.8436e+00 -2.1304e+00
412 0 +2.553174296e+01 -3.173582570e+02 -3.173582570e+02 +1.4371e+00 -9.9918e-01 -3.2702e-01 -3.6181e+00 +4.2876e-01 -7.8147e-01 +2.8220e+00 -8.3899e-01 +3.6590e+00 -1.9236e+00
% f evaluations | g evaluations | best noise-free fitness - Fopt (9.102000000000e+01) + sum g_i+ | measured fitness | best measured fitness or single-digit g-values | x1 | x2...
1 0 +1.861181856e+02 +2.771381856e+02 +2.771381856e+02 +1.7044e+00 +5.8483e-01 -4.9260e+00 +2.1736e+00 +2.9475e+00 +3.3381e+00 +7.2465e-01 +2.3917e+00 -2.1480e+00 -4.7126e+00
3 0 +9.054633464e+01 +1.815663346e+02 +1.815663346e+02 -1.7656e+00 -4.6988e+00 +4.2143e+00 -4.8186e+00 -2.4481e+00 +9.1292e-01 +4.6685e+00 +1.6365e+00 -4.4188e+00 -1.8354e+00
4 0 +7.624602740e+01 +1.672660274e+02 +1.672660274e+02 -1.2857e-01 -3.3449e+00 -9.7644e-01 -2.2185e+00 -3.2804e+00 -3.3104e+00 -3.1548e+00 -1.4201e+00 +3.9564e+00 -4.7090e+00
6 0 +6.974858624e+01 +1.607685862e+02 +1.607685862e+02 +1.9655e+00 -3.8312e+00 +2.4094e+00 +4.2451e+00 +6.7696e-01 -4.2288e+00 -4.5420e+00 +4.8230e+00 +1.3612e+00 -3.6641e-01
8 0 +6.791805880e+01 +1.589380588e+02 +1.589380588e+02 +5.2053e-01 -1.4357e+00 +3.7226e+00 +2.6634e+00 -4.9865e+00 -1.8633e+00 +3.0601e-01 +3.8758e+00 +3.7071e+00 +1.9766e+00
10 0 +6.275814738e+01 +1.537781474e+02 +1.537781474e+02 +2.5824e+00 -1.9172e+00 -6.2705e-02 -3.6600e+00 +1.6375e+00 -7.4814e-01 -1.9406e+00 +1.7749e-01 +1.6807e+00 -3.6263e+00
13 0 +3.639919931e+01 +1.274191993e+02 +1.274191993e+02 +2.8774e+00 +4.1656e+00 +1.8484e+00 -3.0520e+00 -2.4422e+00 -2.6815e+00 -2.2908e+00 -2.9724e+00 +2.5076e-01 -3.6489e-01
54 0 +3.494086028e+01 +1.259608603e+02 +1.259608603e+02 +2.2042e+00 +1.1247e+00 +1.6661e+00 -1.5494e+00 -2.3270e+00 +2.8739e+00 -2.9078e+00 -2.6087e-01 -2.2017e+00 -1.2807e+00
58 0 +2.690683808e+01 +1.179268381e+02 +1.179268381e+02 +3.4386e-01 -3.3650e+00 +1.6374e+00 -4.7619e-01 +1.0016e+00 -4.5619e-01 -2.4179e+00 +2.0547e+00 -1.2227e+00 +1.1008e+00
105 0 +1.727944221e+01 +1.082994422e+02 +1.082994422e+02 +1.1902e+00 +1.5621e+00 +1.1201e+00 -1.5973e+00 -2.8844e+00 +8.3256e-01 -2.4021e+00 +1.0042e-01 -3.0078e-01 -9.3642e-01
258 0 +1.692959240e+01 +1.079495924e+02 +1.079495924e+02 +1.9103e+00 -1.4010e+00 +2.8181e+00 -1.7158e+00 -1.6423e+00 +9.2076e-01 -3.1715e+00 -1.9620e+00 -1.7284e-01 -9.4110e-01
306 0 +1.461715356e+01 +1.056371536e+02 +1.056371536e+02 +1.6881e+00 -1.4062e+00 +2.3627e+00 -1.5204e+00 -1.1762e+00 +9.0835e-01 -2.9648e+00 -9.3624e-01 -6.0393e-01 -6.9353e-01
307 0 +1.105230295e+01 +1.020723029e+02 +1.020723029e+02 +1.4829e+00 -1.0673e+00 +1.9024e+00 -1.2277e+00 -9.5665e-01 +1.2170e+00 -2.7856e+00 +1.7416e-01 -1.3564e+00 -3.8320e-01
611 0 +9.597265991e+00 +1.006172660e+02 +1.006172660e+02 +1.5816e+00 -8.7848e-02 +2.1144e+00 -1.3421e+00 -1.1118e+00 +1.1438e+00 -2.8745e+00 -3.2145e-01 -1.0779e+00 -5.1323e-01
1006 0 +9.497914129e+00 +1.005179141e+02 +1.005179141e+02 +1.5816e+00 -8.0313e-02 +2.1144e+00 -1.3421e+00 -1.1118e+00 +1.1438e+00 -2.8745e+00 -3.2145e-01 -1.0779e+00 -5.1323e-01
% f evaluations | g evaluations | best noise-free fitness - Fopt (7.324200000000e+02) + sum g_i+ | measured fitness | best measured fitness or single-digit g-values | x1 | x2...
1 0 +1.563808659e+02 +8.888008659e+02 +8.888008659e+02 +8.7402e-01 +1.2277e+00 +7.1472e-01 -4.6164e+00 +4.3407e+00 +3.0151e+00 -8.6728e-01 +3.3324e+00 +9.9811e-01 +2.9998e+00
2 0 +5.086927972e+01 +7.832892797e+02 +7.832892797e+02 -3.5514e+00 -6.8138e-01 -7.6323e-01 -2.5522e+00 +2.5332e-01 +9.0112e-01 -4.8269e-01 -1.2579e+00 +2.5227e+00 +3.1885e+00
27 0 +3.813464640e+01 +7.705546464e+02 +7.705546464e+02 +2.3076e-01 +3.8139e+00 +9.5495e-01 +1.1560e+00 -2.6204e+00 +1.4923e+00 +4.8746e+00 +7.9255e-01 -2.0520e+00 +4.0249e+00
52 0 +3.278830927e+01 +7.652083093e+02 +7.652083093e+02 +2.5083e-01 +3.8605e+00 +9.3294e-01 +7.5563e-01 -2.6943e+00 +1.5497e+00 +4.5902e+00 +8.3346e-01 -1.8539e+00 +3.5468e+00
57 0 +2.761228324e+01 +7.600322832e+02 +7.600322832e+02 -2.0548e+00 +4.0606e+00 +5.1684e-01 +2.3807e-01 -7.5114e-01 +1.4023e+00 +1.2739e+00 +1.1564e+00 +2.2127e+00 -2.1621e+00
253 0 +2.320070407e+01 +7.556207041e+02 +7.556207041e+02 -1.5883e+00 +2.7086e+00 +3.1315e-01 +2.8818e-01 -1.1813e+00 +1.1760e+00 +2.3249e+00 +4.5722e-01 -7.4359e-02 +1.5176e+00
713 0 +2.246575161e+01 +7.548857516e+02 +7.548857516e+02 -1.5883e+00 +2.7086e+00 +3.1315e-01 +2.8818e-01 -1.1813e+00 +1.1760e+00 +2.3249e+00 +4.5722e-01 -7.4359e-02 +2.2071e-01
752 0 +2.042155619e+01 +7.528415562e+02 +7.528415562e+02 -1.5883e+00 +2.7086e+00 +3.1315e-01 +2.8818e-01 -1.1813e+00 +1.1760e+00 +2.3249e+00 +4.5722e-01 -7.4359e-02 +6.4678e-01
754 0 +1.969814537e+01 +7.521181454e+02 +7.521181454e+02 -1.5883e+00 +2.7086e+00 +3.1315e-01 +2.8818e-01 -1.1813e+00 +1.1760e+00 +2.3249e+00 +4.5722e-01 -7.4359e-02 +8.1776e-01
853 0 +1.827378758e+01 +7.506937876e+02 +7.506937876e+02 -1.5883e+00 +2.7086e+00 +3.1315e-01 +2.8818e-01 -1.1813e+00 +1.1760e+00 +2.3249e+00 +4.5722e-01 -7.4359e-02 +7.4296e-01
% f evaluations | g evaluations | best noise-free fitness - Fopt (3.542000000000e+01) + sum g_i+ | measured fitness | best measured fitness or single-digit g-values | x1 | x2...
1 0 +2.109527443e+02 +2.463727443e+02 +2.463727443e+02 +3.9251e+00 +4.6372e+00 -2.5405e+00 +2.8241e+00 +2.5603e+00 -3.1336e+00 +4.6613e+00 -2.0392e+00 -1.4689e-01 +2.6316e+00
3 0 +1.783111811e+02 +2.137311811e+02 +2.137311811e+02 -2.8891e+00 -1.7208e+00 +5.4423e-01 -8.9807e-01 -2.0768e+00 -3.6248e+00 +1.7673e-02 -3.0833e+00 +1.9474e+00 +1.6983e+00
4 0 +1.293628415e+02 +1.647828415e+02 +1.647828415e+02 +8.3206e-01 -4.9948e+00 +2.6996e+00 +8.5440e-01 +4.4958e-01 +1.8840e-01 -6.2051e-01 +5.5892e-01 -4.9642e+00 +2.8816e+00
5 0 +1.252350588e+02 +1.606550588e+02 +1.606550588e+02 -1.9712e+00 +3.8230e-02 -4.5119e+00 -3.9472e+00 -3.9277e+00 -2.1341e-01 -4.6583e+00 -4.2610e+00 +1.4670e+00 -3.7067e+00
8 0 +7.738324181e+01 +1.128032418e+02 +1.128032418e+02 -1.3375e+00 -1.0031e+00 +3.4458e+00 +2.3164e+00 +2.7336e+00 +2.4345e+00 -2.4320e+00 +8.6203e-02 -1.5001e+00 +3.3673e+00
38 0 +5.974660440e+01 +9.516660440e+01 +9.516660440e+01 -1.6800e+00 -3.9292e-01 -3.9760e+00 -2.5846e+00 +4.9568e+00 +4.8479e+00 -3.4431e-01 -1.4820e+00 +1.9368e+00 +3.6744e+00
40 0 +3.720990617e+01 +7.262990617e+01 +7.262990617e+01 -4.4069e-02 -4.6518e+00 +9.1857e-01 +2.7603e+00 +3.0687e+00 +2.9478e+00 -2.6667e+00 -3.8689e+00 +1.7481e+00 +2.6526e-01
45 0 +3.456438952e+01 +6.998438952e+01 +6.998438952e+01 +1.5214e+00 -1.8886e+00 +1.3675e+00 +1.5638e+00 +1.4723e+00 +9.2409e-01 -1.7358e+00 -2.6772e+00 -9.0330e-01 -9.5257e-01
159 0 +3.283031597e+01 +6.825031597e+01 +6.825031597e+01 +1.5107e+00 -1.9074e+00 +1.3645e+00 +1.5719e+00 +1.4832e+00 +9.3786e-01 -1.7421e+00 -2.6853e+00 -8.8526e-01 -9.4428e-01
202 0 +3.048717600e+01 +6.590717600e+01 +6.590717600e+01 +1.6760e-01 -3.8415e+00 +7.1606e-01 +2.1571e+00 +2.3693e+00 +2.3692e+00 -2.5865e+00 -3.6498e+00 +1.1983e+00 -1.9465e-01
353 0 +2.544163651e+01 +6.086163651e+01 +6.086163651e+01 +1.3806e-01 -3.9546e+00 +7.4432e-01 +2.2413e+00 +2.4669e+00 +2.4499e+00 -2.5977e+00 -3.6804e+00 +1.2750e+00 -1.3047e-01
503 0 +2.318908281e+01 +5.860908281e+01 +5.860908281e+01 +1.8280e-01 -3.8698e+00 +7.6769e-01 +2.2253e+00 +2.4478e+00 +2.4141e+00 -2.5501e+00 -3.6295e+00 +1.2030e+00 -1.4511e-01
752 0 +2.169596289e+01 +5.711596289e+01 +5.711596289e+01 +5.0094e-01 -3.3921e+00 +8.9646e-01 +2.0436e+00 +2.1841e+00 +1.9431e+00 -2.3726e+00 -3.4133e+00 +6.9462e-01 -3.5934e-01
804 0 +1.927876092e+01 +5.469876092e+01 +5.469876092e+01 +3.6921e-01 -3.5863e+00 +8.3508e-01 +2.1051e+00 +2.2757e+00 +2.1794e+00 -2.4556e+00 -3.5091e+00 +8.0506e-01 -2.8291e-01
953 0 +1.854240511e+01 +5.396240511e+01 +5.396240511e+01 +3.6491e-01 -3.5926e+00 +8.3307e-01 +2.1071e+00 +2.2787e+00 +2.1758e+00 -2.4583e+00 -3.5122e+00 +8.0962e-01 -2.8044e-01
1011 0 +1.804521167e+01 +5.346521167e+01 +5.346521167e+01 +3.8214e-01 -3.5702e+00 +8.4291e-01 +2.1021e+00 +2.2700e+00 +2.1521e+00 -2.4471e+00 -3.5001e+00 +4.0656e-01 -2.8839e-01
