% f evaluations | g evaluations | best noise-free fitness - Fopt (7.135000000000e+01) + sum g_i+ | measured fitness | best measured fitness or single-digit g-values | x1 | x2...
1 0 +5.986097165e+01 +1.312109716e+02 +1.312109716e+02 +2.9030e+00 -2.3085e+00 +9.1271e-01 +4.1970e+00 +3.1741e+00 +7.1682e-01 +2.0250e+00 +4.4974e+00 -2.4272e+00 -7.3846e-01
5 0 +3.968554189e+01 +1.110355419e+02 +1.110355419e+02 -3.9648e+00 -2.2548e+00 -3.7602e+00 +4.3412e+00 -1.6366e+00 -9.6007e-02 +3.5063e+00 -3.0644e+00 -1.1842e+00 +3.7316e+00
17 0 +3.489140048e+01 +1.062414005e+02 +1.062414005e+02 +6.7353e-01 +1.1699e-01 +2.1018e+00 -2.0244e+00 -4.2315e+00 -3.0245e+00 +3.5475e+00 -3.4936e+00 +2.9309e+00 +4.3013e+00
45 0 +3.356105014e+01 +1.049110501e+02 +1.049110501e+02 -2.1999e+00 -2.9797e+00 +2.7017e+00 +4.8119e+00 -4.7973e+00 -2.3054e+00 +2.0245e+00 +1.9549e+00 +2.8714e+00 -3.9013e+00
161 0 +3.099099292e+01 +1.023409929e+02 +1.023409929e+02 -1.4077e+00 -2.8873e+00 +2.6838e+00 +4.6081e+00 -4.7805e+00 -2.3268e+00 +2.0699e+00 +1.7924e+00 +2.8732e+00 -3.6567e+00
414 0 +2.472902700e+01 +9.607902700e+01 +9.607902700e+01 -1.6453e+00 -2.9797e+00 +2.7017e+00 +4.8119e+00 -4.7973e+00 -7.8261e-01 +8.1168e-01 +1.9549e+00 +2.8714e+00 -3.9013e+00
% f evaluations | g evaluations | best noise-free fitness - Fopt (-3.552200000000e+02) + sum g_i+ | measured fitness | best measured fitness or single-digit g-values | x1 | x2...
1 0 +7.775946240e+01 -2.774605376e+02 -2.774605376e+02 +4.7596e-01 -4.8753e+00 -4.3182e+00 +4.6521e+00 +2.6866e+00 +2.1164e+00 -1.3492e+00 +2.8653e+00 +1.1641e+00 -4.6248e+00
2 0 +7.523104045e+01 -2.799889595e+02 -2.799889595e+02 +3.7058e+00 -1.7285e+00 +3.9412e+00 +2.7263e+00 -8.7613e-01 +1.2394e+00 -3.9578e+00 +1.1513e+00 -2.3505e+00 +3.0735e+00
3 0 +7.194779107e+01 -2.832722089e+02 -2.832722089e+02 -1.3988e+00 +2.3689e-01 +1.3102e+00 +4.2340e+00 -4.5461e+00 -4.2559e+00 -7.0085e-01 -1.1618e+00 -2.7869e+00 -2.2608e+00
7 0 +2.333198818e+01 -3.318880118e+02 -3.318880118e+02 -5.0787e-01 -3.8624e+00 -3.3444e+00 -3.2922e+00 -4.7158e+00 +1.8657e+00 -1.4931e+00 -2.7673e+00 -3.4798e+00 -4.3567e+00
257 0 +2.272277553e+01 -3.324972245e+02 -3.324972245e+02 +4.0613e-01 +1.1244e+00 -3.6141e-01 -3.6526e+00 +1.0331e-01 +1.3655e+00 -2.3444e+00 +4.8644e-01 +1.6700e+00 -1.0267e+00
258 0 +2.045510908e+01 -3.347648909e+02 -3.347648909e+02 +1.3090e+00 +1.6689e+00 -1.0472e+00 -2.6500e+00 -7.9033e-02 +2.6683e-01 -1.4739e+00 -1.1847e+00 -5.7206e-01 +7.7598e-01
759 0 +1.856903008e+01 -3.366509699e+02 -3.366509699e+02 +1.1607e+00 -1.7982e-01 -2.6783e+00 -2.7629e+00 -1.9593e+00 -5.8050e-01 -9.7964e-01 -6.8243e-01 -1.6655e+00 -9.6267e-01
% f evaluations | g evaluations | best noise-free fitness - Fopt (9.917000000000e+01) + sum g_i+ | measured fitness | best measured fitness or single-digit g-values | x1 | x2...
1 0 +6.349105343e+01 +1.626610534e+02 +1.626610534e+02 +3.1410e+00 -4.0927e+00 -1.8675e+00 +1.4106e+00 -7.4777e-01 -1.3769e+00 -5.3223e-01 -4.1012e+00 +2.0618e+00 +1.4215e+00
8 0 +5.236671873e+01 +1.515367187e+02 +1.515367187e+02 +2.5135e+00 -9.8449e-01 +4.5256e+00 +1.0096e+00 +3.5584e+00 -1.2272e+00 -1.0142e+00 +2.0423e+00 -2.4946e+00 +1.9735e+00
13 0 +4.792447284e+01 +1.470944728e+02 +1.470944728e+02 -3.9088e+00 +4.2409e+00 -2.0691e-01 +1.7914e+00 -1.3165e+00 -1.5059e+00 -2.1386e+00 -6.6314e-01 -8.0368e-01 +2.7666e-01
16 0 +3.894635916e+01 +1.381163592e+02 +1.381163592e+02 -3.1528e+00 +4.1857e+00 -3.7598e+00 -5.8373e-01 +3.3159e+00 +5.6412e-02 +4.0892e+00 +1.6215e+00 -1.9301e+00 +4.6680e+00
20 0 +1.665238720e+01 +1.158223872e+02 +1.158223872e+02 -2.5567e+00 +4.6427e+00 -3.9834e+00 +1.3886e+00 -1.1556e+00 -2.4968e+00 +3.5392e+00 -4.8342e+00 +2.7461e+00 -4.2784e+00
% f evaluations | g evaluations | best noise-free fitness - Fopt (-5.179100000000e+02) + sum g_i+ | measured fitness | best measured fitness or single-digit g-values | x1 | x2...
1 0 +7.150423427e+01 -4.464057657e+02 -4.464057657e+02 -2.2448e+00 +3.9688e+00 -6.6570e-01 -1.0763e+00 +3.0265e+00 +1.3823e+00 +3.1167e+00 +3.5069e+00 -2.3761e-01 -4.4142e+00
2 0 +7.012990959e+01 -4.477800904e+02 -4.477800904e+02 +1.6065e+00 -4.2327e+00 -1.6666e+00 -1.5285e+00 +2.1361e+00 -2.6317e+00 +3.6584e+00 +5.6920e-01 +4.4405e+00 +4.2738e+00
4 0 +5.342168717e+01 -4.644883128e+02 -4.644883128e+02 +1.2801e+00 +4.0753e+00 +4.0865e+00 -4.3111e+00 -2.4801e+00 +1.1714e+00 -2.0411e+00 +3.2428e+00 +2.2558e+00 +4.7874e-01
16 0 +4.413934723e+01 -4.737706528e+02 -4.737706528e+02 +4.4627e+00 +3.4431e+00 +2.5010e+00 -2.0516e+00 +3.9850e+00 -2.8551e-01 +1.9364e+00 -2.5502e-01 -3.0525e+00 +4.4858e+00
17 0 +3.859003486e+01 -4.793199651e+02 -4.793199651e+02 +3.9871e+00 +4.3527e+00 -3.3901e+00 +2.3468e+00 +1.4806e+00 +1.8480e+00 +1.3454e+00 +4.5522e+00 +4.2648e+00 +9.3817e-01
27 0 +3.146989957e+01 -4.864401004e+02 -4.864401004e+02 -4.5520e+00 -4.6163e+00 +4.3033e+00 +2.6582e+00 +4.1499e+00 -2.5480e+00 -4.5681e+00 -4.3400e+00 +1.5962e+00 +3.6590e+00
54 0 +2.793183929e+01 -4.899781607e+02 -4.899781607e+02 +3.8532e+00 -1.2752e+00 -2.0034e+00 +8.4406e-01 -2.7967e+00 +2.0601e+00 +4.2943e+00 +2.4645e+00 +3.3712e+00 +2.0649e+00
57 0 +2.570247312e+01 -4.922075269e+02 -4.922075269e+02 -7.7820e-01 +3.5861e+00 +7.9049e-01 +2.4344e+00 -1.2998e+00 -3.9506e-01 +2.1964e-01 +9.8079e-01 +3.9630e+00 -8.9802e-01
412 0 +2.408149900e+01 -4.938285010e+02 -4.938285010e+02 -4.5520e+00 -4.6163e+00 +4.3033e+00 +2.6582e+00 +4.1499e+00 -2.5480e+00 -4.5681e+00 -4.3400e+00 +1.3120e+00 +3.6590e+00
% f evaluations | g evaluations | best noise-free fitness - Fopt (-5.721000000000e+01) + sum g_i+ | measured fitness | best measured fitness or single-digit g-values | x1 | x2...
1 0 +8.762551288e+01 +3.041551288e+01 +3.041551288e+01 -8.3862e-01 +3.9439e+00 -1.6690e+00 +2.5864e+00 +1.8730e+00 -4.6054e+00 +4.7395e+00 -3.2513e+00 +2.1446e+00 +4.9714e+00
4 0 +4.977039283e+01 -7.439607170e+00 -7.439607170e+00 +2.8747e+00 -4.7127e-01 +1.8772e+00 +1.4951e+00 +5.5642e-01 -1.8551e+00 -2.7978e+00 +1.6859e+00 -7.0476e-02 -4.7692e+00
6 0 +4.145460189e+01 -1.575539811e+01 -1.575539811e+01 +2.6529e+00 -2.9861e+00 +2.0859e+00 +4.6835e+00 -4.1845e-01 +1.6539e+00 +4.6852e-01 -2.2999e+00 -2.1389e+00 -4.8525e+00
14 0 +3.815103504e+01 -1.905896496e+01 -1.905896496e+01 +4.3367e-01 -1.3451e+00 +2.9290e+00 +4.0262e+00 -2.9962e+00 -6.4340e-01 +3.6860e+00 +2.5134e+00 -2.1557e+00 -3.5383e+00
35 0 +3.076794451e+01 -2.644205549e+01 -2.644205549e+01 +4.6215e+00 +4.1479e+00 +3.2301e-02 -1.8830e+00 -4.8984e+00 -2.2271e+00 +4.2105e+00 +8.7415e-01 +3.4049e+00 +2.2638e+00
408 0 +2.703228776e+01 -3.017771224e+01 -3.017771224e+01 +1.5760e+00 +1.4323e+00 +1.5911e+00 -2.9427e+00 +2.8932e-01 -8.8183e-01 +4.8991e-01 +3.7529e+00 -5.2496e-01 -2.6823e+00
756 0 +2.390461275e+01 -3.330538725e+01 -3.330538725e+01 +4.5643e+00 +4.0933e+00 +6.6241e-02 -1.8787e+00 -4.8488e+00 -2.2123e+00 +4.1815e+00 +8.8251e-01 +3.3483e+00 +2.2209e+00
% f evaluations | g evaluations | best noise-free fitness - Fopt (6.626000000000e+01) + sum g_i+ | measured fitness | best measured fitness or single-digit g-values | x1 | x2...
1 0 +9.634361682e+01 +1.626036168e+02 +1.626036168e+02 -5.4212e-01 -5.3822e-02 +2.7041e+00 +4.4427e-01 -4.8043e+00 -3.8678e+00 +2.1190e+00 +3.4460e+00 +3.7821e+00 -2.2959e+00
2 0 +4.746944729e+01 +1.137294473e+02 +1.137294473e+02 -4.5803e+00 +1.7098e+00 +3.4667e+00 -2.5078e-01 -4.2734e+00 +4.5833e+00 +4.5016e-01 -9.7399e-01 -2.2748e+00 -2.1749e+00
13 0 +4.302252035e+01 +1.092825204e+02 +1.092825204e+02 +2.5654e+00 -4.4134e+00 -1.2258e+00 -6.5669e-01 -5.6002e-01 +1.5656e+00 +4.1904e+00 +4.2723e+00 -2.2883e+00 -2.2783e+00
21 0 +4.176330872e+01 +1.080233087e+02 +1.080233087e+02 +5.6568e-02 -3.9416e+00 -4.4182e+00 +4.9081e+00 -3.8591e+00 +6.1779e-01 -2.4099e+00 +3.6639e+00 -4.1742e+00 -2.5284e+00
27 0 +4.135959591e+01 +1.076195959e+02 +1.076195959e+02 +3.1603e+00 -2.6312e+00 +1.8971e+00 -8.6959e-02 -4.1872e+00 +1.0343e+00 -2.8171e+00 +1.6406e-01 +1.1680e+00 -4.8590e+00
32 0 +2.694095448e+01 +9.320095448e+01 +9.320095448e+01 -1.0307e+00 +3.6133e+00 -6.1046e-01 -3.0796e+00 +4.5897e+00 -6.9535e-01 -6.9286e-01 -5.6626e-01 +2.8831e+00 -1.5994e+00
102 0 +2.659301548e+01 +9.285301548e+01 +9.285301548e+01 -1.0171e+00 +3.5931e+00 -6.0784e-01 -3.0749e+00 +4.5794e+00 -6.9886e-01 -6.8597e-01 -5.7544e-01 +2.8683e+00 -1.5885e+00
205 0 +1.953115790e+01 +8.579115790e+01 +8.579115790e+01 -3.6860e-01 -2.9436e+00 -4.1630e+00 +3.3356e+00 -3.2200e+00 -1.1628e-01 -2.4129e+00 +3.0754e+00 -3.1559e+00 -1.6733e+00
208 0 +1.508009585e+01 +8.134009585e+01 +8.134009585e+01 -7.2681e-02 -3.6207e+00 -4.3417e+00 +4.3985e+00 -3.6677e+00 +3.7266e-01 -2.4201e+00 +3.4704e+00 -3.8442e+00 -2.2556e+00
% f evaluations | g evaluations | best noise-free fitness - Fopt (-1.386200000000e+02) + sum g_i+ | measured fitness | best measured fitness or single-digit g-values | x1 | x2...
1 0 +6.878985784e+01 -6.983014216e+01 -6.983014216e+01 +3.3948e+00 -3.8836e+00 +2.6671e+00 -2.2750e+00 -2.4154e+00 +2.1235e+00 +4.9886e+00 +2.3257e+00 +4.1272e+00 -1.4371e+00
4 0 +5.937362147e+01 -7.924637853e+01 -7.924637853e+01 -3.7348e+00 +5.2160e-02 +1.4270e+00 -1.2329e+00 +2.9998e+00 +1.1416e+00 +4.2817e-01 -2.2763e+00 -9.0733e-01 +1.5275e+00
6 0 +3.527941056e+01 -1.033405894e+02 -1.033405894e+02 +4.5953e+00 -4.4481e+00 -4.6003e+00 -2.4121e+00 -3.0462e+00 -2.9939e+00 +3.3818e+00 +1.3266e+00 -4.6026e+00 +9.5377e-01
41 0 +3.313363468e+01 -1.054863653e+02 -1.054863653e+02 -4.1503e+00 -4.3075e+00 +4.7333e+00 -1.9995e+00 -3.9009e+00 -2.8696e+00 +2.7852e+00 +1.2122e+00 -3.4640e+00 +3.9933e+00
53 0 +2.181826582e+01 -1.168017342e+02 -1.168017342e+02 -3.8970e-01 +1.8820e+00 +1.1056e+00 +3.3755e+00 -2.0964e+00 -8.2245e-01 -8.4244e-01 -1.3777e-01 +2.1406e+00 -1.8504e+00
% f evaluations | g evaluations | best noise-free fitness - Fopt (7.313900000000e+02) + sum g_i+ | measured fitness | best measured fitness or single-digit g-values | x1 | x2...
1 0 +6.267539160e+01 +7.940653916e+02 +7.940653916e+02 -3.9874e+00 -2.3186e+00 +3.5049e+00 -3.8842e+00 +1.8307e+00 -4.0214e+00 -4.7623e+00 -2.8458e-01 -3.9937e+00 +5.1826e-01
2 0 +5.069732109e+01 +7.820873211e+02 +7.820873211e+02 -2.0762e+00 +1.0197e+00 +2.1408e+00 -4.2064e+00 +4.6424e+00 +2.2645e+00 -1.7478e+00 -1.6421e+00 +1.4466e+00 +4.2921e+00
4 0 +3.331967739e+01 +7.647096774e+02 +7.647096774e+02 +4.8707e-01 -3.6698e+00 -3.8571e+00 +1.7842e-01 -1.7524e+00 -1.0831e+00 +1.0578e+00 -3.3432e+00 -3.3302e+00 -2.1944e-02
11 0 +3.163328494e+01 +7.630232849e+02 +7.630232849e+02 +3.2889e+00 -2.5770e+00 +4.7777e+00 +4.1800e+00 -1.2801e+00 -1.4090e+00 -1.4083e+00 +2.6055e+00 -3.8683e+00 +2.8355e+00
54 0 +2.583631611e+01 +7.572263161e+02 +7.572263161e+02 -2.1976e+00 -4.1951e-01 +7.9241e-03 -2.3174e+00 -6.0855e-01 -3.3893e+00 +2.0731e+00 +1.6209e+00 +3.1126e+00 -1.0624e+00
63 0 +2.129415417e+01 +7.526841542e+02 +7.526841542e+02 +1.0356e+00 +4.6557e+00 +3.4567e+00 -2.4194e+00 -4.8591e+00 -1.1332e-01 +2.4240e+00 -1.8665e+00 +2.9360e-01 -3.3073e-01
% f evaluations | g evaluations | best noise-free fitness - Fopt (7.526000000000e+01) + sum g_i+ | measured fitness | best measured fitness or single-digit g-values | x1 | x2...
1 0 +5.078402621e+01 +1.260440262e+02 +1.260440262e+02 +4.0333e+00 +4.7085e+00 +3.3969e+00 +4.7400e+00 +7.3822e-01 +3.8774e-01 -2.5353e+00 +8.7105e-02 -1.3638e-01 +5.4022e-01
5 0 +2.861509643e+01 +1.038750964e+02 +1.038750964e+02 +3.7707e+00 +3.6134e+00 -1.0522e+00 -1.3037e+00 +2.3048e+00 +2.0274e+00 -2.9910e+00 -4.6607e+00 +2.5210e-01 -2.1416e+00
60 0 +2.635121202e+01 +1.016112120e+02 +1.016112120e+02 -8.7837e-01 -3.4149e+00 +1.2272e+00 -2.1665e+00 -1.7435e+00 +1.2848e+00 -4.3186e+00 +3.1846e+00 +4.8947e-01 -2.9278e+00
209 0 +2.026885089e+01 +9.552885089e+01 +9.552885089e+01 +2.8216e+00 +3.1460e+00 +3.7899e-01 -3.6352e-01 +1.6173e+00 +1.3976e+00 -1.9082e+00 -2.6364e+00 +9.7862e-01 -7.2543e-01
% f evaluations | g evaluations | best noise-free fitness - Fopt (-4.913000000000e+01) + sum g_i+ | measured fitness | best measured fitness or single-digit g-values | x1 | x2...
1 0 +7.073648920e+01 +2.160648920e+01 +2.160648920e+01 +4.1047e+00 +1.8808e+00 -3.9325e+00 +7.9445e-01 -4.0765e+00 +3.0437e+00 +1.8649e+00 +4.0392e-01 -4.2368e+00 -2.8263e+00
2 0 +6.799454606e+01 +1.886454606e+01 +1.886454606e+01 +8.0838e-01 -2.3698e+00 -4.5593e-01 +4.4683e+00 -3.4445e+00 -4.1897e+00 +4.1769e+00 -3.8922e+00 -3.8901e+00 +3.4209e+00
3 0 +4.915102227e+01 +2.102226686e-02 +2.102226686e-02 +3.1679e+00 +3.5053e+00 +2.0672e+00 +4.1810e+00 -6.7243e-01 -2.9800e-01 +3.9991e-01 +6.9058e-01 +2.5963e+00 +1.9067e-01
4 0 +2.525938001e+01 -2.387061999e+01 -2.387061999e+01 -3.9686e+00 -8.9604e-02 +4.2633e+00 +2.1100e+00 +4.5291e+00 +6.1677e-01 -8.9633e-01 -3.8549e+00 +4.2129e+00 +4.6565e-01
211 0 +2.254097461e+01 -2.658902539e+01 -2.658902539e+01 -3.9686e+00 -2.1433e-02 +4.2633e+00 +2.1100e+00 +4.5291e+00 +6.1677e-01 -8.9633e-01 -3.8549e+00 +4.2129e+00 +4.6565e-01
362 0 +2.191351362e+01 -2.721648638e+01 -2.721648638e+01 -3.9686e+00 -9.5111e-03 +4.2633e+00 +2.1100e+00 +4.5291e+00 +6.1677e-01 -8.9633e-01 -3.8549e+00 +4.2129e+00 +4.6565e-01
% f evaluations | g evaluations | best noise-free fitness - Fopt (-1.418900000000e+02) + sum g_i+ | measured fitness | best measured fitness or single-digit g-values | x1 | x2...
1 0 +5.124308974e+01 -9.064691026e+01 -9.064691026e+01 +3.9752e+00 +2.8315e+00 -6.9835e-02 -2.3778e+00 +4.9985e+00 +5.9164e-01 -4.2661e+00 -4.9835e+00 +3.3035e-01 +1.4656e+00
8 0 +4.903846735e+01 -9.285153265e+01 -9.285153265e+01 -4.5323e+00 +1.6001e+00 -2.1747e+00 -4.7582e+00 +2.7980e+00 -1.4420e+00 -2.8799e+00 -1.1991e+00 +3.0498e+00 -2.2294e+00
19 0 +4.849596344e+01 -9.339403656e+01 -9.339403656e+01 +1.6327e+00 -4.0583e+00 +2.9945e+00 -3.8376e+00 +1.0871e+00 -4.7932e+00 -3.7543e+00 -3.8814e+00 +4.1084e+00 +2.3113e-01
29 0 +3.269927756e+01 -1.091907224e+02 -1.091907224e+02 +3.3514e+00 +1.4484e+00 -2.6072e+00 +9.6244e-01 -2.3190e+00 -1.6487e+00 -1.3777e+00 +3.0032e+00 -3.3662e+00 +2.5012e+00
46 0 +2.908243087e+01 -1.128075691e+02 -1.128075691e+02 -1.9638e+00 -2.6030e+00 +1.5680e+00 +2.1825e+00 +3.3608e+00 -1.5400e+00 +4.8211e+00 -8.5962e-01 +1.6632e+00 -1.3591e+00
161 0 +2.517485910e+01 -1.167151409e+02 -1.167151409e+02 -2.1739e-01 +8.6462e-01 -7.7438e-02 +1.0110e+00 +3.9157e+00 +8.5265e-01 +2.8072e-01 -2.2425e+00 +1.8094e+00 -4.3259e-01
409 0 +2.218537523e+01 -1.197046248e+02 -1.197046248e+02 -1.2337e+00 -2.0198e+00 +9.8159e-01 +1.2541e+00 +2.6549e+00 -1.4011e+00 +3.7261e+00 -5.4246e-01 +1.8413e+00 -7.0881e-01
804 0 +2.050473356e+01 -1.213852664e+02 -1.213852664e+02 -1.4601e+00 -2.1021e+00 +1.3319e+00 +1.6971e+00 +3.1870e+00 -1.2457e+00 +4.0935e+00 -7.8213e-01 +1.6789e+00 -1.1028e+00
% f evaluations | g evaluations | best noise-free fitness - Fopt (1.095700000000e+02) + sum g_i+ | measured fitness | best measured fitness or single-digit g-values | x1 | x2...
1 0 +7.708414243e+01 +1.866541424e+02 +1.866541424e+02 -8.9799e-01 +1.2350e+00 +3.8584e+00 -3.4034e-01 +4.0978e+00 +1.1352e+00 -2.4247e+00 +1.9239e+00 -1.7337e+00 +9.8959e-01
3 0 +7.012486313e+01 +1.796948631e+02 +1.796948631e+02 +9.8826e-02 +2.6767e+00 +3.0303e+00 +3.6705e+00 -3.9975e+00 -3.3556e+00 +6.7190e-01 +5.4258e-01 -2.5237e+00 +5.6657e-01
4 0 +6.725772788e+01 +1.768277279e+02 +1.768277279e+02 +3.9245e+00 +1.3438e+00 -2.2269e+00 +1.3130e+00 -9.1254e-01 -1.8569e+00 -1.2798e+00 +4.1072e+00 +8.3031e-01 -2.6107e+00
9 0 +6.409852312e+01 +1.736685231e+02 +1.736685231e+02 +1.9969e+00 +1.2675e+00 +2.5265e+00 +2.0437e+00 -2.5384e+00 -2.0557e+00 +3.2798e+00 -6.8520e-02 +1.1140e+00 +8.2926e-01
11 0 +4.367110233e+01 +1.532411023e+02 +1.532411023e+02 -5.8604e-01 +1.5842e+00 -3.7586e+00 +1.5502e-01 +7.2647e-01 -1.3219e+00 +2.8734e+00 -2.4368e+00 +2.5051e+00 -4.9979e+00
22 0 +3.648610969e+01 +1.460561097e+02 +1.460561097e+02 -3.1697e+00 -4.8351e-01 +4.2936e+00 -4.5758e+00 +4.3733e+00 +9.9680e-01 +3.5408e-01 -2.5866e+00 +4.4222e+00 +2.8216e+00
58 0 +2.888650108e+01 +1.384565011e+02 +1.384565011e+02 -8.1907e-01 +2.1327e+00 -2.0383e+00 +2.4615e+00 +1.3747e+00 +1.6239e+00 -3.3630e+00 +4.1638e+00 -2.6999e+00 +1.2072e+00
256 0 +2.765327823e+01 +1.372232782e+02 +1.372232782e+02 -3.1051e+00 -4.3469e-01 +4.2813e+00 -4.4555e+00 +4.3655e+00 +9.9513e-01 +2.7514e-01 -2.4585e+00 +4.2473e+00 +2.7696e+00
306 0 +2.294458279e+01 +1.325145828e+02 +1.325145828e+02 -2.8992e+00 -3.3098e-01 +4.1227e+00 -4.1539e+00 +3.8824e+00 +8.4871e-01 +2.7167e-01 -2.5601e+00 +3.9304e+00 +2.8061e+00
652 0 +2.239483587e+01 +1.319648359e+02 +1.319648359e+02 -2.9921e+00 -5.2602e-01 +4.2605e+00 -4.3974e+00 +4.1627e+00 +8.6626e-01 +2.3518e-01 -2.5929e+00 +4.1168e+00 +2.7191e+00
806 0 +2.114643685e+01 +1.307164369e+02 +1.307164369e+02 -7.7463e-01 -6.9848e-01 +3.9764e+00 -3.1138e+00 +2.6998e+00 +3.3906e-02 -3.9092e-01 -2.3469e+00 +2.2854e+00 +2.1449e+00
811 0 +1.843204743e+01 +1.280020474e+02 +1.280020474e+02 -3.1697e+00 -4.8351e-01 +3.7429e+00 -4.5758e+00 +4.3733e+00 +9.9680e-01 +3.5408e-01 -2.5866e+00 +4.4222e+00 +2.8216e+00
905 0 +1.455936258e+01 +1.241293626e+02 +1.241293626e+02 -2.8526e+00 -5.6235e-01 +4.2362e+00 -4.2593e+00 +3.9995e+00 +7.6304e-01 +1.4044e-01 -2.5983e+00 +3.8772e+00 +2.6366e+00
% f evaluations | g evaluations | best noise-free fitness - Fopt (7.836000000000e+01) + sum g_i+ | measured fitness | best measured fitness or single-digit g-values | x1 | x2...
1 0 +6.847072727e+01 +1.468307273e+02 +1.468307273e+02 -2.8211e+00 -8.9653e-01 -3.6511e+00 +3.5459e+00 +4.3294e-01 -1.6611e+00 -4.1195e+00 +2.6838e+00 +4.3728e-01 +4.3507e+00
13 0 +5.171028990e+01 +1.300702899e+02 +1.300702899e+02 +1.2992e+00 +4.3861e+00 -1.0636e+00 -9.6704e-01 -2.0204e+00 +7.7342e-01 -1.5708e+00 -4.1844e+00 +4.1016e+00 -6.1952e-01
22 0 +4.825294657e+01 +1.266129466e+02 +1.266129466e+02 +3.0529e+00 -4.3123e+00 +5.8011e-01 +1.2776e+00 -1.1989e+00 -2.8309e+00 +4.5027e+00 +3.2531e+00 -4.2338e-01 -4.8983e+00
24 0 +4.637428620e+01 +1.247342862e+02 +1.247342862e+02 +1.5961e+00 +8.8995e-01 +3.3298e+00 -4.7036e+00 +4.7550e+00 -3.5512e+00 -2.0846e+00 +4.7759e-01 +2.4722e-01 -2.4809e+00
35 0 +4.080122538e+01 +1.191612254e+02 +1.191612254e+02 -6.8639e-01 -4.6379e+00 +1.1451e-01 +9.0118e-02 +3.9686e+00 +1.9369e+00 -2.4888e+00 -5.2161e-01 +1.9753e+00 +4.4636e+00
36 0 +3.619122480e+01 +1.145512248e+02 +1.145512248e+02 -4.7658e+00 -1.2828e+00 +2.4157e+00 +3.7105e+00 +3.5751e+00 +6.1935e-01 +9.9768e-02 -3.0061e+00 +3.5262e+00 +3.2074e+00
42 0 +3.040015747e+01 +1.087601575e+02 +1.087601575e+02 -3.4389e-01 -1.5093e+00 -2.5137e+00 -1.9351e+00 -9.0872e-01 -4.1870e+00 +9.4932e-01 +4.5676e+00 +3.4722e+00 -3.0499e+00
455 0 +2.659882596e+01 +1.049588260e+02 +1.049588260e+02 +1.2213e-01 -6.6394e-01 -8.2225e-01 +1.1593e+00 +2.1815e+00 -9.5885e-02 -1.3941e+00 +8.9324e-01 +2.8226e+00 -9.6790e-01
762 0 +2.505927017e+01 +1.034192702e+02 +1.034192702e+02 -3.4389e-01 -1.5093e+00 -2.5137e+00 -1.7234e+00 -9.0872e-01 -4.1870e+00 +9.4932e-01 +4.5676e+00 +3.4722e+00 -3.0499e+00
% f evaluations | g evaluations | best noise-free fitness - Fopt (1.140900000000e+02) + sum g_i+ | measured fitness | best measured fitness or single-digit g-values | x1 | x2...
1 0 +6.534069862e+01 +1.794306986e+02 +1.794306986e+02 -3.2498e+00 -1.0171e+00 +2.0916e+00 -1.4552e+00 -2.2681e-01 +7.8294e-01 +4.5500e+00 -1.7762e+00 -1.9049e+00 -4.8719e+00
2 0 +5.208207249e+01 +1.661720725e+02 +1.661720725e+02 -9.1856e-01 -1.0449e+00 -3.3698e+00 +8.2428e-01 -4.2340e+00 -7.2922e-01 +2.3944e+00 -4.9993e+00 +4.0123e+00 -1.1730e+00
4 0 +4.975071353e+01 +1.638407135e+02 +1.638407135e+02 -1.9274e+00 -1.9945e+00 -2.5943e+00 -8.9269e-01 -3.8509e+00 -9.7113e-02 +2.2344e+00 -3.6186e+00 -4.8723e-01 +2.4083e+00
8 0 +4.177883529e+01 +1.558688353e+02 +1.558688353e+02 -1.8414e+00 +3.0905e+00 -2.9986e+00 +4.7298e+00 -3.2332e+00 +3.6797e+00 +5.6846e-01 -5.4515e-01 +6.0805e-01 +2.1110e+00
9 0 +4.130548286e+01 +1.553954829e+02 +1.553954829e+02 -1.0881e+00 +2.5407e-01 +4.2280e+00 -6.6900e-01 -3.0986e+00 -4.6866e+00 +3.1256e+00 -2.1635e+00 +2.5523e+00 +2.0952e-01
18 0 +2.793249347e+01 +1.420224935e+02 +1.420224935e+02 -3.2951e-01 +4.0171e+00 -2.9539e+00 -4.2771e+00 +3.9435e+00 +3.3258e+00 -4.5010e+00 +2.2556e+00 +1.7738e+00 +3.5910e+00
25 0 +2.161595486e+01 +1.357059549e+02 +1.357059549e+02 +2.4165e+00 -2.0769e+00 -2.2162e+00 -3.0560e+00 -2.2535e+00 -2.1440e+00 -8.1799e-02 -2.7624e+00 -2.8990e+00 +2.3657e+00
761 0 +2.120422225e+01 +1.352942222e+02 +1.352942222e+02 +1.8136e+00 -7.9317e-01 -1.0941e+00 -2.4999e+00 -2.2526e+00 +3.2192e-01 +1.6418e+00 -1.5432e+00 -1.9712e+00 +1.0991e+00
% f evaluations | g evaluations | best noise-free fitness - Fopt (-5.445900000000e+02) + sum g_i+ | measured fitness | best measured fitness or single-digit g-values | x1 | x2...
1 0 +1.139028097e+02 -4.306871903e+02 -4.306871903e+02 +3.9151e+00 -1.5934e+00 -2.4848e-01 +4.9994e-01 -4.2135e+00 -3.5808e+00 +4.9195e+00 -4.5479e+00 +3.5726e+00 +2.2367e+00
2 0 +9.388659898e+01 -4.507034010e+02 -4.507034010e+02 +1.9657e+00 +6.4403e-01 -3.8742e+00 +4.8426e+00 +4.2853e+00 +6.6190e-01 -3.5823e+00 +4.0398e+00 +4.0054e+00 -1.7576e+00
3 0 +5.418851754e+01 -4.904014825e+02 -4.904014825e+02 -2.6746e+00 -6.4248e-01 +6.0895e-01 +2.2788e+00 -1.0445e+00 -1.1885e+00 -4.6781e-02 -4.3074e+00 -4.5148e+00 +1.7466e+00
9 0 +4.353599542e+01 -5.010540046e+02 -5.010540046e+02 -4.2720e+00 -3.0031e+00 -1.0131e+00 -3.2156e+00 +2.9766e+00 -1.8537e-01 +4.3809e+00 -1.6931e+00 -1.8866e+00 +4.1178e-01
12 0 +2.751648071e+01 -5.170735193e+02 -5.170735193e+02 -6.5149e-01 +2.0810e+00 +1.6114e+00 +4.2893e-01 -4.1967e+00 +3.7903e+00 -4.1950e+00 -2.0215e+00 +3.7723e-01 -7.8422e-01
20 0 +1.942444374e+01 -5.251655563e+02 -5.251655563e+02 +2.2027e+00 -4.3406e+00 -2.0024e+00 +2.6074e+00 -2.5460e+00 +3.9659e+00 -2.6848e+00 -8.3812e-01 +1.7407e+00 +3.9526e-01
261 0 +1.888900776e+01 -5.257009922e+02 -5.257009922e+02 +2.1857e+00 -4.3406e+00 -2.0024e+00 +2.6074e+00 -2.5460e+00 +3.9659e+00 -2.6848e+00 -8.3812e-01 +1.7407e+00 +3.9526e-01
