% f evaluations | g evaluations | best noise-free fitness - Fopt (7.135000000000e+01) + sum g_i+ | measured fitness | best measured fitness or single-digit g-values | x1 | x2...
1 0 +5.376885228e+01 +1.251188523e+02 +1.251188523e+02 -3.6837e+00 +9.8021e-01 +3.0908e+00 -4.7713e+00 -9.6184e-01 -4.5912e+00 -2.9730e+00 -2.6083e+00 +1.9924e+00 +4.2404e+00 -1.5756e+00 +3.3589e+00 -1.0128e-01 -1.0730e+00 -1.9844e+00 -4.3709e+00 -3.3958e+00 -1.0872e+00 -1.2201e+00 -7.2990e-01
4 0 +4.784041127e+01 +1.191904113e+02 +1.191904113e+02 -3.6931e+00 -2.4288e+00 +1.5621e+00 +5.4020e-01 +1.9683e+00 -1.9773e+00 -4.4837e+00 -4.1530e+00 +3.5762e+00 -3.2246e+00 +4.1717e+00 -4.4113e+00 +1.7114e+00 -4.6470e+00 +4.4343e+00 -8.1591e-01 +1.3884e+00 -1.2420e+00 -1.8794e+00 +1.9071e+00
9 0 +4.512519693e+01 +1.164751969e+02 +1.164751969e+02 -7.8778e-01 -4.5780e+00 -3.2714e+00 +1.1683e+00 -6.0102e-01 +2.7403e-01 -2.3574e+00 -4.4118e+00 +1.4674e-01 -3.2427e-01 -1.0172e+00 -2.1287e+00 -1.2469e+00 -2.2112e+00 -1.8033e+00 +6.6752e-01 -1.5037e+00 -4.0433e+00 +3.3301e+00 -3.0457e+00
110 0 +4.378390128e+01 +1.151339013e+02 +1.151339013e+02 -3.6931e+00 -2.4288e+00 +1.5621e+00 +5.4020e-01 +1.6726e+00 -1.9773e+00 -4.4837e+00 -4.1530e+00 +3.5762e+00 -3.2246e+00 +4.1717e+00 -4.4113e+00 +1.7114e+00 -4.6470e+00 +3.6910e+00 -8.1591e-01 +1.3884e+00 -1.2420e+00 -1.8794e+00 +1.9071e+00
164 0 +3.895940523e+01 +1.103094052e+02 +1.103094052e+02 -5.9598e-01 -3.1675e+00 -7.7476e-01 -3.8180e+00 +8.5872e-01 +4.9513e+00 +2.4935e+00 -3.3241e+00 +1.8772e-01 -1.9349e+00 -3.8112e+00 -2.0435e+00 +4.9838e+00 +1.7157e+00 -3.8980e+00 -1.9599e+00 +3.3405e-01 -2.8527e+00 -2.0071e+00 -2.6409e+00
302 0 +3.057818336e+01 +1.019281834e+02 +1.019281834e+02 -5.0577e-01 -4.4227e+00 -2.8432e+00 +1.3972e+00 -3.6384e-01 +4.3241e-01 -2.2233e+00 -4.0784e+00 +1.9891e-01 -7.7133e-02 -8.4072e-01 -1.7369e+00 -1.3902e+00 -1.8938e+00 -1.5780e+00 +8.9636e-01 -1.3174e+00 -3.9087e+00 +3.1759e+00 -2.7756e+00
1052 0 +2.888975010e+01 +1.002397501e+02 +1.002397501e+02 -8.1096e-01 -4.4060e+00 -3.2148e+00 +1.0386e+00 -4.6575e-01 +4.2651e-01 -2.1319e+00 -4.2845e+00 +2.0505e-01 -3.7835e-01 -6.6351e-01 -2.1382e+00 -1.1772e+00 -1.7379e+00 -1.7090e+00 +6.6550e-01 -1.4346e+00 -3.8884e+00 +3.2103e+00 -2.9453e+00
1053 0 +2.394841803e+01 +9.529841803e+01 +9.529841803e+01 -8.0722e-01 -4.4337e+00 -3.2239e+00 +1.0595e+00 -4.8753e-01 +4.0195e-01 -2.1682e+00 -4.3050e+00 +1.9565e-01 -3.6964e-01 -7.2046e-01 -2.1366e+00 -1.1884e+00 -1.8142e+00 -1.7242e+00 +6.6582e-01 -1.4457e+00 -3.9134e+00 +3.2296e+00 -2.9614e+00
% f evaluations | g evaluations | best noise-free fitness - Fopt (-3.552200000000e+02) + sum g_i+ | measured fitness | best measured fitness or single-digit g-values | x1 | x2...
1 0 +9.626293407e+01 -2.589570659e+02 -2.589570659e+02 +2.2793e+00 +4.9752e+00 -4.0578e+00 +8.1689e-01 +3.7841e+00 -1.2246e+00 +3.9805e+00 -2.8818e+00 +4.5231e+00 +4.2488e+00 -3.9346e+00 -1.7693e+00 +8.8092e-01 +3.1458e+00 +4.2607e+00 -2.5016e+00 -2.9263e+00 -3.0389e+00 -3.6750e+00 +2.9365e+00
2 0 +8.046196672e+01 -2.747580333e+02 -2.747580333e+02 +1.9049e+00 -8.7564e-01 +2.9537e+00 -7.6958e-02 -3.8701e+00 -1.7884e+00 -1.1235e+00 +4.2113e+00 -1.8936e+00 -2.7346e+00 +3.8134e+00 +4.4507e+00 +4.1859e+00 +2.8973e+00 +2.8512e+00 +6.6333e-01 +3.4530e+00 +2.0399e+00 -2.0925e+00 +3.5022e+00
5 0 +6.218620216e+01 -2.930337978e+02 -2.930337978e+02 +1.1030e+00 -4.7352e+00 +3.1107e+00 +4.1255e+00 -2.3435e+00 +2.1985e-02 -3.6704e-01 -3.5219e+00 -3.7739e+00 -1.8768e+00 +4.2632e+00 +4.1038e+00 +3.8440e+00 +3.0293e+00 +1.4540e-01 +2.9807e+00 -1.2839e+00 -2.9006e+00 +2.3688e+00 -4.5892e+00
13 0 +6.079653664e+01 -2.944234634e+02 -2.944234634e+02 +3.7748e+00 -8.6440e-01 -1.8050e+00 -3.4310e+00 -6.2205e-01 -1.7356e+00 -1.2747e+00 +3.3096e+00 -2.7021e+00 +7.5411e-01 +3.5778e+00 -3.0104e+00 +4.4227e+00 -4.2723e-01 -1.3879e+00 +1.2616e+00 +9.0102e-02 -7.0483e-01 +3.3047e+00 -4.3247e+00
15 0 +4.907116959e+01 -3.061488304e+02 -3.061488304e+02 -9.6671e-01 -2.1568e+00 +4.9397e+00 +3.2422e+00 +2.1577e+00 +3.2876e+00 +3.7771e+00 +2.9298e+00 +1.5189e+00 +3.6628e+00 -4.5498e+00 -1.0899e+00 +2.4753e+00 -1.9656e+00 +3.2498e+00 +2.0305e+00 +4.7102e+00 -4.1669e+00 -1.5553e+00 -6.5217e-01
53 0 +4.603008693e+01 -3.091899131e+02 -3.091899131e+02 -3.6534e+00 +4.3277e+00 +3.3432e+00 -3.5036e+00 +2.3681e+00 -4.9843e-01 -2.3045e+00 -7.1545e-01 +1.9469e+00 +1.4890e+00 +3.3299e+00 -2.9380e+00 +4.5141e+00 -2.4306e+00 -5.6714e-01 +1.4145e+00 -2.6401e+00 -1.7557e+00 +4.9170e-01 -5.6242e-01
54 0 +4.286935938e+01 -3.123506406e+02 -3.123506406e+02 -3.9916e+00 -2.9094e+00 +1.1155e+00 +3.2061e-01 -4.3271e+00 -1.1381e+00 +4.1395e-02 -3.1882e+00 +2.3914e+00 -6.2583e-01 +3.7675e+00 +3.5200e+00 -3.2319e+00 -1.1726e+00 +3.8176e+00 +4.5516e+00 +9.7871e-01 +2.0604e+00 +3.9009e+00 -2.9733e+00
107 0 +3.784380981e+01 -3.173761902e+02 -3.173761902e+02 -3.3615e+00 -1.2559e+00 +1.4733e+00 -2.3575e+00 -7.3628e-01 +4.3365e+00 +3.3397e+00 +3.2140e+00 +1.8744e+00 -1.0826e+00 -4.8297e+00 +2.9317e+00 -9.8924e-01 -3.1457e+00 +5.5568e-01 -2.6413e-01 +3.0396e+00 +3.4863e-01 +2.6908e+00 +1.0940e+00
610 0 +3.674122040e+01 -3.184787796e+02 -3.184787796e+02 -1.0377e+00 -1.9557e+00 +4.8369e+00 +3.0763e+00 +2.0720e+00 +3.3186e+00 +3.7642e+00 +2.9382e+00 +2.6545e-01 +3.5222e+00 -4.5581e+00 -9.7067e-01 +2.3726e+00 -2.0006e+00 +3.1699e+00 +1.9625e+00 +4.6607e+00 -4.0331e+00 -1.4295e+00 -6.0042e-01
811 0 +3.380254384e+01 -3.214174562e+02 -3.214174562e+02 -9.6235e-01 -2.1255e+00 +4.8914e+00 +3.2249e+00 +2.1327e+00 +3.2789e+00 +3.7469e+00 +2.9037e+00 +6.7452e-01 +3.6217e+00 -4.5453e+00 -1.0894e+00 +2.4369e+00 -1.9466e+00 +3.0142e+00 +2.0247e+00 +4.6753e+00 -4.1518e+00 -1.5419e+00 -2.9159e-01
1012 0 +3.078843778e+01 -3.244315622e+02 -3.244315622e+02 -9.6235e-01 -2.1255e+00 +4.8914e+00 +3.2249e+00 +2.1327e+00 +3.2789e+00 +3.7469e+00 +2.4829e+00 +6.7452e-01 +3.6217e+00 -4.5453e+00 -1.0894e+00 +2.4369e+00 -1.9466e+00 +3.0142e+00 +2.0247e+00 +4.6753e+00 -4.1518e+00 -1.5419e+00 -2.9159e-01
1111 0 +2.975831063e+01 -3.254616894e+02 -3.254616894e+02 -1.0140e+00 -2.0632e+00 +4.8675e+00 +3.1297e+00 +2.0985e+00 +3.3078e+00 +3.7664e+00 +2.9337e+00 +9.7278e-01 +4.9850e-01 -4.5551e+00 -1.0099e+00 +2.4038e+00 -1.9878e+00 +3.1955e+00 +1.9845e+00 +4.6746e+00 -1.6075e+00 -1.2432e+00 -6.1800e-01
% f evaluations | g evaluations | best noise-free fitness - Fopt (9.917000000000e+01) + sum g_i+ | measured fitness | best measured fitness or single-digit g-values | x1 | x2...
1 0 +7.191368153e+01 +1.710836815e+02 +1.710836815e+02 -2.3638e+00 +2.8753e+00 -8.7469e-01 +4.3957e+00 +1.9047e+00 +4.7208e+00 -3.7619e+00 -3.0213e+00 -1.1608e+00 +4.7149e+00 +3.3005e+00 -8.3051e-01 -3.7459e+00 -1.6154e+00 +1.3431e+00 -2.0208e+00 +4.0618e+00 -3.3084e+00 -1.2650e+00 +7.0596e-01
5 0 +6.805477231e+01 +1.672247723e+02 +1.672247723e+02 -3.0367e+00 +6.1823e-01 -4.6890e+00 -4.2538e+00 -4.7615e+00 -3.7282e+00 -2.8362e+00 -2.1410e+00 -4.6687e-01 -4.2895e+00 -4.9668e+00 +2.2219e+00 -2.9083e+00 -3.3856e-01 -3.8650e+00 -3.2061e+00 -4.5395e+00 +4.2662e+00 +3.0118e+00 -4.2909e+00
6 0 +5.107194994e+01 +1.502419499e+02 +1.502419499e+02 +2.6628e+00 -3.9348e+00 -3.1972e+00 +7.5863e-01 -1.7386e+00 -3.2563e+00 -3.3107e+00 +2.6621e+00 -3.6538e+00 +3.7722e+00 +2.7185e+00 +4.3073e+00 -1.3232e+00 +8.3838e-01 +3.0801e+00 +9.2869e-01 -1.5982e+00 +4.0175e+00 +4.3047e+00 -7.1585e-02
20 0 +4.846750898e+01 +1.476375090e+02 +1.476375090e+02 +3.1254e+00 -4.6916e+00 -4.9385e+00 -1.1069e+00 +3.7986e+00 -2.9734e+00 -1.8229e+00 +4.9546e+00 +1.8578e+00 +3.2490e+00 -2.7908e-01 +3.6580e-01 +4.8706e+00 -2.9342e+00 -5.4119e-01 +1.3933e+00 -7.9833e-01 -1.3760e+00 -2.1225e+00 -3.6366e+00
26 0 +4.487030494e+01 +1.440403049e+02 +1.440403049e+02 -3.2261e-01 -1.1281e+00 +3.3796e+00 -2.6494e+00 +4.1809e+00 -1.2744e+00 +2.9020e+00 +2.8001e+00 -2.1504e-01 +1.4219e+00 +5.5027e-01 +3.2623e+00 -1.4758e+00 -1.3499e+00 -2.4720e+00 -2.3341e+00 +1.9322e+00 -1.1213e+00 +8.1831e-01 +4.9775e+00
164 0 +4.131043758e+01 +1.404804376e+02 +1.404804376e+02 +3.2678e+00 +4.4588e+00 +2.3149e+00 -1.1426e+00 -2.1534e+00 -6.5599e-01 +3.8283e+00 -3.6448e+00 -3.8629e+00 +1.0864e+00 +3.0966e+00 +3.0637e+00 +3.3839e+00 -3.2729e+00 +3.1840e+00 -1.1210e+00 +3.6203e+00 +3.7893e-01 -8.9617e-01 -1.7517e+00
253 0 +3.123944484e+01 +1.304094448e+02 +1.304094448e+02 +3.2320e+00 +4.3430e+00 +2.2960e+00 -1.0124e+00 -1.9410e+00 -4.7724e-01 +3.6464e+00 -3.4540e+00 -3.5446e+00 +1.0107e+00 +3.1096e+00 +2.8514e+00 +3.1539e+00 -3.1297e+00 +3.1152e+00 -9.5444e-01 +3.5006e+00 +1.9096e-01 -9.6558e-01 -1.8119e+00
307 0 +2.969456800e+01 +1.288645680e+02 +1.288645680e+02 +3.2201e+00 +4.1989e+00 +2.1697e+00 -1.0768e+00 -1.9600e+00 -5.2422e-01 +3.6340e+00 -3.4571e+00 -3.4123e+00 +9.4993e-01 +3.0781e+00 +2.8599e+00 +3.0077e+00 -3.0000e+00 +3.0106e+00 -9.8938e-01 +3.3678e+00 +2.2968e-01 -9.7025e-01 -1.8525e+00
808 0 +2.691646539e+01 +1.260864654e+02 +1.260864654e+02 -4.1617e-01 -7.1263e-01 +1.3253e+00 -1.9112e+00 +1.2738e+00 -2.2308e+00 +1.2878e+00 +4.9058e-01 +1.1871e-01 +1.2714e+00 +1.2368e+00 +3.3793e+00 -2.0987e+00 -1.0414e-01 -1.7288e+00 -2.7109e+00 +7.2253e-01 -9.2305e-01 +7.6337e-01 +2.3638e+00
% f evaluations | g evaluations | best noise-free fitness - Fopt (-5.179100000000e+02) + sum g_i+ | measured fitness | best measured fitness or single-digit g-values | x1 | x2...
1 0 +8.877869552e+01 -4.291313045e+02 -4.291313045e+02 -1.9657e-01 -4.2276e+00 -3.8170e+00 -2.8226e+00 +9.8016e-01 -4.6871e+00 +4.9820e+00 -1.1075e+00 -1.5978e+00 -1.8028e+00 +9.5142e-01 -2.6435e+00 +3.9074e+00 +1.2016e+00 +7.5669e-01 -1.5704e+00 +1.1998e+00 -9.6806e-01 +1.3216e+00 +4.5866e+00
2 0 +8.052995370e+01 -4.373800463e+02 -4.373800463e+02 -8.0489e-01 -9.9415e-01 +5.4025e-01 +1.5768e-01 +2.2212e+00 +1.0320e+00 +4.5864e+00 +1.0560e-01 +2.4387e-01 -2.3184e+00 +2.5528e+00 +2.9910e-01 -3.4797e+00 +4.9383e+00 -1.0860e-02 +3.3447e+00 +3.2901e+00 -5.6150e-01 +4.6231e+00 +3.7830e+00
5 0 +6.106347625e+01 -4.568465237e+02 -4.568465237e+02 +1.8455e+00 -1.8398e+00 +3.2571e+00 -1.6310e+00 -2.7285e-01 +2.7430e+00 -1.2977e+00 -7.6285e-01 +9.8044e-02 +4.9710e+00 -4.2531e+00 -3.4080e+00 +2.6806e+00 +2.3263e-01 +1.1656e+00 +4.7556e+00 +4.8460e+00 -3.9519e+00 +1.4538e+00 -2.2201e+00
20 0 +5.556071991e+01 -4.623492801e+02 -4.623492801e+02 -4.6964e+00 -3.9416e+00 -2.8174e+00 +4.7661e+00 +4.8623e+00 -5.1523e-01 +2.4360e+00 +6.3659e-01 -4.9374e+00 -3.5859e+00 -3.1927e+00 +7.9543e-01 -8.5367e-01 +2.0220e+00 -2.7675e-02 -4.6882e+00 +3.5265e+00 +4.9361e+00 +4.6934e+00 +2.7789e+00
21 0 +4.834878254e+01 -4.695612175e+02 -4.695612175e+02 -4.2095e+00 -1.4972e+00 +2.8218e+00 -1.4131e+00 -2.4670e+00 -1.2245e-01 -3.7821e+00 +1.1268e+00 -1.6653e-01 +4.7612e+00 -9.5250e-01 -4.3377e-01 +1.4525e+00 +4.8176e+00 +2.1265e+00 +1.5561e+00 +1.8208e+00 -4.3404e+00 +4.5255e+00 +3.8637e+00
39 0 +4.608614987e+01 -4.718238501e+02 -4.718238501e+02 +1.5987e-02 -3.9977e+00 +2.5938e+00 -1.0236e+00 -3.9565e+00 -9.2018e-01 +2.7516e+00 +4.2065e+00 +1.5699e+00 +1.5594e+00 -2.9183e+00 +1.5173e-02 +4.7728e+00 +2.7871e+00 -1.3549e+00 -2.0478e+00 +2.3251e+00 +3.0493e+00 +4.1462e+00 +2.8204e+00
105 0 +3.945396474e+01 -4.784560353e+02 -4.784560353e+02 -4.6378e+00 -3.9523e+00 -2.7973e+00 +4.5203e+00 +4.6416e+00 -5.2281e-01 +2.4009e+00 +4.9329e-01 -4.8833e+00 -3.5650e+00 -3.0507e+00 +8.8501e-01 -9.5219e-01 +2.0242e+00 -1.4956e-01 -4.5169e+00 +3.4379e+00 +4.7150e+00 +4.5297e+00 +2.7400e+00
358 0 +2.573799037e+01 -4.921720096e+02 -4.921720096e+02 -1.5427e+00 +1.2937e+00 -1.7621e+00 -1.4893e+00 -2.0086e+00 +1.4139e+00 -1.3072e+00 +5.1784e-01 +1.2722e+00 -2.6759e-01 -1.4068e-02 +1.7307e+00 +9.4057e-01 +9.6176e-02 +1.0730e+00 +4.2327e-01 +1.8386e-01 +1.7769e+00 +1.6149e+00 -3.0482e+00
% f evaluations | g evaluations | best noise-free fitness - Fopt (-5.721000000000e+01) + sum g_i+ | measured fitness | best measured fitness or single-digit g-values | x1 | x2...
1 0 +7.169836589e+01 +1.448836589e+01 +1.448836589e+01 +6.5731e-01 +5.8661e-01 +1.6895e+00 -1.2366e+00 +3.0046e+00 +1.7769e+00 -6.1587e-02 -2.0119e+00 -4.9624e+00 +1.0129e+00 +1.7340e+00 -3.2771e+00 -4.4482e+00 +8.5414e-01 +7.5281e-01 +2.4485e+00 +3.8840e+00 +3.8460e+00 -3.8164e+00 +2.7532e+00
5 0 +5.081214365e+01 -6.397856346e+00 -6.397856346e+00 -3.3578e+00 +3.5032e+00 +4.4593e-01 +2.3471e+00 -1.8227e+00 -2.7824e+00 -4.4478e+00 +2.1326e+00 +3.2350e+00 +3.1498e+00 +3.2808e+00 -3.5175e+00 +4.1555e+00 -2.3126e+00 -2.5872e+00 +3.4131e+00 -3.7265e+00 +2.2553e+00 +6.9587e-01 +4.1025e+00
19 0 +3.941102206e+01 -1.779897794e+01 -1.779897794e+01 +1.0378e+00 +5.4917e-01 -4.7427e+00 -2.2772e+00 -2.9930e+00 +1.5369e+00 -9.6091e-01 -3.2797e+00 +1.3529e+00 -5.5905e-02 +3.4085e+00 +2.0697e+00 +4.0135e+00 +8.6476e-01 +2.2004e+00 -2.7210e+00 +3.9750e+00 -4.2504e+00 +4.9486e+00 -2.7961e+00
206 0 +3.857471891e+01 -1.863528109e+01 -1.863528109e+01 -8.9420e-01 -1.1052e+00 -2.0584e+00 -1.0602e+00 +1.1369e+00 -1.8140e+00 +4.9848e-01 -2.5322e+00 -8.3005e-01 -1.2236e+00 +3.8292e+00 +1.6022e+00 +1.8125e+00 +7.3772e-01 -6.8327e-01 +2.2399e+00 +1.3159e+00 +4.9677e-01 +9.5244e-01 -6.8687e-01
1962 0 +3.758004146e+01 -1.962995854e+01 -1.962995854e+01 +1.0378e+00 +5.4917e-01 -4.7427e+00 -2.2772e+00 -2.9930e+00 +1.5369e+00 -9.6091e-01 -3.2797e+00 +1.3529e+00 -5.5905e-02 +3.4085e+00 +2.0697e+00 +4.0135e+00 +8.6476e-01 +1.7989e+00 -2.7210e+00 +3.9750e+00 -4.2504e+00 +4.9486e+00 -2.7961e+00
% f evaluations | g evaluations | best noise-free fitness - Fopt (6.626000000000e+01) + sum g_i+ | measured fitness | best measured fitness or single-digit g-values | x1 | x2...
1 0 +5.107347462e+01 +1.173334746e+02 +1.173334746e+02 +4.9680e+00 -3.6571e-01 -3.4553e+00 -3.5131e+00 -2.4619e-01 +2.2881e+00 +1.2091e+00 -4.7602e+00 +1.9801e+00 +3.2657e+00 -2.1681e+00 -7.6801e-01 +4.7361e+00 +4.7401e+00 -2.7467e+00 -2.3509e+00 +4.8597e+00 +5.3496e-01 +4.6120e+00 +4.8540e+00
8 0 +4.759516391e+01 +1.138551639e+02 +1.138551639e+02 +4.5928e+00 -4.0988e+00 -4.2911e+00 -2.8741e+00 +3.7059e+00 +1.1257e+00 +1.2205e+00 -4.4482e+00 +2.5818e+00 +1.8516e+00 -4.3452e+00 -1.2396e+00 -2.1234e+00 -4.0407e+00 +3.6857e+00 -1.7499e+00 -1.0125e+00 +2.2280e+00 -9.4353e-01 -1.5479e+00
33 0 +4.595202910e+01 +1.122120291e+02 +1.122120291e+02 +1.1664e+00 -4.8831e-01 +4.2355e+00 +1.7137e+00 +4.5655e+00 -2.9791e+00 +3.5051e+00 -2.3898e-01 -8.2632e-01 -3.1555e+00 +2.0407e-01 +1.6001e+00 +3.6374e+00 -4.1641e+00 -2.2974e+00 +4.1997e+00 -3.5296e-01 +2.7578e+00 -1.8933e+00 +1.3885e+00
45 0 +3.934470561e+01 +1.056047056e+02 +1.056047056e+02 -3.6459e+00 -3.3243e+00 +1.9412e+00 -1.3630e+00 -2.8896e+00 -3.6146e+00 +8.0548e-01 +5.7175e-01 -3.8221e+00 -4.0728e+00 +3.0259e+00 +3.9708e+00 -4.7621e-01 +7.5188e-01 +1.3390e+00 +3.5008e+00 -5.6026e-01 +3.6456e+00 +1.9467e+00 +1.0106e+00
305 0 +2.448613415e+01 +9.074613415e+01 +9.074613415e+01 -1.0340e+00 +2.0722e-01 +4.6934e-02 -5.7192e-01 -1.3736e+00 -8.4058e-01 +1.1293e+00 +6.8987e-01 -2.8859e+00 -1.6810e-02 +4.4606e-01 +2.6377e+00 -6.6557e-01 +5.0592e-01 +8.2148e-01 +2.4718e+00 -1.0227e+00 +2.3129e+00 -1.1036e+00 +1.0427e+00
% f evaluations | g evaluations | best noise-free fitness - Fopt (-1.386200000000e+02) + sum g_i+ | measured fitness | best measured fitness or single-digit g-values | x1 | x2...
1 0 +8.098003705e+01 -5.763996295e+01 -5.763996295e+01 +2.5988e+00 -7.2980e-01 -1.6670e+00 -2.6491e+00 +2.0605e+00 -4.2000e+00 -4.4560e-01 -4.2758e+00 -1.7187e+00 -2.7861e-02 -3.4717e+00 -2.0298e+00 -2.8375e+00 -3.4923e+00 -1.2653e+00 -1.2044e+00 -1.0540e+00 -2.2487e+00 +4.7424e+00 -1.7968e+00
3 0 +4.172193457e+01 -9.689806543e+01 -9.689806543e+01 +4.8810e+00 +4.6659e+00 +3.1742e+00 -4.1372e+00 +2.6663e+00 +1.1107e+00 -3.9394e+00 +3.8347e+00 -4.4287e+00 -1.9624e+00 +1.8357e+00 +2.5290e+00 +3.1037e+00 +1.4940e+00 -3.4403e+00 -2.5124e-01 +1.6345e+00 -1.5034e+00 +3.2133e+00 +4.6406e+00
113 0 +4.156343638e+01 -9.705656362e+01 -9.705656362e+01 +4.8810e+00 +4.6659e+00 +3.1742e+00 -4.1372e+00 +2.6663e+00 +1.1107e+00 -3.9394e+00 +3.2147e+00 -4.4287e+00 -1.9624e+00 +1.8357e+00 +2.5290e+00 +3.1037e+00 +1.4940e+00 -3.4403e+00 -2.5124e-01 +1.6345e+00 -1.5034e+00 +3.2133e+00 +4.6406e+00
411 0 +3.418324407e+01 -1.044367559e+02 -1.044367559e+02 +4.8810e+00 +4.4748e+00 +3.1742e+00 -4.1372e+00 +2.6663e+00 +1.1107e+00 -3.9394e+00 +3.8347e+00 -4.4287e+00 -1.9624e+00 +1.8357e+00 +2.5290e+00 +3.1037e+00 +1.4940e+00 -3.4403e+00 -2.5124e-01 +1.6345e+00 -1.5034e+00 +3.2133e+00 +4.6406e+00
963 0 +3.305804548e+01 -1.055619545e+02 -1.055619545e+02 +4.8810e+00 +4.6659e+00 +3.1742e+00 -4.1372e+00 +2.6663e+00 +3.6920e-01 -3.9394e+00 +3.8347e+00 -4.4287e+00 -1.9624e+00 +1.8357e+00 +2.5290e+00 +3.1037e+00 +1.4940e+00 -3.4403e+00 -2.5124e-01 +1.6345e+00 -1.5034e+00 +3.2133e+00 +4.6406e+00
% f evaluations | g evaluations | best noise-free fitness - Fopt (7.313900000000e+02) + sum g_i+ | measured fitness | best measured fitness or single-digit g-values | x1 | x2...
1 0 +9.533190332e+01 +8.267219033e+02 +8.267219033e+02 -4.9433e+00 -8.9708e-01 -4.8950e+00 +4.3698e+00 +1.8640e+00 -2.0146e-01 -3.6491e+00 +4.6289e+00 -2.3485e+00 +2.9885e+00 -1.2228e-01 -9.4580e-01 -4.8888e+00 -3.8327e+00 -2.0684e+00 -4.2786e+00 +3.8141e+00 -1.5656e+00 -3.2957e+00 +2.0634e+00
3 0 +5.414286447e+01 +7.855328645e+02 +7.855328645e+02 +2.6104e+00 -3.8002e+00 -4.0766e+00 +4.8355e+00 -3.3154e+00 -3.2779e+00 +6.4641e-01 -4.3951e+00 +2.6051e-01 +2.1103e+00 +1.7490e+00 -2.0189e+00 -1.6419e+00 -1.4361e+00 +1.5763e+00 -2.0659e-01 +1.5650e+00 +1.5176e+00 -2.3393e+00 +4.4320e+00
10 0 +4.525006766e+01 +7.766400677e+02 +7.766400677e+02 +2.6815e+00 +2.3560e+00 +2.4268e+00 -2.6135e-01 +3.3898e+00 +2.0259e+00 -3.0772e+00 +4.5784e+00 +1.6030e+00 +4.6086e+00 +3.7307e+00 -2.0473e-01 +3.0255e+00 -2.0130e+00 -4.4461e-01 +3.5241e+00 -4.3108e+00 +3.4670e+00 -1.4050e+00 +8.1536e-01
46 0 +3.490759529e+01 +7.662975953e+02 +7.662975953e+02 -1.0026e-01 -4.2831e-01 +5.5064e-01 -3.0228e+00 +3.6700e+00 +3.3167e+00 +1.2304e+00 -3.8271e+00 +3.0037e+00 -1.0060e+00 +5.2903e-01 -1.1045e+00 -1.1369e+00 -2.6034e+00 -1.8340e+00 -5.3573e-01 -3.0382e+00 +6.4287e-02 +7.6527e-02 -3.2782e+00
212 0 +2.363672380e+01 +7.550267238e+02 +7.550267238e+02 -1.0026e-01 -4.2831e-01 +5.5064e-01 -2.2545e+00 +3.6700e+00 +3.3167e+00 +1.2304e+00 -3.8271e+00 +3.0037e+00 -1.0060e+00 +5.2903e-01 -1.1045e+00 -1.1369e+00 -2.6034e+00 -1.8340e+00 -5.3573e-01 -3.0382e+00 +6.4287e-02 +7.6527e-02 -3.2782e+00
% f evaluations | g evaluations | best noise-free fitness - Fopt (7.526000000000e+01) + sum g_i+ | measured fitness | best measured fitness or single-digit g-values | x1 | x2...
1 0 +6.806263816e+01 +1.433226382e+02 +1.433226382e+02 +4.3536e+00 +2.2679e+00 +4.3360e+00 +2.7875e-01 -3.3744e+00 +3.4560e+00 -2.9031e+00 +8.6826e-01 -8.9102e-01 +5.1803e-01 +2.9736e+00 -5.2942e-01 +2.2170e+00 -3.6652e+00 -4.5934e+00 -2.9101e+00 -4.1830e+00 +3.2648e+00 +1.8298e+00 +3.5274e+00
6 0 +6.671831066e+01 +1.419783107e+02 +1.419783107e+02 +3.8848e-01 -4.5595e-02 +4.3930e+00 -1.1419e+00 +1.5132e+00 +9.4594e-01 +2.2514e+00 +4.9997e+00 +2.7839e+00 -4.9252e+00 +8.2801e-01 +1.9166e-01 -3.4395e+00 +2.9754e+00 +1.4208e-01 +2.1356e+00 -2.4159e-01 +3.5027e-01 +5.5844e-03 +3.9321e+00
7 0 +5.544277641e+01 +1.307027764e+02 +1.307027764e+02 -1.8219e+00 -4.2745e+00 -3.1507e+00 -7.8058e-01 +8.8968e-01 -3.7314e+00 +9.6388e-02 -4.7847e+00 -1.5860e+00 +2.7154e+00 +3.8432e+00 +3.7384e+00 -3.3502e-01 -3.4620e+00 -8.7431e-01 -9.7404e-01 -4.7528e+00 +4.0449e+00 -1.8218e-01 +4.7390e+00
37 0 +5.483840334e+01 +1.300984033e+02 +1.300984033e+02 -1.1965e+00 +2.5063e-01 +4.1547e+00 +6.0830e-01 +1.3143e+00 -4.2625e+00 -4.8188e-01 -3.9416e+00 +5.6964e-01 +3.9182e+00 +4.3740e+00 +2.4869e+00 +4.9437e-01 -1.6645e+00 -3.9714e+00 -9.1432e-01 +3.4460e+00 -1.2936e+00 +2.1885e+00 -1.5463e+00
44 0 +4.522359215e+01 +1.204835921e+02 +1.204835921e+02 +9.4876e-02 -2.8223e+00 +7.0251e-01 -2.2849e+00 -1.7888e+00 -4.1588e+00 +5.7302e-01 +1.3389e+00 -3.6206e+00 -4.2625e+00 -2.4139e+00 +1.9647e+00 +3.3610e+00 -2.8360e+00 -4.2500e+00 +4.8250e+00 -5.4908e-03 -1.9570e+00 -8.0825e-02 +4.5171e+00
154 0 +4.191602937e+01 +1.171760294e+02 +1.171760294e+02 +1.3688e+00 -1.2189e+00 +1.7921e+00 -1.4747e+00 -2.1976e+00 -1.7772e+00 -5.0913e-01 +1.1486e+00 -2.7273e+00 -2.7728e+00 -7.1034e-01 +1.1866e+00 +3.0072e+00 -3.0121e+00 -4.2038e+00 +2.3583e+00 -1.2750e+00 -3.5886e-01 +5.6263e-01 +4.1700e+00
203 0 +3.929367424e+01 +1.145536742e+02 +1.145536742e+02 +9.0626e-01 -1.8011e+00 +1.3965e+00 -1.7689e+00 -2.0492e+00 -2.6419e+00 -1.1621e-01 +1.2177e+00 -3.0516e+00 -3.3137e+00 -1.3289e+00 +1.4691e+00 +3.1356e+00 -2.9482e+00 -4.2206e+00 +3.2539e+00 -8.1403e-01 -9.3911e-01 +3.2900e-01 +4.2960e+00
303 0 +3.885415294e+01 +1.141141529e+02 +1.141141529e+02 +6.0842e-01 -2.0851e+00 +9.8371e-01 -1.9501e+00 -1.6563e+00 -3.2763e+00 +1.5188e-01 +1.3685e+00 -3.0445e+00 -3.4117e+00 -1.7546e+00 +1.7823e+00 +3.0577e+00 -2.8506e+00 -3.9498e+00 +3.7998e+00 -2.2532e-01 -1.4805e+00 -7.2997e-02 +4.1159e+00
853 0 +3.638933259e+01 +1.116493326e+02 +1.116493326e+02 +3.5943e-01 -2.2277e+00 +7.6200e-01 -2.0535e+00 -1.5578e+00 -3.4062e+00 +4.1714e-01 +1.1762e+00 -3.1963e+00 -3.4808e+00 -1.6459e+00 +1.9228e+00 +2.9985e+00 -2.7178e+00 -3.8266e+00 +4.1124e+00 -2.8398e-01 -1.4322e+00 +3.2309e-02 +3.9128e+00
1310 0 +3.563116110e+01 +1.108911611e+02 +1.108911611e+02 +9.4876e-02 -2.8223e+00 +7.0251e-01 -2.2849e+00 -1.7888e+00 -4.1588e+00 +5.7302e-01 +1.3389e+00 -3.6206e+00 -3.1944e+00 -2.4139e+00 +1.9647e+00 +3.3610e+00 -2.8360e+00 -4.2500e+00 +4.8250e+00 -5.3987e-03 -1.9570e+00 -8.0825e-02 +4.5171e+00
1462 0 +2.923306672e+01 +1.044930667e+02 +1.044930667e+02 +9.4876e-02 -2.8223e+00 +7.0251e-01 -2.2849e+00 -1.7888e+00 -4.1588e+00 +5.7302e-01 +1.3389e+00 -3.6206e+00 -2.9111e+00 -2.4139e+00 +1.9647e+00 +3.3610e+00 -2.8360e+00 -4.2500e+00 +4.8250e+00 -5.4908e-03 -1.9570e+00 -8.0825e-02 +4.5171e+00
% f evaluations | g evaluations | best noise-free fitness - Fopt (-4.913000000000e+01) + sum g_i+ | measured fitness | best measured fitness or single-digit g-values | x1 | x2...
1 0 +7.110112203e+01 +2.197112203e+01 +2.197112203e+01 -2.7714e+00 -4.7110e-01 -2.2652e+00 +4.7600e+00 -1.8626e+00 -1.6741e+00 -3.6974e+00 +1.0052e+00 -4.7332e+00 -2.8828e+00 +2.9909e+00 +2.0252e+00 +2.0928e+00 -3.8249e+00 +6.0671e-01 +4.7462e+00 +3.9939e-01 +4.4111e+00 +1.4560e+00 -1.7580e+00
3 0 +6.013987159e+01 +1.100987159e+01 +1.100987159e+01 +8.8770e-02 +1.3363e+00 +2.1098e+00 -3.7490e+00 -9.9064e-01 -4.0767e+00 +3.7552e+00 +4.4057e-01 +1.8819e+00 +1.0236e+00 -8.7525e-02 -4.1998e+00 -7.1036e-01 +4.5597e+00 -3.8755e+00 +1.8024e+00 +8.1906e-01 +4.7142e+00 -1.2224e+00 -3.0305e+00
8 0 +4.477689659e+01 -4.353103411e+00 -4.353103411e+00 -4.7074e+00 +1.5640e+00 -1.6636e+00 +3.5236e+00 +1.2072e-01 +8.1156e-01 -2.5450e+00 +1.5428e+00 +1.6956e+00 -1.7451e+00 -2.5874e+00 +8.6553e-01 +1.1993e+00 -2.3337e-01 -4.5752e+00 +4.4697e+00 -2.6214e+00 +4.2115e+00 -4.8273e-01 -3.1287e+00
13 0 +3.811621990e+01 -1.101378010e+01 -1.101378010e+01 +1.3115e+00 +3.0426e+00 +4.7799e+00 +1.8161e-01 -8.2562e-01 +6.8781e-01 -1.4470e+00 +3.3564e+00 -1.9225e+00 -2.0098e+00 +2.4580e+00 -9.0578e-01 -4.8666e+00 -3.5896e+00 -4.8328e+00 -1.3434e+00 +3.0802e+00 +1.3365e+00 +4.8130e+00 -9.7631e-01
62 0 +3.629223622e+01 -1.283776378e+01 -1.283776378e+01 +1.2065e+00 +3.0426e+00 +4.7799e+00 +1.8161e-01 -8.2562e-01 +6.8781e-01 -1.4470e+00 +3.3564e+00 -1.9225e+00 -2.0098e+00 +2.4580e+00 -9.0578e-01 -4.8666e+00 -3.5896e+00 -4.8328e+00 -1.3434e+00 +3.0802e+00 +1.3365e+00 +4.8130e+00 -9.7631e-01
564 0 +3.406952684e+01 -1.506047316e+01 -1.506047316e+01 +1.3115e+00 +3.0426e+00 +4.7799e+00 +6.3283e-02 -8.2562e-01 +6.8781e-01 -1.4470e+00 +3.3564e+00 -1.9225e+00 -2.0098e+00 +2.4580e+00 -9.0578e-01 -4.8666e+00 -3.5896e+00 -4.8328e+00 -1.3434e+00 +3.0802e+00 +1.3365e+00 +4.8130e+00 -9.7631e-01
1503 0 +3.296260802e+01 -1.616739198e+01 -1.616739198e+01 +1.3838e+00 +1.8847e+00 +4.3616e+00 +4.4112e-01 -8.8713e-01 +4.9448e-01 -1.2901e+00 +2.8536e+00 -1.6722e+00 -1.8053e+00 +2.2187e+00 -6.1449e-01 -4.5773e+00 -3.3009e+00 -4.3182e+00 -1.1359e+00 +3.1187e+00 +1.2481e+00 +4.0944e+00 -1.0965e+00
1504 0 +3.194109360e+01 -1.718890640e+01 -1.718890640e+01 +1.4617e+00 +1.3881e+00 +3.9600e+00 +6.9501e-01 -9.5141e-01 +3.4042e-01 -1.1358e+00 +2.3650e+00 -1.4249e+00 -1.5943e+00 +1.9925e+00 -3.2832e-01 -3.3168e+00 -3.0106e+00 -3.8205e+00 -9.2855e-01 +3.1609e+00 +1.1663e+00 +3.3952e+00 -1.2198e+00
1557 0 +3.039935016e+01 -1.873064984e+01 -1.873064984e+01 +1.4513e+00 +1.4231e+00 +4.0113e+00 +6.6232e-01 -9.4295e-01 +3.5865e-01 -1.1557e+00 +2.4278e+00 -1.4569e+00 -1.6220e+00 +2.0213e+00 -3.6522e-01 -3.5236e+00 -3.0483e+00 -3.8843e+00 -9.5544e-01 +3.1552e+00 +1.1766e+00 +3.4851e+00 -1.2037e+00
1763 0 +2.851557652e+01 -2.061442348e+01 -2.061442348e+01 +1.4513e+00 +1.4231e+00 +4.0113e+00 +6.6232e-01 -9.4295e-01 +3.5865e-01 -1.1557e+00 +2.4278e+00 -1.4569e+00 -1.6220e+00 +2.0213e+00 -3.6522e-01 -3.5236e+00 -2.1691e+00 -3.8843e+00 -9.5544e-01 +3.1552e+00 +1.1766e+00 +3.4851e+00 -1.2037e+00
1904 0 +2.704958561e+01 -2.208041439e+01 -2.208041439e+01 +1.4495e+00 +1.4469e+00 +3.9899e+00 +6.5588e-01 -9.4139e-01 +2.6545e-01 -1.1596e+00 +2.4402e+00 -1.4631e+00 -1.3561e+00 +2.0272e+00 -3.7245e-01 -3.8569e+00 -2.6928e+00 -3.8971e+00 -9.6062e-01 +3.1543e+00 +1.1788e+00 +3.5029e+00 -1.2006e+00
% f evaluations | g evaluations | best noise-free fitness - Fopt (-1.418900000000e+02) + sum g_i+ | measured fitness | best measured fitness or single-digit g-values | x1 | x2...
1 0 +8.346716695e+01 -5.842283305e+01 -5.842283305e+01 +3.1199e+00 -2.7936e+00 +8.4953e-01 +4.5953e-01 +1.4996e+00 +4.2070e+00 -1.7822e+00 +2.0481e+00 -3.9614e-01 -4.5812e+00 -4.4566e-01 -3.1151e+00 +4.9889e+00 +3.5778e+00 +2.8124e+00 -3.6835e+00 +1.1102e+00 -4.5934e+00 +1.4722e+00 -3.9200e+00
3 0 +6.772502501e+01 -7.416497499e+01 -7.416497499e+01 -5.5559e-01 +4.1115e+00 -3.9319e+00 -5.5236e-01 +2.3161e+00 +9.9445e-02 -2.4698e+00 -3.1084e+00 +3.6979e+00 +3.4893e-02 +4.5176e+00 +3.3520e-01 -2.4658e+00 -3.8765e+00 -4.6323e+00 +3.0684e+00 -2.9909e+00 +4.7777e+00 -4.6218e+00 -3.4040e+00
6 0 +5.013642630e+01 -9.175357370e+01 -9.175357370e+01 +1.9778e+00 -2.8894e-01 -4.2208e+00 +3.7224e+00 -7.2845e-01 +4.2151e+00 +1.1480e+00 -2.4512e+00 +3.3842e+00 -3.0108e+00 -6.1925e-01 -2.9761e+00 -4.5058e+00 -2.7566e+00 -5.6696e-01 +4.2172e+00 +2.3479e+00 +2.3155e+00 -4.5857e+00 -2.4382e+00
29 0 +4.619833345e+01 -9.569166655e+01 -9.569166655e+01 +1.8063e+00 +5.4521e-01 +1.8139e+00 +1.1517e+00 -4.8925e+00 -6.9489e-01 +2.3996e+00 -1.9472e+00 -2.6316e+00 +3.4026e+00 -1.1026e+00 +3.0205e+00 +1.6060e+00 -2.5461e+00 -1.9851e+00 +3.5335e-01 -1.5035e+00 +2.8342e+00 -5.1074e-01 +3.8330e+00
40 0 +4.452075538e+01 -9.736924462e+01 -9.736924462e+01 +4.8248e+00 -4.4756e+00 +3.9437e+00 -1.5912e+00 -4.4655e+00 +4.7381e+00 -3.6001e+00 -3.5163e+00 -6.5601e-01 +1.4096e+00 -2.5828e+00 -1.4394e+00 -5.2301e-01 -6.2789e-01 -1.4795e+00 +3.1459e+00 +2.1525e+00 +1.8197e+00 -1.4347e+00 +4.3422e+00
48 0 +3.441804828e+01 -1.074719517e+02 -1.074719517e+02 +9.7508e-01 +4.9573e+00 -4.3651e+00 +5.0000e-01 +1.6463e+00 +1.0605e+00 -3.6265e+00 +2.9039e+00 -1.8432e+00 -1.1746e+00 +1.4970e+00 -3.4891e+00 -4.1475e+00 -3.1906e-01 -3.3941e+00 -4.9882e+00 -2.0473e+00 -1.9109e+00 +3.0705e+00 -2.4777e-01
562 0 +3.245145605e+01 -1.094385439e+02 -1.094385439e+02 +9.7508e-01 +4.9573e+00 -4.3651e+00 +5.0000e-01 +1.6463e+00 +1.0605e+00 -3.6265e+00 +2.9039e+00 -1.8432e+00 -1.1746e+00 +1.4970e+00 -3.4891e+00 -4.1475e+00 -3.1906e-01 -3.3941e+00 -4.9882e+00 -1.5939e+00 -1.9109e+00 +3.0705e+00 -2.4777e-01
1311 0 +3.125969630e+01 -1.106303037e+02 -1.106303037e+02 +9.7508e-01 +4.9573e+00 -4.3651e+00 +5.0000e-01 +1.6463e+00 +1.0605e+00 -3.6265e+00 +2.9039e+00 -1.8432e+00 -1.1746e+00 +1.4970e+00 -3.4891e+00 -4.1475e+00 -3.1906e-01 -2.6117e+00 -4.9882e+00 -2.0473e+00 -1.9109e+00 +3.0705e+00 -2.4777e-01
% f evaluations | g evaluations | best noise-free fitness - Fopt (1.095700000000e+02) + sum g_i+ | measured fitness | best measured fitness or single-digit g-values | x1 | x2...
1 0 +7.055530291e+01 +1.801253029e+02 +1.801253029e+02 -3.5308e+00 +2.3714e+00 -3.4502e+00 -3.7190e+00 -1.7750e+00 -3.1771e+00 +2.5000e+00 +3.2712e+00 +1.4195e+00 +1.1621e+00 -1.2074e+00 -9.3520e-01 -2.3439e+00 +9.4700e-01 -2.8608e+00 -2.7448e+00 +1.8412e+00 -2.7190e+00 +2.4928e+00 -6.4848e-02
6 0 +6.542000429e+01 +1.749900043e+02 +1.749900043e+02 -1.1988e+00 +4.7941e-01 +4.6893e+00 +3.4852e+00 -1.7990e+00 +1.0254e+00 -4.2442e+00 +4.9291e+00 -6.5711e-01 +3.7511e+00 -3.9738e+00 -2.1640e-01 -7.8521e-01 +1.7012e+00 +2.3794e+00 +2.9139e-01 -3.6716e+00 -4.2819e+00 -1.6113e+00 +4.2003e+00
20 0 +5.792849413e+01 +1.674984941e+02 +1.674984941e+02 +4.3484e+00 -1.5979e+00 +8.9822e-01 -4.4513e+00 +2.6815e+00 -2.8364e+00 +3.9147e+00 -1.1597e+00 +3.8367e+00 +4.9395e+00 -3.6123e+00 +1.9884e+00 -2.1584e+00 -2.5844e+00 -2.1998e+00 +4.1879e+00 -4.4611e+00 -1.4470e+00 -1.5504e+00 +7.4077e-01
21 0 +5.419450054e+01 +1.637645005e+02 +1.637645005e+02 -3.8509e+00 -4.6357e+00 -1.8413e+00 -2.4167e+00 +1.5609e+00 +2.7795e+00 +3.1014e+00 +3.6992e+00 -4.9702e+00 +3.6490e-01 +7.9306e-01 -9.9214e-01 -1.6255e+00 -3.7753e+00 -1.2662e+00 -6.3558e-01 +4.5948e+00 -1.8428e+00 -4.2312e+00 +6.7329e-01
22 0 +4.542391304e+01 +1.549939130e+02 +1.549939130e+02 +9.0867e-01 -1.0289e+00 +4.0712e+00 -3.8268e+00 +4.5421e+00 -1.2077e+00 +3.7717e+00 +4.4621e+00 -1.1603e-01 -4.5051e+00 +3.3891e+00 -3.6576e+00 +4.7506e+00 +1.1684e+00 -1.2192e+00 -3.3392e+00 +3.5217e+00 -4.1345e+00 -7.4782e-02 +2.0106e+00
37 0 +4.360070985e+01 +1.531707099e+02 +1.531707099e+02 +1.3695e+00 +2.9375e+00 +6.9800e-01 +3.2660e+00 -1.5494e+00 -2.2471e+00 +3.3572e+00 -1.2336e+00 +1.5716e+00 -3.4717e+00 +6.9478e-01 -4.3182e+00 +3.3565e+00 -2.2857e+00 -1.5049e+00 -3.1194e+00 +4.2266e+00 +2.9904e+00 +4.4139e+00 +3.9944e+00
112 0 +3.747042991e+01 +1.470404299e+02 +1.470404299e+02 -3.8509e+00 -4.6357e+00 -1.8413e+00 -2.4167e+00 +1.5609e+00 +2.7795e+00 +3.1014e+00 +3.6992e+00 -4.9702e+00 +3.6490e-01 +7.9306e-01 -9.9214e-01 -1.6255e+00 -3.7753e+00 -1.2662e+00 -6.3558e-01 +4.5948e+00 -4.0649e-01 -4.2312e+00 +6.7329e-01
1511 0 +3.674704364e+01 +1.463170436e+02 +1.463170436e+02 +1.2016e+00 +1.9563e+00 -6.5199e-01 +2.5347e+00 -1.3607e+00 -1.2813e+00 +2.6239e+00 -9.3986e-02 +5.2470e-01 -1.6402e+00 +7.7754e-02 -1.9141e+00 +1.6956e+00 -2.7382e+00 -1.1310e+00 -1.2621e+00 +1.6660e-01 +1.8734e+00 +1.8663e+00 +3.4701e+00
% f evaluations | g evaluations | best noise-free fitness - Fopt (7.836000000000e+01) + sum g_i+ | measured fitness | best measured fitness or single-digit g-values | x1 | x2...
1 0 +6.301894911e+01 +1.413789491e+02 +1.413789491e+02 +3.1219e+00 -3.8239e+00 -4.2773e+00 -4.5098e+00 -1.6754e+00 +4.1467e+00 +8.8896e-01 -1.2941e+00 +1.9559e+00 +4.9450e+00 -2.6120e+00 +1.7352e+00 +2.8297e+00 +4.3802e-01 -2.4693e+00 +3.7978e+00 +1.0503e+00 +1.2156e+00 -4.2198e+00 +2.1179e+00
5 0 +6.051961583e+01 +1.388796158e+02 +1.388796158e+02 +1.5909e+00 -1.6762e-01 -3.5555e+00 +2.3455e+00 -4.4144e+00 -2.7243e+00 -2.2454e+00 +2.4524e-01 -4.0659e+00 -1.8027e+00 +1.0852e+00 -1.9162e+00 -3.8900e+00 -2.1739e+00 +4.5777e-02 -1.9018e+00 -3.6469e-02 -4.3582e+00 -1.7498e+00 -8.3763e-01
15 0 +5.863865954e+01 +1.369986595e+02 +1.369986595e+02 -4.9301e-01 -2.8263e+00 -3.9778e+00 +1.5585e-01 +3.9389e+00 -2.2248e+00 +2.1948e+00 +3.3086e+00 -6.6201e-01 +2.9661e+00 +1.9195e+00 -3.3854e+00 +3.1364e+00 +1.1203e+00 +3.0223e+00 +2.0881e+00 -3.9748e+00 +9.1255e-02 -2.0480e+00 -6.2379e-01
18 0 +4.539892529e+01 +1.237589253e+02 +1.237589253e+02 +2.1821e+00 -1.1635e+00 +4.1646e+00 +4.0652e-01 +1.2713e+00 -4.9864e+00 +9.3949e-01 -3.8083e+00 +1.2533e+00 -1.7172e+00 +3.8036e+00 +1.8212e+00 +4.2742e+00 -4.0117e+00 -2.8721e+00 -2.3542e+00 -3.9563e+00 +1.0702e+00 -8.2129e-01 +2.0014e+00
33 0 +3.783503683e+01 +1.161950368e+02 +1.161950368e+02 -1.3021e+00 -4.1195e+00 -3.0748e+00 -1.0722e+00 -1.0404e+00 -2.3011e+00 -2.6120e+00 -3.2611e-01 +4.8890e+00 -1.3334e+00 +2.6138e-01 -3.7195e+00 +2.5736e+00 +1.6304e+00 -8.7061e-01 +3.5171e+00 -2.3492e+00 -6.9346e-01 +9.4877e-01 -5.7786e-01
605 0 +3.688309687e+01 +1.152430969e+02 +1.152430969e+02 -1.2984e+00 -4.1069e+00 -3.0703e+00 -1.0730e+00 -1.0427e+00 -2.2922e+00 -2.6096e+00 -3.2583e-01 +4.8805e+00 -1.3339e+00 +2.5943e-01 -3.7070e+00 +2.5624e+00 +1.6309e+00 -8.6841e-01 +3.5070e+00 -1.8734e+00 -6.9169e-01 +9.4221e-01 -5.8294e-01
613 0 +2.927875771e+01 +1.076387577e+02 +1.076387577e+02 -1.0222e+00 -3.5243e+00 -2.7870e+00 -1.0446e+00 -1.2588e+00 -1.8437e+00 -1.2089e+00 -4.6094e-01 +4.4083e+00 -1.3740e+00 +1.9624e-01 -3.1449e+00 +1.0198e+00 +1.6421e+00 -6.5056e-01 +3.0589e+00 -2.4654e+00 -7.7331e-01 +6.4327e-01 -4.1507e-01
760 0 +2.873195099e+01 +1.070919510e+02 +1.070919510e+02 -1.1029e+00 -3.8171e+00 -2.8195e+00 -1.0256e+00 -1.1675e+00 -2.0631e+00 -2.5479e+00 -3.5359e-01 +4.4874e+00 -1.2626e+00 +3.2526e-01 -3.4135e+00 +2.4347e+00 +1.5754e+00 -6.6414e-01 +3.2654e+00 -2.3994e+00 -8.0106e-01 +1.9972e-01 -6.6296e-01
1860 0 +2.737209648e+01 +1.057320965e+02 +1.057320965e+02 -1.3021e+00 -4.1195e+00 -3.0748e+00 -1.0722e+00 -1.0404e+00 -2.3011e+00 -2.6120e+00 -3.2611e-01 +4.8890e+00 -1.3334e+00 +2.6138e-01 -3.7195e+00 +2.5736e+00 +1.6304e+00 -8.7061e-01 +3.5171e+00 -2.3492e+00 -6.9346e-01 +9.4877e-01 -1.6631e-01
% f evaluations | g evaluations | best noise-free fitness - Fopt (1.140900000000e+02) + sum g_i+ | measured fitness | best measured fitness or single-digit g-values | x1 | x2...
1 0 +6.830866642e+01 +1.823986664e+02 +1.823986664e+02 +2.9352e+00 +2.4722e+00 +3.5216e+00 +8.9213e-01 -4.4791e+00 +4.5729e+00 +4.9757e+00 +2.9218e-01 +4.4634e+00 +1.8328e+00 +4.8617e+00 +4.9140e+00 +1.7018e-01 -2.7871e+00 +4.7778e+00 -3.7240e+00 +4.9672e+00 -3.1726e+00 -9.3167e-01 +1.7157e+00
3 0 +6.504377475e+01 +1.791337748e+02 +1.791337748e+02 +1.3588e+00 -9.5411e-01 -4.5784e+00 +4.1965e+00 -7.0290e-01 +8.3956e-01 +4.0968e+00 +1.6676e+00 -3.3800e-02 +2.0505e+00 +3.8844e+00 -1.9455e-01 -4.6513e+00 +6.4337e-01 -5.9716e-01 +4.3088e+00 -3.5825e+00 +2.6040e+00 -2.7256e+00 +2.7740e+00
10 0 +5.587603576e+01 +1.699660358e+02 +1.699660358e+02 -3.8459e+00 -1.7900e+00 -1.4037e+00 -1.9253e+00 -2.3328e-01 -4.0441e+00 +7.4781e-01 +2.6342e+00 -9.4555e-01 +6.0519e-01 +1.6217e+00 +1.5170e+00 -3.0032e+00 +9.3494e-01 +9.0012e-01 +4.0825e-01 -9.3237e-01 +2.9226e+00 -3.6230e+00 +1.8388e-01
25 0 +4.530022718e+01 +1.593902272e+02 +1.593902272e+02 +1.8644e+00 +1.6097e+00 +1.1617e+00 +4.6324e-01 +4.3060e+00 +4.1731e+00 +3.9721e+00 +2.3160e+00 -3.0882e+00 -1.1461e+00 +4.7958e+00 -4.7138e+00 +4.5837e+00 +1.0872e+00 -4.7468e+00 +4.7036e+00 -2.3120e+00 +8.3482e-02 +3.5169e+00 -2.4936e+00
33 0 +4.138082912e+01 +1.554708291e+02 +1.554708291e+02 +1.3791e-01 +6.0604e-01 +2.1117e-01 +3.2483e+00 -1.0559e+00 -7.4746e-01 -2.0417e+00 +2.6577e+00 +1.9582e+00 +3.4691e+00 +2.0356e+00 +4.1169e+00 +3.8409e+00 +4.0877e+00 -1.7057e+00 +2.2717e+00 +3.6716e+00 -2.1562e+00 +3.1661e+00 +4.4755e+00
49 0 +3.314039818e+01 +1.472303982e+02 +1.472303982e+02 +3.9699e+00 -1.3303e+00 +1.7742e+00 -1.3190e+00 -3.8024e+00 -2.0655e+00 +4.4072e+00 -4.6325e+00 -4.2875e-02 +1.2313e+00 +2.1792e+00 -1.9879e-01 +3.9393e+00 -2.3039e+00 -3.4641e-01 +2.3604e+00 -3.1561e+00 -3.0944e+00 -2.5411e+00 +2.2800e+00
260 0 +3.170215089e+01 +1.457921509e+02 +1.457921509e+02 +3.9699e+00 -1.3303e+00 +1.7742e+00 -1.3190e+00 -3.8024e+00 -2.0655e+00 +4.4072e+00 -4.6325e+00 -4.2875e-02 +1.2313e+00 +2.1792e+00 -1.9879e-01 +3.9393e+00 -2.3039e+00 -1.9084e-01 +2.3604e+00 -3.1561e+00 -3.0944e+00 -2.5411e+00 +2.2800e+00
405 0 +2.998659652e+01 +1.440765965e+02 +1.440765965e+02 +3.7975e+00 -1.3404e+00 +1.7040e+00 -1.3324e+00 -3.7237e+00 -2.1092e+00 +4.3265e+00 -4.4722e+00 -6.2793e-02 +1.2175e+00 +2.1669e+00 -1.6093e-01 +3.7861e+00 -2.2325e+00 -3.1890e-01 +2.3173e+00 -3.1071e+00 -2.9616e+00 -2.5650e+00 +2.2337e+00
652 0 +2.625473165e+01 +1.403447317e+02 +1.403447317e+02 +3.8350e+00 -1.2619e+00 +1.6180e+00 -1.3894e+00 -3.7863e+00 -1.9071e+00 +4.2490e+00 -4.3106e+00 -1.3002e-01 +1.1990e+00 +2.1192e+00 -2.1176e-01 +3.6951e+00 -2.1617e+00 -2.1660e-01 +2.2887e+00 -3.0012e+00 -2.9833e+00 -2.4325e+00 +2.0340e+00
1060 0 +2.286363157e+01 +1.369536316e+02 +1.369536316e+02 +3.9699e+00 -1.3303e+00 +1.7742e+00 -1.3190e+00 -3.8024e+00 -2.0655e+00 +4.4072e+00 -4.6325e+00 -4.2875e-02 +1.2313e+00 +2.1792e+00 -1.9879e-01 +3.9393e+00 -2.3039e+00 -3.4641e-01 +1.6474e+00 -3.1561e+00 -3.0944e+00 -2.5411e+00 +2.2800e+00
1107 0 +2.212338141e+01 +1.362133814e+02 +1.362133814e+02 +3.9699e+00 -1.3303e+00 +1.7742e+00 -1.3190e+00 -3.8024e+00 -2.0655e+00 +4.4072e+00 -4.6325e+00 -4.2875e-02 +1.2313e+00 +2.1792e+00 -1.9879e-01 +3.9393e+00 -2.3039e+00 -3.4641e-01 +1.7617e+00 -3.1561e+00 -3.0944e+00 -2.5411e+00 +2.2800e+00
% f evaluations | g evaluations | best noise-free fitness - Fopt (-5.445900000000e+02) + sum g_i+ | measured fitness | best measured fitness or single-digit g-values | x1 | x2...
1 0 +6.306791628e+01 -4.815220837e+02 -4.815220837e+02 +3.2040e+00 -5.5508e-01 -2.4052e+00 +8.6117e-01 +1.0448e+00 +9.6419e-02 -1.5399e+00 -2.9688e-01 -4.2757e+00 -2.6262e+00 -3.5923e+00 +2.3080e+00 -4.1666e+00 -4.9391e+00 +3.8578e+00 +1.0204e+00 -4.9840e+00 -1.4361e+00 +1.6924e+00 +1.0222e+00
4 0 +5.771363278e+01 -4.868763672e+02 -4.868763672e+02 +3.1544e+00 +4.6487e+00 +1.5173e+00 -3.5649e+00 -1.9753e+00 -4.5636e-01 +3.2285e+00 +2.6380e+00 +8.8980e-01 -4.3749e+00 +9.1581e-03 +3.9075e+00 -4.5779e+00 +2.8323e+00 +2.0818e+00 +3.0687e+00 -3.4555e+00 +1.1995e+00 +3.5711e-01 -4.4776e-01
10 0 +5.279484881e+01 -4.917951512e+02 -4.917951512e+02 +1.6294e+00 +3.4084e+00 -1.8836e+00 -3.9681e+00 -1.6361e-01 +1.6487e+00 -2.7637e+00 +8.2450e-01 +4.7693e+00 -4.7409e+00 +1.3179e+00 +1.2916e+00 +3.1894e-01 +4.0042e+00 -2.9093e-01 +4.6324e+00 -2.8692e+00 -3.1392e+00 -3.6074e+00 +3.8022e+00
15 0 +4.082939646e+01 -5.037606035e+02 -5.037606035e+02 -7.4803e-01 -3.3216e+00 +1.7496e-01 -2.0062e+00 -1.4646e+00 -2.3845e+00 +1.8157e+00 +2.0788e+00 -2.3304e+00 +4.5239e+00 +8.5375e-01 -1.1163e+00 -4.2315e-01 +2.8835e+00 -3.1294e+00 +2.8754e+00 +1.9429e+00 +4.3369e+00 -9.1842e-01 +3.3049e+00
18 0 +3.454418571e+01 -5.100458143e+02 -5.100458143e+02 +5.3469e-01 -1.5582e+00 -3.8562e+00 -4.5174e+00 +4.9967e+00 -3.9186e+00 -2.2741e+00 +3.0473e+00 -4.9267e+00 +7.6942e-01 -4.2019e+00 +4.6983e+00 -4.9148e+00 +2.8785e+00 -1.6484e+00 -1.1010e+00 +1.5300e+00 +2.5787e+00 -1.3472e+00 -2.7032e+00
609 0 +2.995614725e+01 -5.146338527e+02 -5.146338527e+02 +4.6226e-01 -4.2096e-01 -3.1426e+00 -3.5213e+00 +3.3503e+00 -3.4775e+00 -1.1601e+00 +2.5948e+00 -4.0812e+00 +4.1044e-01 -2.8666e+00 +3.1612e+00 -3.2412e+00 +1.9760e+00 -4.1452e-01 -3.4954e-01 +1.9705e+00 +1.5898e+00 -1.6715e+00 -2.4378e+00
914 0 +2.237293605e+01 -5.222170639e+02 -5.222170639e+02 +5.3469e-01 -1.5582e+00 -3.1654e+00 -4.5174e+00 +4.9967e+00 -3.9186e+00 -2.2741e+00 +3.0473e+00 -4.9267e+00 +7.6942e-01 -4.2019e+00 +4.6983e+00 -4.9148e+00 +2.8785e+00 -1.6484e+00 -1.1010e+00 +1.5300e+00 +2.5787e+00 -1.2189e+00 -2.7032e+00
