% f evaluations | g evaluations | best noise-free fitness - Fopt (-5.465000000000e+02) + sum g_i+ | measured fitness | best measured fitness or single-digit g-values | x1 | x2...
1 0 +3.055046084e+04 +3.000396084e+04 +3.000396084e+04 -1.0935e+00 -3.8060e+00 +2.1182e+00 +4.5722e+00 +3.8822e+00 -4.6730e+00 -2.4002e+00 -1.1944e+00 -3.5704e+00 +1.2854e+00
52 0 +2.824715454e+04 +2.770065454e+04 +2.770065454e+04 +4.2085e+00 -1.2183e+00 +3.1079e+00 -4.6938e+00 +9.3150e-01 +3.0130e+00 +1.9070e-01 +1.7692e+00 +6.5583e-01 +1.4004e+00
103 0 +2.794766116e+04 +2.740116116e+04 +2.740116116e+04 +4.1652e+00 -1.1884e+00 +3.0843e+00 -4.6636e+00 +9.1054e-01 +3.0137e+00 +1.6901e-01 +1.7861e+00 +6.6229e-01 +1.3604e+00
108 0 +2.562975520e+04 +2.508325520e+04 +2.508325520e+04 -2.6715e+00 +4.8499e-01 -7.8075e-01 +2.9689e+00 +1.2596e+00 -4.7945e+00 -2.4880e+00 +1.9167e+00 +1.2608e+00 +9.5712e-01
109 0 +1.810234590e+04 +1.755584590e+04 +1.755584590e+04 -2.0101e+00 -1.3136e+00 +4.3439e-01 +3.6410e+00 +2.3589e+00 -4.7436e+00 -2.4512e+00 +6.1266e-01 -7.6425e-01 +1.0947e+00
159 0 +6.893749368e+03 +6.347249368e+03 +6.347249368e+03 -1.6821e+00 -2.8706e+00 +7.6248e-01 +3.0697e+00 +2.0148e+00 -2.8785e+00 -1.0377e+00 +5.1989e-03 -2.5497e+00 +1.8406e-01
352 0 +3.872624154e+03 +3.326124154e+03 +3.326124154e+03 -2.3224e-01 -1.9145e+00 +1.8370e+00 +1.2031e+00 +2.1077e+00 -1.4084e+00 -1.2229e+00 -1.6165e-01 -1.5813e+00 -6.3131e-02
504 0 +3.426118025e+03 +2.879618025e+03 +2.879618025e+03 -2.9699e-01 -2.0430e+00 +1.8859e+00 +1.5057e+00 +2.2614e+00 -1.6698e+00 -1.3758e+00 -2.5037e-01 -1.7227e+00 +3.8309e-02
962 0 +2.107650216e+03 +1.561150216e+03 +1.561150216e+03 +4.4198e-02 -2.7183e+00 +1.9656e+00 +8.9198e-01 +2.8770e+00 -1.9810e+00 -4.3543e-01 -7.1959e-02 -2.0208e+00 +7.0067e-01
% f evaluations | g evaluations | best noise-free fitness - Fopt (1.000000000000e+03) + sum g_i+ | measured fitness | best measured fitness or single-digit g-values | x1 | x2...
1 0 +5.710032680e+04 +5.810032680e+04 +5.810032680e+04 -3.4114e+00 +1.2506e+00 -3.4562e+00 +2.5316e+00 +1.5846e+00 +4.0143e+00 +1.0660e+00 +2.5984e+00 +3.6446e+00 -2.4581e+00
5 0 +3.401167753e+04 +3.501167753e+04 +3.501167753e+04 -3.0809e+00 +3.8441e+00 -1.1281e+00 +2.3043e+00 +8.8373e-01 -1.3068e+00 -4.3213e+00 +3.8812e+00 -3.6330e+00 -1.1293e+00
35 0 +1.501163287e+04 +1.601163287e+04 +1.601163287e+04 +1.3692e+00 -2.7051e+00 -2.3510e+00 -1.7292e+00 -1.9656e+00 -1.7298e+00 -2.0611e-01 +1.4293e+00 -2.4866e+00 -3.6901e+00
43 0 +1.330680822e+04 +1.430680822e+04 +1.430680822e+04 -4.4319e+00 +2.1627e-02 -3.9993e+00 +1.4421e+00 -3.5583e+00 -2.2684e+00 -4.5475e-01 +4.3440e+00 -5.1151e-01 -1.0801e+00
102 0 +5.592410150e+03 +6.592410150e+03 +6.592410150e+03 -3.5274e+00 -3.0732e-01 -3.7322e+00 +6.1329e-01 -3.0605e+00 -1.8556e+00 -1.8562e-02 +3.3595e+00 -4.2653e-01 -1.4707e+00
362 0 +2.744549971e+03 +3.744549971e+03 +3.744549971e+03 +1.5579e-01 +1.9718e+00 -3.8006e-01 +1.4199e+00 +1.0709e+00 +1.0220e+00 -1.9758e+00 -9.2727e-02 -1.3111e+00 -1.1833e+00
504 0 +8.728689366e+02 +1.872868937e+03 +1.872868937e+03 -2.0999e+00 +1.0817e+00 -2.1566e+00 +1.4523e+00 -1.1637e+00 -7.9960e-01 -1.2277e+00 +9.8685e-01 -7.1545e-01 -9.8888e-01
557 0 +7.295719234e+02 +1.729571923e+03 +1.729571923e+03 -3.2628e+00 +7.1774e-01 -1.7036e+00 +1.4875e+00 -2.2670e+00 -7.6137e-01 -1.4140e+00 +1.9814e+00 -5.3920e-01 -1.2559e+00
608 0 +6.196504288e+02 +1.619650429e+03 +1.619650429e+03 -2.6223e+00 +1.0389e+00 -7.7576e-01 +1.4725e+00 -1.6136e+00 -1.0948e-01 -1.7428e+00 +8.5172e-01 -5.8841e-01 -1.2835e+00
% f evaluations | g evaluations | best noise-free fitness - Fopt (2.083800000000e+02) + sum g_i+ | measured fitness | best measured fitness or single-digit g-values | x1 | x2...
1 0 +5.679005781e+04 +5.699843781e+04 +5.699843781e+04 -6.1222e-01 +2.8914e+00 +3.2886e+00 +4.1778e+00 +8.0759e-01 -1.2186e+00 -1.3532e-01 +3.8510e+00 -2.4439e+00 -2.7790e+00
2 0 +5.362077896e+04 +5.382915896e+04 +5.382915896e+04 -8.2397e-01 -2.1251e+00 -2.5953e+00 -4.9635e+00 +7.5823e-01 +4.1450e+00 +3.6606e+00 +2.5505e+00 +1.1990e+00 +4.5947e+00
15 0 +4.823565575e+04 +4.844403575e+04 +4.844403575e+04 +2.1486e+00 -4.2837e+00 -1.8080e+00 +1.2046e+00 -4.0331e+00 +3.7742e-01 -2.6160e+00 +4.3677e-01 +3.0557e-01 +7.7324e-01
18 0 +1.998118633e+04 +2.018956633e+04 +2.018956633e+04 +3.5176e-01 -4.0720e+00 +2.7730e+00 +1.1007e+00 -1.7594e+00 +4.9548e+00 -1.0135e+00 +3.8527e+00 +1.2284e+00 +5.3938e-01
28 0 +1.990162281e+04 +2.011000281e+04 +2.011000281e+04 +1.2147e-01 +1.3588e-01 -2.0453e-01 -1.1423e+00 -1.2202e+00 +1.5621e+00 -4.4263e-01 +2.4197e+00 +1.7979e+00 +3.9567e+00
47 0 +1.494363204e+04 +1.515201204e+04 +1.515201204e+04 -9.1966e-01 -1.4751e+00 -1.9076e+00 +2.7407e+00 -5.5501e-01 +2.1203e+00 +3.5215e+00 +4.8581e-01 +1.0209e+00 +1.9608e+00
54 0 +5.006994665e+03 +5.215374665e+03 +5.215374665e+03 -3.3056e-01 -1.0302e+00 +4.2313e+00 +1.3409e+00 -1.8083e+00 +1.7884e-01 +3.5742e+00 -2.0572e-01 -5.3862e-01 +2.1021e+00
306 0 +4.827370671e+03 +5.035750671e+03 +5.035750671e+03 +4.6502e-01 -1.6021e+00 -1.3226e+00 +1.3475e+00 -1.5815e-01 +6.3473e-01 +6.1169e-01 +4.0631e-01 +3.0009e-01 +1.4142e+00
402 0 +3.177790967e+03 +3.386170967e+03 +3.386170967e+03 -2.9220e-01 -5.6413e-01 -1.2602e+00 +3.1871e-01 -7.6478e-01 +1.8817e+00 +1.0275e+00 -5.6445e-01 -1.3019e+00 +1.3937e+00
456 0 +2.922182841e+03 +3.130562841e+03 +3.130562841e+03 +6.3954e-02 +5.7719e-01 -9.5056e-01 +4.5135e-01 -8.7976e-01 +1.5816e+00 +3.4461e-01 -2.0589e-02 -3.2316e-01 +1.5096e+00
459 0 +2.007332085e+03 +2.215712085e+03 +2.215712085e+03 -5.2621e-02 -4.1807e-01 -7.3015e-01 +3.0326e-01 -7.7379e-01 +1.0900e+00 +9.8588e-01 -2.8586e-01 -9.7084e-01 +7.5128e-01
% f evaluations | g evaluations | best noise-free fitness - Fopt (-1.449600000000e+02) + sum g_i+ | measured fitness | best measured fitness or single-digit g-values | x1 | x2...
1 0 +1.719755668e+05 +1.718306068e+05 +1.718306068e+05 +1.9825e+00 -3.6778e-01 +2.6499e+00 +2.2225e+00 +3.9384e+00 -3.3502e+00 -4.3794e+00 +1.0389e+00 -1.1974e+00 -4.4528e+00
2 0 +5.907346860e+04 +5.892850860e+04 +5.892850860e+04 -9.9276e-02 -2.2198e+00 -3.7858e+00 +3.6558e+00 -4.4538e+00 -2.2758e+00 -1.6957e+00 -4.2577e+00 -2.6907e+00 +1.1879e+00
5 0 +3.288081359e+04 +3.273585359e+04 +3.273585359e+04 +2.2005e+00 -1.9023e+00 -4.3656e+00 +1.8095e-01 +4.2975e+00 +4.7617e-01 +1.3155e+00 +3.5820e+00 -2.9954e+00 +2.6872e-01
8 0 +1.242836252e+04 +1.228340252e+04 +1.228340252e+04 -1.3348e+00 +2.3418e+00 -4.6568e+00 -2.6225e+00 -1.2154e+00 +2.0160e+00 +9.3611e-01 +1.2107e+00 +7.5348e-01 +3.7833e+00
12 0 +7.717298570e+03 +7.572338570e+03 +7.572338570e+03 +3.0580e+00 -2.6891e-01 +1.9779e+00 -4.7208e+00 +1.0605e+00 +1.1663e+00 -4.0214e+00 -5.4142e-01 -2.7107e+00 +2.5956e+00
54 0 +4.787848613e+03 +4.642888613e+03 +4.642888613e+03 +2.4167e+00 -6.6519e-01 +8.0717e-01 -3.0193e+00 -5.9576e-02 +4.6711e-01 -3.5490e+00 -1.2963e+00 -2.7067e+00 +2.3097e+00
104 0 +4.463353978e+02 +3.013753978e+02 +3.013753978e+02 +1.8917e+00 -1.5887e+00 -9.0877e-01 -3.3898e+00 -8.5079e-01 +2.0083e+00 -9.2965e-01 +9.5833e-01 -2.2550e+00 +1.4767e+00
158 0 +3.496746329e+02 +2.047146329e+02 +2.047146329e+02 +4.5021e-01 -1.4372e+00 +1.8553e+00 -2.9660e+00 +3.6342e-01 +2.2288e+00 -1.4388e+00 +3.8804e-01 -2.5021e+00 +3.6503e-01
202 0 +3.277180007e+02 +1.827580007e+02 +1.827580007e+02 +5.3063e-01 -1.7210e+00 +9.3502e-01 -3.1373e+00 -5.1386e-02 +2.6166e+00 -6.2114e-01 +1.1127e+00 -2.3359e+00 +3.0657e-01
258 0 +2.647148831e+02 +1.197548831e+02 +1.197548831e+02 +5.6865e-01 -1.6992e+00 +9.5071e-01 -3.1611e+00 -3.4658e-02 +2.5947e+00 -6.7230e-01 +1.0879e+00 -2.3155e+00 +3.4101e-01
509 0 +9.105620209e+01 -5.390379791e+01 -5.390379791e+01 +2.8534e+00 +1.3310e-02 +8.8895e-01 -2.7971e+00 +1.0133e+00 +1.3310e+00 -2.4805e+00 +3.0833e-01 -1.8948e+00 +2.0411e+00
654 0 +7.102575961e+01 -7.393424039e+01 -7.393424039e+01 +2.6892e+00 -2.3101e-01 +7.8094e-01 -2.7049e+00 +1.0243e+00 +1.9000e+00 -1.9297e+00 +9.4065e-01 -1.5247e+00 +1.7789e+00
655 0 +1.041017488e+01 -1.345498251e+02 -1.345498251e+02 +1.4401e+00 -1.1078e+00 +3.5470e-01 -2.4978e+00 +3.1784e-01 +2.5570e+00 -5.3686e-01 +1.5349e+00 -1.4792e+00 +7.6325e-01
804 0 +3.624783107e+00 -1.413352169e+02 -1.413352169e+02 +1.7691e+00 -6.8088e-01 -1.9093e-01 -2.2349e+00 +3.8213e-02 +1.9171e+00 -5.1174e-01 +1.4743e+00 -1.5998e+00 +1.0636e+00
% f evaluations | g evaluations | best noise-free fitness - Fopt (-6.300000000000e+00) + sum g_i+ | measured fitness | best measured fitness or single-digit g-values | x1 | x2...
1 0 +2.370001993e+05 +2.369938993e+05 +2.369938993e+05 +4.5609e+00 +3.4816e+00 -2.8730e+00 +1.0905e+00 +1.3458e+00 +3.4230e+00 -4.0739e+00 -2.8954e+00 -1.4695e+00 -4.5305e+00
2 0 +1.106918940e+05 +1.106855940e+05 +1.106855940e+05 +3.7703e+00 -1.7931e+00 -4.9918e+00 +3.6677e+00 +7.9360e-01 -2.5891e+00 -4.6727e+00 +5.5625e-01 +2.2458e+00 -2.9136e+00
4 0 +2.333276587e+04 +2.332646587e+04 +2.332646587e+04 +5.8953e-01 +3.7549e-01 +7.8366e-01 +7.7554e-01 -4.6479e+00 -1.0622e+00 +2.6654e-01 -3.5663e+00 -2.2788e+00 +2.0262e+00
7 0 +1.793292508e+04 +1.792662508e+04 +1.792662508e+04 -3.0991e+00 +3.4495e+00 -1.4770e+00 -1.3832e+00 +8.8297e-01 +2.2307e+00 +2.9948e+00 -3.2938e-01 +8.3087e-02 +1.6048e+00
16 0 +1.690563323e+04 +1.689933323e+04 +1.689933323e+04 +2.5538e+00 +6.7083e-01 +1.6688e+00 -1.0704e+00 -1.9793e+00 -1.6845e+00 -2.2984e+00 -2.7234e+00 -7.2687e-01 +6.7627e-01
54 0 +1.337436020e+04 +1.336806020e+04 +1.336806020e+04 +2.4276e+00 -1.5662e+00 -1.5600e+00 -3.5030e-01 +3.4233e+00 -1.7675e+00 +2.3083e+00 -2.9329e-01 +3.1552e+00 +5.2561e-01
103 0 +1.134931963e+04 +1.134301963e+04 +1.134301963e+04 +1.2048e+00 +3.0468e-02 -2.2687e-01 -1.6103e+00 +1.5587e+00 -2.4453e+00 -3.6272e-01 +8.1223e-01 +1.6462e+00 +1.9977e+00
106 0 +4.104816814e+03 +4.098516814e+03 +4.098516814e+03 -6.5129e-01 +4.8185e-01 +7.3207e-02 -6.9635e-01 -1.1508e-01 +1.1901e+00 +3.4313e-01 -1.5463e+00 +7.9055e-01 +4.7259e-01
107 0 +3.784918199e+03 +3.778618199e+03 +3.778618199e+03 +3.7811e-01 +5.4255e-01 +5.8567e-01 -8.1649e-01 -7.1383e-01 +2.6683e-01 -5.0526e-01 -1.9244e+00 +3.0320e-01 +5.3801e-01
156 0 +1.349144780e+03 +1.342844780e+03 +1.342844780e+03 +3.0527e+00 -4.5789e-01 -4.7741e-01 -7.0981e-01 +4.9872e-01 -9.1074e-01 +3.0041e-01 -2.2091e+00 +2.9542e-01 +6.4465e-01
% f evaluations | g evaluations | best noise-free fitness - Fopt (-1.367600000000e+02) + sum g_i+ | measured fitness | best measured fitness or single-digit g-values | x1 | x2...
1 0 +5.631194801e+04 +5.617518801e+04 +5.617518801e+04 +1.0628e+00 -1.7460e+00 -4.3341e-01 -4.6251e+00 +2.2736e+00 -3.8223e+00 -3.7579e+00 +7.8830e-01 +2.5341e+00 -9.4997e-01
2 0 +2.166931406e+04 +2.153255406e+04 +2.153255406e+04 +2.6550e+00 +4.3777e+00 -3.7119e+00 -1.9193e+00 -1.6637e+00 -1.1647e+00 +1.7639e+00 +3.6666e+00 +3.1175e+00 -1.4194e+00
12 0 +1.371924039e+04 +1.358248039e+04 +1.358248039e+04 +1.3763e+00 +4.0395e+00 -9.0669e-01 -1.8672e+00 +2.3409e+00 +1.2533e+00 -1.3341e+00 -4.7631e-01 +2.2774e+00 -5.0683e-01
21 0 +1.129940067e+04 +1.116264067e+04 +1.116264067e+04 +1.2918e+00 -3.0920e+00 +4.6388e+00 +3.6749e+00 -3.0525e+00 +4.1970e-01 -1.3420e+00 +9.9658e-01 +2.4756e+00 -3.1506e+00
52 0 +2.984920749e+03 +2.848160749e+03 +2.848160749e+03 -8.2022e-01 +6.4841e-01 -1.9444e+00 -3.7223e-01 +1.4990e+00 +1.6530e+00 -2.9695e+00 +1.6049e+00 +5.5549e-01 -1.8966e+00
56 0 +2.623572473e+03 +2.486812473e+03 +2.486812473e+03 +1.6723e+00 +3.3464e+00 -2.6550e+00 -1.3970e+00 +8.1180e-01 +2.1536e+00 -6.8768e-01 +1.5366e+00 +3.6096e-01 -9.6914e-01
106 0 +1.702250644e+02 +3.346506444e+01 +3.346506444e+01 +1.4546e+00 -3.3707e-01 +1.5179e+00 +1.5046e+00 -1.3990e+00 +1.1616e+00 -1.0620e+00 +1.2276e+00 +1.5708e+00 -2.2172e+00
107 0 +4.762982174e+00 -1.319970178e+02 -1.319970178e+02 +1.5095e+00 +5.9143e-01 +4.6601e-01 +7.7319e-01 -8.4172e-01 +1.4117e+00 -9.6765e-01 +1.3055e+00 +1.2658e+00 -1.9026e+00
607 0 +4.230087289e+00 -1.325299127e+02 -1.325299127e+02 +1.4947e+00 +3.4162e-01 +7.4900e-01 +9.6998e-01 -9.9166e-01 +1.3444e+00 -9.9303e-01 +1.2846e+00 +1.3479e+00 -1.4754e+00
656 0 +4.165130999e+00 -1.325948690e+02 -1.325948690e+02 +1.4931e+00 +3.1450e-01 +7.7972e-01 +9.9134e-01 -1.0079e+00 +1.3371e+00 -9.9579e-01 +1.2823e+00 +1.3568e+00 -1.4887e+00
702 0 +4.069430152e+00 -1.326905698e+02 -1.326905698e+02 +1.6384e+00 +1.0114e+00 +3.7265e-01 +6.8219e-01 -7.4602e-01 +1.0229e+00 -8.2565e-01 +9.5846e-01 +1.4423e+00 -1.7072e+00
% f evaluations | g evaluations | best noise-free fitness - Fopt (3.667500000000e+02) + sum g_i+ | measured fitness | best measured fitness or single-digit g-values | x1 | x2...
1 0 +3.141570232e+05 +3.145237732e+05 +3.145237732e+05 +3.1058e+00 +2.7441e+00 +4.1796e+00 -4.6886e+00 -4.6108e+00 +3.0774e+00 -4.5726e+00 -3.7784e+00 +1.0090e+00 -2.8236e+00
2 0 +7.287736628e+04 +7.324411628e+04 +7.324411628e+04 -2.9570e+00 +1.7711e+00 -3.7342e+00 +3.5506e+00 -2.7226e+00 -4.0717e+00 +2.6911e+00 -1.7114e+00 -3.5310e+00 -3.3342e+00
3 0 +2.728074632e+04 +2.764749632e+04 +2.764749632e+04 -4.1181e+00 +9.2478e-01 +1.0746e+00 +4.4151e+00 -1.7498e+00 -3.2797e+00 -3.0636e+00 +9.9106e-01 -4.1934e+00 +1.4952e+00
20 0 +2.397834356e+03 +2.764584356e+03 +2.764584356e+03 +2.6875e+00 +8.2159e-01 +1.8605e+00 -1.8780e+00 +2.2124e+00 -3.5133e-01 -5.3272e-01 +3.0440e+00 -9.4055e-01 +1.4956e+00
52 0 +1.231986463e+03 +1.598736463e+03 +1.598736463e+03 -2.6571e+00 -1.5514e+00 +7.7151e-01 +2.2209e+00 -1.5962e+00 -1.4484e+00 +9.0209e-01 +9.9722e-01 -2.8314e+00 +1.2120e+00
108 0 +1.085288635e+03 +1.452038635e+03 +1.452038635e+03 -2.8040e+00 -9.7720e-01 +8.7144e-01 +1.6111e+00 -1.5009e+00 -1.5573e+00 +1.0384e+00 +6.5779e-01 -2.5218e+00 +1.4275e+00
356 0 +1.888111200e+02 +5.555611200e+02 +5.555611200e+02 +1.8952e+00 -1.8516e-01 +1.5036e+00 -1.3337e+00 +1.5307e+00 -6.8188e-01 +2.5843e-01 +2.7433e+00 -1.5492e+00 +8.9603e-01
% f evaluations | g evaluations | best noise-free fitness - Fopt (-2.486900000000e+02) + sum g_i+ | measured fitness | best measured fitness or single-digit g-values | x1 | x2...
1 0 +1.511088092e+05 +1.508601192e+05 +1.508601192e+05 -4.9942e+00 -4.4152e+00 +2.1287e+00 -1.7948e-01 -4.8647e+00 -2.2921e+00 -2.0473e+00 -3.3582e+00 +1.9821e-01 -4.6666e+00
2 0 +8.201422337e+04 +8.176553337e+04 +8.176553337e+04 -4.4244e+00 -4.0405e+00 -4.2579e+00 -1.9492e+00 +3.2804e+00 +3.8199e+00 -1.5766e-01 -4.2979e+00 +4.0251e+00 +1.2745e+00
3 0 +2.426232340e+04 +2.401363340e+04 +2.401363340e+04 -2.8465e+00 -1.7616e+00 -1.4536e+00 -4.3770e+00 -2.4939e+00 +1.0498e-01 -4.1234e+00 -1.7056e+00 -1.2929e+00 +3.5999e+00
15 0 +1.769727307e+04 +1.744858307e+04 +1.744858307e+04 -4.1555e+00 +4.9409e-01 +4.2700e-02 -9.6698e-01 +3.3690e+00 +1.3168e+00 +1.1534e-01 -2.6296e+00 -8.1262e-01 +3.3870e+00
31 0 +7.904961528e+03 +7.656271528e+03 +7.656271528e+03 +3.6847e+00 -3.3574e+00 +2.6767e-03 -1.1869e+00 +7.1448e-01 -1.5219e+00 -1.9642e+00 -6.5652e-01 -2.2829e+00 +1.1138e+00
53 0 +7.477530216e+03 +7.228840216e+03 +7.228840216e+03 -1.8715e+00 +1.5359e+00 -1.4889e+00 +1.9389e+00 -2.0960e+00 +6.2011e-01 -1.7735e+00 -1.8668e+00 +9.6254e-01 +2.0551e+00
58 0 +6.907478606e+03 +6.658788606e+03 +6.658788606e+03 +3.2136e+00 -3.0335e+00 +9.4335e-02 -4.9542e-01 +1.4239e+00 -1.1268e+00 -1.1489e+00 -1.0639e+00 -1.0223e+00 +9.0407e-01
102 0 +1.164214368e+03 +9.155243678e+02 +9.155243678e+02 +1.7234e+00 -1.6300e+00 -5.2384e-01 -8.3459e-02 -2.7762e-01 -7.6575e-01 -1.8969e+00 -1.0838e+00 -1.1372e+00 +1.4461e+00
103 0 +5.907162643e+02 +3.420262643e+02 +3.420262643e+02 +8.9826e-02 -1.9140e-01 -9.6235e-01 +8.3552e-01 -1.1039e+00 -1.3601e-01 -1.8408e+00 -1.4396e+00 -1.8309e-01 +1.7228e+00
154 0 +4.679756771e+02 +2.192856771e+02 +2.192856771e+02 +1.0771e+00 -1.0609e+00 -6.9732e-01 +2.8011e-01 -6.0451e-01 -5.1661e-01 -1.8747e+00 -1.2245e+00 -7.5975e-01 +1.5556e+00
155 0 +2.515104822e+02 +2.820482151e+00 +2.820482151e+00 +7.3610e-01 -7.6057e-01 -7.8886e-01 +4.7195e-01 -7.7700e-01 -3.8515e-01 -1.8630e+00 -1.2988e+00 -5.6058e-01 +1.6133e+00
910 0 +2.223613138e+01 -2.264538686e+02 -2.264538686e+02 +1.5418e+00 -1.4702e+00 -5.7257e-01 +1.2686e-02 -3.6945e-01 -4.5692e-03 -1.8906e+00 -1.1233e+00 -1.0312e+00 +1.4768e+00
% f evaluations | g evaluations | best noise-free fitness - Fopt (-6.786000000000e+01) + sum g_i+ | measured fitness | best measured fitness or single-digit g-values | x1 | x2...
1 0 +2.227403401e+04 +2.220617401e+04 +2.220617401e+04 +6.1524e-02 +1.3128e+00 -2.3052e-01 +1.9826e+00 -1.2229e+00 +1.9473e+00 -2.7810e-02 +6.8457e-01 -3.0861e+00 +1.2128e+00
2 0 +1.057708965e+04 +1.050922965e+04 +1.050922965e+04 +2.1784e+00 +2.2041e+00 +2.5236e+00 +5.2556e-01 -4.6500e+00 -4.0622e-01 +9.5409e-02 -4.1649e+00 -2.1374e+00 -1.0690e-01
45 0 +9.227078897e+03 +9.159218897e+03 +9.159218897e+03 +3.9552e+00 +6.0090e-01 +2.8911e+00 +3.1243e+00 -1.9372e-01 -2.3317e+00 +1.6721e+00 +5.7537e-01 -4.2640e+00 -1.6586e+00
54 0 +6.119241078e+03 +6.051381078e+03 +6.051381078e+03 -2.0548e+00 +2.2478e+00 +3.6620e+00 +1.1087e+00 -4.4460e+00 -2.5701e+00 -4.2188e-01 -1.8982e+00 -4.1546e-01 -2.1491e+00
106 0 +3.581277105e+03 +3.513417105e+03 +3.513417105e+03 +3.3537e+00 +1.1436e+00 +2.7667e+00 +2.2446e+00 -1.7022e+00 -1.6799e+00 +1.1384e+00 -1.0293e+00 -3.5441e+00 -1.1333e+00
107 0 +2.105466618e+03 +2.037606618e+03 +2.037606618e+03 +2.7799e+00 +1.6614e+00 +2.6480e+00 +1.4053e+00 -3.1415e+00 -1.0580e+00 +6.2913e-01 -2.5602e+00 -2.8573e+00 -6.3216e-01
206 0 +1.982150021e+03 +1.914290021e+03 +1.914290021e+03 +4.6802e-01 -4.2510e-02 -1.0697e+00 -3.4931e-01 +4.8182e-01 +3.5364e-03 -4.2141e-01 -1.3508e+00 -1.1344e+00 -2.5569e+00
254 0 +1.904120607e+03 +1.836260607e+03 +1.836260607e+03 +5.2579e-01 -1.1200e-01 -1.1150e+00 -3.4571e-01 +5.4492e-01 -8.2927e-02 -4.1879e-01 -1.4331e+00 -1.0413e+00 -2.5450e+00
302 0 +1.065629226e+02 +3.870292264e+01 +3.870292264e+01 +2.8468e+00 +5.1712e-01 +2.7974e+00 +2.2638e+00 -1.1066e+00 -1.8380e+00 +2.5267e-01 -5.4083e-01 -2.4890e+00 -1.4878e+00
357 0 +3.799498916e+00 -6.406050108e+01 -6.406050108e+01 +2.5336e+00 +1.2732e-01 +1.6710e+00 +1.7325e+00 -5.2226e-01 -1.9377e+00 +8.3567e-02 -1.1802e+00 -1.7276e+00 -1.5184e+00
% f evaluations | g evaluations | best noise-free fitness - Fopt (-2.329000000000e+01) + sum g_i+ | measured fitness | best measured fitness or single-digit g-values | x1 | x2...
1 0 +2.940422457e+04 +2.938093457e+04 +2.938093457e+04 -1.2010e+00 -1.5178e+00 +2.8313e-01 -4.9824e+00 +4.4567e+00 +4.7889e+00 +3.2565e+00 +3.5079e+00 +2.6258e+00 +1.5359e+00
5 0 +1.724901254e+04 +1.722572254e+04 +1.722572254e+04 -1.6039e+00 +4.8137e+00 -4.1828e-01 -3.2272e-01 +2.4362e+00 -7.7132e-01 +2.9890e-01 +4.3283e+00 -3.2282e-01 +2.2252e+00
13 0 +1.515951645e+04 +1.513622645e+04 +1.513622645e+04 -1.3747e+00 +8.0110e-02 -3.8249e+00 -4.8690e+00 -8.5937e-01 -4.1624e-01 -5.6096e-01 +1.6905e+00 +9.0209e-01 -5.1169e-01
57 0 +1.092179866e+04 +1.089850866e+04 +1.089850866e+04 -1.3037e+00 +1.4374e-01 -3.5818e+00 -4.6404e+00 -7.5198e-01 -1.7939e-01 -3.6039e-01 +1.8057e+00 +1.1339e+00 -2.9620e-01
154 0 +8.083565708e+03 +8.060275708e+03 +8.060275708e+03 -1.4133e+00 +8.7812e-01 -3.2506e+00 -4.1025e+00 -3.0378e-01 -4.7610e-01 -4.1600e-01 +2.1352e+00 +6.9558e-01 -5.0281e-02
252 0 +5.789345608e+03 +5.766055608e+03 +5.766055608e+03 -9.6702e-01 +5.9571e-01 -2.2454e+00 -3.9712e+00 -1.3885e+00 -6.4630e-01 +3.2514e-01 +2.2897e+00 +9.9020e-01 +1.3446e-01
253 0 +5.359875107e+03 +5.336585107e+03 +5.336585107e+03 -7.5475e-01 +8.6418e-01 -1.4229e+00 -3.5038e+00 -1.6639e+00 -7.6608e-01 +7.8653e-01 +2.6016e+00 +1.0361e+00 +4.7090e-01
304 0 +1.788202461e+03 +1.764912461e+03 +1.764912461e+03 +9.4808e-01 -1.1779e+00 -1.5472e+00 -3.5765e-01 +3.2262e-01 +1.7815e+00 -1.7085e+00 +3.0378e+00 +5.8432e-03 +2.5065e+00
% f evaluations | g evaluations | best noise-free fitness - Fopt (-1.028000000000e+01) + sum g_i+ | measured fitness | best measured fitness or single-digit g-values | x1 | x2...
1 0 +2.919293247e+05 +2.919190447e+05 +2.919190447e+05 -4.7536e+00 +1.5862e+00 +3.0013e+00 +5.5294e-01 +3.7832e+00 +4.0604e+00 -3.9854e+00 +3.8850e+00 -2.5982e+00 +1.2848e+00
2 0 +7.657459474e+04 +7.656431474e+04 +7.656431474e+04 -2.1168e+00 +1.9085e+00 -1.9269e+00 +4.1701e+00 +3.9486e+00 -4.5689e+00 -3.5694e-02 +2.1446e+00 +2.4632e+00 -4.0284e+00
3 0 +3.630100065e+04 +3.629072065e+04 +3.629072065e+04 +2.5079e+00 -2.6060e+00 -3.5943e+00 +2.7921e+00 -1.9519e+00 -2.4976e+00 +2.4592e+00 -2.6556e+00 -6.1558e-01 +7.1465e-01
25 0 +7.894182284e+03 +7.883902284e+03 +7.883902284e+03 +3.1033e+00 +3.7748e+00 +2.4994e+00 +5.8211e-01 +6.7436e-01 -3.1653e+00 +2.8393e+00 -3.3292e+00 +2.6163e-01 -3.1283e+00
28 0 +6.309383536e+03 +6.299103536e+03 +6.299103536e+03 +1.0529e+00 +1.4610e-01 -9.4548e-01 -2.7907e+00 -2.5871e+00 +2.3912e+00 +5.3769e-01 -4.1457e-01 +9.8802e-01 -1.4659e+00
58 0 +2.156308669e+03 +2.146028669e+03 +2.146028669e+03 +1.7488e+00 +8.3847e-01 -6.5285e-01 -2.1031e+00 -1.3139e+00 +1.3308e+00 +1.0293e+00 -6.4851e-01 +6.6677e-01 -1.4118e+00
960 0 +5.223989204e+02 +5.121189204e+02 +5.121189204e+02 +7.3215e-01 -1.5510e-02 -9.9736e-01 -2.2961e+00 -6.0527e-01 +3.2680e-03 +1.0818e-01 -4.1109e-01 +1.0411e+00 -1.1710e+00
% f evaluations | g evaluations | best noise-free fitness - Fopt (1.799700000000e+02) + sum g_i+ | measured fitness | best measured fitness or single-digit g-values | x1 | x2...
1 0 +3.195109703e+04 +3.213106703e+04 +3.213106703e+04 -4.6847e+00 -1.4643e+00 +4.0822e+00 -3.1663e-02 +6.3978e-01 +5.0576e-01 +1.7067e+00 +7.7511e-01 +2.3002e+00 +1.5244e+00
4 0 +3.031009175e+04 +3.049006175e+04 +3.049006175e+04 -3.9457e+00 -2.4600e+00 -2.5186e+00 +2.3820e+00 +1.5689e+00 +3.0988e-02 +3.2510e+00 -9.9396e-01 -4.0646e+00 +3.9995e+00
7 0 +1.236848687e+04 +1.254845687e+04 +1.254845687e+04 +3.2551e+00 +4.6999e+00 +1.1695e+00 +1.4481e+00 +1.9977e+00 +4.3337e+00 -3.5236e-01 -2.8136e-01 -1.8953e+00 -1.6316e-01
56 0 +6.409220319e+03 +6.589190319e+03 +6.589190319e+03 +8.7240e-02 +4.2720e+00 +9.2379e-01 +8.7593e-01 +2.6162e+00 -1.3187e+00 +2.5625e+00 +5.7278e-01 +3.7118e-01 +2.3634e+00
57 0 +1.422768592e+03 +1.602738592e+03 +1.602738592e+03 +2.1307e+00 +4.5481e+00 +1.0823e+00 +1.2450e+00 +2.2172e+00 +2.3275e+00 +6.8221e-01 +2.1799e-02 -1.0908e+00 +7.3360e-01
559 0 +1.356444606e+03 +1.536414606e+03 +1.536414606e+03 +1.9833e+00 +1.6568e+00 +9.7098e-01 -6.0211e-01 +1.7989e+00 -1.2853e-02 +1.3422e+00 -1.6323e-01 -9.8874e-01 +5.5785e-01
659 0 +1.007383843e+03 +1.187353843e+03 +1.187353843e+03 +2.8267e+00 +1.2597e+00 +7.3037e-01 -1.2508e+00 +1.7183e+00 +8.1797e-01 +2.0021e+00 -2.6856e-01 -1.0665e+00 +8.0309e-01
708 0 +4.346794324e+00 +1.843167943e+02 +1.843167943e+02 +1.1267e+00 -8.1798e-01 +1.5347e+00 +4.1644e-01 +1.8949e+00 +1.5714e+00 +8.0863e-01 +5.5390e-01 -1.4318e+00 +1.6311e+00
% f evaluations | g evaluations | best noise-free fitness - Fopt (8.376000000000e+01) + sum g_i+ | measured fitness | best measured fitness or single-digit g-values | x1 | x2...
1 0 +6.172515820e+04 +6.180891820e+04 +6.180891820e+04 +3.4695e+00 +1.7436e+00 +4.0589e-01 +2.5868e+00 -3.4154e-01 -3.9117e+00 +2.7903e+00 +1.0101e+00 -5.1421e-02 -1.7193e+00
2 0 +4.655920581e+04 +4.664296581e+04 +4.664296581e+04 -3.6120e+00 -1.0624e+00 -1.2191e+00 +3.3445e+00 +4.8133e-01 -4.2026e+00 +9.0267e-01 +2.0238e+00 -3.6090e+00 +1.5103e+00
11 0 +3.940759499e+03 +4.024519499e+03 +4.024519499e+03 +2.3806e-01 +1.3209e+00 -1.4774e+00 -4.0670e+00 -3.7794e-01 +1.6908e+00 +2.5327e+00 +1.9019e+00 -3.3334e+00 +1.6217e+00
52 0 +2.544819698e+03 +2.628579698e+03 +2.628579698e+03 -3.7411e+00 -2.3870e+00 -1.5618e-01 +1.0807e+00 +1.4460e-02 +3.6641e+00 -1.5258e-01 +2.2089e+00 +1.7384e-02 +1.3462e+00
53 0 +2.032306479e+03 +2.116066479e+03 +2.116066479e+03 -3.7401e+00 -2.3740e+00 -7.2822e-02 +7.7984e-01 -7.4265e-02 +3.5909e+00 -1.0741e-01 +2.3433e+00 +6.2934e-03 +1.1974e+00
55 0 +1.870475523e+03 +1.954235523e+03 +1.954235523e+03 -2.7087e-01 +8.6573e-01 -1.1762e+00 -3.8819e+00 -4.6777e-01 +1.8283e+00 +2.2595e+00 +2.1535e+00 -2.9210e+00 +1.3513e+00
102 0 +5.564986178e+00 +8.932498618e+01 +8.932498618e+01 -2.1302e+00 -8.7872e-01 -6.4123e-01 -1.1816e+00 -1.9716e-01 +2.8220e+00 +9.6099e-01 +2.1646e+00 -1.3452e+00 +1.3691e+00
103 0 +4.160441090e+00 +8.792044109e+01 +8.792044109e+01 -1.3718e+00 -1.7437e-01 -9.0898e-01 -2.1056e+00 -2.5505e-01 +2.4597e+00 +1.4643e+00 +2.0805e+00 -1.9819e+00 +1.4500e+00
802 0 +3.696886434e+00 +8.745688643e+01 +8.745688643e+01 +4.7239e-01 +8.9004e-01 -1.0089e+00 -2.7213e+00 +1.4311e-01 +1.3035e+00 +1.4470e+00 +5.1823e-01 -2.4677e+00 +1.9500e+00
% f evaluations | g evaluations | best noise-free fitness - Fopt (-3.890100000000e+02) + sum g_i+ | measured fitness | best measured fitness or single-digit g-values | x1 | x2...
1 0 +1.050866334e+05 +1.046976234e+05 +1.046976234e+05 -2.2684e+00 -2.2658e+00 +3.0052e+00 -4.7231e-01 -1.3125e+00 +3.0665e+00 -1.2883e-01 -3.3696e+00 -1.9654e+00 -4.2908e+00
2 0 +3.134593076e+04 +3.095692076e+04 +3.095692076e+04 -3.3219e-01 -3.9379e+00 -2.8093e+00 +2.0652e+00 -4.2159e-01 -8.4228e-01 -5.5542e-01 +3.2502e+00 -2.6330e+00 -7.6304e-01
15 0 +1.041611898e+04 +1.002710898e+04 +1.002710898e+04 +1.5835e+00 +2.9064e-01 +1.9594e+00 -9.6144e-01 +2.7328e+00 -4.5153e+00 -1.6693e+00 +3.2474e+00 +1.7032e+00 -2.5249e+00
22 0 +5.452156209e+03 +5.063146209e+03 +5.063146209e+03 +1.2002e+00 -2.9960e+00 +3.8918e-01 +4.6516e-01 -3.9737e+00 -1.5231e+00 +9.9105e-01 +7.4693e-01 +3.3782e+00 -1.7053e+00
58 0 +1.844890622e+03 +1.455880622e+03 +1.455880622e+03 -2.5773e+00 -2.6709e+00 +1.5049e+00 -5.9382e-01 +1.2053e-01 -1.4982e-01 -1.1182e+00 -3.8841e-01 +1.3828e+00 -2.0574e+00
102 0 +1.789144552e+03 +1.400134552e+03 +1.400134552e+03 +2.5370e+00 +1.6227e+00 +1.2087e-01 -1.1605e+00 +5.2690e-01 -1.4825e+00 +1.3713e-01 +9.5272e-01 +7.9168e-01 -4.1018e-01
153 0 +1.568463385e+03 +1.179453385e+03 +1.179453385e+03 +2.3232e+00 +1.6951e+00 +1.2608e-01 -5.8414e-01 +1.3077e+00 -2.3326e+00 -4.9085e-01 +1.6354e+00 +1.2324e+00 -1.0553e+00
154 0 +1.233604575e+03 +8.445945754e+02 +8.445945754e+02 +2.0759e+00 +1.4627e+00 +3.1906e-01 -1.0519e+00 +7.9010e-01 -9.2977e-01 -2.9132e-01 +8.7638e-01 +4.6559e-01 -6.6289e-01
210 0 +1.146735312e+03 +7.577253116e+02 +7.577253116e+02 +1.3735e+00 +1.4627e+00 +3.1906e-01 -1.0519e+00 +7.9010e-01 -9.2977e-01 -2.9132e-01 +8.7638e-01 +4.6559e-01 -6.6289e-01
258 0 +5.245066232e+02 +1.354966232e+02 +1.354966232e+02 +2.1171e+00 +1.0876e-01 -3.0769e-01 -6.5076e-01 -6.1191e-01 -1.8936e+00 +5.0857e-01 +1.1196e+00 +1.7101e+00 -7.6830e-01
% f evaluations | g evaluations | best noise-free fitness - Fopt (-1.455800000000e+02) + sum g_i+ | measured fitness | best measured fitness or single-digit g-values | x1 | x2...
1 0 +1.686241467e+05 +1.684785667e+05 +1.684785667e+05 -4.3195e-01 +1.8322e-01 -4.9677e-01 -4.7607e+00 +1.0655e+00 +2.1971e+00 -2.9376e+00 +4.8199e+00 -1.8780e+00 +4.8192e+00
2 0 +1.590022101e+05 +1.588566301e+05 +1.588566301e+05 +1.6765e+00 -1.6494e-01 +1.7659e+00 -2.5069e+00 +7.9332e-01 +5.9144e-01 +2.0706e+00 -4.5043e+00 +2.3406e+00 +1.5050e+00
5 0 +1.894773137e+04 +1.880215137e+04 +1.880215137e+04 -8.3327e-01 -4.7159e+00 -2.9880e+00 -4.9596e-01 +1.0086e+00 +2.3412e+00 +4.6839e+00 +2.5993e+00 -3.1197e-01 -1.4829e+00
15 0 +1.459187661e+04 +1.444629661e+04 +1.444629661e+04 +1.3352e+00 -2.0873e+00 -4.8631e+00 +5.6412e-01 -5.0288e-01 +1.4224e+00 +7.8571e-01 +2.0440e+00 -2.7822e+00 -2.6459e+00
52 0 +9.212532975e+03 +9.066952975e+03 +9.066952975e+03 +7.7158e-01 -2.3172e+00 -4.1280e+00 +5.7145e-01 -1.4484e-01 +1.2761e+00 +1.0822e+00 +2.0573e+00 -2.7062e+00 -2.0914e+00
154 0 +3.480173128e+03 +3.334593128e+03 +3.334593128e+03 -7.9026e-01 -2.9542e+00 -2.0906e+00 +3.1534e-01 +8.4739e-01 +8.7063e-01 +1.9037e+00 +2.0940e+00 -2.4956e+00 -5.5481e-01
363 0 +9.757458840e+02 +8.301658840e+02 +8.301658840e+02 +2.5153e+00 -5.6960e-01 -1.5664e+00 +8.6333e-01 -2.4370e+00 +2.1619e-01 +1.7397e-01 +1.0656e+00 -5.6179e-01 -1.6841e+00
405 0 +4.552167503e+02 +3.096367503e+02 +3.096367503e+02 +2.0111e+00 -7.6939e-01 -1.1960e+00 +5.9374e-01 -1.8709e+00 +2.6111e-01 +5.1042e-01 +7.3137e-01 -4.7448e-01 -1.2398e+00
914 0 +3.140212709e+02 +1.684412709e+02 +1.684412709e+02 +8.6097e-01 -1.7936e+00 -1.6692e+00 +6.3266e-01 -1.3989e+00 +9.7545e-02 +5.8907e-01 +1.4407e+00 -1.7412e+00 -1.5040e+00
