% f evaluations | g evaluations | best noise-free fitness - Fopt (-5.465000000000e+02) + sum g_i+ | measured fitness | best measured fitness or single-digit g-values | x1 | x2...
1 0 +3.622326972e+05 +3.616861972e+05 +3.616861972e+05 -2.6193e+00 +8.7557e-01 -1.5368e+00 +1.9588e-01 +2.8552e+00 -4.6237e+00 +4.4806e+00 +4.9040e+00 -1.0773e+00 +4.6550e+00 -2.4079e+00 -3.4228e+00 +2.5834e+00 -7.8248e-01 +1.6583e+00 -3.0988e+00 -2.1227e+00 -4.0222e+00 +4.7777e+00 -4.9635e+00
2 0 +2.457306772e+05 +2.451841772e+05 +2.451841772e+05 -3.6829e+00 -2.7578e+00 -4.1145e+00 +1.0046e+00 +1.2247e-01 +4.4293e+00 -6.3732e-01 -4.2379e+00 -1.4399e+00 -4.8784e-01 -1.9897e-01 -3.2448e+00 -2.8688e+00 +4.7875e+00 -1.2108e-01 -1.4994e+00 -3.4944e+00 +6.0423e-01 -3.5438e+00 +4.3385e+00
3 0 +9.523662232e+04 +9.469012232e+04 +9.469012232e+04 +4.0526e+00 +3.5585e+00 +3.8021e+00 -2.0579e+00 +4.1937e+00 -2.7056e+00 -2.6478e-01 -1.6793e+00 -3.0503e+00 +5.6629e-01 +4.3541e+00 -3.6130e+00 +3.5513e+00 -3.9988e+00 +9.2365e-01 -5.3111e-02 +4.7022e+00 -4.4763e+00 -3.5957e+00 +3.7613e+00
4 0 +8.271568867e+04 +8.216918867e+04 +8.216918867e+04 +2.6541e+00 -1.8298e+00 -3.0569e+00 -1.8329e+00 +1.5878e+00 -3.4866e+00 +4.8216e+00 -3.3994e-01 -1.9129e+00 +4.3577e-01 -1.1691e+00 -4.7688e+00 +5.6059e-01 -1.1514e+00 +2.0113e+00 -1.8211e+00 +3.6632e+00 -1.5406e+00 -1.6176e+00 +4.4194e+00
13 0 +8.097307867e+04 +8.042657867e+04 +8.042657867e+04 -3.8862e+00 +1.9145e+00 +4.5250e+00 -6.8177e-01 +1.8609e+00 +1.1748e-01 +1.4566e+00 +1.4759e+00 +1.5847e+00 +1.1815e+00 -1.1037e+00 +4.2402e-01 -1.6277e+00 -2.5529e+00 -2.0334e+00 -4.8118e-01 -3.4902e+00 -4.3295e+00 -3.8871e-01 +3.9037e+00
15 0 +6.667372100e+04 +6.612722100e+04 +6.612722100e+04 +2.2327e+00 -5.5715e-01 +1.7922e+00 -2.8608e+00 +4.1687e+00 -3.9213e+00 -3.2615e+00 -9.3964e-01 +2.7219e+00 +9.3971e-01 -7.4071e-01 +4.6343e+00 -3.0874e+00 -4.4565e-01 +1.4353e+00 -2.9080e+00 -1.8051e+00 -2.6120e+00 -4.5124e+00 -1.0335e+00
17 0 +6.487000325e+04 +6.432350325e+04 +6.432350325e+04 -3.8015e+00 +4.3230e-02 -3.1107e+00 -4.6789e+00 +3.0769e-02 -2.4542e+00 -3.9600e+00 +4.1536e+00 +3.9730e-01 +1.4415e+00 +1.1933e+00 +1.5432e+00 +1.9297e-01 -2.8099e+00 +8.2208e-01 +2.6855e+00 +4.6610e+00 -3.8905e+00 -3.3577e+00 +1.1287e+00
54 0 +1.226574130e+04 +1.171924130e+04 +1.171924130e+04 -3.3085e+00 -8.0475e-01 +1.1755e+00 -2.2130e+00 -2.0889e-01 -1.3743e-01 -6.0822e-01 +2.6362e+00 +1.9480e+00 +4.5732e-01 +1.2362e+00 -1.6668e+00 +2.2387e+00 +1.8313e+00 +2.4868e+00 +2.6843e-01 +1.6587e+00 -1.3672e+00 -1.3444e+00 +1.2453e+00
106 0 +1.180132666e+04 +1.125482666e+04 +1.125482666e+04 -3.4434e+00 -1.1641e+00 +1.2451e+00 -2.3787e+00 -4.7423e-01 +5.6244e-02 -4.3815e-01 +2.6659e+00 +2.1570e+00 +5.3389e-01 +1.4833e+00 -1.5178e+00 +2.2756e+00 +1.6751e+00 +2.4527e+00 +6.0548e-01 +1.7964e+00 -1.2064e+00 -1.5094e+00 +1.4010e+00
157 0 +7.935043004e+03 +7.388543004e+03 +7.388543004e+03 -3.5104e+00 -4.5752e-01 -5.7966e-01 -3.2227e+00 -1.1075e-01 -1.0861e+00 -1.9807e+00 +3.2576e+00 +1.3130e+00 +8.6032e-01 +1.2186e+00 -3.5238e-01 +1.4010e+00 -6.9174e-02 +1.8052e+00 +1.2582e+00 +2.8881e+00 -2.4004e+00 -2.1688e+00 +1.1976e+00
254 0 +4.174768140e+03 +3.628268140e+03 +3.628268140e+03 -1.9117e+00 +4.1424e-01 -1.0547e+00 -3.7985e+00 -1.0408e+00 -2.0841e+00 -3.2982e+00 +1.3027e+00 +1.1920e+00 +1.3252e+00 +2.8420e-01 +3.4702e-01 +3.1276e-01 -5.8756e-01 +1.5190e+00 +6.4974e-01 +2.5713e+00 -1.3257e+00 -2.6281e+00 +1.5869e+00
255 0 +4.026922698e+03 +3.480422698e+03 +3.480422698e+03 -1.1194e+00 +5.6981e-01 -1.9261e-01 -3.4293e+00 -1.4901e+00 -1.9290e+00 -3.0207e+00 +1.0732e-01 +1.5252e+00 +1.2765e+00 -9.6989e-02 -1.5455e-01 +3.6299e-01 +3.4428e-01 +1.8113e+00 -2.0384e-01 +1.6951e+00 -2.5028e-01 -2.3222e+00 +1.7791e+00
402 0 +3.148121682e+03 +2.601621682e+03 +2.601621682e+03 -2.1327e+00 +2.9107e-01 +9.7778e-02 -2.4760e+00 -2.8124e-01 -1.5931e+00 -7.9849e-01 +1.1792e+00 +8.4307e-01 +1.9668e+00 +5.4556e-02 -1.0276e+00 +1.2084e+00 +4.1806e-02 +1.3243e+00 -5.2874e-01 +1.2878e+00 -7.9349e-01 -7.4925e-01 +7.0532e-01
603 0 +2.069855317e+03 +1.523355317e+03 +1.523355317e+03 -2.3633e+00 -1.5093e-02 -6.9136e-01 -2.8979e+00 -1.1758e-01 -2.0248e+00 -1.1990e+00 +2.0921e+00 +8.8016e-01 +1.9386e+00 +2.0516e-01 -4.1889e-01 +9.4787e-01 -6.1390e-01 +1.4029e+00 +1.2697e-01 +1.7506e+00 -1.7165e+00 -1.2138e+00 +4.5873e-01
1204 0 +1.828416905e+03 +1.281916905e+03 +1.281916905e+03 -2.8118e+00 +3.6540e-01 +2.7887e-01 -2.5493e+00 +8.1463e-01 -7.8572e-01 -1.3337e+00 +6.7059e-01 +4.2107e-01 +1.5951e+00 +6.8818e-01 -5.4493e-01 +7.9221e-01 -6.9836e-01 +3.9301e-01 +4.3733e-03 +2.1968e+00 -1.1125e+00 -1.4276e+00 +1.0436e+00
1205 0 +1.802561538e+03 +1.256061538e+03 +1.256061538e+03 -2.8246e+00 +3.9853e-01 +3.0998e-01 -2.5141e+00 +8.4700e-01 -7.6236e-01 -1.3019e+00 +6.6103e-01 +3.8939e-01 +1.6044e+00 +6.7866e-01 -5.6990e-01 +8.0377e-01 -6.9122e-01 +3.6218e-01 -3.2821e-02 +2.1807e+00 -1.0934e+00 -1.3839e+00 +1.0298e+00
% f evaluations | g evaluations | best noise-free fitness - Fopt (1.000000000000e+03) + sum g_i+ | measured fitness | best measured fitness or single-digit g-values | x1 | x2...
1 0 +2.325247347e+05 +2.335247347e+05 +2.335247347e+05 -4.9923e+00 -1.5393e+00 +3.5789e+00 -2.2014e+00 -5.3329e-01 -1.3225e+00 +3.4286e+00 +3.6831e+00 +8.2367e-01 -4.4631e-01 -4.8082e+00 -1.3354e+00 +2.7629e+00 -3.4081e+00 +4.7992e+00 -2.2383e-01 +1.4173e+00 -2.0644e+00 +2.2520e+00 -3.3282e+00
2 0 +2.140572605e+05 +2.150572605e+05 +2.150572605e+05 +4.4602e+00 +3.8500e+00 -2.1300e+00 +4.9125e+00 -4.5995e+00 -3.6969e+00 +3.3221e+00 -2.6058e+00 -4.7587e+00 -1.7161e+00 -4.8813e+00 +2.4798e+00 +1.4915e-01 +1.2620e+00 +9.9497e-01 +2.6369e+00 +2.2789e+00 +3.0181e+00 -1.3511e+00 -1.0030e+00
5 0 +4.922292383e+04 +5.022292383e+04 +5.022292383e+04 -1.2385e+00 -3.5428e+00 -7.7065e-01 -4.1606e+00 -1.1737e+00 -1.4247e+00 +3.0923e+00 +4.0824e+00 +7.5994e-02 +2.4258e-01 +1.2934e+00 +1.8648e+00 -2.7375e-01 -1.7113e+00 -1.1330e+00 -2.2040e+00 -2.9479e+00 -2.8071e+00 +1.1089e+00 -5.4906e-01
15 0 +3.846548888e+04 +3.946548888e+04 +3.946548888e+04 +3.9724e+00 -3.7206e+00 -4.7582e+00 +2.5398e+00 -1.7512e+00 +1.4352e+00 -4.1803e+00 +2.6301e-01 -3.3660e+00 +4.8697e+00 -4.8234e+00 +3.0691e+00 -2.6140e-01 -7.7391e-01 +5.2679e-01 -1.3797e+00 -7.6147e-01 -8.0627e-01 -2.9008e+00 +1.4091e+00
58 0 +2.471671263e+04 +2.571671263e+04 +2.571671263e+04 +3.0214e+00 -5.5395e-02 -2.9753e+00 -1.0587e+00 -1.4466e+00 +1.4227e+00 -3.7303e+00 +9.7678e-01 -2.3118e+00 -2.0318e+00 +1.1120e+00 -1.1518e+00 -1.4402e+00 +2.4597e+00 -3.0143e-01 -6.2529e-01 -4.3999e-01 +5.9882e-01 -1.7398e+00 +5.3582e-01
862 0 +2.452337417e+04 +2.552337417e+04 +2.552337417e+04 +1.6725e+00 -1.6207e+00 +1.9515e-01 +8.8907e-01 -8.5674e-01 +3.5186e-01 -1.9174e+00 -3.9976e-01 +1.7176e-01 +3.0673e+00 -2.5513e+00 +2.3433e-01 +1.4141e+00 -5.7553e-01 -1.6475e-01 -1.2156e+00 -1.7658e+00 -1.7784e-02 -2.3931e-01 +2.0002e-01
1357 0 +2.371761863e+04 +2.471761863e+04 +2.471761863e+04 +2.2674e+00 -2.5752e+00 -1.3499e+00 +1.4731e+00 -9.6560e-01 +4.8574e-01 -2.8790e+00 -5.6516e-01 -1.3270e+00 +3.5757e+00 -3.5633e+00 +2.0633e+00 +1.0618e+00 -5.5229e-01 -1.4744e-01 -1.4380e+00 -1.0797e+00 -4.7677e-01 -1.3627e+00 +7.2227e-01
1402 0 +2.129863051e+04 +2.229863051e+04 +2.229863051e+04 +1.4902e+00 -1.7972e+00 +3.6473e-01 +8.1177e-01 -5.8312e-01 +1.9236e-01 -2.1084e+00 -8.2189e-01 -2.7213e-01 +3.0462e+00 -2.7860e+00 +1.6671e+00 +8.1762e-01 -4.9491e-01 -3.9240e-01 -1.3561e+00 -1.4260e+00 -2.1528e-01 -4.9404e-01 +3.0056e-01
1410 0 +1.478015418e+04 +1.578015418e+04 +1.578015418e+04 +1.5604e+00 -2.1003e+00 +6.3449e-02 +1.0307e+00 -6.3980e-01 +9.2031e-02 -2.3394e+00 -9.0859e-01 -4.8144e-01 +9.7153e-02 -3.0408e+00 +1.6462e+00 +1.6105e+00 -4.6039e-01 -4.2703e-01 -1.4622e+00 -1.2117e+00 -3.4013e-01 -7.2492e-01 +4.3747e-01
% f evaluations | g evaluations | best noise-free fitness - Fopt (2.083800000000e+02) + sum g_i+ | measured fitness | best measured fitness or single-digit g-values | x1 | x2...
1 0 +2.373867455e+05 +2.375951255e+05 +2.375951255e+05 -2.9890e+00 +2.7369e+00 +5.2879e-01 -3.2237e+00 -3.8905e+00 -2.8039e+00 -3.2908e+00 -2.9747e+00 -4.1627e+00 -3.6599e+00 -3.4099e-01 -2.4297e+00 +2.8157e+00 -3.1267e+00 -2.4462e+00 +3.1560e+00 +8.7995e-01 -3.6214e+00 +1.0037e+00 +4.9060e+00
2 0 +1.650048409e+05 +1.652132209e+05 +1.652132209e+05 -2.8601e+00 +2.8219e+00 +4.3654e+00 -4.1434e-01 +2.5711e+00 -2.0595e+00 -4.1127e+00 -5.0643e-01 -5.1677e-01 +1.2772e+00 +3.8005e+00 -4.8367e+00 +3.9415e+00 +7.7675e-01 -3.1081e+00 -3.2720e-02 +2.2613e+00 +3.2735e+00 +1.9363e+00 -1.0754e+00
6 0 +1.402228422e+05 +1.404312222e+05 +1.404312222e+05 -3.6594e-01 +3.3490e+00 -2.7019e+00 +7.0301e-01 -4.2351e+00 +1.6225e+00 -2.5322e-01 -3.3848e+00 -4.8902e+00 +8.9330e-01 -1.9873e+00 -2.7924e-01 +2.2547e+00 +2.2007e+00 -1.7678e+00 -1.9605e+00 +2.3389e+00 -3.3799e+00 +4.0447e+00 -1.9866e+00
11 0 +1.266589211e+05 +1.268673011e+05 +1.268673011e+05 -1.9762e+00 -5.0301e-01 -6.7703e-02 -6.0246e-01 -5.8141e-02 -2.8024e+00 +4.3620e+00 -4.0557e+00 +1.1076e+00 +2.8314e+00 -1.4183e+00 -2.3591e+00 -3.0611e+00 -3.2632e-01 -1.5984e+00 -3.3154e+00 +1.5472e+00 -1.3771e+00 -1.6181e+00 -1.7019e+00
17 0 +8.364038457e+04 +8.384876457e+04 +8.384876457e+04 -1.2506e-01 -4.4976e+00 +1.9292e+00 -2.2071e+00 +3.5079e+00 -1.2401e+00 +1.7954e+00 -9.5408e-01 +2.3159e+00 -4.5344e+00 +9.9845e-01 -6.9649e-02 -4.9326e+00 -3.4114e+00 +2.2163e+00 +1.6484e+00 +2.0755e+00 +4.8491e-01 -1.0389e+00 +1.6337e-01
28 0 +8.069020251e+04 +8.089858251e+04 +8.089858251e+04 +1.8893e+00 -3.3070e+00 +1.4846e-01 +8.5359e-01 +3.2112e+00 +8.0520e-01 +4.4310e+00 -2.0482e+00 +4.7235e+00 +2.5391e+00 -8.3907e-01 +3.1651e+00 +2.4849e+00 -3.6593e+00 +2.5530e+00 +2.9998e+00 +3.8291e+00 -5.0996e-01 +1.3773e+00 -1.1027e+00
30 0 +3.582537888e+04 +3.603375888e+04 +3.603375888e+04 +1.9970e+00 +5.7852e-01 +3.8466e+00 +2.2518e+00 -4.3839e+00 +3.5250e+00 +1.4630e+00 +1.4734e+00 +1.3091e+00 -2.6533e+00 -4.1260e-01 +5.7658e-01 -1.1374e+00 -1.8282e+00 +2.8738e+00 -1.2348e+00 +4.8258e+00 +2.1861e+00 +4.9126e-01 +2.5657e+00
54 0 +9.668739535e+03 +9.877119535e+03 +9.877119535e+03 +2.3066e+00 -1.3320e+00 +2.3573e+00 +1.6467e+00 -2.4889e+00 -7.8132e-01 +5.5699e-01 +1.5300e+00 +1.7669e+00 -1.8866e+00 +1.2522e+00 +1.4543e+00 -1.9038e+00 -1.6332e+00 -1.6625e-01 -6.0502e-01 +8.2778e-01 +1.4243e+00 +8.0062e-01 +2.8601e+00
55 0 +9.429802406e+03 +9.638182406e+03 +9.638182406e+03 +2.2919e+00 -1.2416e+00 +2.4278e+00 +1.6754e+00 -2.5786e+00 -5.7746e-01 +5.9988e-01 +1.5273e+00 +1.7452e+00 -1.9229e+00 +1.1734e+00 +1.4127e+00 -1.8675e+00 -1.6424e+00 -2.2335e-02 -6.3483e-01 +1.0170e+00 +1.4604e+00 +7.8598e-01 +2.8462e+00
254 0 +7.876037361e+03 +8.084417361e+03 +8.084417361e+03 +1.8407e+00 -1.2966e-01 +2.7747e+00 +1.2624e+00 -2.7577e+00 +1.2176e+00 +1.0279e+00 +7.6760e-01 +1.1687e+00 -1.9038e+00 +2.5132e-01 +9.4690e-01 -1.3068e+00 -1.6530e+00 +9.0142e-01 -7.4136e-01 +2.8341e+00 +1.4757e+00 +7.0939e-01 +2.0913e+00
307 0 +7.106303990e+03 +7.314683990e+03 +7.314683990e+03 +1.7489e+00 -2.1335e-01 +2.6441e+00 +1.1947e+00 -2.7133e+00 +1.2214e+00 +1.0892e+00 +7.1807e-01 +1.1291e+00 -1.7411e+00 +1.5174e-01 +8.5807e-01 -1.1330e+00 -1.5662e+00 +8.6694e-01 -8.6332e-01 +2.8800e+00 +1.4094e+00 +7.3626e-01 +1.9860e+00
354 0 +6.988477697e+03 +7.196857697e+03 +7.196857697e+03 +1.9729e+00 -3.5044e-01 +2.5969e+00 +1.0506e+00 -2.4082e+00 +8.1325e-01 +1.6055e-01 +7.6364e-01 +1.0712e+00 -1.9245e+00 +5.2179e-01 +1.2176e+00 -1.2428e+00 -1.6444e+00 +4.5833e-01 -4.6775e-01 +2.3480e+00 +1.3770e+00 +9.0356e-01 +2.1041e+00
504 0 +2.650674645e+03 +2.859054645e+03 +2.859054645e+03 +1.5454e+00 -8.5707e-01 +1.5322e+00 +4.2050e-01 -1.6852e+00 +4.1764e-01 +4.8564e-01 +4.7741e-01 +8.7186e-01 -8.9884e-01 +2.2995e-02 +7.2516e-01 -6.1035e-01 -1.0139e+00 -1.0704e-01 -9.0375e-01 +2.1036e+00 +8.8198e-01 +1.1205e+00 +1.6147e+00
505 0 +2.522024634e+03 +2.730404634e+03 +2.730404634e+03 +1.4769e+00 -8.1482e-01 +1.6401e+00 +5.3307e-01 -1.9174e+00 +7.7684e-01 +5.7852e-01 +5.3039e-01 +8.7851e-01 -8.7403e-01 -1.7624e-01 +5.6973e-01 -4.7803e-01 -9.7662e-01 +1.9085e-01 -1.0988e+00 +2.4682e+00 +9.4082e-01 +1.0758e+00 +1.5968e+00
% f evaluations | g evaluations | best noise-free fitness - Fopt (-1.449600000000e+02) + sum g_i+ | measured fitness | best measured fitness or single-digit g-values | x1 | x2...
1 0 +1.393158352e+05 +1.391708752e+05 +1.391708752e+05 -3.0916e+00 -7.4247e-01 -2.6490e+00 +3.3676e+00 +3.2627e+00 +8.6860e-01 -4.2331e+00 -5.3224e-01 +1.5815e+00 +1.5588e+00 -4.1437e+00 -3.7120e-01 +2.0112e+00 -2.6371e+00 -1.5596e+00 +7.4636e-01 -1.2546e+00 +1.1060e+00 +9.9056e-01 +2.9470e+00
3 0 +1.292274040e+05 +1.290824440e+05 +1.290824440e+05 +3.3902e+00 -4.5305e+00 +1.9157e+00 -4.4104e-01 -2.1354e-01 -3.1031e+00 +4.3433e+00 +1.1332e+00 +2.1426e+00 +3.2886e+00 -2.2113e+00 +3.0220e+00 +2.6878e+00 +6.6876e-01 -2.3926e+00 +2.3241e+00 +4.8786e+00 -3.1518e+00 +3.5078e+00 -1.0658e+00
6 0 +1.232779628e+05 +1.231330028e+05 +1.231330028e+05 +3.4993e-01 +4.4653e+00 +2.3083e+00 +4.6803e+00 -8.3415e-01 +4.2972e-01 +4.1275e-03 -2.3241e-04 -2.6260e+00 -3.1085e+00 -5.7344e-01 +8.8458e-01 -3.4768e+00 +3.7515e+00 +4.8567e+00 +3.5197e-01 -2.9448e-01 +2.4197e+00 +1.9297e+00 -4.5227e+00
15 0 +1.088543230e+05 +1.087093630e+05 +1.087093630e+05 +1.1824e-01 +2.9988e+00 -3.8053e-01 -1.2490e+00 +2.0337e+00 -4.1559e+00 -3.8501e+00 -2.8855e+00 +1.6775e-01 +3.4277e+00 -3.1804e+00 -4.8126e-01 -4.8816e+00 +8.2723e-02 -1.7210e+00 +1.5289e+00 -3.3301e+00 -1.6535e+00 +4.1794e+00 -1.0245e+00
19 0 +8.881889167e+04 +8.867393167e+04 +8.867393167e+04 +3.8073e+00 -1.3553e+00 +2.3120e+00 -3.6495e+00 -9.2729e-01 -1.3533e+00 -3.2714e+00 +1.8584e+00 +6.1601e-01 -4.2305e+00 -4.2696e+00 +3.3215e+00 +2.5044e+00 +1.8285e+00 +3.7759e+00 +1.3812e+00 -3.0349e+00 -1.3358e+00 -1.6026e+00 -3.1696e+00
21 0 +6.021725852e+04 +6.007229852e+04 +6.007229852e+04 -3.5018e+00 -7.2405e-01 -1.1274e+00 -2.8729e+00 -2.7142e+00 -2.3047e+00 +1.0366e+00 -1.1254e+00 +3.2587e+00 +3.5275e+00 +6.9936e-01 +4.0789e+00 -4.8869e+00 +3.6367e+00 -3.3177e-01 +3.4074e+00 -4.7838e-01 -1.5484e+00 +1.1882e+00 -4.0781e+00
54 0 +3.706958958e+04 +3.692462958e+04 +3.692462958e+04 +1.7861e+00 -3.9788e+00 -9.0500e-01 +2.0075e+00 +6.0300e-01 -1.1227e+00 +1.7905e+00 -1.7095e+00 -1.0814e+00 +4.9320e-01 -3.7501e-01 +7.4958e-01 +2.9521e+00 +2.6292e+00 -2.3466e+00 +4.6446e+00 -1.1091e+00 -1.7106e+00 +2.2063e+00 +1.2998e+00
304 0 +3.298077079e+04 +3.283581079e+04 +3.283581079e+04 -2.8593e+00 -6.6974e-01 -9.2560e-01 -1.9293e+00 -1.8387e+00 -1.9479e+00 +1.1902e+00 -5.6624e-01 +3.2306e+00 +3.1850e+00 +3.4338e-01 +2.9825e+00 -3.0497e+00 +2.9980e+00 -5.8981e-01 +1.9287e+00 +1.9821e-01 -8.4896e-01 +5.0924e-01 -3.8484e+00
359 0 +1.988208569e+04 +1.973712569e+04 +1.973712569e+04 -2.2283e+00 -1.2176e+00 -1.9242e-01 -1.7215e+00 -2.1580e+00 -2.1727e+00 +5.0515e-01 -2.3790e-01 +2.1918e+00 +2.1436e+00 +7.0151e-01 +2.4301e+00 -1.9251e+00 +1.8093e+00 -8.9966e-01 +1.6635e+00 -2.8444e-01 -4.5553e-01 +3.6418e-01 -3.7725e+00
1613 0 +1.896639315e+04 +1.882143315e+04 +1.882143315e+04 -3.5018e+00 -7.2405e-01 -3.8122e-01 -2.8729e+00 -2.7142e+00 -2.3047e+00 +1.0366e+00 -1.1254e+00 +6.0668e-01 +3.5275e+00 +6.9936e-01 +4.0789e+00 -1.0702e+00 +3.6367e+00 -3.3177e-01 +3.4074e+00 -4.7838e-01 -1.5484e+00 +1.1882e+00 -4.0781e+00
% f evaluations | g evaluations | best noise-free fitness - Fopt (-6.300000000000e+00) + sum g_i+ | measured fitness | best measured fitness or single-digit g-values | x1 | x2...
1 0 +1.477481340e+05 +1.477418340e+05 +1.477418340e+05 -1.0438e+00 +4.0865e+00 +1.7554e+00 +9.6758e-02 +4.0219e+00 -1.8071e+00 -3.6200e+00 +1.4891e+00 +3.4302e+00 -4.7943e+00 -4.5014e+00 +1.8316e+00 -3.8627e+00 +1.8233e+00 -2.8297e+00 +1.0966e+00 -1.3808e+00 +2.9732e+00 +2.4424e+00 -1.9584e+00
4 0 +1.197282220e+05 +1.197219220e+05 +1.197219220e+05 -7.7615e-01 +1.2825e+00 +3.9109e-01 -4.5038e+00 +8.1495e-01 -2.6755e+00 +4.4789e+00 -3.3259e+00 -1.7513e-02 +2.1066e+00 -1.4136e+00 -2.8844e+00 -3.7254e+00 -6.1203e-01 +3.0632e+00 +2.5833e+00 -2.6381e+00 +3.4567e+00 -1.8528e+00 +1.2623e+00
9 0 +1.170927954e+05 +1.170864954e+05 +1.170864954e+05 +4.3788e+00 +2.3170e+00 -2.5828e+00 +9.9162e-02 +4.3188e+00 -5.0285e-01 +1.8013e+00 +1.2094e+00 -4.2236e+00 +4.9523e+00 +4.7004e+00 +2.4562e+00 +8.9961e-01 +4.4656e+00 -1.1503e+00 +1.4010e+00 +3.8673e+00 -3.1828e+00 -1.9020e-01 +5.7090e-01
10 0 +7.926144591e+04 +7.925514591e+04 +7.925514591e+04 -1.1950e+00 +4.1293e+00 -1.6845e+00 +2.4592e+00 -2.9906e-01 +1.9321e+00 -3.3165e+00 -1.3236e+00 -3.2307e+00 -3.0356e-02 +2.6621e+00 +9.0391e-01 -6.5126e-01 +3.1537e+00 +3.4449e+00 -8.6393e-01 -1.8489e+00 +8.0515e-01 -3.7321e+00 -3.0555e-01
35 0 +6.734976438e+04 +6.734346438e+04 +6.734346438e+04 +1.9749e+00 -3.0205e+00 -3.2772e+00 -2.0560e+00 +2.1270e+00 +2.1950e-02 +3.1441e+00 -1.6327e+00 -2.0705e+00 +4.9980e+00 +3.9931e-01 +3.6522e+00 -3.6214e+00 -4.4182e+00 -8.0691e-01 -1.6437e+00 -2.2016e+00 -3.4352e+00 -1.8813e+00 +1.9422e-01
52 0 +2.903875735e+04 +2.903245735e+04 +2.903245735e+04 -3.3360e+00 +3.2605e+00 -2.9301e+00 -2.5363e+00 +5.2790e-02 +1.2840e+00 +1.1830e+00 +3.1729e+00 +6.9376e-01 -2.3994e+00 -1.1434e+00 -1.2709e+00 -3.0822e+00 +4.8161e-01 -2.4087e+00 +1.4291e+00 -4.1886e+00 -2.7364e+00 -1.4809e+00 -1.0693e+00
53 0 +2.751518535e+04 +2.750888535e+04 +2.750888535e+04 -1.8770e+00 +3.4737e+00 +1.2702e-01 -1.3784e+00 -2.9600e-01 -9.6481e-01 +1.1312e+00 +2.3751e+00 +3.1626e+00 -3.4794e+00 -1.5336e+00 +1.5000e-01 -7.6601e-02 -9.1421e-01 -3.1357e+00 -1.7000e+00 -3.7783e+00 -1.9465e+00 -4.0000e-01 -3.3361e+00
103 0 +2.051034164e+04 +2.050404164e+04 +2.050404164e+04 -2.6614e+00 +3.5063e+00 -1.5519e+00 -1.7568e+00 +1.2466e+00 +3.7680e-01 -2.5740e-01 +2.6749e+00 +1.4926e+00 -3.1082e+00 -2.1473e+00 -3.5291e-01 -3.3432e+00 +8.9659e-01 -2.5285e+00 +1.3573e+00 -3.3500e+00 -1.0306e+00 -3.1361e-01 -1.3157e+00
157 0 +1.246909432e+04 +1.246279432e+04 +1.246279432e+04 -2.5554e+00 +2.0325e+00 -2.8806e+00 -2.1283e+00 +3.7801e-01 +8.9448e-01 +1.4079e+00 +2.3740e+00 +1.1223e-01 -1.0630e+00 -1.0599e+00 -6.3828e-01 -2.9860e+00 -3.8915e-01 -2.0951e+00 +9.9942e-01 -3.8207e+00 -2.7779e+00 -1.4868e+00 -1.0033e+00
205 0 +1.123698186e+04 +1.123068186e+04 +1.123068186e+04 -1.5959e+00 +1.8363e+00 -1.0822e+00 -8.6496e-01 +3.6314e-01 +1.4611e+00 +2.9252e-01 +2.4829e+00 +3.9459e-01 +3.9286e-01 -1.3341e+00 +6.3844e-01 -1.7253e+00 +7.3454e-01 -2.9863e-01 +9.0594e-01 -3.2505e+00 -3.2707e+00 -1.2848e+00 -1.1239e+00
253 0 +1.036423708e+04 +1.035793708e+04 +1.035793708e+04 -2.1968e+00 +1.8122e+00 -2.4790e+00 -1.7022e+00 +5.0738e-01 +1.0268e+00 +1.2096e+00 +2.2594e+00 -1.5105e-02 -9.1058e-01 -9.7947e-01 -4.7259e-01 -2.9128e+00 -3.7774e-02 -1.6635e+00 +8.6933e-01 -3.6964e+00 -2.7818e+00 -1.3569e+00 -1.0247e+00
506 0 +9.543457619e+03 +9.537157619e+03 +9.537157619e+03 -1.1153e+00 +1.0429e+00 -9.7683e-01 -1.2682e+00 +9.2648e-01 +1.4305e+00 +4.9387e-01 +2.1464e+00 -1.7964e-01 +4.4342e-01 -1.4291e+00 +1.3650e+00 -1.5348e+00 +4.1297e-01 -7.2926e-01 +7.1326e-03 -2.5432e+00 -3.3092e+00 -9.9990e-01 -4.3612e-01
507 0 +9.116181236e+03 +9.109881236e+03 +9.109881236e+03 -1.4016e+00 +1.5155e+00 -1.0396e+00 -1.0280e+00 +5.9092e-01 +1.4487e+00 +3.6589e-01 +2.3468e+00 +1.6240e-01 +4.1331e-01 -1.3725e+00 +9.3224e-01 -1.6483e+00 +6.0451e-01 -4.7276e-01 +5.4250e-01 -2.9645e+00 -3.2863e+00 -1.1696e+00 -8.4580e-01
% f evaluations | g evaluations | best noise-free fitness - Fopt (-1.367600000000e+02) + sum g_i+ | measured fitness | best measured fitness or single-digit g-values | x1 | x2...
1 0 +2.013949457e+05 +2.012581857e+05 +2.012581857e+05 -2.6267e+00 +2.5713e+00 +1.2280e-01 -3.0241e+00 -3.0545e-01 -4.8356e+00 -3.2245e+00 +2.1306e+00 -1.4086e+00 +1.5313e+00 -3.4458e-01 -4.2654e+00 -1.9417e-01 -4.9253e+00 -1.2588e+00 -2.2082e+00 +9.9715e-01 -1.9424e-02 -1.3981e+00 -3.1950e+00
2 0 +1.944227939e+05 +1.942860339e+05 +1.942860339e+05 +4.1305e+00 -4.9630e+00 +2.0513e-01 +2.8382e+00 -4.0285e+00 -1.4188e+00 +5.0066e-01 +1.1837e+00 -3.9519e+00 -3.1267e-01 +1.0971e+00 +4.8018e+00 -2.1000e-01 +7.6207e-01 -1.1646e+00 +4.4592e+00 +2.9500e+00 +1.7574e+00 +3.8503e+00 -2.3579e+00
4 0 +5.921158183e+04 +5.907482183e+04 +5.907482183e+04 +1.3492e+00 +1.2241e+00 -2.5112e+00 -2.0032e+00 -2.6439e+00 +2.6342e+00 -3.4399e+00 +1.4740e+00 -2.6207e+00 -1.1491e+00 -1.4549e+00 +2.9479e+00 -2.9270e+00 +3.0009e+00 -3.2398e+00 -2.7373e+00 +4.4160e+00 +6.1849e-01 -4.5943e-01 -8.9892e-01
104 0 +1.583082520e+04 +1.569406520e+04 +1.569406520e+04 -5.0761e-01 -7.8537e-01 -1.3347e+00 -1.0704e-01 +9.3315e-02 +1.7859e+00 +7.5856e-01 +2.3509e-01 -2.8821e+00 -1.6452e+00 -1.0295e+00 +9.6639e-01 +2.2625e+00 +2.9717e-01 -6.9821e-01 -4.0358e-01 -2.3679e-01 +1.4797e+00 -2.3917e-01 +7.8867e-01
105 0 +1.529267801e+04 +1.515591801e+04 +1.515591801e+04 -1.3031e+00 -8.4067e-02 -5.4125e-01 +5.4187e-01 +3.4208e-01 +1.4462e+00 +3.7865e-01 +6.8355e-01 -2.7646e+00 -8.5186e-01 -1.5993e+00 +1.8053e-01 +2.3193e+00 +1.0396e+00 -1.1241e+00 +7.2185e-02 +8.7374e-01 +1.3883e-01 -8.7141e-01 -5.1593e-02
% f evaluations | g evaluations | best noise-free fitness - Fopt (3.667500000000e+02) + sum g_i+ | measured fitness | best measured fitness or single-digit g-values | x1 | x2...
1 0 +9.739672738e+04 +9.776347738e+04 +9.776347738e+04 -2.0967e+00 +4.1651e+00 +4.2539e+00 -4.3102e-01 -7.2329e-02 +4.9938e+00 -4.4596e+00 -1.6705e+00 -8.8753e-01 +4.8934e+00 -4.0709e+00 -1.0288e+00 -2.1375e+00 +3.9855e+00 +4.4299e-02 +1.4386e+00 -2.8621e+00 +6.3553e-02 -7.4176e-01 +5.9094e-01
7 0 +4.442926374e+04 +4.479601374e+04 +4.479601374e+04 -6.0225e-01 +3.8230e+00 +1.5012e+00 -1.7128e+00 +1.6227e+00 +2.9083e+00 -1.3257e+00 +2.5853e+00 -4.0852e+00 +2.9321e+00 +3.7714e+00 -3.3610e+00 +2.5945e+00 +4.7045e+00 +1.9121e+00 -1.7533e+00 -2.9543e-01 +1.8993e+00 +6.7509e-01 -2.4366e+00
19 0 +3.273302693e+04 +3.309977693e+04 +3.309977693e+04 -4.3072e-02 -1.5720e+00 +3.8805e+00 -3.2423e+00 -1.6251e+00 -1.2144e+00 -3.4669e+00 +3.7300e+00 +5.3612e-01 +1.3282e+00 +2.4404e+00 +1.6658e+00 +3.2417e+00 +3.2385e+00 -1.0687e+00 +1.5559e+00 +9.4846e-01 +3.8950e+00 +3.3455e+00 -6.6091e-01
57 0 +1.806710595e+04 +1.843385595e+04 +1.843385595e+04 -7.1002e-01 -8.2994e-02 +1.9782e+00 +1.2052e+00 -6.6663e-01 -3.0250e+00 -2.9235e+00 +2.6294e+00 -1.7003e+00 +2.4350e+00 -3.1485e+00 -3.8665e+00 +4.1414e-01 +2.2952e+00 +2.2581e-01 +1.0924e+00 -3.8095e+00 +4.2988e-01 +9.0083e-01 -3.1139e-01
205 0 +1.514999576e+04 +1.551674576e+04 +1.551674576e+04 -5.8240e-01 -1.0395e+00 +8.2384e-01 -1.8340e+00 -2.7083e-01 -1.6622e+00 -3.5711e-01 +1.7808e+00 -1.4240e+00 +1.2967e+00 +1.0649e+00 +7.7552e-01 +1.9791e+00 +2.5905e+00 +1.9102e+00 +1.2457e+00 +1.5246e+00 +2.9500e+00 +1.6157e+00 -1.0965e-01
207 0 +1.066577887e+04 +1.103252887e+04 +1.103252887e+04 -1.0499e+00 -1.2375e+00 +3.7069e+00 -2.3821e+00 +5.2843e-01 -8.5506e-01 -2.6012e+00 +2.3906e+00 +1.4137e+00 +2.0185e+00 +5.7065e-01 -5.7755e-01 +1.7010e+00 +1.6707e+00 -2.4450e-01 +2.0575e+00 -7.7252e-01 +6.8831e-01 +2.9596e+00 +7.8193e-01
252 0 +7.993942100e+03 +8.360692100e+03 +8.360692100e+03 -7.2679e-01 -1.1007e+00 +1.7143e+00 -2.0033e+00 -2.3974e-02 -1.4129e+00 -1.0502e+00 +1.9692e+00 -5.4753e-01 +1.5196e+00 +9.1222e-01 +3.5761e-01 +1.8932e+00 +2.3064e+00 +1.2447e+00 +1.4964e+00 +8.1509e-01 +2.2514e+00 +2.0307e+00 +1.6572e-01
253 0 +5.807308516e+03 +6.174058516e+03 +6.174058516e+03 -9.0551e-01 -1.1764e+00 +2.8165e+00 -2.2128e+00 +2.8157e-01 -1.1044e+00 -1.9081e+00 +2.2022e+00 +5.3726e-01 +1.7955e+00 +7.2329e-01 -1.5965e-01 +1.7869e+00 +1.9548e+00 +4.2098e-01 +1.8068e+00 -6.3049e-02 +1.3868e+00 +2.5445e+00 +5.0656e-01
% f evaluations | g evaluations | best noise-free fitness - Fopt (-2.486900000000e+02) + sum g_i+ | measured fitness | best measured fitness or single-digit g-values | x1 | x2...
1 0 +1.996819249e+05 +1.994332349e+05 +1.994332349e+05 -1.9007e+00 +3.4448e+00 -1.5381e+00 +3.6475e+00 -2.8912e-01 +3.0253e+00 -1.8414e+00 -3.9686e+00 +1.3361e+00 +1.5012e+00 +1.3552e+00 +1.3131e-01 +4.9870e+00 -2.7337e+00 -4.1322e+00 +3.8828e+00 -3.5548e+00 +1.2819e-01 -4.3604e-02 +1.3837e+00
2 0 +9.400269951e+04 +9.375400951e+04 +9.375400951e+04 -1.7192e+00 -1.6671e+00 +4.0345e+00 +1.3979e+00 +2.2245e+00 -2.7463e+00 +2.9344e+00 -8.0588e-01 -2.9501e+00 +4.7679e+00 +3.6213e+00 -2.8511e+00 -3.0396e+00 -1.1582e+00 +4.4614e+00 +3.9552e+00 -2.5366e+00 +1.9880e+00 -3.7563e+00 -1.0798e-01
3 0 +6.948141760e+04 +6.923272760e+04 +6.923272760e+04 +4.8439e+00 +2.2225e+00 -2.8916e+00 +3.1302e+00 -3.4060e+00 -1.5011e+00 -4.0778e+00 -3.1730e+00 +2.1238e+00 +2.7241e+00 -1.5195e+00 +3.5946e+00 -1.3761e+00 -1.4876e+00 +1.2687e+00 -3.0352e+00 -2.4756e+00 -9.0339e-01 -4.0168e+00 -3.7229e+00
36 0 +3.585136637e+04 +3.560267637e+04 +3.560267637e+04 -2.8769e+00 +2.2910e+00 +1.6674e+00 +2.2206e+00 -4.8592e+00 -1.5172e+00 -4.4548e+00 -1.2181e+00 +4.7443e-01 -7.2309e-02 +2.5978e+00 +1.3234e+00 -3.4411e+00 -1.3971e+00 +3.3184e+00 -2.5559e+00 -1.4557e+00 -2.8344e+00 -9.8975e-01 -1.6067e+00
57 0 +3.308323818e+04 +3.283454818e+04 +3.283454818e+04 -2.8456e+00 +2.0801e+00 +1.4970e+00 +2.1839e+00 -4.6389e+00 -1.3617e+00 -4.4115e+00 -1.2914e+00 +5.9281e-01 -1.4478e-01 +2.4277e+00 +1.2449e+00 -3.4626e+00 -1.2995e+00 +3.3137e+00 -2.5441e+00 -1.4616e+00 -2.7216e+00 -7.9352e-01 -1.7367e+00
103 0 +2.622386257e+04 +2.597517257e+04 +2.597517257e+04 -2.7197e+00 +1.2333e+00 +8.1229e-01 +2.0364e+00 -3.7193e+00 -7.3730e-01 -4.2380e+00 -1.5859e+00 +1.0683e+00 -4.3583e-01 +1.7442e+00 +9.2936e-01 -3.5488e+00 -9.0742e-01 +3.2945e+00 -2.4969e+00 -1.4853e+00 -2.2683e+00 -5.3881e-03 -2.2592e+00
153 0 +1.496036252e+04 +1.471167252e+04 +1.471167252e+04 -2.2551e+00 +5.7541e-01 +1.4786e+00 +1.4651e+00 -3.9894e+00 -1.5681e+00 -3.2554e+00 +3.5810e-02 +6.2902e-01 +3.5031e-01 +1.9572e+00 +1.4177e+00 -3.2556e+00 -1.3924e+00 +1.6068e+00 -5.6376e-01 -8.7441e-01 -2.1370e+00 +2.8166e-01 -1.8490e+00
202 0 +1.332566312e+04 +1.307697312e+04 +1.307697312e+04 -6.6104e-01 +1.7250e+00 -3.7626e-01 +2.3286e+00 -2.3163e+00 -2.2493e+00 -2.8127e+00 -2.2123e+00 +2.0805e-01 +1.7154e+00 +2.8548e-01 +1.1311e+00 +3.8888e-01 -1.1061e+00 -1.5282e-01 +2.1549e-01 +7.2613e-02 -1.6567e+00 -6.4460e-01 -6.0409e-01
203 0 +1.173719066e+04 +1.148850066e+04 +1.148850066e+04 -1.5000e+00 +1.9393e+00 +3.9752e-01 +2.2877e+00 -3.2791e+00 -1.9721e+00 -3.4344e+00 -1.8358e+00 +3.0891e-01 +1.0385e+00 +1.1610e+00 +1.2039e+00 -1.0612e+00 -1.2163e+00 +1.1614e+00 -8.3380e-01 -5.0603e-01 -2.1026e+00 -7.7528e-01 -9.8368e-01
1114 0 +1.018077282e+04 +9.932082819e+03 +9.932082819e+03 -2.2134e+00 +1.0317e+00 +1.0496e+00 +1.2296e+00 -3.7542e+00 -1.4160e+00 -2.9889e+00 -1.6308e+00 +6.9858e-01 +3.6581e-01 +2.3377e-01 -1.6653e-01 -2.1694e+00 -3.8254e-01 +2.5599e+00 -1.2475e+00 -2.4259e-01 -1.7540e+00 -1.0230e+00 -3.3190e-01
% f evaluations | g evaluations | best noise-free fitness - Fopt (-6.786000000000e+01) + sum g_i+ | measured fitness | best measured fitness or single-digit g-values | x1 | x2...
1 0 +1.101405053e+05 +1.100726453e+05 +1.100726453e+05 -2.9154e+00 -3.4270e+00 -4.3675e+00 -4.1172e+00 -4.2151e+00 +1.4707e-02 +3.2759e+00 -1.8078e+00 +3.1630e+00 -3.8777e+00 +1.1468e+00 +4.1132e+00 +4.0766e+00 -4.9300e+00 -7.3200e-01 -2.7092e+00 +3.8487e+00 -2.9356e-01 +4.0125e+00 +7.5742e-01
3 0 +9.140056287e+04 +9.133270287e+04 +9.133270287e+04 -8.7046e-01 -4.4136e+00 +3.3187e+00 -1.2692e+00 +4.6771e+00 +1.3668e+00 +2.2616e+00 -1.7705e+00 -5.8885e-01 -3.1656e+00 -3.0889e+00 +9.0693e-01 +2.4896e+00 -2.9277e+00 +2.1603e+00 +1.0964e+00 +3.7687e+00 +3.4265e+00 +5.3433e-01 -6.9403e-01
5 0 +8.239241255e+04 +8.232455255e+04 +8.232455255e+04 +3.9359e+00 -2.1795e+00 -2.4358e+00 -3.4263e+00 +3.2602e+00 -3.1523e+00 +3.9205e+00 -3.7903e+00 +4.9837e+00 -4.5426e-01 +1.4617e+00 +2.5896e+00 +1.8792e+00 +2.5368e+00 -1.6617e+00 +2.2731e-01 +3.6131e+00 +3.6618e+00 +4.5617e+00 -1.3584e+00
8 0 +7.763292484e+04 +7.756506484e+04 +7.756506484e+04 -1.9211e+00 -7.6794e-01 +3.2620e+00 -2.2768e+00 +2.8258e-02 -1.9220e+00 +1.6264e+00 -1.2654e+00 -2.2639e+00 +1.6843e+00 +1.1187e-01 +2.3361e+00 +7.9605e-01 +3.3711e+00 -8.9028e-02 -1.2796e+00 -3.3573e-01 -1.2728e+00 +4.3400e+00 -2.8769e+00
18 0 +6.821476129e+04 +6.814690129e+04 +6.814690129e+04 -1.8100e-01 -4.1792e+00 +1.3125e+00 -2.2428e+00 -3.6537e+00 -4.1236e+00 -4.9662e+00 +4.8219e-01 -2.3352e-01 +1.8918e+00 -2.3402e-01 +2.7374e+00 +5.4119e-01 +3.3485e+00 -1.4634e+00 +4.4802e+00 +1.7640e-01 -1.2251e+00 -7.8110e-01 +4.4717e-01
28 0 +4.887816678e+04 +4.881030678e+04 +4.881030678e+04 -1.8656e+00 -1.6323e+00 -1.5685e+00 +3.4030e+00 +2.3827e+00 -3.3776e+00 +8.7081e-01 +2.3458e+00 +1.8247e+00 +1.7911e+00 +2.1791e+00 +2.8842e+00 +2.4192e+00 +1.0166e+00 -4.3309e+00 +2.2337e+00 +3.6793e+00 +1.4459e+00 +4.8074e+00 +1.4789e-01
52 0 +1.115514222e+04 +1.108728222e+04 +1.108728222e+04 -2.1348e+00 -1.2865e+00 -3.1526e+00 +1.9479e+00 +1.3922e+00 -3.6980e+00 +2.1749e+00 -1.0148e+00 -9.7447e-01 +1.3036e+00 +2.5333e+00 +3.1337e+00 -9.8071e-01 -3.7163e-01 -1.2160e+00 +1.7757e+00 +2.1155e+00 +2.5056e+00 +2.9628e+00 +2.3713e+00
105 0 +6.287601270e+03 +6.219741270e+03 +6.219741270e+03 -5.1711e-01 -8.1711e-01 -2.2627e+00 +2.5415e+00 +2.6968e+00 -2.1649e+00 +4.9096e-01 +9.9774e-01 +2.8238e-01 +1.7176e+00 +6.7820e-01 +2.2007e+00 +1.3966e+00 +1.3530e+00 -2.5023e+00 +1.0896e+00 +1.8389e+00 +1.0423e+00 +2.9608e+00 +1.7721e-01
255 0 +4.698430855e+03 +4.630570855e+03 +4.630570855e+03 -2.0424e+00 -1.1009e+00 -1.4094e+00 +8.0801e-01 +8.9323e-01 -3.2415e+00 +1.8040e+00 -9.2506e-01 -1.3531e+00 +1.5105e+00 +1.7181e+00 +2.9914e+00 -6.8191e-01 +3.7696e-01 -9.5895e-01 +8.2017e-01 +1.5365e+00 +1.3804e+00 +3.2063e+00 +9.7463e-01
960 0 +4.126515487e+03 +4.058655487e+03 +4.058655487e+03 -1.9170e+00 -1.8803e+00 -1.9841e+00 -1.5032e-01 -1.3780e+00 -4.9658e-01 +2.0196e-01 -3.5830e-01 +9.8550e-01 -1.4656e+00 +6.1393e-01 +6.2067e-01 +2.1256e+00 -4.0055e-01 -7.5917e-01 +6.8702e-01 +2.4021e+00 +1.3900e-01 +1.7727e+00 -7.3112e-02
% f evaluations | g evaluations | best noise-free fitness - Fopt (-2.329000000000e+01) + sum g_i+ | measured fitness | best measured fitness or single-digit g-values | x1 | x2...
1 0 +1.712828318e+05 +1.712595418e+05 +1.712595418e+05 +1.1254e+00 +4.2365e+00 +1.0841e+00 +4.5278e+00 -4.3119e-01 +2.6512e+00 -6.6684e-01 -3.0355e+00 -1.0195e+00 -4.0463e+00 +2.6688e+00 -2.3694e+00 -9.9864e-01 +2.8836e+00 +1.8631e+00 +3.8105e+00 +4.9200e+00 +3.8643e+00 +4.2948e+00 -2.0583e+00
3 0 +1.409355008e+05 +1.409122108e+05 +1.409122108e+05 +1.1859e+00 +3.3227e+00 -1.5599e+00 +4.4633e+00 -4.0449e-01 +2.9330e+00 -1.3571e+00 -3.2381e+00 -4.9893e+00 -4.8726e-01 -4.8787e+00 +3.1177e+00 +2.0378e+00 +4.9193e+00 -7.6682e-01 +1.7798e+00 -1.0892e+00 -2.1160e+00 -5.8208e-01 +4.4702e+00
6 0 +1.292123126e+05 +1.291890226e+05 +1.291890226e+05 +1.8043e+00 +5.0591e-01 -1.8465e+00 -4.4631e+00 +2.5990e+00 -2.9184e+00 -1.9387e+00 -2.1672e+00 -4.2156e+00 +4.0767e+00 -4.4463e+00 -3.1196e+00 +2.1863e+00 +3.7367e+00 +1.4107e+00 -2.8970e+00 +3.6758e-01 -1.3665e+00 +2.2391e-01 -4.4071e-01
9 0 +7.735835841e+04 +7.733506841e+04 +7.733506841e+04 +3.1261e+00 +7.8053e-01 -2.9671e+00 +2.4335e+00 -2.8482e+00 -5.2390e-01 +4.4040e+00 +3.6296e+00 -4.9375e-01 -2.6769e+00 -4.4598e+00 -2.1708e+00 +3.8596e+00 +2.3107e-01 +2.8543e+00 +4.8061e+00 -8.9799e-01 +2.4921e-01 +1.0015e+00 -9.2087e-01
10 0 +5.352493850e+04 +5.350164850e+04 +5.350164850e+04 -2.7451e+00 +2.1050e+00 -6.4920e-01 -2.9656e-01 +1.9964e+00 -4.3017e+00 -2.5339e+00 -7.2377e-01 -4.3454e-01 -1.1321e+00 +1.0900e+00 +3.3515e+00 -6.0949e-01 +1.4079e+00 -6.0813e-01 +2.2360e+00 +4.2279e+00 +3.5944e+00 -1.7535e+00 +1.3046e+00
54 0 +4.582459658e+04 +4.580130658e+04 +4.580130658e+04 +2.5457e+00 -8.5838e-01 -2.5745e+00 +2.0544e-01 -8.5068e-01 +3.5398e-01 +1.9518e+00 +3.9812e+00 +1.0919e+00 -5.1756e-01 -3.5976e+00 -6.7316e-01 +2.6518e+00 -1.8745e+00 +1.2845e+00 +4.7495e+00 -4.6452e-01 +1.9931e+00 +1.3066e+00 -1.2324e+00
105 0 +2.937802344e+04 +2.935473344e+04 +2.935473344e+04 +2.2656e+00 -8.3454e-01 -2.6471e+00 +6.2697e-01 -3.6828e-01 +7.2393e-01 +1.6602e+00 +3.9169e+00 +7.5774e-01 -2.5205e-01 -3.2089e+00 -1.0325e+00 +2.6171e+00 -1.4170e+00 +7.8938e-01 +4.1832e+00 -6.3353e-01 +2.1846e+00 +1.1651e+00 -8.7213e-01
156 0 +1.426698641e+04 +1.424369641e+04 +1.424369641e+04 +9.8087e-01 -8.0869e-02 -2.1349e+00 +3.9018e-01 +2.3800e-01 -5.6461e-01 +5.8487e-01 +2.7271e+00 +4.5205e-01 -4.7768e-01 -2.1067e+00 +9.1516e-02 +1.7898e+00 -6.9275e-01 +4.3107e-01 +3.6839e+00 +6.1290e-01 +2.5461e+00 +4.1682e-01 -3.1404e-01
254 0 +1.408153725e+04 +1.405824725e+04 +1.405824725e+04 -4.9932e-01 -6.9097e-01 -1.3418e+00 -4.4478e-01 +1.9200e+00 -1.8437e+00 -1.5260e+00 +1.0528e+00 +9.6737e-01 +1.4801e-01 +3.0234e-01 +1.6474e+00 +1.2117e-01 -6.4858e-01 -1.4457e-01 +2.7048e+00 +1.5520e+00 +2.9506e+00 -2.3566e-01 +2.1417e-02
460 0 +1.302888925e+04 +1.300559925e+04 +1.300559925e+04 -4.9932e-01 -6.9097e-01 -1.3418e+00 -4.4478e-01 +1.9200e+00 -1.2786e+00 -1.5260e+00 +1.0528e+00 +9.6737e-01 +1.4801e-01 +3.0234e-01 +1.6474e+00 +1.2117e-01 -6.4858e-01 -1.4457e-01 +2.7048e+00 +1.5520e+00 +2.9506e+00 -2.3566e-01 +2.1417e-02
502 0 +1.134072987e+04 +1.131743987e+04 +1.131743987e+04 +1.4923e-01 -6.7027e-01 -1.3939e+00 -3.7265e-01 +1.4182e+00 -1.8615e-01 -1.9404e+00 +2.3008e+00 +7.3021e-01 +9.2362e-01 +3.0592e-01 +4.3166e-01 +9.1886e-01 -2.0587e+00 -7.6273e-01 +1.5323e+00 +1.0993e+00 +2.4867e+00 +8.7090e-01 +8.9149e-01
504 0 +8.595506579e+03 +8.572216579e+03 +8.572216579e+03 -6.5878e-01 +9.7127e-01 -1.0285e+00 +3.7525e-01 +9.9835e-01 -2.0552e-01 -2.6120e+00 +1.8462e+00 -5.6032e-01 +4.9168e-01 +1.2330e+00 +7.9236e-02 +1.1265e+00 -1.4258e+00 -1.2217e+00 -7.0828e-02 +2.0229e+00 +1.9494e+00 +7.4754e-01 +2.1673e+00
558 0 +5.902475093e+03 +5.879185093e+03 +5.879185093e+03 -8.0761e-01 +5.1337e-01 -1.0993e+00 -1.2435e-01 +1.4308e+00 -1.1998e+00 -2.2920e+00 +1.4206e+00 +4.8705e-02 +2.8762e-01 +7.8261e-01 +1.0384e+00 +6.1058e-01 -1.0155e+00 -8.6583e-01 +1.2123e+00 +2.1490e+00 +2.5929e+00 +1.9042e-01 +1.3844e+00
614 0 +3.664907974e+03 +3.641617974e+03 +3.641617974e+03 -6.5878e-01 +9.7127e-01 -1.0285e+00 +3.7525e-01 +9.9835e-01 -2.0552e-01 -2.6120e+00 +1.8462e+00 -5.6032e-01 +4.9168e-01 +1.2330e+00 +7.9236e-02 +1.1265e+00 -2.6842e-01 -1.2217e+00 -7.0828e-02 +2.0229e+00 +1.9494e+00 +7.4754e-01 +2.1673e+00
% f evaluations | g evaluations | best noise-free fitness - Fopt (-1.028000000000e+01) + sum g_i+ | measured fitness | best measured fitness or single-digit g-values | x1 | x2...
1 0 +1.277728932e+05 +1.277626132e+05 +1.277626132e+05 -1.0117e+00 -4.4441e+00 +4.1941e+00 +1.3029e+00 -6.4501e-01 -2.0577e+00 +1.1461e+00 -3.5086e+00 +4.1179e-01 -4.6416e-01 -3.6624e+00 -4.3999e+00 +5.8344e-01 -2.6490e+00 -4.2401e+00 +1.2735e+00 +2.3509e+00 +9.1590e-01 +4.1517e+00 +7.2344e-01
5 0 +1.177622193e+05 +1.177519393e+05 +1.177519393e+05 -2.8423e+00 +1.7028e+00 +4.6644e+00 -2.0861e+00 +1.5365e+00 -4.6881e+00 +1.6946e+00 -4.3797e+00 +4.6227e+00 -1.3542e+00 -1.0973e+00 +1.6073e+00 +1.9971e+00 +1.2441e+00 -3.5066e+00 +4.4870e+00 -2.5758e+00 -4.2478e+00 -2.2656e+00 +4.1572e+00
12 0 +8.446817644e+04 +8.445789644e+04 +8.445789644e+04 -3.4829e+00 -3.2810e+00 -4.9497e+00 +9.6103e-01 -8.9780e-01 +3.8135e+00 +3.3437e+00 -2.1269e+00 +3.0640e+00 -4.7740e+00 -3.8124e+00 +4.0857e+00 -2.6718e+00 +1.0734e+00 -2.7708e+00 +2.1296e+00 +1.3731e+00 -4.3796e+00 +2.2823e+00 +1.0227e+00
17 0 +5.529597974e+04 +5.528569974e+04 +5.528569974e+04 +1.5789e+00 -2.6844e+00 -3.5660e+00 +1.8123e-01 +4.2926e+00 -4.9277e+00 +3.1563e+00 -7.0203e-01 +1.7130e+00 -3.8090e+00 +1.4371e-01 +6.6923e-01 -3.0705e+00 +1.1003e+00 +4.2021e+00 +3.0813e+00 -1.4394e+00 +1.0765e+00 +3.4989e+00 -7.3288e-01
21 0 +2.551519362e+04 +2.550491362e+04 +2.550491362e+04 -2.4602e+00 +4.6595e+00 -1.5719e+00 -2.5937e+00 -1.8108e-01 +1.4247e+00 -3.1186e+00 -1.2646e-01 +3.1423e+00 +2.7081e+00 -1.2777e+00 -1.1766e+00 -2.8587e+00 -2.2714e+00 +2.6496e+00 +2.6185e+00 +2.2586e+00 -1.9089e+00 +3.0002e+00 +1.5575e+00
56 0 +1.802944905e+04 +1.801916905e+04 +1.801916905e+04 -3.6072e-01 -2.9130e+00 -4.0962e+00 +4.8004e-01 +2.3037e+00 -1.5782e+00 +3.2281e+00 -1.2480e+00 +2.2307e+00 -4.1788e+00 -1.3722e+00 +1.9784e+00 -2.9178e+00 +1.0900e+00 +1.5302e+00 +2.7166e+00 -3.6169e-01 -1.0142e+00 +3.0327e+00 -6.0182e-02
104 0 +1.385545211e+04 +1.384517211e+04 +1.384517211e+04 +2.5034e-01 +3.3343e+00 -3.1340e+00 +1.8513e+00 -1.2798e+00 -1.1029e+00 +1.8434e-01 -3.0958e-01 -1.0056e-01 +1.1516e+00 -1.4339e+00 +1.2684e+00 +6.6955e-01 -2.8335e-01 -2.0039e-01 +1.2073e+00 -2.0655e-01 -1.4420e+00 +2.5209e-02 +1.3043e+00
205 0 +1.166740547e+04 +1.165712547e+04 +1.165712547e+04 -2.2983e+00 -1.7015e+00 +4.5392e-01 -7.0988e-01 -2.7458e-01 +3.8469e-01 -9.1212e-01 -1.7173e+00 +9.4588e-01 +1.3217e+00 -7.9065e-01 -1.0330e+00 -5.9006e-01 -1.0979e+00 -5.8088e-01 +2.1697e+00 +4.9394e-01 -3.1859e-01 +3.3571e+00 +1.0187e+00
253 0 +1.095209669e+04 +1.094181669e+04 +1.094181669e+04 -1.9784e+00 -1.6848e+00 +3.8611e-01 -5.0925e-01 -3.8540e-01 +2.7617e-01 -1.0757e+00 -1.6808e+00 +7.3541e-01 +1.1042e+00 -6.8627e-01 -1.1294e+00 -5.0368e-01 -8.3501e-01 -4.2346e-01 +1.9750e+00 +6.5242e-01 -3.9129e-01 +3.4233e+00 +8.2302e-01
1003 0 +1.061168295e+04 +1.060140295e+04 +1.060140295e+04 -2.8080e+00 +3.1067e+00 -1.2076e+00 -1.5820e+00 -5.7301e-02 +1.3434e+00 -2.0638e+00 -8.2874e-01 +3.0208e+00 +1.3925e+00 -1.5862e+00 -2.7700e-01 -2.9462e+00 -1.8731e+00 +1.2990e+00 +2.1332e+00 +1.2050e+00 -8.1187e-01 +2.5355e+00 +1.4735e+00
1052 0 +1.005778253e+04 +1.004750253e+04 +1.004750253e+04 -2.6169e+00 +2.8333e+00 -8.3799e-01 -1.8995e+00 -2.4320e-01 +1.2922e+00 -2.5315e+00 -1.3869e-01 +1.5910e+00 +7.3004e-01 -9.4396e-01 -9.1980e-01 -3.1098e+00 -1.5821e+00 +9.1669e-01 +2.0061e+00 +9.8537e-01 -1.4259e+00 +2.6909e+00 +4.4169e-01
1055 0 +9.866310501e+03 +9.856030501e+03 +9.856030501e+03 -1.9798e+00 +2.8925e+00 -9.1168e-01 -1.8437e+00 -2.0887e-01 +1.3005e+00 -2.4482e+00 -2.6669e-01 +1.8608e+00 +8.6359e-01 -1.0639e+00 -8.0256e-01 -3.0760e+00 -1.6309e+00 +9.9379e-01 +2.0031e+00 +1.0315e+00 -1.3146e+00 +2.6627e+00 +5.9369e-01
1302 0 +5.862643236e+03 +5.852363236e+03 +5.852363236e+03 -2.7528e+00 +1.9419e+00 -6.6997e-01 -1.2831e+00 -1.9224e-01 +1.0329e+00 -1.9412e+00 -5.7356e-01 +1.5336e+00 +1.5966e-02 -1.0997e+00 -4.1400e-01 -3.0970e+00 -1.3228e+00 +8.0519e-01 +1.6994e+00 +4.5382e-01 -8.0164e-01 +2.4601e+00 +3.7036e-01
% f evaluations | g evaluations | best noise-free fitness - Fopt (1.799700000000e+02) + sum g_i+ | measured fitness | best measured fitness or single-digit g-values | x1 | x2...
1 0 +3.752318195e+05 +3.754117895e+05 +3.754117895e+05 +4.5312e+00 -3.4268e-01 -4.6559e+00 -4.6679e-01 -3.9354e+00 +4.1862e+00 -2.1282e+00 -1.1990e+00 -1.9860e+00 -4.7819e+00 -1.3822e+00 +3.4480e+00 +3.8626e+00 +3.7844e+00 +2.9502e+00 -3.3520e+00 +2.9148e-01 +2.9299e+00 -4.2948e+00 +3.6912e+00
2 0 +1.241995108e+05 +1.243794808e+05 +1.243794808e+05 -1.2112e-01 +4.4716e-01 +3.5281e+00 -1.4247e+00 +2.4505e+00 +4.6017e+00 +2.0060e+00 +6.4773e-01 +4.6821e+00 -4.5407e+00 -4.4665e+00 -3.9454e+00 -6.8552e-02 +2.8616e+00 -1.8671e+00 -1.9888e+00 -1.2603e+00 +2.7420e+00 +1.7823e+00 -4.2222e+00
4 0 +7.083048369e+04 +7.101045369e+04 +7.101045369e+04 -3.7086e+00 +4.4790e+00 +9.4818e-01 -7.6130e-01 -1.8263e-01 -4.6266e+00 -1.7685e+00 +2.3862e+00 -1.9200e+00 -1.1426e+00 +1.5830e+00 -1.5349e+00 -1.8805e+00 +3.8539e+00 -3.5681e+00 +1.5179e+00 +1.8136e-01 +2.6711e+00 +2.6212e+00 -2.1158e+00
27 0 +6.394104761e+04 +6.412101761e+04 +6.412101761e+04 +4.1091e+00 -1.4293e+00 +1.7978e+00 -1.7174e+00 -4.7852e+00 +1.8070e+00 -4.9652e+00 +2.9542e+00 -3.9373e-01 +2.0235e+00 -1.0763e+00 -2.3167e+00 -1.3610e+00 -5.1190e-01 +2.3144e+00 +2.5859e-01 +4.6375e-01 +2.5524e+00 +1.1897e+00 -3.6075e+00
52 0 +3.833376945e+04 +3.851373945e+04 +3.851373945e+04 -4.0539e+00 -2.6825e+00 +5.4584e-01 +1.4742e+00 -2.7372e+00 -1.0734e+00 +2.7939e+00 -2.4771e+00 -3.1656e+00 -3.0673e+00 -1.3438e+00 +1.2578e+00 -2.1057e+00 -3.2971e+00 +5.5967e-01 -2.1385e+00 +3.8691e+00 -2.0510e+00 +3.7401e+00 -2.7889e+00
53 0 +2.098690986e+04 +2.116687986e+04 +2.116687986e+04 -3.2546e+00 -2.7210e+00 -1.4385e+00 -1.6121e-01 -2.3893e+00 +1.1370e+00 +1.9071e+00 -4.7228e-01 -2.2348e+00 -3.1311e+00 +5.0150e-01 -1.7421e+00 -2.9211e-01 -3.2659e+00 +2.6200e-03 -1.0014e+00 +2.6122e+00 -1.9308e-01 +2.7411e+00 -1.6694e+00
106 0 +1.816053590e+04 +1.834050590e+04 +1.834050590e+04 +2.5357e+00 +3.3201e+00 +6.4419e-01 -4.2884e-01 +2.6949e+00 -1.5543e+00 +3.1902e-01 -1.5901e+00 +1.3418e-01 -1.6870e+00 -4.5542e-03 +1.5609e-01 -3.2446e+00 -2.3134e+00 +6.4099e-01 -6.4906e-01 -7.3770e-01 -1.1627e-01 +1.0040e+00 -1.7140e+00
108 0 +1.689613300e+04 +1.707610300e+04 +1.707610300e+04 -7.7191e-01 +5.4622e-01 -6.0776e-01 -1.4716e-01 +7.2944e-01 -4.5052e-01 +1.7403e+00 -1.4651e+00 -1.0949e+00 -2.8634e+00 +3.8349e-01 -6.1163e-01 -1.8426e+00 -3.0209e+00 +1.1742e-01 -9.3635e-01 +9.5217e-01 -4.4065e-01 +1.9266e+00 -1.4892e+00
159 0 +7.006534366e+03 +7.186504366e+03 +7.186504366e+03 +8.5444e-01 +4.7162e-01 +1.4011e-01 -5.5933e-01 -2.9876e-01 -7.2073e-02 -5.0821e-02 -4.3536e-01 -7.5430e-01 -1.5381e+00 -1.7591e-02 -9.0682e-01 -1.9274e+00 -2.3258e+00 +7.1248e-01 -6.1235e-01 +5.9658e-01 +3.1482e-01 +1.6210e+00 -2.0232e+00
203 0 +6.507255993e+03 +6.687225993e+03 +6.687225993e+03 +1.0897e+00 +3.4465e-01 +2.6564e-01 -6.7901e-01 -6.4714e-01 +1.0494e-01 -4.5858e-01 -1.6950e-01 -6.8946e-01 -1.1842e+00 -1.1104e-01 -1.0082e+00 -1.8593e+00 -2.1377e+00 +8.4795e-01 -5.5611e-01 +6.1401e-01 +5.1529e-01 +1.5800e+00 -2.1035e+00
302 0 +5.991390330e+03 +6.171360330e+03 +6.171360330e+03 -6.4327e-01 +7.8421e-01 +1.3928e-01 -8.1606e-01 +6.3916e-01 +1.7194e-01 +1.5856e+00 -1.1329e+00 -7.9507e-01 -1.5583e+00 +4.6749e-01 -4.9461e-01 -1.5308e+00 -2.0169e+00 +1.6393e-01 -1.0508e+00 +1.2806e+00 +6.9870e-02 +1.3835e+00 -8.4105e-01
313 0 +5.329539619e+03 +5.509509619e+03 +5.509509619e+03 +1.0897e+00 +3.4465e-01 +2.6564e-01 -6.7901e-01 -6.4714e-01 +1.0494e-01 -4.5858e-01 -1.6950e-01 -6.8946e-01 -1.1842e+00 -1.1104e-01 -6.4378e-01 -1.8593e+00 -2.1377e+00 +8.4795e-01 -5.5611e-01 +6.1401e-01 +5.1529e-01 +1.5800e+00 -2.1035e+00
% f evaluations | g evaluations | best noise-free fitness - Fopt (8.376000000000e+01) + sum g_i+ | measured fitness | best measured fitness or single-digit g-values | x1 | x2...
1 0 +9.031724468e+04 +9.040100468e+04 +9.040100468e+04 -1.5765e+00 +3.3919e+00 +4.4076e+00 +1.6580e+00 +2.4160e+00 +4.6747e+00 +2.3206e-01 +4.5697e+00 +4.4619e+00 +2.0438e+00 +3.2076e-01 -3.6225e+00 -1.6382e+00 +4.1468e+00 -6.5611e-01 -1.8453e+00 -1.5588e+00 -5.1245e-01 -3.3917e+00 -1.4613e+00
5 0 +7.404039369e+04 +7.412415369e+04 +7.412415369e+04 +4.5887e+00 +4.5742e+00 +3.0295e+00 +3.8721e+00 -4.2500e+00 -3.4242e+00 -8.1112e-01 -1.4142e+00 -4.5595e+00 -1.1458e-01 +5.0998e-01 -1.4991e-01 -1.3749e+00 +1.1939e+00 -1.7593e+00 +2.2692e+00 -9.2595e-01 -2.2875e+00 -1.6732e+00 -4.4124e+00
21 0 +6.738704998e+04 +6.747080998e+04 +6.747080998e+04 -3.0133e+00 -2.0975e+00 +2.4852e+00 -4.3697e+00 +4.2314e+00 -3.3263e-01 +2.9971e+00 +2.8966e+00 +4.8320e-01 +3.5720e+00 +2.3975e+00 +5.3286e-01 +1.6881e+00 +1.8934e+00 +1.8782e+00 -1.7855e+00 +3.1261e+00 +2.8616e+00 -2.0437e+00 -2.8516e+00
23 0 +4.623146265e+04 +4.631522265e+04 +4.631522265e+04 +1.8130e-01 +4.1735e+00 +8.3547e-01 -3.7526e+00 -3.1651e+00 +2.8291e-01 -3.3625e+00 -4.0405e+00 -1.0653e+00 +3.2986e+00 +3.0539e+00 -1.8567e+00 +1.9599e+00 +1.5293e+00 -8.3098e-01 -2.6372e+00 +1.5569e+00 -5.3681e-01 -1.9840e+00 -4.0081e+00
52 0 +3.670846149e+04 +3.679222149e+04 +3.679222149e+04 -3.6570e+00 -3.1065e+00 +2.1668e+00 -1.5829e+00 +2.7913e+00 +9.4976e-01 +1.4993e+00 +4.1318e-01 +7.1279e-01 +1.3656e+00 +1.5700e+00 -1.0381e+00 -2.4844e-01 +5.9521e-02 +1.6448e+00 -7.5934e-01 +2.0606e+00 +2.1108e+00 -1.8793e+00 -2.5849e+00
53 0 +3.338637136e+04 +3.347013136e+04 +3.347013136e+04 -4.0706e+00 -3.7547e+00 +1.9623e+00 +2.0740e-01 +1.8662e+00 +1.7736e+00 +5.3709e-01 -1.1822e+00 +8.6028e-01 -5.1884e-02 +1.0385e+00 -2.0474e+00 -1.4925e+00 -1.1186e+00 +1.4948e+00 -1.0013e-01 +1.3762e+00 +1.6286e+00 -1.7736e+00 -2.4136e+00
54 0 +3.214489797e+04 +3.222865797e+04 +3.222865797e+04 -4.1991e-02 +4.0742e+00 +1.2892e+00 -3.0653e+00 -2.4562e+00 +8.4079e-01 -2.9059e+00 -2.9467e+00 -3.6322e-01 +3.1392e+00 +2.7068e+00 -2.0810e+00 +1.5028e+00 +1.8618e+00 -8.0877e-01 -2.5366e+00 +1.1611e+00 -5.3372e-01 -2.1628e+00 -3.6846e+00
56 0 +2.914538705e+04 +2.922914705e+04 +2.922914705e+04 +6.7643e-01 +8.3448e-01 +3.4087e+00 +1.1010e+00 +2.3211e+00 +3.4098e+00 +3.7694e-01 +2.8147e+00 +2.1993e+00 +8.8042e-01 -1.2946e+00 -1.9520e+00 +1.8086e-02 +2.8390e+00 -7.1950e-01 -1.7276e+00 +1.0465e-01 -6.2819e-01 -1.0128e+00 -1.4163e+00
102 0 +2.227579559e+04 +2.235955559e+04 +2.235955559e+04 -4.3093e-01 +3.5740e+00 +9.3403e-01 -2.5500e+00 -2.7415e+00 +9.2422e-01 -2.6783e+00 -2.6982e+00 -4.6880e-01 +3.1276e+00 +2.8447e+00 -1.9002e+00 +1.5601e+00 +8.3863e-01 -3.5714e-01 -1.7187e+00 +1.8378e+00 -2.2944e-01 -1.7783e+00 -3.6317e+00
104 0 +1.910825844e+04 +1.919201844e+04 +1.919201844e+04 -5.4250e-01 +2.6896e+00 +1.8729e+00 -3.0233e+00 -2.6254e+00 -7.2292e-01 -2.0398e+00 -3.0428e+00 +7.5228e-01 +1.1275e+00 +8.9053e-01 -1.7727e+00 +1.7414e+00 +1.1410e+00 -6.2694e-01 -4.0849e-01 -7.6675e-02 -1.0292e+00 -2.1849e+00 -1.4139e+00
257 0 +1.445309927e+04 +1.453685927e+04 +1.453685927e+04 -1.6228e+00 +1.5770e+00 +1.0204e+00 -3.1681e-01 -2.1103e+00 +1.1139e+00 -6.4010e-01 +1.0450e-02 +3.9839e-01 +2.4435e+00 +1.6750e+00 -1.8039e+00 +7.3851e-01 -1.0342e+00 +1.0446e+00 +4.5488e-01 +2.4476e+00 +6.4063e-01 -6.9275e-01 -2.6960e+00
306 0 +5.517389103e+03 +5.601149103e+03 +5.601149103e+03 -1.8574e+00 +6.4016e-01 +1.5491e+00 -8.5215e-01 -1.5496e+00 +1.2329e+00 -6.4030e-01 +3.2707e-03 -3.2954e-01 +1.3211e+00 +1.3627e+00 -1.3837e+00 +7.9463e-01 -8.0191e-01 +7.5183e-01 -1.6759e-01 +1.5677e+00 -1.0557e-01 -1.4514e+00 -1.7851e+00
% f evaluations | g evaluations | best noise-free fitness - Fopt (-3.890100000000e+02) + sum g_i+ | measured fitness | best measured fitness or single-digit g-values | x1 | x2...
1 0 +2.701473817e+05 +2.697583717e+05 +2.697583717e+05 -4.9616e+00 -3.6565e+00 +2.8766e+00 +9.9223e-01 -2.5299e+00 -2.1904e+00 +3.8926e+00 +2.4394e+00 -7.8734e-01 +4.2726e+00 -1.3760e+00 -4.1892e+00 -1.7541e+00 -5.5290e-01 +4.5646e+00 -9.3153e-01 -2.8303e+00 -3.9017e+00 +2.0582e+00 -1.8056e+00
2 0 +1.559766296e+05 +1.555876196e+05 +1.555876196e+05 +2.1991e+00 +1.5801e+00 -2.7744e+00 +2.9378e+00 +3.5504e+00 +1.9908e+00 -4.8136e+00 +4.6478e+00 +4.7838e+00 +1.3654e+00 +9.7200e-01 +4.0150e+00 -5.0930e-02 -1.8882e-01 -4.8618e+00 +1.3401e+00 -1.4290e+00 +9.3411e-01 +2.1723e+00 -4.9261e+00
5 0 +1.336783738e+05 +1.332893638e+05 +1.332893638e+05 +2.3064e+00 +2.7166e+00 +2.3731e+00 +1.3776e+00 -3.3320e+00 +3.3462e+00 +4.4540e+00 -3.1013e+00 +1.7710e+00 +2.0637e+00 -3.4686e+00 +3.7644e+00 -3.5295e-01 -3.4930e+00 +2.5877e+00 +2.4544e+00 +2.4429e+00 +6.9699e-01 +4.0053e+00 -1.8446e+00
6 0 +8.165418993e+04 +8.126517993e+04 +8.126517993e+04 +1.5713e+00 -3.7533e+00 +1.2408e+00 -9.6572e-01 -4.4017e-01 +1.8692e+00 -3.9551e+00 -4.1002e+00 +3.7221e+00 -6.5507e-01 -3.9441e+00 -2.1634e+00 +1.3746e+00 -2.2744e+00 +1.1892e+00 +1.8960e+00 -3.7597e+00 +5.5691e-01 -3.7947e+00 -1.6123e+00
34 0 +7.313054778e+04 +7.274153778e+04 +7.274153778e+04 -2.1331e+00 +3.3096e+00 +3.5260e+00 -4.0488e+00 -2.6312e+00 +3.0002e+00 +3.2028e+00 +4.7174e+00 +4.5149e+00 +3.5469e+00 +2.0263e+00 +2.9011e+00 +6.5629e-01 -3.9012e+00 +9.6323e-02 -1.6564e+00 +2.5229e+00 +4.0549e+00 +3.3377e-01 -2.6305e+00
37 0 +5.968382751e+04 +5.929481751e+04 +5.929481751e+04 +4.4937e+00 +3.6257e+00 +2.3169e+00 -1.0045e+00 +2.5606e+00 -1.8588e+00 -2.7195e+00 -5.2065e-01 -4.0989e+00 -1.1379e+00 -1.8349e+00 +4.3134e+00 -1.2481e+00 +2.0399e+00 +1.8236e+00 +1.6442e+00 +2.7439e+00 +4.4812e+00 -5.3142e-01 -1.9802e+00
54 0 +5.829486971e+04 +5.790585971e+04 +5.790585971e+04 +1.2446e+00 -2.6943e+00 +5.8878e-01 -1.1472e+00 -2.3124e-01 +9.3061e-01 -2.4665e+00 -2.8453e+00 +3.3397e+00 -2.8149e-01 -4.0061e+00 -2.1760e+00 +1.9910e+00 -2.1548e+00 +9.6132e-01 +1.9538e+00 -2.4247e+00 -1.5034e-01 -3.7855e+00 -1.8230e+00
57 0 +2.949501084e+04 +2.910600084e+04 +2.910600084e+04 +3.3242e+00 +2.4722e+00 +1.6479e+00 -6.3199e-01 +1.8065e+00 -1.6479e+00 -2.2363e+00 +3.7149e-01 -3.6022e+00 -7.3772e-01 -1.9600e+00 +3.8132e+00 -5.3520e-01 +1.7883e+00 +8.6483e-01 +1.4239e+00 +2.2805e+00 +3.2144e+00 -5.2819e-01 -2.4608e+00
106 0 +1.939644154e+04 +1.900743154e+04 +1.900743154e+04 +4.0407e+00 +2.6170e+00 +2.2361e+00 -1.0179e+00 +2.0266e+00 -1.1102e+00 -2.9445e+00 -1.5236e-01 -2.7276e+00 -1.4362e+00 -1.3008e+00 +3.6776e+00 -1.3538e+00 +1.3944e+00 +1.1649e+00 +2.1994e+00 +2.0995e+00 +2.8987e+00 -8.6054e-01 -1.3865e+00
204 0 +4.108223656e+03 +3.719213656e+03 +3.719213656e+03 +3.2742e+00 +9.1048e-01 +2.0992e+00 -1.0406e+00 +1.1233e+00 +1.5619e-01 -3.3252e+00 +4.7069e-01 -4.0769e-01 -1.9408e+00 -3.9710e-01 +2.6021e+00 -1.5327e+00 +3.0238e-01 +5.0533e-02 +3.1388e+00 +1.0094e+00 +2.2143e-01 -1.4173e+00 -3.8194e-01
410 0 +3.714287054e+03 +3.325277054e+03 +3.325277054e+03 +3.2742e+00 +9.1048e-01 +2.8799e-01 -1.0406e+00 +1.1233e+00 +1.5619e-01 -3.3252e+00 +4.7069e-01 -4.0769e-01 -1.9408e+00 -3.9710e-01 +2.6021e+00 -1.5327e+00 +3.0238e-01 +5.0533e-02 +3.1388e+00 +1.0094e+00 +2.2143e-01 -1.4173e+00 -3.8194e-01
% f evaluations | g evaluations | best noise-free fitness - Fopt (-1.455800000000e+02) + sum g_i+ | measured fitness | best measured fitness or single-digit g-values | x1 | x2...
1 0 +2.091085797e+05 +2.089629997e+05 +2.089629997e+05 -2.9775e+00 +1.8913e+00 +2.9993e+00 -2.6137e+00 -2.8951e+00 -6.5080e-01 -1.5974e-01 -1.1564e+00 -1.8535e+00 +3.3746e-01 +4.5789e+00 +2.4244e-01 -4.7066e+00 +1.1989e+00 -2.3736e+00 -2.2739e+00 -3.8906e+00 +2.5675e+00 -2.5199e+00 -5.4678e-01
5 0 +1.867322283e+05 +1.865866483e+05 +1.865866483e+05 -2.8469e+00 -1.8637e+00 -4.1653e+00 -2.7705e+00 +2.1520e+00 +4.6546e+00 -2.2410e+00 +5.4471e-01 -4.0052e+00 +2.9218e+00 +4.3587e+00 +9.4108e-01 +3.6451e+00 -4.7049e+00 +3.9035e+00 +1.6503e+00 -4.2189e-01 -3.5920e+00 +4.0816e+00 +4.3552e+00
10 0 +1.021525245e+05 +1.020069445e+05 +1.020069445e+05 +4.6071e-01 +3.7144e+00 -3.6566e+00 +3.4830e+00 +9.9127e-01 +7.7095e-01 -1.3440e+00 +4.1425e+00 +2.6215e+00 +4.3171e+00 -4.4320e+00 -1.3411e+00 -2.8680e+00 -3.7421e+00 -2.7066e+00 +2.7682e-01 -1.0863e+00 +7.0675e-01 -9.7563e-01 +4.3668e+00
14 0 +5.341952938e+04 +5.327394938e+04 +5.327394938e+04 +4.5669e-01 -7.6591e-01 -3.3434e+00 +3.5088e+00 -3.9611e+00 -3.0117e+00 +4.0149e+00 +4.6535e+00 +1.3292e+00 -4.1399e+00 +2.6820e+00 +3.2734e+00 -4.5203e-01 -3.3169e+00 -2.8863e+00 -6.6415e-01 -1.5882e+00 -1.4789e+00 -2.2815e-01 -1.2604e+00
16 0 +4.911809659e+04 +4.897251659e+04 +4.897251659e+04 -1.6463e+00 -3.0704e+00 +2.1926e-01 -1.5464e+00 +2.8422e+00 -3.1126e+00 -4.4609e+00 +1.6298e+00 -1.8250e+00 +4.1369e+00 -2.1227e+00 +1.4473e+00 +1.5918e+00 +1.8424e+00 -5.5720e-01 -8.8708e-01 +4.7416e-01 -3.7586e+00 +3.0812e+00 +2.9926e+00
22 0 +4.609274769e+04 +4.594716769e+04 +4.594716769e+04 -9.5401e-01 +4.0204e+00 -3.7170e+00 -2.8349e+00 +4.7663e+00 -4.0954e+00 -2.7921e+00 +6.6792e-01 -1.1145e+00 +3.3238e+00 -3.7819e+00 -3.3007e+00 +3.8999e+00 -8.9242e-02 -3.9779e-01 -4.5394e+00 -1.8741e+00 -2.4685e+00 +8.6674e-01 +7.0629e-01
52 0 +1.728103920e+04 +1.713545920e+04 +1.713545920e+04 -3.1588e+00 -1.8700e+00 +1.9608e+00 -4.8003e-01 -1.0946e+00 +6.0381e-01 +1.5368e+00 +4.1018e-01 +1.5817e+00 -1.1890e+00 -8.8418e-01 +1.9955e+00 -1.2000e+00 -3.1554e+00 -1.5279e+00 -1.3540e+00 -2.2633e+00 +6.5125e-01 +1.7848e+00 +3.8652e+00
56 0 +9.936598328e+03 +9.791018328e+03 +9.791018328e+03 -1.8004e+00 +3.5256e-01 -1.2334e-01 -1.8621e+00 +5.5272e-01 -2.3743e+00 -6.7550e-01 +1.2658e+00 +2.3274e-01 -6.9420e-01 -1.9252e+00 -2.0899e-01 +1.2669e+00 -1.5643e+00 -1.7476e+00 -3.2237e+00 -3.3099e+00 -7.9651e-01 +2.6808e+00 +2.9610e+00
57 0 +7.093556308e+03 +6.947976308e+03 +6.947976308e+03 -1.5792e+00 +1.3110e+00 -1.0624e+00 -2.1163e+00 +1.6538e+00 -2.8240e+00 -1.2286e+00 +1.1096e+00 -1.1929e-01 +3.5572e-01 -2.4104e+00 -1.0169e+00 +1.9549e+00 -1.1789e+00 -1.3949e+00 -3.5675e+00 -2.9347e+00 -1.2334e+00 +2.2068e+00 +2.3718e+00
