% f evaluations | g evaluations | best noise-free fitness - Fopt (1.026100000000e+02) + sum g_i+ | measured fitness | best measured fitness or single-digit g-values | x1 | x2...
1 0 +4.747471431e+02 +5.773571431e+02 +5.773571431e+02 -2.8865e+00 +4.2808e+00 +3.6420e+00 +4.7994e+00 +1.8689e+00 +8.1812e-01 +2.7944e+00 +2.4523e+00 -3.0762e+00 +4.0866e+00
2 0 +2.930809702e+02 +3.956909702e+02 +3.956909702e+02 -6.0837e-03 -1.9834e+00 +2.9330e+00 +2.0253e+00 +1.2791e+00 -2.0960e+00 +4.9230e+00 +1.5569e+00 +3.2845e-01 -1.8626e+00
4 0 +2.364423288e+02 +3.390523288e+02 +3.390523288e+02 +1.3239e+00 -1.9984e+00 -4.5226e+00 -3.0168e+00 -3.1812e-01 -1.0624e+00 +1.2812e+00 -2.9751e+00 -4.6154e-01 +4.6384e+00
34 0 +2.239264215e+02 +3.265364215e+02 +3.265364215e+02 +5.2637e-01 +1.2302e+00 -1.3564e+00 +2.3507e-01 -2.8135e+00 -1.2640e+00 -2.7997e+00 +1.3198e+00 +2.9090e+00 +2.8088e+00
54 0 +2.061015778e+02 +3.087115778e+02 +3.087115778e+02 +2.5451e+00 -1.4427e-01 -1.5316e+00 +3.7991e+00 -5.6479e-01 -1.0270e+00 +1.1195e+00 +1.7040e+00 +2.2388e-01 +4.9708e-01
55 0 +2.002412124e+02 +3.028512124e+02 +3.028512124e+02 +6.2698e-01 +1.4276e-01 +7.4751e-01 +1.9290e+00 -7.3426e-01 -3.1248e+00 -1.0476e+00 +3.5280e+00 -2.1378e+00 -2.6350e+00
104 0 +1.957044471e+02 +2.983144471e+02 +2.983144471e+02 +6.0377e-01 +1.2855e+00 -1.8733e-01 +5.4562e-01 -2.5120e+00 -1.1115e+00 -1.6259e+00 +1.1942e+00 +2.4359e+00 +2.6019e+00
153 0 +1.854296581e+02 +2.880396581e+02 +2.880396581e+02 +8.1935e-01 +8.1420e-01 -9.8538e-01 +8.7774e-02 -2.4752e+00 -7.8931e-01 -2.7913e+00 +9.2026e-01 +2.3543e+00 +2.5696e+00
258 0 +1.621991480e+02 +2.648091480e+02 +2.648091480e+02 -7.7562e-01 -1.0770e+00 -7.5284e-01 +1.1366e+00 -1.5069e+00 -9.6211e-01 +5.0472e-01 +8.4397e-01 -2.2159e-01 -1.0632e+00
309 0 +1.505859755e+02 +2.531959755e+02 +2.531959755e+02 +8.8546e-01 +6.1572e-01 -1.4009e+00 -2.1347e-02 -2.3127e+00 -7.6852e-01 -1.5600e+00 +6.9229e-01 +1.9860e+00 +2.8287e+00
860 0 +1.351845557e+02 +2.377945557e+02 +2.377945557e+02 +1.3062e-01 +2.6316e-01 -7.3568e-01 +3.5199e-01 -2.0029e+00 -3.7314e-01 -4.4245e-01 +1.1435e+00 +1.7512e+00 +2.0170e+00
% f evaluations | g evaluations | best noise-free fitness - Fopt (9.330000000000e+01) + sum g_i+ | measured fitness | best measured fitness or single-digit g-values | x1 | x2...
1 0 +3.389777454e+02 +4.322777454e+02 +4.322777454e+02 +4.1935e+00 -2.8006e+00 -3.2560e+00 -3.0133e+00 -9.7175e-01 -2.9542e+00 +4.8716e+00 +6.8752e-01 +1.3087e+00 -2.6265e+00
2 0 +3.322346591e+02 +4.255346591e+02 +4.255346591e+02 +4.1730e+00 -9.5987e-01 +7.3294e-02 +3.8675e+00 -1.8555e+00 +1.7392e+00 -2.8089e+00 +1.2158e+00 +2.6040e+00 +2.3881e+00
3 0 +2.950853225e+02 +3.883853225e+02 +3.883853225e+02 +3.6031e+00 +4.5211e+00 -4.6030e+00 -2.0808e+00 -7.0508e-01 -2.7993e+00 +3.7504e+00 +3.4174e+00 -1.2528e+00 +8.8479e-01
6 0 +2.456240517e+02 +3.389240517e+02 +3.389240517e+02 +6.3737e-01 +2.6296e+00 +1.8444e+00 -3.8528e+00 -9.4709e-01 -3.1465e-01 -3.0268e+00 +2.9907e+00 -6.4130e-01 +2.2878e+00
13 0 +2.280659385e+02 +3.213659385e+02 +3.213659385e+02 -4.7859e+00 -9.7280e-01 -2.6455e+00 -3.3249e+00 -9.1839e-01 -2.2118e+00 -1.4641e+00 -1.1098e+00 -4.4148e-01 +3.9001e+00
18 0 +2.168486102e+02 +3.101486102e+02 +3.101486102e+02 +7.6012e-01 -3.0225e+00 -3.2845e+00 +2.6265e+00 -3.1527e+00 +3.5679e-01 +8.4056e-02 -5.8924e-02 -5.4521e-01 -3.2419e+00
53 0 +1.980175713e+02 +2.913175713e+02 +2.913175713e+02 +1.7835e+00 +1.8374e+00 -2.7076e-01 -8.3193e-01 -5.7749e-01 -6.7206e-01 +2.6563e-01 -3.3813e+00 -8.8997e-01 -2.4921e+00
54 0 +1.891633669e+02 +2.824633669e+02 +2.824633669e+02 +2.0925e+00 +3.4179e+00 -7.8690e-01 -5.1745e-01 -1.6020e+00 -4.6561e-01 +2.4162e+00 +4.2858e-01 -1.2702e+00 +4.3020e+00
55 0 +1.515014875e+02 +2.448014875e+02 +2.448014875e+02 -9.8026e-01 +6.6667e-01 +1.3737e-01 -9.6812e-01 +7.1384e-01 +5.6442e-01 +3.4276e+00 -2.4429e+00 +2.5961e+00 +1.4862e+00
306 0 +1.337545981e+02 +2.270545981e+02 +2.270545981e+02 -2.0870e+00 -3.4863e-01 -1.5398e+00 -1.5061e+00 -1.4254e+00 -1.5688e-02 +6.6663e-01 -4.0289e-01 +7.5415e-01 +2.1781e+00
504 0 +1.163411955e+02 +2.096411955e+02 +2.096411955e+02 -2.5552e-02 +2.9990e-01 +2.1180e-01 -1.3251e+00 +1.8846e-02 +3.2609e-02 +2.7418e+00 -2.3509e+00 +2.3579e+00 +1.1484e+00
713 0 +1.086663091e+02 +2.019663091e+02 +2.019663091e+02 -1.1863e-01 +5.4756e-02 -9.3819e-01 -9.7095e-01 +9.2608e-01 -3.9429e-02 +2.9318e+00 -7.4160e-01 +6.8851e-01 +1.8975e-01
% f evaluations | g evaluations | best noise-free fitness - Fopt (1.364000000000e+01) + sum g_i+ | measured fitness | best measured fitness or single-digit g-values | x1 | x2...
1 0 +3.897012144e+02 +4.033412144e+02 +4.033412144e+02 +5.6522e-01 +4.3081e+00 -2.3243e+00 -2.8377e+00 +4.7649e+00 +3.1871e+00 -1.7227e+00 -3.4770e+00 +1.1203e+00 -2.3228e+00
2 0 +3.700591973e+02 +3.836991973e+02 +3.836991973e+02 -4.1113e+00 +3.0620e+00 -2.6241e+00 +2.8599e+00 +4.6522e+00 +4.0316e+00 -3.8837e+00 +2.5829e+00 -2.3405e+00 +1.5205e+00
4 0 +3.501273375e+02 +3.637673375e+02 +3.637673375e+02 -3.9297e+00 +2.1625e+00 -2.7796e+00 +2.2521e+00 +3.4521e+00 +1.5358e+00 +1.8575e+00 -2.9156e+00 +2.3072e-01 -3.4870e+00
6 0 +3.261042458e+02 +3.397442458e+02 +3.397442458e+02 +1.2926e+00 -2.8429e+00 -4.4826e+00 +4.1183e+00 -3.7692e+00 -2.1986e+00 -8.9000e-01 +2.6016e+00 -2.0152e-01 +6.4651e-01
10 0 +2.358252897e+02 +2.494652897e+02 +2.494652897e+02 +2.0049e+00 -4.6090e+00 +5.2743e-01 +3.2134e+00 +3.3714e+00 +4.8063e-03 +4.3663e-01 -1.7708e+00 +1.2341e+00 +6.9445e-01
19 0 +2.333300241e+02 +2.469700241e+02 +2.469700241e+02 -3.5426e+00 -2.6837e-01 +1.6149e+00 -2.4462e+00 +3.1871e+00 -5.7116e-01 +2.1302e+00 -3.0315e+00 +8.1570e-01 +2.0724e+00
24 0 +1.841638550e+02 +1.978038550e+02 +1.978038550e+02 -2.4492e-01 -1.0729e+00 +1.8828e+00 -9.4597e-01 +2.5274e+00 -1.0077e+00 -2.2803e+00 -6.6006e-02 -4.1191e+00 +2.3864e+00
109 0 +1.611016291e+02 +1.747416291e+02 +1.747416291e+02 -1.7812e+00 +6.1496e-01 +2.4663e+00 +1.3769e+00 +2.1950e+00 +2.1145e-01 -1.3126e+00 +4.6165e-01 -1.4478e+00 -3.1539e-01
213 0 +1.103540557e+02 +1.239940557e+02 +1.239940557e+02 -2.4492e-01 -1.0729e+00 +1.8828e+00 -9.4597e-01 +2.5274e+00 -1.0077e+00 -2.2803e+00 -6.6006e-02 -7.2914e-01 +2.3864e+00
607 0 +1.083806144e+02 +1.220206144e+02 +1.220206144e+02 -7.1194e-01 -1.1569e+00 +2.1412e+00 +5.1271e-01 +8.9413e-01 -8.4237e-01 -1.1755e+00 +4.3124e-01 -2.2372e+00 +7.8376e-01
707 0 +1.022859309e+02 +1.159259309e+02 +1.159259309e+02 -4.0105e-01 -1.6955e+00 +2.2633e+00 +4.2845e-01 +9.3368e-01 -1.0590e+00 -6.5543e-01 +6.1144e-01 -1.5254e+00 +9.6273e-01
% f evaluations | g evaluations | best noise-free fitness - Fopt (1.948000000000e+02) + sum g_i+ | measured fitness | best measured fitness or single-digit g-values | x1 | x2...
1 0 +3.572972185e+02 +5.520972185e+02 +5.520972185e+02 -1.8975e+00 -1.2799e+00 -4.3327e+00 -7.0856e-01 +4.7267e+00 +2.1695e+00 -2.9188e+00 +1.7035e+00 -1.1624e+00 +1.2832e+00
3 0 +2.586234011e+02 +4.534234011e+02 +4.534234011e+02 +4.5801e-01 -5.7378e-01 -3.1120e+00 -3.8549e+00 -1.3419e+00 -1.1993e+00 -2.0486e+00 +3.4106e+00 -2.5745e+00 -2.3027e+00
4 0 +2.501822226e+02 +4.449822226e+02 +4.449822226e+02 +3.6753e+00 -8.9961e-01 +2.7450e+00 +4.3886e+00 +1.3761e+00 -1.6960e+00 -1.7369e+00 -3.5505e-01 +8.2419e-01 +2.7850e-01
6 0 +2.272743414e+02 +4.220743414e+02 +4.220743414e+02 +2.4233e+00 +8.6823e-01 -3.3977e+00 -4.3928e-01 +1.3407e+00 -4.6262e+00 -4.5806e+00 -1.8503e-01 +2.7524e+00 +1.1989e+00
22 0 +1.823059575e+02 +3.771059575e+02 +3.771059575e+02 -3.6109e+00 -3.0944e+00 -4.3569e-01 -7.0772e-01 -5.2192e-01 +4.8918e+00 +2.4984e+00 -2.7927e+00 -3.4301e-01 -4.0862e+00
54 0 +1.562348694e+02 +3.510348694e+02 +3.510348694e+02 -1.7787e+00 -1.7624e+00 +7.9910e-01 -5.4143e-01 -2.8052e+00 -3.8457e+00 +3.5207e-01 +1.2642e-02 -2.6806e-02 -1.5478e+00
103 0 +1.314049362e+02 +3.262049362e+02 +3.262049362e+02 -2.0359e+00 -2.4454e+00 +3.9673e-01 -6.5834e-01 -1.0110e+00 +4.4138e+00 +1.3541e+00 -1.5307e+00 -5.4238e-01 -2.3278e+00
707 0 +1.111493552e+02 +3.059493552e+02 +3.059493552e+02 -2.6579e+00 -2.6330e+00 +8.8428e-01 +1.8273e-01 -1.1038e+00 +1.8245e+00 +1.4728e+00 -1.8674e+00 -8.2074e-01 -1.4647e+00
909 0 +9.789675812e+01 +2.926967581e+02 +2.926967581e+02 -2.3933e+00 -2.2991e+00 +1.1045e-01 -2.0286e-01 -1.1504e+00 +2.3104e+00 +2.1696e+00 -2.4433e+00 -7.7743e-01 -2.6157e+00
% f evaluations | g evaluations | best noise-free fitness - Fopt (-1.335900000000e+02) + sum g_i+ | measured fitness | best measured fitness or single-digit g-values | x1 | x2...
1 0 +4.407631368e+02 +3.071731368e+02 +3.071731368e+02 +1.3362e+00 +3.3270e+00 +4.4587e+00 +4.4782e-01 +2.5132e+00 -2.1653e+00 +1.1776e+00 -2.5159e+00 +4.8625e+00 -4.8940e+00
2 0 +3.295546759e+02 +1.959646759e+02 +1.959646759e+02 -3.2802e+00 +8.4338e-01 -1.1926e+00 +8.9159e-01 +3.7596e+00 +1.1830e+00 +1.6987e+00 +4.2556e+00 -2.2596e+00 +1.1738e+00
4 0 +1.932754541e+02 +5.968545414e+01 +5.968545414e+01 +1.2275e+00 -7.1442e-01 +1.4129e+00 -3.7114e+00 -2.3152e+00 +4.0056e+00 +2.2433e+00 +4.4446e-01 -1.3167e+00 -1.6922e+00
17 0 +1.886763877e+02 +5.508638772e+01 +5.508638772e+01 -5.1949e-01 +1.8318e+00 -1.6994e-01 -4.6716e+00 -1.6504e+00 -1.0661e+00 +4.0972e-01 +9.0779e-01 +1.2059e+00 -2.3448e+00
21 0 +1.739639046e+02 +4.037390464e+01 +4.037390464e+01 -3.2319e+00 +4.1626e+00 +2.6266e+00 -1.5784e+00 +4.9653e-01 +3.2411e+00 +4.4108e+00 -2.0527e+00 -7.4623e-03 +2.7101e+00
53 0 +1.483036511e+02 +1.471365108e+01 +1.471365108e+01 -3.2383e-01 -7.8152e-01 +3.2424e-01 -1.0567e+00 +7.2049e-01 +3.4525e-01 -1.2343e+00 -1.9148e-02 +1.4747e+00 -2.1155e+00
59 0 +1.207399579e+02 -1.285004214e+01 -1.285004214e+01 -3.1876e-01 +3.2285e-01 -5.4270e-01 -3.6602e+00 -9.0492e-01 +2.8070e+00 +1.5285e+00 -3.1452e+00 -3.3477e+00 -1.1015e+00
203 0 +1.137617881e+02 -1.982821194e+01 -1.982821194e+01 -4.9115e-01 +1.9541e+00 +9.5715e-01 -2.4564e+00 +8.0134e-01 +9.1488e-01 +1.1187e+00 -1.2006e+00 -6.3752e-01 +1.0599e+00
261 0 +1.006971567e+02 -3.289284333e+01 -3.289284333e+01 +6.3092e-01 +3.2050e-01 +1.5018e+00 -3.1769e+00 -1.1465e+00 +2.9351e+00 +1.9513e+00 +1.7130e-01 -7.7811e-01 -4.5367e-01
502 0 +9.719994957e+01 -3.639005043e+01 -3.639005043e+01 -4.2273e-01 +1.9045e+00 +9.1452e-01 -2.4618e+00 +8.1969e-01 +8.3554e-01 +1.3121e+00 -1.1660e+00 -6.2918e-01 +1.0218e+00
612 0 +9.484898813e+01 -3.874101187e+01 -3.874101187e+01 -1.2191e+00 +7.0757e-01 +1.3916e+00 -2.2050e+00 +7.2687e-01 +1.5124e+00 +1.9845e+00 -1.4181e+00 -4.4909e-01 +1.4916e+00
707 0 +8.426242803e+01 -4.932757197e+01 -4.932757197e+01 -9.3884e-01 -1.1957e-01 +2.2243e+00 -3.4603e-02 +2.2699e-01 +1.7814e+00 +1.6372e+00 -7.3351e-01 -8.5054e-01 +4.4030e-01
% f evaluations | g evaluations | best noise-free fitness - Fopt (-3.085000000000e+01) + sum g_i+ | measured fitness | best measured fitness or single-digit g-values | x1 | x2...
1 0 +3.344018388e+02 +3.035518388e+02 +3.035518388e+02 -4.2262e+00 +1.4356e+00 +3.3777e+00 -8.8330e-01 +3.7948e+00 -1.3913e+00 +2.9800e+00 +1.2832e+00 -8.1831e-01 +1.3998e+00
3 0 +2.192900176e+02 +1.884400176e+02 +1.884400176e+02 -9.3596e-01 -4.5086e-01 -1.0203e+00 -7.9793e-01 +2.1911e+00 +4.9734e-02 -1.2180e+00 +1.9298e+00 +4.6783e+00 +2.4392e-01
18 0 +2.065927854e+02 +1.757427854e+02 +1.757427854e+02 -1.2833e+00 -2.0887e+00 +4.1472e+00 +7.6270e-01 -4.6310e-01 -1.6779e+00 +2.6124e+00 -1.3766e+00 +3.5054e+00 -4.5473e+00
32 0 +1.504956759e+02 +1.196456759e+02 +1.196456759e+02 -4.2078e-02 -3.0334e-02 +1.0036e+00 -1.3418e+00 -3.3183e+00 -6.4355e-01 +3.2226e-01 -3.2830e+00 +7.2960e-01 -9.8748e-01
52 0 +1.171739584e+02 +8.632395845e+01 +8.632395845e+01 -9.1035e-04 -4.5493e-01 +1.2156e+00 -2.0621e+00 -2.7180e+00 +6.8995e-01 -5.3897e-02 -1.5836e+00 -2.6812e-02 -5.7414e-01
357 0 +1.145672724e+02 +8.371727244e+01 +8.371727244e+01 -1.1281e+00 +2.6328e-01 +7.9221e-01 -3.3732e-01 -2.3417e+00 -6.6079e-01 +2.7004e-01 -1.8820e+00 -7.8345e-02 -1.4052e+00
364 0 +9.948069045e+01 +6.863069045e+01 +6.863069045e+01 +1.2286e-01 -3.9764e-01 +3.0888e-01 -9.6933e-01 -2.0895e+00 +8.2023e-02 -2.8368e-01 -1.4239e+00 +1.4840e+00 -2.6498e-01
% f evaluations | g evaluations | best noise-free fitness - Fopt (-9.200000000000e+00) + sum g_i+ | measured fitness | best measured fitness or single-digit g-values | x1 | x2...
1 0 +3.788530556e+02 +3.696530556e+02 +3.696530556e+02 +1.9238e+00 -2.5143e+00 -2.6459e+00 -2.1378e+00 +4.2328e+00 -3.3136e+00 +1.6282e+00 +5.0862e-01 -2.3634e+00 +1.8210e+00
3 0 +2.441216596e+02 +2.349216596e+02 +2.349216596e+02 +8.8197e-01 +2.8500e+00 +3.9951e+00 +3.2652e+00 -1.7473e+00 -2.8449e+00 +1.1062e+00 -1.4714e+00 +2.4773e+00 -2.1318e+00
12 0 +2.177474153e+02 +2.085474153e+02 +2.085474153e+02 -2.3490e+00 -4.6506e-01 -2.7198e+00 +5.3424e-01 -6.0762e-01 +1.7688e+00 -5.7094e-01 +2.1511e+00 -3.0775e+00 -3.5566e+00
54 0 +2.066138167e+02 +1.974138167e+02 +1.974138167e+02 +2.9570e+00 +2.8777e+00 -9.4074e-01 +3.0658e+00 -2.2985e+00 +2.2398e+00 -3.6865e-01 -3.8044e-01 +2.0089e+00 +2.7669e+00
57 0 +1.943037401e+02 +1.851037401e+02 +1.851037401e+02 -1.5058e+00 +2.9588e+00 +1.1793e+00 +4.2445e+00 +1.6742e+00 +4.7579e-01 +1.8036e+00 -2.6763e+00 +1.5812e+00 +4.7378e+00
102 0 +1.558100551e+02 +1.466100551e+02 +1.466100551e+02 -1.9172e+00 -1.9428e+00 -2.6597e+00 -4.0061e-01 +5.2598e-01 +2.3526e-01 -1.1325e+00 -6.5248e-01 -1.8564e-01 -2.6437e+00
214 0 +1.443517600e+02 +1.351517600e+02 +1.351517600e+02 -1.4168e-02 -1.3918e-01 +3.5821e-01 +1.8085e-01 -1.4074e-01 +5.0651e-01 +2.0652e+00 +5.6466e-01 -3.1075e+00 -1.3318e+00
509 0 +1.370565661e+02 +1.278565661e+02 +1.278565661e+02 -2.0720e+00 -4.1846e-01 -2.3012e+00 +5.5091e-01 -4.8654e-01 +1.5840e+00 -2.2054e-01 +1.9003e+00 -3.0043e+00 -3.2436e+00
553 0 +1.347866130e+02 +1.255866130e+02 +1.255866130e+02 -1.8131e+00 -8.9961e-01 -8.2620e-01 +1.2574e+00 -2.8293e-01 -1.2243e-01 +1.1523e+00 +1.1838e-02 -2.0738e+00 -2.9948e+00
759 0 +1.259196810e+02 +1.167196810e+02 +1.167196810e+02 -1.9147e+00 -5.6375e-01 -2.1583e-01 +4.5373e-01 +1.2730e-01 -5.3282e-01 +1.3046e+00 -1.1893e+00 -1.0143e+00 -1.7943e+00
906 0 +1.165245658e+02 +1.073245658e+02 +1.073245658e+02 -2.0915e+00 -5.8732e-01 -1.9380e+00 +9.2326e-01 -5.2128e-01 +6.6326e-01 +6.5936e-02 +9.3788e-01 -2.3109e+00 -2.5169e+00
958 0 +1.057623389e+02 +9.656233889e+01 +9.656233889e+01 -1.4782e-01 -4.5034e-02 -9.4569e-01 +7.1563e-01 -1.9021e+00 +1.0992e+00 +1.0431e-01 +3.4560e-01 -1.8553e+00 -6.1264e-01
% f evaluations | g evaluations | best noise-free fitness - Fopt (-2.037600000000e+02) + sum g_i+ | measured fitness | best measured fitness or single-digit g-values | x1 | x2...
1 0 +2.997373634e+02 +9.597736336e+01 +9.597736336e+01 -3.1681e-01 -2.5365e+00 -4.2465e+00 -2.9333e+00 +1.8154e+00 +4.6676e+00 +4.3350e+00 -2.7054e+00 -2.6596e+00 -2.0806e+00
3 0 +2.699736010e+02 +6.621360103e+01 +6.621360103e+01 +1.4009e-01 -7.2696e-01 -3.7196e-01 +2.7975e+00 -3.9791e+00 -1.4414e-01 -1.1613e-01 -1.6786e+00 -3.8734e+00 +2.9782e-01
16 0 +2.536397056e+02 +4.987970564e+01 +4.987970564e+01 -2.0530e+00 -2.5265e+00 -1.2529e+00 -4.6409e+00 +4.3612e+00 +2.1158e+00 -1.7044e+00 +9.4069e-03 -4.4877e+00 -2.3540e+00
18 0 +1.763099723e+02 -2.745002770e+01 -2.745002770e+01 +5.9749e-01 -2.7465e-01 -1.0530e+00 +1.0414e+00 +3.5646e+00 +6.8361e-01 +4.0848e+00 -4.3563e+00 -1.5881e+00 -1.3885e+00
105 0 +1.679969764e+02 -3.576302356e+01 -3.576302356e+01 +2.9243e-01 +3.6942e-01 +7.2760e-01 +9.3935e-01 +2.1569e+00 -1.1752e+00 -1.4277e+00 +1.0533e+00 -7.4024e-01 -2.4566e-01
112 0 +1.590892089e+02 -4.467079108e+01 -4.467079108e+01 -1.1053e+00 -1.4369e+00 -4.1506e+00 +7.7740e-01 +3.1851e+00 +8.8864e-01 -1.2012e+00 -1.8982e-01 -2.0966e+00 +7.6161e-01
204 0 +1.453854310e+02 -5.837456899e+01 -5.837456899e+01 -8.0133e-01 -4.9700e-01 +5.2735e-01 +1.6845e+00 +3.3751e+00 -6.0809e-01 +1.1149e+00 -1.1297e+00 -1.0199e+00 -1.0698e+00
353 0 +1.334925361e+02 -7.026746385e+01 -7.026746385e+01 +6.2466e-01 -4.8915e-01 -1.3068e+00 +6.1526e-01 +2.7532e+00 +2.3648e-01 +2.5534e+00 -2.9433e+00 -8.4630e-01 -5.9487e-01
407 0 +1.170508504e+02 -8.670914961e+01 -8.670914961e+01 +5.1183e-01 -4.1130e-01 -1.3123e+00 +5.6471e-01 +2.7419e+00 +1.9194e-01 +2.4763e+00 -2.8738e+00 -7.2245e-01 -4.8846e-01
854 0 +1.093209292e+02 -9.443907082e+01 -9.443907082e+01 +4.1551e-01 -3.5906e-01 -7.9897e-01 +8.1043e-01 +3.1127e+00 +1.4409e-01 +2.6954e+00 -2.9532e+00 -1.1227e+00 -7.5677e-01
960 0 +1.007176017e+02 -1.030423983e+02 -1.030423983e+02 +1.2831e-01 -3.9454e-01 -1.3770e-01 +4.4324e-01 +3.3558e+00 -1.3731e-01 +2.2123e+00 -2.4071e+00 -1.2314e+00 -1.1533e+00
% f evaluations | g evaluations | best noise-free fitness - Fopt (3.399000000000e+01) + sum g_i+ | measured fitness | best measured fitness or single-digit g-values | x1 | x2...
1 0 +4.594951236e+02 +4.934851236e+02 +4.934851236e+02 -4.8410e-01 -3.3280e+00 +3.8541e+00 -4.8454e+00 -4.6716e+00 +4.8506e+00 -2.0087e+00 +4.2020e+00 +8.3124e-01 -1.0472e+00
2 0 +4.506632250e+02 +4.846532250e+02 +4.846532250e+02 -2.6776e+00 -3.8238e+00 -4.5718e+00 -4.0394e+00 +1.0270e+00 -1.8835e+00 -3.6015e+00 -3.6939e+00 -4.8327e+00 -3.6906e+00
3 0 +3.836523004e+02 +4.176423004e+02 +4.176423004e+02 -2.2083e+00 -2.8650e+00 -3.3334e-01 -7.3529e-01 -1.7745e-03 +2.6785e+00 -9.0302e-01 -3.5722e+00 -4.6202e+00 -3.1071e+00
4 0 +1.310285729e+02 +1.650185729e+02 +1.650185729e+02 -7.1268e-01 +6.2801e-01 -3.2359e+00 -8.8216e-01 +1.1285e+00 -1.9545e+00 +2.3757e+00 -6.0971e-01 -4.9344e-01 -2.0783e+00
405 0 +1.166229355e+02 +1.506129355e+02 +1.506129355e+02 +2.5674e-01 +4.7591e-01 -3.2713e+00 -2.5475e+00 +2.2700e+00 -1.2475e+00 -8.4403e-01 -6.6153e-01 -5.6120e-01 -8.4824e-01
452 0 +9.188256528e+01 +1.258725653e+02 +1.258725653e+02 -4.2258e-01 +5.8250e-01 -3.2465e+00 -1.3805e+00 +1.4701e+00 -1.7430e+00 +1.4122e+00 -6.2521e-01 -5.1372e-01 -1.7102e+00
% f evaluations | g evaluations | best noise-free fitness - Fopt (-1.000000000000e+03) + sum g_i+ | measured fitness | best measured fitness or single-digit g-values | x1 | x2...
1 0 +4.145752080e+02 -5.854247920e+02 -5.854247920e+02 -1.2442e+00 +3.0551e+00 -4.4739e+00 -1.5068e+00 +3.8773e+00 +9.5463e-01 +4.4654e+00 -1.8673e+00 +3.7600e+00 +2.4881e+00
2 0 +3.611524367e+02 -6.388475633e+02 -6.388475633e+02 -4.6538e+00 -4.5207e+00 -2.7669e+00 +1.0972e+00 -1.5989e+00 -2.3861e+00 +9.7516e-03 -3.1172e+00 -3.3635e+00 -3.1133e+00
4 0 +2.850841069e+02 -7.149158931e+02 -7.149158931e+02 -1.6734e+00 +1.9131e+00 +7.6543e-01 +4.8365e+00 -3.9838e+00 +3.5575e+00 -1.3734e+00 +2.4188e+00 -2.9877e+00 +1.6923e+00
5 0 +2.247369353e+02 -7.752630647e+02 -7.752630647e+02 -9.5511e-01 +2.3926e+00 -2.9422e+00 +4.9944e+00 +1.3037e+00 -1.0928e-02 -3.8891e+00 +1.1489e+00 +4.4430e+00 +1.2967e+00
6 0 +1.574089845e+02 -8.425910155e+02 -8.425910155e+02 -3.4755e+00 -1.7693e+00 -4.0692e+00 -1.3583e+00 +1.0788e+00 +7.7506e-01 +7.5116e-01 +1.3421e+00 -1.7978e-01 +1.5472e+00
103 0 +1.496585418e+02 -8.503414582e+02 -8.503414582e+02 -1.9336e+00 -1.7110e+00 -2.9917e+00 +1.2247e+00 -2.4983e+00 +2.8126e+00 +1.2840e+00 -1.3814e+00 -2.1345e-01 +1.8135e+00
159 0 +1.297589052e+02 -8.702410948e+02 -8.702410948e+02 -3.0320e+00 -1.0138e+00 -2.8741e+00 +6.0817e-02 -3.0555e-01 +1.2608e+00 +5.0215e-01 +1.4441e+00 -6.1974e-01 +1.6382e+00
906 0 +1.203504620e+02 -8.796495380e+02 -8.796495380e+02 -1.9723e+00 -1.0296e+00 -1.9374e-01 -1.1024e+00 +1.7855e+00 +2.7362e-01 +1.2874e+00 +1.2568e+00 +3.1267e-01 +8.3065e-01
% f evaluations | g evaluations | best noise-free fitness - Fopt (-1.000000000000e+03) + sum g_i+ | measured fitness | best measured fitness or single-digit g-values | x1 | x2...
1 0 +5.016831441e+02 -4.983168559e+02 -4.983168559e+02 +3.3081e+00 +4.7804e+00 +4.8085e+00 +1.7578e+00 +2.9084e+00 +2.3162e+00 -4.3503e+00 +3.6878e+00 +2.6778e+00 +2.1481e+00
2 0 +4.607391729e+02 -5.392608271e+02 -5.392608271e+02 +3.0223e+00 +4.1024e+00 +2.4696e+00 -2.5487e+00 -4.1446e+00 +2.0501e+00 +1.1524e+00 +4.3646e+00 +4.6976e+00 +2.4879e+00
3 0 +3.762798305e+02 -6.237201695e+02 -6.237201695e+02 +2.1874e+00 +4.0866e+00 +1.4155e+00 +3.9069e+00 -4.7012e+00 -1.4291e+00 +1.1971e+00 -5.5394e-01 +2.9233e+00 -1.2061e+00
5 0 +3.054603690e+02 -6.945396310e+02 -6.945396310e+02 +4.8172e-01 -3.7634e+00 +3.5345e+00 +5.7549e-01 +1.9756e+00 +1.2588e+00 -4.5862e+00 -3.7178e+00 +1.4428e+00 +1.8004e+00
7 0 +2.468235926e+02 -7.531764074e+02 -7.531764074e+02 -3.1955e+00 -1.9997e+00 -4.6093e+00 -2.6282e+00 +3.0768e+00 +2.2393e-01 +3.6118e+00 -3.8929e+00 +2.9563e+00 +2.4942e+00
12 0 +2.448677598e+02 -7.551322402e+02 -7.551322402e+02 -4.7994e+00 +1.1771e+00 -1.4099e+00 +2.5052e+00 +2.2724e+00 -3.5997e+00 +2.8932e+00 +2.4518e+00 +3.4785e+00 +2.5088e+00
19 0 +2.295459210e+02 -7.704540790e+02 -7.704540790e+02 +2.2034e+00 +1.4765e+00 +1.0539e+00 -1.2345e+00 -9.1946e-01 -4.4500e+00 -4.6735e+00 +5.0893e-01 -1.0740e+00 -4.8952e-01
52 0 +1.783437116e+02 -8.216562884e+02 -8.216562884e+02 +2.4408e+00 +2.3677e+00 +7.8771e-01 -2.7036e-01 -7.5395e-01 -2.0973e+00 -1.8275e+00 -5.4247e-02 +6.4718e-01 -1.9545e+00
53 0 +1.419457050e+02 -8.580542950e+02 -8.580542950e+02 +2.5227e+00 +2.6751e+00 +6.9588e-01 +6.2250e-02 -6.9685e-01 -1.2856e+00 -8.4562e-01 -2.4854e-01 +1.2410e+00 -2.4600e+00
155 0 +1.212751740e+02 -8.787248260e+02 -8.787248260e+02 +2.2833e+00 +1.7955e+00 +8.7014e-01 -8.4554e-01 -6.1138e-01 -3.2304e+00 -3.0777e+00 +2.8893e-01 -1.6924e-01 -1.1572e+00
952 0 +1.092797411e+02 -8.907202589e+02 -8.907202589e+02 +2.2893e+00 +7.4159e-01 -6.3114e-01 +3.0433e-01 -3.0744e-01 -2.3968e+00 -1.8915e+00 +2.8031e-01 -7.6227e-01 -9.5997e-01
% f evaluations | g evaluations | best noise-free fitness - Fopt (-1.272000000000e+01) + sum g_i+ | measured fitness | best measured fitness or single-digit g-values | x1 | x2...
1 0 +3.200603971e+02 +3.073403971e+02 +3.073403971e+02 -8.1820e-01 -1.1637e+00 -3.4021e-01 +4.4963e+00 -4.8623e+00 +4.9268e+00 +1.5780e+00 -4.6177e+00 +2.6599e+00 -1.8644e+00
5 0 +3.095217548e+02 +2.968017548e+02 +2.968017548e+02 +3.2283e+00 +2.8345e+00 +2.0703e+00 +2.5954e+00 -2.5182e+00 +3.6410e-01 -5.0988e-01 +2.3493e-01 +2.5832e+00 -2.3717e+00
9 0 +3.007143124e+02 +2.879943124e+02 +2.879943124e+02 +1.4475e+00 -3.7685e-01 -2.2517e+00 -2.9855e+00 +3.1852e+00 +1.0863e+00 +3.7830e+00 +1.4258e+00 -1.3277e+00 +4.5015e+00
10 0 +2.707596653e+02 +2.580396653e+02 +2.580396653e+02 +1.5577e+00 +3.2098e+00 -5.4661e-01 -3.9148e+00 +4.8769e-01 +4.2246e+00 +3.1356e+00 -2.7222e+00 -2.3472e+00 -1.2916e+00
13 0 +2.486576661e+02 +2.359376661e+02 +2.359376661e+02 -3.0063e+00 -1.8659e+00 -1.0171e+00 -2.2058e+00 +3.0091e+00 -1.4382e+00 -3.1632e+00 +1.4995e+00 +2.5269e+00 +6.4459e-01
15 0 +2.126108998e+02 +1.998908998e+02 +1.998908998e+02 -2.6917e+00 +1.6103e+00 +2.2168e+00 +3.5680e+00 +4.7192e-01 +2.0718e-01 +2.1229e-01 -1.7110e+00 -3.5776e+00 -3.7735e+00
28 0 +1.814365106e+02 +1.687165106e+02 +1.687165106e+02 -1.4830e-01 +1.7903e+00 -2.0427e-02 -1.7794e+00 -2.9616e+00 +3.9698e+00 -9.1946e-01 -1.4241e+00 -3.5528e+00 +2.2545e+00
58 0 +1.389602705e+02 +1.262402705e+02 +1.262402705e+02 +6.2917e-01 -1.3071e-01 -1.7510e+00 +2.5792e-01 -1.7983e+00 +2.6209e+00 -1.3525e-01 -8.0904e-02 -3.5675e-01 -1.9538e+00
105 0 +1.357638858e+02 +1.230438858e+02 +1.230438858e+02 +7.5982e-01 -1.4429e-01 -1.7611e+00 +1.2487e-01 -1.6474e+00 +2.5152e+00 +6.0672e-02 +6.7808e-02 -4.8208e-01 -1.7615e+00
152 0 +1.262940153e+02 +1.135740153e+02 +1.135740153e+02 -6.4909e-01 -3.9009e-02 -1.5951e+00 +8.4524e-01 -1.7584e+00 +3.4472e-01 +7.5176e-01 -2.8754e-01 -7.8754e-02 -1.1863e+00
153 0 +8.665812601e+01 +7.393812601e+01 +7.393812601e+01 -4.4583e-01 -5.4197e-02 -1.6190e+00 +7.4131e-01 -1.7424e+00 +6.5785e-01 +6.5206e-01 -2.3627e-01 -1.3694e-01 -1.2693e+00
463 0 +8.466080943e+01 +7.194080943e+01 +7.194080943e+01 -1.3905e-01 -2.5196e-01 -1.3443e+00 +6.6250e-01 -1.4555e+00 +5.9057e-01 +7.3987e-01 -4.3113e-01 -1.7166e-01 -8.7499e-01
708 0 +7.574247611e+01 +6.302247611e+01 +6.302247611e+01 -2.7271e-01 +1.0873e-01 -1.1319e+00 -1.9122e-01 -1.6200e+00 +1.2404e+00 +4.1907e-01 -6.5158e-01 -6.8606e-01 -3.1933e-01
% f evaluations | g evaluations | best noise-free fitness - Fopt (-5.954000000000e+01) + sum g_i+ | measured fitness | best measured fitness or single-digit g-values | x1 | x2...
1 0 +3.180372835e+02 +2.584972835e+02 +2.584972835e+02 -3.3120e+00 +5.8540e-01 -1.3278e+00 +6.6321e-01 -4.1175e+00 -1.4013e+00 -7.9206e-01 +3.2686e+00 +4.0738e+00 -3.6045e+00
4 0 +2.579678617e+02 +1.984278617e+02 +1.984278617e+02 -1.2598e+00 -1.2711e+00 +1.2831e+00 +5.2173e-01 +1.4713e+00 -3.9601e+00 +1.9562e+00 +2.2145e+00 +1.8088e+00 +4.3150e+00
11 0 +1.951010733e+02 +1.355610733e+02 +1.355610733e+02 -1.7178e+00 +2.2166e+00 -4.7004e+00 -6.2278e-01 -2.5594e+00 -1.9824e+00 -4.1623e+00 +4.1208e-01 -1.2454e+00 -2.7852e+00
52 0 +1.844792559e+02 +1.249392559e+02 +1.249392559e+02 -8.2571e-01 -2.6168e+00 +1.8933e+00 +2.3896e-02 +1.6165e+00 -1.8765e+00 +1.9801e+00 +9.3747e-01 +1.9382e+00 +1.7359e+00
53 0 +1.517023110e+02 +9.216231102e+01 +9.216231102e+01 -7.1016e-01 -2.9751e+00 +2.0557e+00 -1.0862e-01 +1.6552e+00 -1.3218e+00 +1.9865e+00 +5.9755e-01 +1.9727e+00 +1.0494e+00
59 0 +1.502796017e+02 +9.073960168e+01 +9.073960168e+01 -1.9206e+00 +1.5211e+00 -3.3712e+00 +2.7050e-01 -1.7139e+00 -1.6030e+00 -3.2102e+00 -3.0843e-01 -1.5555e+00 -1.4554e+00
211 0 +1.433246746e+02 +8.378467460e+01 +8.378467460e+01 -8.2571e-01 -2.6168e+00 +1.8933e+00 +2.3896e-02 +1.6165e+00 -7.4601e-01 +1.9801e+00 +9.3747e-01 +1.9382e+00 +1.7359e+00
403 0 +1.217382297e+02 +6.219822967e+01 +6.219822967e+01 -1.2268e+00 +9.1182e-01 -2.1339e+00 -2.5205e-01 -4.2099e-01 -2.9418e-01 -2.2255e+00 +6.9652e-01 -1.5196e+00 -2.6760e+00
458 0 +1.086365136e+02 +4.909651359e+01 +4.909651359e+01 -1.0401e+00 +4.1563e-01 -1.1578e+00 -1.1107e-01 +3.9220e-01 +3.4779e-01 -1.4889e+00 +8.0468e-01 -6.5332e-01 -2.6344e+00
507 0 +8.587710196e+01 +2.633710196e+01 +2.633710196e+01 -1.2549e+00 +1.2491e+00 -2.7965e+00 -6.0155e-01 -1.4821e+00 -1.1435e-01 -1.4397e+00 +5.4121e-01 -7.2789e-01 -2.1560e+00
1008 0 +7.401716906e+01 +1.447716906e+01 +1.447716906e+01 -1.3084e+00 +1.0544e+00 -2.4941e+00 +8.4525e-03 -8.3566e-01 -4.4924e-01 -2.1718e+00 +6.1803e-01 -1.2809e+00 -2.1609e+00
% f evaluations | g evaluations | best noise-free fitness - Fopt (-1.000000000000e+03) + sum g_i+ | measured fitness | best measured fitness or single-digit g-values | x1 | x2...
1 0 +4.320053179e+02 -5.679946821e+02 -5.679946821e+02 +4.0649e+00 -2.8494e+00 -3.9382e+00 -2.6712e+00 -3.5813e+00 -1.7908e+00 -3.6341e+00 +4.6233e+00 -2.3084e+00 -3.9152e+00
2 0 +3.100326048e+02 -6.899673952e+02 -6.899673952e+02 -1.4756e+00 +1.1722e+00 -1.5587e+00 +3.9075e+00 -4.3415e+00 +5.4535e-01 -1.9356e+00 -2.3752e+00 +1.3333e-01 +1.4203e+00
4 0 +2.235427387e+02 -7.764572613e+02 -7.764572613e+02 +7.0192e-01 +9.7330e-01 +2.0286e+00 -7.8941e-01 -4.6622e+00 +3.1843e+00 -2.7820e+00 +4.6404e+00 -3.1287e+00 +7.3052e-01
9 0 +1.852837755e+02 -8.147162245e+02 -8.147162245e+02 +4.6568e-01 +1.7774e-01 +2.3509e+00 +3.1532e+00 -2.1615e+00 +4.2360e+00 +4.3523e+00 +2.2095e+00 -1.3288e+00 -3.0744e+00
59 0 +1.507341093e+02 -8.492658907e+02 -8.492658907e+02 +5.0775e-01 +3.1943e-01 +2.2935e+00 +2.4511e+00 -2.6068e+00 +4.0487e+00 +3.0817e+00 +2.6424e+00 -1.6493e+00 -2.3968e+00
204 0 +1.450487443e+02 -8.549512557e+02 -8.549512557e+02 +1.0657e+00 +5.9045e-01 +1.3932e+00 -5.2386e-01 -3.6145e+00 +1.9375e+00 -9.9590e-01 +3.3047e+00 -1.2110e+00 +9.3939e-02
206 0 +1.417277287e+02 -8.582722713e+02 -8.582722713e+02 +5.1757e-01 +1.1710e-01 +2.2985e+00 +3.1545e+00 -2.2010e+00 +4.1175e+00 +4.2674e+00 +2.1916e+00 -1.2696e+00 -3.0461e+00
208 0 +1.370637742e+02 -8.629362258e+02 -8.629362258e+02 +1.1852e+00 -1.0321e-01 +1.9307e+00 +3.2193e+00 -2.6264e+00 +6.3857e-01 +2.5122e+00 +1.8827e+00 +7.0041e-01 -1.5786e+00
352 0 +1.243139691e+02 -8.756860309e+02 -8.756860309e+02 +1.2079e+00 +1.3959e-01 +1.7901e-01 -6.7792e-01 -1.7420e+00 -3.4472e-01 +4.2435e-01 +1.3681e+00 +1.7676e+00 -5.5368e-01
454 0 +1.146909505e+02 -8.853090495e+02 -8.853090495e+02 +1.3786e+00 -8.8021e-01 +1.3223e+00 +3.1036e+00 -2.8989e+00 +2.1412e+00 +2.7370e+00 +1.8950e+00 -3.2540e-01 -2.5103e+00
557 0 +1.071488897e+02 -8.928511103e+02 -8.928511103e+02 +1.0103e+00 +2.8377e-01 +9.9303e-01 -2.7343e-02 -2.6817e+00 +1.2758e+00 +1.1178e-01 +1.7254e+00 -5.3175e-02 -5.8950e-01
652 0 +1.007508933e+02 -8.992491067e+02 -8.992491067e+02 +8.7391e-01 +1.4461e-01 +1.8301e+00 +1.3439e+00 -3.4522e+00 +3.0018e+00 +6.8214e-01 +2.0886e+00 -1.6992e+00 -1.1986e+00
757 0 +8.326142271e+01 -9.167385773e+02 -9.167385773e+02 +1.2127e+00 -4.4415e-01 +1.0474e+00 +1.6462e+00 -3.1648e+00 +1.7134e+00 +9.7836e-01 +1.5755e+00 -4.4581e-01 -1.4835e+00
% f evaluations | g evaluations | best noise-free fitness - Fopt (4.303000000000e+01) + sum g_i+ | measured fitness | best measured fitness or single-digit g-values | x1 | x2...
1 0 +4.383430867e+02 +4.813730867e+02 +4.813730867e+02 -4.9084e+00 +9.9135e-01 +2.9349e+00 -4.8481e+00 +4.7488e+00 -8.1491e-01 -3.2893e+00 -1.9429e+00 -3.8615e+00 -4.2999e+00
2 0 +3.756244633e+02 +4.186544633e+02 +4.186544633e+02 -5.9802e-01 +7.1729e-01 -2.3735e+00 +2.2133e+00 +2.4610e+00 -7.0095e-01 +4.3758e+00 -2.0164e+00 -2.5623e+00 +4.7813e+00
3 0 +1.774468898e+02 +2.204768898e+02 +2.204768898e+02 +1.7013e+00 +1.4348e+00 -9.0563e-01 +5.5589e-01 +1.6506e+00 +4.7834e+00 +1.3551e+00 +2.7054e+00 +2.4562e+00 +4.4070e+00
63 0 +1.634156224e+02 +2.064456224e+02 +2.064456224e+02 +9.2990e-01 +1.4348e+00 -9.0563e-01 +5.5589e-01 +1.6506e+00 +4.7834e+00 +1.3551e+00 +2.7054e+00 +2.4562e+00 +4.4070e+00
154 0 +1.605599515e+02 +2.035899515e+02 +2.035899515e+02 +9.5672e-01 +1.0011e+00 +3.2208e-02 +6.9366e-01 +5.0609e-01 +2.8357e+00 +1.2704e+00 +2.1585e+00 +1.7204e+00 +3.6981e+00
155 0 +1.344135062e+02 +1.774435062e+02 +1.774435062e+02 -3.6544e-01 +2.3098e-01 +1.6976e+00 +9.3830e-01 -1.5263e+00 -6.2287e-01 +1.1200e+00 +1.1872e+00 +4.1383e-01 +2.4394e+00
158 0 +1.239067283e+02 +1.669367283e+02 +1.669367283e+02 +1.4604e+00 +1.2944e+00 -6.0217e-01 +6.0047e-01 +1.2803e+00 +4.1532e+00 +1.3277e+00 +2.5285e+00 +2.2181e+00 +4.1776e+00
211 0 +1.223687024e+02 +1.653987024e+02 +1.653987024e+02 -3.6544e-01 +2.3098e-01 +1.3294e+00 +9.3830e-01 -1.5263e+00 -6.2287e-01 +1.1200e+00 +1.1872e+00 +4.1383e-01 +2.4394e+00
403 0 +1.061872275e+02 +1.492172275e+02 +1.492172275e+02 +8.2616e-01 +3.3830e-01 -8.6537e-01 +1.1853e+00 +4.2823e-01 +3.2623e+00 +1.5898e+00 +2.6614e+00 +2.2739e+00 +2.2110e+00
707 0 +8.104005286e+01 +1.240700529e+02 +1.240700529e+02 +7.2282e-01 -8.6390e-01 +1.8263e-01 +1.0907e+00 +4.7402e-02 +1.1486e+00 +1.8910e+00 +2.9075e+00 +2.0368e+00 +2.2010e+00
807 0 +7.875862498e+01 +1.217886250e+02 +1.217886250e+02 +6.6476e-01 +9.4140e-01 +1.2846e+00 +5.2796e-01 +2.3554e-01 +4.6927e-01 +9.2509e-01 +1.0347e+00 +6.4833e-01 +1.5319e+00
1003 0 +5.133987971e+01 +9.436987971e+01 +9.436987971e+01 -1.5641e-01 +2.6917e-01 +8.8660e-01 +2.0289e+00 -5.4796e-01 +1.4036e+00 +2.0104e+00 +1.9735e+00 +1.9648e+00 +1.0703e+00
