% f evaluations | g evaluations | best noise-free fitness - Fopt (7.948000000000e+01) + sum g_i+ | measured fitness | best measured fitness or single-digit g-values | x1 | x2...
1 0 +1.132383043e+02 +1.927183043e+02 +1.927183043e+02 +7.3232e-01 -1.1546e+00 +3.2048e+00 -2.3083e+00 +4.8684e+00 -1.4789e+00 +1.4666e-01 +3.2865e+00 +9.0509e-02 -6.2455e-01
2 0 +9.693749459e+01 +1.764174946e+02 +1.764174946e+02 -1.4204e+00 +4.0908e+00 +1.7829e+00 -1.6949e+00 -3.1664e+00 +3.7475e+00 -1.1970e+00 -1.3415e+00 +3.9605e+00 -1.8762e+00
4 0 +7.914143814e+01 +1.586214381e+02 +1.586214381e+02 -4.0050e+00 -2.3081e+00 -2.8586e+00 -1.1188e+00 -3.0701e+00 -4.7948e+00 +3.4513e-01 -3.1603e+00 -4.1837e+00 -3.9756e+00
7 0 +4.379111169e+01 +1.232711117e+02 +1.232711117e+02 -1.7270e+00 +3.5448e+00 -1.1831e+00 +4.3590e+00 -9.9216e-01 -3.5885e-01 -1.9559e-01 -1.4921e+00 +7.1149e-01 -2.8871e+00
13 0 +4.091035067e+01 +1.203903507e+02 +1.203903507e+02 -1.2101e+00 +5.9801e-01 -3.4574e+00 +5.8418e-01 +4.1933e-02 -1.8954e+00 +1.9344e+00 +7.2534e-01 -2.2045e+00 -1.0854e-01
% f evaluations | g evaluations | best noise-free fitness - Fopt (3.944800000000e+02) + sum g_i+ | measured fitness | best measured fitness or single-digit g-values | x1 | x2...
1 0 +2.209215464e+02 +6.154015464e+02 +6.154015464e+02 +3.3051e+00 +2.4679e+00 -1.9609e+00 -2.2082e+00 +4.4393e+00 +1.9606e+00 +1.5382e+00 -3.8059e-01 -1.8577e+00 +3.9085e+00
2 0 +1.560846318e+02 +5.505646318e+02 +5.505646318e+02 -2.9540e+00 +4.5021e+00 -9.2799e-02 +3.4529e+00 -3.8785e+00 +6.6376e-01 +7.1050e-01 +4.0074e+00 +3.4051e+00 -1.6591e+00
3 0 +1.222719190e+02 +5.167519190e+02 +5.167519190e+02 +2.1708e+00 -4.5303e-01 -1.4212e+00 -1.6444e+00 +1.2100e+00 -1.7436e+00 +1.7053e+00 -3.5467e+00 -3.5526e+00 +1.0306e+00
8 0 +1.108055491e+02 +5.052855491e+02 +5.052855491e+02 -9.7791e-01 -2.5642e+00 -4.2758e+00 -4.0268e-01 -5.5970e-01 -3.9417e+00 -3.3114e+00 +4.2699e+00 +2.2512e+00 -2.6798e+00
9 0 +9.983294198e+01 +4.943129420e+02 +4.943129420e+02 -1.7666e+00 -4.2878e+00 -3.0057e+00 +3.1898e-01 +1.9943e+00 -4.0188e+00 -4.7763e+00 -1.3457e+00 +1.6546e+00 -2.0833e+00
11 0 +3.121146397e+01 +4.256914640e+02 +4.256914640e+02 -3.6014e+00 -2.4923e+00 -4.3356e+00 +2.6837e+00 +7.1851e-01 +6.4164e-01 +2.1592e+00 +1.3182e+00 +1.8988e+00 -1.8582e+00
% f evaluations | g evaluations | best noise-free fitness - Fopt (-2.471100000000e+02) + sum g_i+ | measured fitness | best measured fitness or single-digit g-values | x1 | x2...
1 0 +7.103406531e+01 -1.760759347e+02 -1.760759347e+02 -4.5631e+00 +1.2552e+00 +2.7904e+00 -2.5018e+00 -6.1358e-01 +3.8905e+00 +3.5521e+00 +1.8130e+00 -3.7664e+00 +3.5739e+00
45 0 +6.737798760e+01 -1.797320124e+02 -1.797320124e+02 -2.2329e+00 +1.8646e+00 +4.5296e+00 -2.7021e-01 -4.6573e+00 +4.1369e-01 -5.3203e-01 -3.6624e+00 -1.8068e+00 +2.8740e+00
% f evaluations | g evaluations | best noise-free fitness - Fopt (-1.520400000000e+02) + sum g_i+ | measured fitness | best measured fitness or single-digit g-values | x1 | x2...
1 0 +1.523410778e+02 +3.010778420e-01 +3.010778420e-01 +3.4975e+00 -3.8500e+00 +2.1183e+00 +3.7611e+00 +2.4572e+00 -3.8955e+00 -3.0895e+00 +4.8305e-01 +1.2836e+00 -3.6544e+00
2 0 +1.446729171e+02 -7.367082931e+00 -7.367082931e+00 -4.1360e+00 +1.0569e+00 +2.3334e+00 -4.4408e+00 +1.8382e+00 -2.3218e-01 +3.0310e+00 +1.5002e+00 +3.9507e+00 +1.5018e+00
3 0 +8.663610522e+01 -6.540389478e+01 -6.540389478e+01 -1.9716e+00 -9.7998e-01 -1.2312e+00 +2.6680e+00 -7.7918e-01 -4.3214e+00 +2.2489e+00 -3.7173e+00 -4.9148e-02 -8.5453e-01
11 0 +7.900136292e+01 -7.303863708e+01 -7.303863708e+01 -4.9000e+00 +2.7813e+00 -9.2398e-01 +1.6993e+00 +3.8562e+00 +2.1960e-01 +2.9513e+00 -1.9811e+00 -2.9252e+00 +9.9451e-01
40 0 +4.532367568e+01 -1.067163243e+02 -1.067163243e+02 -4.3534e+00 -1.6253e-01 -2.8111e+00 -4.2931e-01 +2.8574e+00 -1.7577e+00 -3.4617e+00 -3.3527e-01 +9.1480e-01 +3.4295e+00
% f evaluations | g evaluations | best noise-free fitness - Fopt (-2.525000000000e+01) + sum g_i+ | measured fitness | best measured fitness or single-digit g-values | x1 | x2...
1 0 +1.373070306e+02 +1.120570306e+02 +1.120570306e+02 +2.1455e+00 -4.0838e+00 +2.4526e+00 -4.0661e+00 -5.3806e-01 +3.8286e+00 +4.7389e+00 -2.9293e+00 -1.9560e+00 -2.9692e+00
2 0 +6.933260774e+01 +4.408260774e+01 +4.408260774e+01 -2.2687e-01 +8.7225e-01 -2.5703e+00 -3.9992e+00 -1.0161e+00 -1.1247e+00 +1.6777e+00 -8.8991e-01 +2.5518e+00 +5.6860e-01
5 0 +6.640593468e+01 +4.115593468e+01 +4.115593468e+01 +2.8416e+00 +2.5608e+00 +1.9274e+00 +1.2905e-02 +3.3784e+00 +3.0683e+00 -3.2617e+00 -4.7522e+00 -3.6958e+00 -4.0178e+00
13 0 +4.469138286e+01 +1.944138286e+01 +1.944138286e+01 +2.5899e-01 +1.0181e+00 -2.8379e+00 -3.4625e+00 +3.3095e+00 +5.5215e-01 -1.7690e+00 -7.1125e-03 -2.5633e-01 +2.1133e+00
% f evaluations | g evaluations | best noise-free fitness - Fopt (1.830100000000e+02) + sum g_i+ | measured fitness | best measured fitness or single-digit g-values | x1 | x2...
1 0 +1.576727969e+02 +3.406827969e+02 +3.406827969e+02 +1.5108e+00 -9.3839e-01 -1.6623e-01 +4.1744e+00 -1.6189e+00 -2.3017e+00 +3.1368e+00 -3.3866e+00 +3.1372e+00 +1.6373e+00
2 0 +7.669005447e+01 +2.597000545e+02 +2.597000545e+02 +6.6967e-01 +4.0147e+00 -3.1070e+00 +2.6295e+00 -1.0226e+00 -2.0516e+00 +2.8389e+00 +3.0503e+00 +2.0531e+00 +3.5841e-01
12 0 +6.818411851e+01 +2.511941185e+02 +2.511941185e+02 -2.6486e+00 +1.3322e+00 -4.4655e+00 +4.6485e-01 -1.7205e+00 -4.4695e+00 -1.5943e+00 +4.6892e+00 -1.4618e+00 +5.2134e-01
% f evaluations | g evaluations | best noise-free fitness - Fopt (1.835200000000e+02) + sum g_i+ | measured fitness | best measured fitness or single-digit g-values | x1 | x2...
1 0 +1.076794714e+02 +2.911994714e+02 +2.911994714e+02 +3.0860e+00 -6.4752e-01 +3.7638e-01 -4.2688e+00 +2.0698e+00 +3.5155e+00 -3.4625e+00 +2.6578e+00 -1.2114e+00 +3.1452e+00
4 0 +4.568065671e+01 +2.292006567e+02 +2.292006567e+02 +3.7824e+00 -1.2264e+00 -4.3954e+00 -1.4611e+00 -1.2831e+00 +1.4646e+00 -2.2815e-02 +3.4602e+00 +7.1181e-02 -1.8146e+00
31 0 +3.837936686e+01 +2.218993669e+02 +2.218993669e+02 +1.3423e+00 -4.1804e+00 -9.1013e-03 -2.0793e+00 -7.2797e-01 -4.3008e-01 +4.0458e+00 -1.2969e+00 +2.5118e+00 +2.1025e+00
% f evaluations | g evaluations | best noise-free fitness - Fopt (-5.938400000000e+02) + sum g_i+ | measured fitness | best measured fitness or single-digit g-values | x1 | x2...
1 0 +9.368775739e+01 -5.001522426e+02 -5.001522426e+02 -4.0452e+00 +4.5699e+00 +1.7476e+00 +4.5333e+00 -3.0915e-01 +2.9051e+00 +2.3247e+00 -2.3595e-01 +1.3399e+00 +4.3607e+00
7 0 +8.701893607e+01 -5.068210639e+02 -5.068210639e+02 +1.6213e+00 -2.9743e+00 -3.4602e+00 -3.9399e+00 +1.9740e+00 +2.0922e+00 -3.4797e+00 -3.9570e+00 -4.0682e+00 +1.6259e+00
20 0 +6.923373770e+01 -5.246062623e+02 -5.246062623e+02 +1.7594e+00 +1.6539e+00 +7.0340e-01 +4.4655e+00 +4.6211e+00 -1.5647e-01 -2.0206e+00 -1.8000e+00 -3.4928e+00 -2.4334e+00
40 0 +4.916586658e+01 -5.446741334e+02 -5.446741334e+02 +1.5864e+00 +1.6328e+00 -2.8341e-01 -2.7252e+00 +8.8706e-01 +1.9956e+00 -2.3124e+00 -2.6527e+00 -2.5331e+00 +3.6739e+00
60 0 +4.703246958e+01 -5.468075304e+02 -5.468075304e+02 +1.5864e+00 +5.7747e-01 -2.8341e-01 -2.7252e+00 +8.8706e-01 +1.9956e+00 -2.3124e+00 -2.6527e+00 -2.5331e+00 +3.6739e+00
463 0 +4.639638177e+01 -5.474436182e+02 -5.474436182e+02 +1.5864e+00 +5.7747e-01 -2.8341e-01 -2.7252e+00 +8.8706e-01 +1.9956e+00 -2.3124e+00 -1.2987e+00 -2.5331e+00 +3.6739e+00
% f evaluations | g evaluations | best noise-free fitness - Fopt (-1.000000000000e+03) + sum g_i+ | measured fitness | best measured fitness or single-digit g-values | x1 | x2...
1 0 +1.149961861e+02 -8.850038139e+02 -8.850038139e+02 -2.1403e+00 -1.5567e+00 -7.6264e-01 +4.9272e+00 +4.9463e+00 +4.5748e+00 +3.8500e+00 +9.2008e-01 -3.3490e-01 +1.8978e+00
2 0 +8.459785250e+01 -9.154021475e+02 -9.154021475e+02 -2.5941e+00 -4.4570e+00 -2.6143e+00 -1.7945e+00 +2.2115e+00 +2.0872e+00 +3.4424e+00 -1.6230e+00 -8.3326e-02 +1.3209e+00
12 0 +7.167626619e+01 -9.283237338e+02 -9.283237338e+02 -7.1743e-01 -1.8365e+00 -4.3443e+00 -3.4735e+00 -5.0792e-01 -2.7393e+00 +2.3184e+00 +1.8066e+00 -1.7306e+00 +3.2477e+00
27 0 +6.951547006e+01 -9.304845299e+02 -9.304845299e+02 -4.8046e+00 +3.3763e+00 -1.8267e+00 -1.9519e+00 +2.2137e+00 +2.0293e+00 -3.2879e+00 +7.9666e-04 -2.9309e+00 -1.2658e+00
511 0 +4.639340436e+01 -9.536065956e+02 -9.536065956e+02 -2.5941e+00 -1.6827e+00 -2.6143e+00 -1.7945e+00 +1.8374e+00 +2.0872e+00 +3.4424e+00 -1.6230e+00 -8.3326e-02 +1.3209e+00
% f evaluations | g evaluations | best noise-free fitness - Fopt (-2.531000000000e+01) + sum g_i+ | measured fitness | best measured fitness or single-digit g-values | x1 | x2...
1 0 +1.637384497e+02 +1.384284497e+02 +1.384284497e+02 +2.4766e+00 -3.7010e+00 +1.8037e-01 +4.2011e-01 +2.1677e+00 +3.6795e+00 +2.2331e+00 +2.8874e+00 +2.7317e+00 -2.5842e+00
2 0 +9.134959762e+01 +6.603959762e+01 +6.603959762e+01 -4.7469e-01 -3.3491e-01 +7.4295e-01 -2.7109e+00 -4.5469e-01 +1.2808e+00 +3.9742e-01 -1.3184e+00 -2.9525e+00 +2.2792e+00
7 0 +8.769587045e+01 +6.238587045e+01 +6.238587045e+01 +3.6556e+00 -1.2567e+00 -3.3398e+00 +3.4144e+00 -2.3600e-01 +2.0695e+00 +8.6821e-01 -3.6660e+00 -1.6579e+00 +2.4825e-01
10 0 +6.270170033e+01 +3.739170033e+01 +3.739170033e+01 +6.4044e-01 +2.1556e-01 -3.5068e+00 +2.5138e+00 +3.1259e+00 -2.8087e+00 -3.2179e+00 -5.2309e-01 -3.8062e+00 -3.4411e+00
23 0 +3.832237281e+01 +1.301237281e+01 +1.301237281e+01 +1.2906e+00 -1.8816e-01 -1.5429e+00 +4.1202e+00 +1.4487e+00 -2.8285e+00 -3.9603e+00 -1.0079e+00 -3.6995e+00 -1.0689e+00
% f evaluations | g evaluations | best noise-free fitness - Fopt (2.228000000000e+01) + sum g_i+ | measured fitness | best measured fitness or single-digit g-values | x1 | x2...
1 0 +1.010823974e+02 +1.233623974e+02 +1.233623974e+02 +1.6294e+00 -2.0211e+00 -4.9768e+00 +3.8774e-01 +1.9229e+00 -4.5717e+00 +2.9174e-01 +2.2899e+00 +2.8841e+00 +2.3144e+00
7 0 +9.109177241e+01 +1.133717724e+02 +1.133717724e+02 -6.2410e-01 +1.5549e-01 +3.3883e+00 +1.8822e+00 -1.1516e+00 +3.7465e+00 +1.5077e+00 -3.2674e+00 +4.8734e+00 -5.7419e-01
12 0 +4.164738845e+01 +6.392738845e+01 +6.392738845e+01 +1.6096e+00 -4.9970e-01 -6.9451e-01 +3.3698e+00 +1.4781e+00 +2.4377e+00 +1.3750e+00 +7.3397e-01 +5.5396e-01 +4.9312e+00
% f evaluations | g evaluations | best noise-free fitness - Fopt (3.561400000000e+02) + sum g_i+ | measured fitness | best measured fitness or single-digit g-values | x1 | x2...
1 0 +1.418871249e+02 +4.980271249e+02 +4.980271249e+02 -4.2575e+00 -1.4558e-01 +4.8654e+00 +5.4074e-01 +2.5143e+00 -2.2732e+00 +4.4821e+00 -1.8237e-01 -3.2656e+00 +3.3086e+00
2 0 +8.153618888e+01 +4.376761889e+02 +4.376761889e+02 -8.4663e-01 -4.5763e+00 -4.9477e+00 +4.3829e+00 -3.6158e+00 -1.0658e-03 -3.8991e+00 +2.1244e+00 -6.5682e-01 +2.5681e+00
5 0 +7.933439429e+01 +4.354743943e+02 +4.354743943e+02 -3.6371e+00 +1.0394e+00 -7.7274e-01 +1.2218e+00 +3.2664e+00 -3.8329e+00 +2.0360e+00 -5.2714e-01 -3.2278e+00 +2.5088e+00
13 0 +5.702039772e+01 +4.131603977e+02 +4.131603977e+02 +3.7797e+00 -2.3295e+00 -3.0748e+00 -3.2031e+00 -1.8768e+00 +2.0686e+00 -1.7507e+00 +5.8166e-01 -3.6771e-01 +3.6798e+00
21 0 +4.677207021e+01 +4.029120702e+02 +4.029120702e+02 +2.3199e+00 -8.0476e-01 -4.8881e+00 +1.8035e+00 +3.6912e-02 +2.2060e+00 -3.2507e+00 +3.2710e+00 -1.0408e+00 -1.0077e+00
41 0 +3.710325392e+01 +3.932432539e+02 +3.932432539e+02 +4.9272e+00 +1.7156e+00 -5.7800e-01 +1.8344e+00 -2.3830e-01 +2.2269e+00 +3.4477e+00 +1.0859e+00 +2.5058e-02 +2.7687e+00
% f evaluations | g evaluations | best noise-free fitness - Fopt (-4.757000000000e+02) + sum g_i+ | measured fitness | best measured fitness or single-digit g-values | x1 | x2...
1 0 +1.395241519e+02 -3.361758481e+02 -3.361758481e+02 -1.1758e-01 -4.8268e+00 -1.8614e+00 +7.0608e-01 +1.2017e+00 +3.8627e-01 -3.1304e+00 -1.6758e+00 +1.4897e+00 +4.4862e+00
3 0 +1.285632183e+02 -3.471367817e+02 -3.471367817e+02 +2.3609e+00 +2.6702e+00 +2.3610e+00 +8.9387e-01 +3.1038e+00 +4.7466e+00 +3.5295e-02 +1.8297e+00 -9.5871e-02 +2.3773e+00
4 0 +1.003771395e+02 -3.753228605e+02 -3.753228605e+02 -2.5532e+00 +1.5527e+00 -4.2081e-01 +9.8044e-01 -2.5384e+00 +4.4490e+00 +4.2787e+00 +5.3577e-01 -2.4764e+00 -2.0387e+00
5 0 +9.557256328e+01 -3.801274367e+02 -3.801274367e+02 -3.7228e+00 -3.9768e+00 +1.9671e+00 +4.7484e+00 -3.6426e+00 +3.1043e+00 -4.1628e+00 -2.0447e+00 -4.7542e+00 +1.2297e+00
8 0 +7.450316037e+01 -4.011968396e+02 -4.011968396e+02 +2.4552e+00 -3.8904e+00 -1.0549e+00 +8.1305e-01 -2.6880e+00 -2.3475e+00 -3.5983e-01 +9.4529e-01 -2.9038e-01 -2.4430e+00
18 0 +5.014170569e+01 -4.255582943e+02 -4.255582943e+02 -1.1539e+00 +3.8537e-01 -1.7896e+00 +5.0129e-01 -3.3381e+00 -8.6749e-01 +2.1264e+00 -9.8626e-01 -1.9822e+00 +4.0351e-01
40 0 +4.687141197e+01 -4.288285880e+02 -4.288285880e+02 -3.1592e+00 -1.1228e+00 -1.5146e-01 +2.0987e+00 +7.8615e-01 -4.7282e+00 +1.4294e+00 +1.4053e-01 -3.7127e-01 +1.6918e+00
48 0 +4.242282796e+01 -4.332771720e+02 -4.332771720e+02 -3.3637e+00 -6.7923e-01 +3.8854e+00 +2.1294e+00 -2.6963e+00 -1.1034e+00 -2.6900e+00 +1.6039e+00 -2.3747e+00 +3.9222e+00
% f evaluations | g evaluations | best noise-free fitness - Fopt (-1.000000000000e+03) + sum g_i+ | measured fitness | best measured fitness or single-digit g-values | x1 | x2...
1 0 +8.188650183e+01 -9.181134982e+02 -9.181134982e+02 -3.5246e+00 -1.4964e+00 +1.8664e+00 -3.1361e+00 +7.7565e-01 +7.5499e-01 +3.2157e-01 +8.0217e-01 -2.1671e+00 +1.8317e-01
11 0 +6.717344755e+01 -9.328265524e+02 -9.328265524e+02 -4.8903e+00 +2.3992e+00 +2.0958e+00 -1.2072e+00 +2.5607e+00 -1.0535e+00 -2.6885e-01 -1.1406e+00 +2.6399e+00 +1.0813e+00
23 0 +6.359978301e+01 -9.364002170e+02 -9.364002170e+02 -4.7636e+00 -6.3115e-01 +4.5657e+00 -3.2454e+00 -2.5071e+00 -1.7713e+00 +2.1163e+00 +1.8858e+00 -1.4584e+00 -1.5865e+00
29 0 +5.724777689e+01 -9.427522231e+02 -9.427522231e+02 -1.7226e+00 +2.4969e+00 +4.4555e+00 -2.4581e+00 +4.8790e-01 +3.9359e+00 -3.8026e+00 +3.7425e+00 -6.3971e-01 -3.7556e+00
% f evaluations | g evaluations | best noise-free fitness - Fopt (-4.158000000000e+01) + sum g_i+ | measured fitness | best measured fitness or single-digit g-values | x1 | x2...
1 0 +1.380915856e+02 +9.651158559e+01 +9.651158559e+01 +4.4891e+00 +2.3117e+00 +2.5847e+00 +1.5475e+00 +1.9434e+00 -2.8567e+00 +8.5812e-01 +3.5462e-01 +4.9966e+00 -1.1573e+00
3 0 +7.470738236e+01 +3.312738236e+01 +3.312738236e+01 -1.8116e+00 -5.5984e-01 +9.6643e-01 +1.3462e+00 +1.6815e+00 +1.9200e+00 +3.8905e+00 -3.8283e+00 -1.5341e+00 +4.1890e-02
10 0 +6.126376087e+01 +1.968376087e+01 +1.968376087e+01 -2.8328e+00 +3.6643e+00 -1.8669e+00 +1.1949e+00 +2.8683e+00 +1.3181e+00 +4.9931e-01 +1.9631e-01 -2.3097e+00 +7.6291e-01
26 0 +5.909174047e+01 +1.751174047e+01 +1.751174047e+01 +7.2486e-01 +2.8792e+00 +2.1592e+00 +9.6173e-01 -1.3762e+00 +1.3434e+00 +3.3851e+00 +1.9399e+00 +2.4598e-01 +3.7303e+00
30 0 +5.284550859e+01 +1.126550859e+01 +1.126550859e+01 +3.8410e+00 +4.8215e+00 -1.6264e+00 -2.5300e+00 -4.2849e-01 +4.6750e+00 -3.6133e-01 +7.7128e-01 +2.4534e+00 -5.5572e-01
41 0 +4.216027919e+01 +5.802791948e-01 +5.802791948e-01 -8.8089e-02 +4.7613e+00 +6.5341e-01 -1.8947e+00 -2.8468e+00 +3.0997e+00 +4.0088e+00 -4.6161e+00 +4.8604e-01 +4.8635e+00
