% f evaluations | g evaluations | best noise-free fitness - Fopt (2.997000000000e+01) + sum g_i+ | measured fitness | best measured fitness or single-digit g-values | x1 | x2...
1 0 +1.300868501e+03 +1.330838501e+03 +1.330838501e+03 -1.7117e+00 -3.7565e+00 +3.5419e+00
2 0 +6.362398913e+02 +6.662098913e+02 +6.662098913e+02 -1.6506e+00 -2.3717e+00 -1.1024e+00
5 0 +4.608176291e+02 +4.907876291e+02 +4.907876291e+02 +3.9568e+00 -2.1686e+00 -2.2691e+00
7 0 +3.969976463e+02 +4.269676463e+02 +4.269676463e+02 +3.5230e+00 -2.7007e+00 -3.6315e+00
13 0 +3.332012647e+02 +3.631712647e+02 +3.631712647e+02 +2.2653e+00 -2.5601e+00 -7.5455e-01
17 0 +2.939036400e+02 +3.238736400e+02 +3.238736400e+02 +3.6265e+00 -4.2978e+00 -2.2245e+00
26 0 +1.914278202e+02 +2.213978202e+02 +2.213978202e+02 -7.2244e-01 +1.1474e+00 -4.7832e+00
43 0 +1.326441994e+02 +1.626141994e+02 +1.626141994e+02 +2.1322e+00 -3.6709e+00 -2.8512e+00
102 0 +9.992062875e+01 +1.298906288e+02 +1.298906288e+02 +9.4603e-01 -1.1832e+00 -4.4682e+00
104 0 +9.252892694e+01 +1.224989269e+02 +1.224989269e+02 +2.5477e+00 -3.8083e+00 -1.8934e+00
153 0 +7.566922248e+01 +1.056392225e+02 +1.056392225e+02 +1.6122e+00 -3.0103e+00 -3.0931e+00
204 0 +4.532621451e+01 +7.529621451e+01 +7.529621451e+01 +1.2758e+00 -2.5830e+00 -3.2495e+00
206 0 +3.499696387e+01 +6.496696387e+01 +6.496696387e+01 +1.0929e+00 -2.3506e+00 -3.3346e+00
% f evaluations | g evaluations | best noise-free fitness - Fopt (-5.171000000000e+01) + sum g_i+ | measured fitness | best measured fitness or single-digit g-values | x1 | x2...
1 0 +6.014951610e+02 +5.497851610e+02 +5.497851610e+02 -3.3529e+00 +3.7747e+00 -1.2042e+00
3 0 +5.267764700e+02 +4.750664700e+02 +4.750664700e+02 +4.7265e+00 +3.1205e+00 -1.3877e+00
9 0 +5.178093453e+02 +4.660993453e+02 +4.660993453e+02 +3.6616e+00 +3.4104e-01 -2.4518e+00
46 0 +3.220837459e+02 +2.703737459e+02 +2.703737459e+02 +4.7339e+00 +3.6661e+00 -4.0246e+00
54 0 +1.904281116e+02 +1.387181116e+02 +1.387181116e+02 +2.3154e+00 +3.9969e+00 -3.3463e+00
157 0 +9.941147726e+01 +4.770147726e+01 +4.770147726e+01 +2.6727e+00 +3.3679e+00 -3.1319e+00
312 0 +7.776063707e+01 +2.605063707e+01 +2.605063707e+01 +4.1686e+00 +2.6864e+00 -3.5875e+00
% f evaluations | g evaluations | best noise-free fitness - Fopt (-2.799500000000e+02) + sum g_i+ | measured fitness | best measured fitness or single-digit g-values | x1 | x2...
1 0 +2.530798550e+03 +2.250848550e+03 +2.250848550e+03 +4.6790e+00 -6.1453e-01 -4.3388e+00
2 0 +1.606031227e+03 +1.326081227e+03 +1.326081227e+03 +1.2540e+00 +1.9401e+00 +4.2651e+00
5 0 +1.569185348e+03 +1.289235348e+03 +1.289235348e+03 +2.0216e+00 -1.4325e+00 -7.7742e-01
6 0 +7.332825586e+02 +4.533325586e+02 +4.533325586e+02 +2.1829e-01 -1.9079e+00 +3.2319e+00
12 0 +7.011230614e+02 +4.211730614e+02 +4.211730614e+02 +2.1554e+00 -2.2011e+00 +4.8140e+00
19 0 +4.022279655e+02 +1.222779655e+02 +1.222779655e+02 -1.9305e+00 -3.3000e+00 +2.3109e+00
41 0 +3.364005066e+02 +5.645050659e+01 +5.645050659e+01 -4.5721e+00 -3.2293e+00 +2.3764e+00
107 0 +3.124376089e+02 +3.248760893e+01 +3.248760893e+01 -3.2365e+00 -3.3195e+00 +2.4896e+00
% f evaluations | g evaluations | best noise-free fitness - Fopt (9.319900000000e+02) + sum g_i+ | measured fitness | best measured fitness or single-digit g-values | x1 | x2...
1 0 +1.390437564e+02 +1.071033756e+03 +1.071033756e+03 +1.4558e+00 +2.1137e-01 +1.9225e+00
19 0 +9.663904882e+01 +1.028629049e+03 +1.028629049e+03 +2.2741e+00 +2.3843e+00 +2.9981e+00
53 0 +8.843157302e+01 +1.020421573e+03 +1.020421573e+03 +1.8144e+00 +2.5003e+00 +3.0952e+00
102 0 +4.298681443e+01 +9.749768144e+02 +9.749768144e+02 +1.4586e+00 +1.2918e+00 +2.4206e+00
252 0 +4.199480413e+01 +9.739848041e+02 +9.739848041e+02 +1.3600e+00 +4.9671e-01 +2.9118e+00
% f evaluations | g evaluations | best noise-free fitness - Fopt (1.133100000000e+02) + sum g_i+ | measured fitness | best measured fitness or single-digit g-values | x1 | x2...
1 0 +2.145924243e+03 +2.259234243e+03 +2.259234243e+03 -4.2561e+00 -2.4857e+00 -3.8920e+00
2 0 +1.222278858e+03 +1.335588858e+03 +1.335588858e+03 -3.9633e+00 +5.8337e-01 +1.7463e+00
3 0 +8.163037727e+02 +9.296137727e+02 +9.296137727e+02 +3.0682e+00 -1.2254e+00 -3.3031e+00
5 0 +6.618160297e+02 +7.751260297e+02 +7.751260297e+02 +3.3344e+00 +3.9134e+00 +3.8654e+00
9 0 +5.983917442e+02 +7.117017442e+02 +7.117017442e+02 +3.6228e+00 -9.5871e-01 -1.7470e+00
12 0 +5.697005093e+02 +6.830105093e+02 +6.830105093e+02 -1.1919e+00 +3.9286e+00 +9.8041e-01
17 0 +2.886452529e+02 +4.019552529e+02 +4.019552529e+02 +2.9575e-01 +2.7656e+00 +1.7761e+00
54 0 +2.206730408e+02 +3.339830408e+02 +3.339830408e+02 +3.3944e+00 +4.7532e+00 -1.3913e+00
206 0 +1.956805647e+02 +3.089905647e+02 +3.089905647e+02 +1.4991e+00 +1.8679e+00 +9.6841e-01
% f evaluations | g evaluations | best noise-free fitness - Fopt (2.849000000000e+01) + sum g_i+ | measured fitness | best measured fitness or single-digit g-values | x1 | x2...
1 0 +7.702161857e+02 +7.987061857e+02 +7.987061857e+02 -2.4660e+00 +2.9301e+00 -9.6242e-01
2 0 +5.096582137e+02 +5.381482137e+02 +5.381482137e+02 -4.4427e+00 -1.9898e+00 -1.8826e+00
3 0 +3.489100611e+02 +3.774000611e+02 +3.774000611e+02 +4.0306e+00 +1.1577e+00 +6.7183e-01
8 0 +3.281223464e+02 +3.566123464e+02 +3.566123464e+02 +1.9572e+00 -2.2123e+00 +1.3262e+00
21 0 +3.132540552e+02 +3.417440552e+02 +3.417440552e+02 +1.0995e+00 +1.7002e+00 +1.6341e+00
52 0 +3.089576316e+02 +3.374476316e+02 +3.374476316e+02 +2.5314e+00 -2.7176e+00 -1.9533e-01
53 0 +2.408417924e+02 +2.693317924e+02 +2.693317924e+02 +1.2721e+00 +1.1678e+00 +1.4137e+00
57 0 +1.770602331e+02 +2.055502331e+02 +2.055502331e+02 +1.1994e+00 -2.5996e+00 +4.9466e-01
158 0 +5.787439177e+01 +8.636439177e+01 +8.636439177e+01 +1.7908e+00 -2.4299e-01 +8.9660e-01
159 0 +4.710026242e+01 +7.559026242e+01 +7.559026242e+01 +1.9348e+00 -6.4768e-01 +7.4300e-01
314 0 +4.518326161e+01 +7.367326161e+01 +7.367326161e+01 +1.1994e+00 -1.1502e+00 +4.9466e-01
% f evaluations | g evaluations | best noise-free fitness - Fopt (-7.405800000000e+02) + sum g_i+ | measured fitness | best measured fitness or single-digit g-values | x1 | x2...
1 0 +1.391249173e+03 +6.506691726e+02 +6.506691726e+02 +2.8190e+00 -2.7365e+00 -2.1199e+00
2 0 +1.968956578e+02 -5.436843422e+02 -5.436843422e+02 -4.0505e+00 -1.4790e+00 +2.9409e-01
25 0 +9.817241323e+01 -6.424075868e+02 -6.424075868e+02 -3.3650e+00 -5.3656e-02 -9.7746e-01
42 0 +6.592893499e+01 -6.746510650e+02 -6.746510650e+02 -2.7675e+00 -5.4047e-03 -1.6225e+00
56 0 +5.146558642e+01 -6.891144136e+02 -6.891144136e+02 -3.6771e+00 -7.0248e-01 -3.9865e-01
% f evaluations | g evaluations | best noise-free fitness - Fopt (-5.177000000000e+01) + sum g_i+ | measured fitness | best measured fitness or single-digit g-values | x1 | x2...
1 0 +1.946178943e+03 +1.894408943e+03 +1.894408943e+03 -1.7393e+00 -1.7583e+00 -2.8961e+00
3 0 +6.692780433e+02 +6.175080433e+02 +6.175080433e+02 -3.1895e-01 +4.0169e+00 -6.2445e-01
11 0 +5.470486230e+02 +4.952786230e+02 +4.952786230e+02 -2.8534e+00 +3.5899e+00 -7.0217e-01
24 0 +1.868749828e+02 +1.351049828e+02 +1.351049828e+02 +1.5194e+00 +1.7476e-01 +3.8464e+00
59 0 +6.188659830e+01 +1.011659830e+01 +1.011659830e+01 -9.0510e-01 +1.2093e+00 +2.6928e+00
% f evaluations | g evaluations | best noise-free fitness - Fopt (-2.229800000000e+02) + sum g_i+ | measured fitness | best measured fitness or single-digit g-values | x1 | x2...
1 0 +3.788634328e+02 +1.558834328e+02 +1.558834328e+02 +1.0616e+00 +1.7256e+00 +8.7275e-01
12 0 +2.211747259e+02 -1.805274120e+00 -1.805274120e+00 +1.4758e+00 +1.0297e-02 -1.2274e-01
15 0 +1.127499669e+02 -1.102300331e+02 -1.102300331e+02 +3.0621e+00 +8.1674e-01 -3.6972e+00
37 0 +7.034500268e+01 -1.526349973e+02 -1.526349973e+02 +3.6621e+00 +2.2155e-01 -2.9355e+00
60 0 +4.864061996e+01 -1.743393800e+02 -1.743393800e+02 +3.6621e+00 +1.3628e-02 -2.9355e+00
154 0 +3.791451674e+01 -1.850654833e+02 -1.850654833e+02 +3.2287e+00 +2.4989e-01 -2.6658e+00
% f evaluations | g evaluations | best noise-free fitness - Fopt (5.860000000000e+00) + sum g_i+ | measured fitness | best measured fitness or single-digit g-values | x1 | x2...
1 0 +1.749803642e+03 +1.755663642e+03 +1.755663642e+03 +3.0736e+00 +4.8546e+00 -4.5133e+00
2 0 +6.477842268e+02 +6.536442268e+02 +6.536442268e+02 -5.0995e-01 +2.6049e+00 +4.1046e+00
7 0 +2.688825661e+02 +2.747425661e+02 +2.747425661e+02 +3.5121e-01 +5.7591e-01 -2.0843e+00
10 0 +2.265719177e+02 +2.324319177e+02 +2.324319177e+02 -1.8181e+00 +1.3839e+00 -2.4123e+00
58 0 +2.237560662e+02 +2.296160662e+02 +2.296160662e+02 -1.8316e+00 +1.4097e+00 -2.3761e+00
111 0 +2.150015974e+02 +2.208615974e+02 +2.208615974e+02 +3.2722e-02 +1.5394e+00 -3.1032e-02
203 0 +1.677909019e+02 +1.736509019e+02 +1.736509019e+02 -1.5000e+00 +1.1151e+00 -1.9066e+00
205 0 +1.499861013e+02 +1.558461013e+02 +1.558461013e+02 -1.7950e+00 +8.0870e-01 -1.1720e+00
311 0 +2.629817992e+01 +3.215817992e+01 +3.215817992e+01 -1.8316e+00 +1.4097e+00 -6.0996e-01
% f evaluations | g evaluations | best noise-free fitness - Fopt (2.048600000000e+02) + sum g_i+ | measured fitness | best measured fitness or single-digit g-values | x1 | x2...
1 0 +1.661923270e+03 +1.866783270e+03 +1.866783270e+03 +3.1918e+00 +2.8624e+00 +1.7821e+00
3 0 +1.113222315e+03 +1.318082315e+03 +1.318082315e+03 +3.4778e+00 -3.4340e+00 +2.3694e+00
4 0 +9.123583165e+02 +1.117218316e+03 +1.117218316e+03 +1.9769e+00 -1.0986e+00 +2.7347e+00
7 0 +2.039451055e+02 +4.088051055e+02 +4.088051055e+02 -1.7427e+00 -8.4918e-01 +2.0003e+00
59 0 +6.048232164e+01 +2.653423216e+02 +2.653423216e+02 -1.7075e+00 -9.6193e-01 +2.6621e-01
% f evaluations | g evaluations | best noise-free fitness - Fopt (1.154900000000e+02) + sum g_i+ | measured fitness | best measured fitness or single-digit g-values | x1 | x2...
1 0 +8.017685428e+02 +9.172585428e+02 +9.172585428e+02 -4.8663e+00 -1.6006e+00 -1.6752e+00
4 0 +7.588990899e+02 +8.743890899e+02 +8.743890899e+02 +1.3582e+00 +1.0481e+00 +3.3605e+00
5 0 +3.306836512e+02 +4.461736512e+02 +4.461736512e+02 +2.0569e+00 -1.9463e+00 +3.3853e+00
7 0 +2.435999272e+02 +3.590899272e+02 +3.590899272e+02 +3.5772e+00 -3.7353e+00 +4.3121e+00
23 0 +1.615536173e+02 +2.770436173e+02 +2.770436173e+02 +1.9845e+00 -2.9678e+00 +3.5498e+00
% f evaluations | g evaluations | best noise-free fitness - Fopt (1.950500000000e+02) + sum g_i+ | measured fitness | best measured fitness or single-digit g-values | x1 | x2...
1 0 +8.395358628e+02 +1.034585863e+03 +1.034585863e+03 +1.9021e+00 +4.8304e+00 +9.5820e-01
6 0 +4.580852617e+02 +6.531352617e+02 +6.531352617e+02 -3.9158e+00 -1.7777e+00 +2.8076e+00
8 0 +2.622938324e+02 +4.573438324e+02 +4.573438324e+02 +2.1489e+00 +1.7092e+00 -3.0198e+00
32 0 +1.777360223e+02 +3.727860223e+02 +3.727860223e+02 +3.4904e+00 -6.9424e-02 -4.4855e+00
102 0 +1.711074942e+02 +3.661574942e+02 +3.661574942e+02 +3.4574e+00 -1.3431e-02 -4.4100e+00
114 0 +1.132736544e+02 +3.083236544e+02 +3.083236544e+02 +6.0603e-02 -9.0680e-01 -2.6351e+00
152 0 +7.202218554e+01 +2.670721855e+02 +2.670721855e+02 +2.2034e+00 +6.2741e-01 -3.2845e+00
308 0 +5.484151084e+01 +2.498915108e+02 +2.498915108e+02 +2.6886e+00 +1.6055e-01 -4.2826e+00
% f evaluations | g evaluations | best noise-free fitness - Fopt (-2.144800000000e+02) + sum g_i+ | measured fitness | best measured fitness or single-digit g-values | x1 | x2...
1 0 +1.322454535e+03 +1.107974535e+03 +1.107974535e+03 +4.6919e+00 +1.2720e+00 -3.6188e-01
2 0 +3.946566972e+02 +1.801766972e+02 +1.801766972e+02 -2.5625e+00 +4.4982e+00 -7.3793e-01
8 0 +3.687066037e+02 +1.542266037e+02 +1.542266037e+02 -2.5125e+00 +4.4677e+00 -5.8511e-01
21 0 +2.928669633e+02 +7.838696334e+01 +7.838696334e+01 -2.8339e+00 +2.8016e+00 +1.1084e+00
46 0 +1.965843153e+02 -1.789568470e+01 -1.789568470e+01 -4.7874e+00 +1.6217e+00 -2.2103e+00
314 0 +1.047325094e+02 -1.097474906e+02 -1.097474906e+02 -3.5504e+00 +1.6217e+00 -2.2103e+00
% f evaluations | g evaluations | best noise-free fitness - Fopt (-4.590000000000e+01) + sum g_i+ | measured fitness | best measured fitness or single-digit g-values | x1 | x2...
1 0 +8.600694690e+02 +8.141694690e+02 +8.141694690e+02 -4.7223e+00 -3.1878e+00 -3.8903e+00
2 0 +5.084258119e+02 +4.625258119e+02 +4.625258119e+02 -1.1827e+00 -4.8008e+00 -1.2465e-01
20 0 +1.303817661e+02 +8.448176614e+01 +8.448176614e+01 +7.6711e-01 -2.4082e+00 -9.7574e-02
152 0 +7.782979700e+01 +3.192979700e+01 +3.192979700e+01 -1.3005e+00 -2.1114e+00 +3.3331e-01
261 0 +7.584733038e+01 +2.994733038e+01 +2.994733038e+01 -1.3005e+00 -2.1114e+00 +1.9633e-01
314 0 +3.126613230e+01 -1.463386770e+01 -1.463386770e+01 -1.3005e+00 -1.6396e+00 +1.9633e-01
