% f evaluations | g evaluations | best noise-free fitness - Fopt (7.135000000000e+01) + sum g_i+ | measured fitness | best measured fitness or single-digit g-values | x1 | x2...
1 0 +8.013905956e+01 +1.514890596e+02 +1.514890596e+02 +4.1548e-01 +1.6208e+00 +3.3394e-01 +1.0337e+00 -6.0282e-02 -1.1956e+00 +3.0605e+00 +1.2947e+00 -3.9366e+00 +1.1852e+00 +2.0146e+00 -3.3578e-02 +1.0499e-01 +1.3215e+00 -8.0481e-01 -3.6737e-01 -3.0422e-01 -1.2139e+00 -2.7190e+00 -2.3750e-01
6 0 +6.665593568e+01 +1.380059357e+02 +1.380059357e+02 +1.5866e+00 +1.3315e+00 -4.6059e-01 +3.9407e-01 +9.5213e-01 +1.0329e+00 +5.2453e-02 -6.3078e-01 -8.3860e-01 +1.5608e+00 -4.9934e-01 -1.2406e+00 -1.7400e+00 +4.9748e-01 +1.2299e+00 +6.4374e-01 +2.2601e-01 +1.4935e+00 -4.1094e-01 -6.6134e-01
7 0 +5.892707363e+01 +1.302770736e+02 +1.302770736e+02 +1.6219e+00 +1.3724e+00 -5.8160e-01 +3.9239e-01 +9.4609e-01 +1.1312e+00 +7.9784e-02 -5.7802e-01 -7.8181e-01 +1.5279e+00 -6.2039e-01 -3.5829e-01 -1.7595e+00 +4.8502e-01 +1.2844e+00 +6.2823e-01 +2.9665e-01 +1.5066e+00 -4.3239e-01 -6.1250e-01
33 0 +5.798776781e+01 +1.293377678e+02 +1.293377678e+02 +1.4639e+00 +1.2103e+00 -2.2388e-02 +4.4025e-01 +9.4771e-01 +6.4033e-01 +2.4814e-02 -7.6937e-01 -2.9568e-01 +4.2779e-02 -2.7672e-02 -7.7771e-01 -7.1138e-01 +5.0185e-01 +7.3649e-01 +6.7555e-01 -2.7669e-02 +2.6696e-02 -3.9519e-01 -8.0790e-01
% f evaluations | g evaluations | best noise-free fitness - Fopt (-3.552200000000e+02) + sum g_i+ | measured fitness | best measured fitness or single-digit g-values | x1 | x2...
1 0 +1.277714721e+02 -2.274485279e+02 -2.274485279e+02 +3.0084e+00 -2.3216e+00 -1.2403e-01 +7.4329e-03 -1.4986e+00 +2.8806e+00 -8.5608e-01 -2.6811e-01 +2.0180e+00 -2.8998e+00 +1.3953e+00 +3.5663e-01 -1.0118e+00 -2.5673e-01 -3.5099e-01 +3.5719e-01 +5.7840e-02 -1.8881e+00 -2.2859e+00 -5.1530e-01
2 0 +3.276038898e+01 -3.224596110e+02 -3.224596110e+02 +9.2348e-01 -1.5426e+00 -1.1475e+00 -9.2820e-01 -3.8098e-01 +2.8146e+00 -1.7267e+00 -3.4356e-01 +1.5227e+00 -2.7097e+00 -3.2715e-02 +8.0592e-01 +4.2456e-01 -1.3956e-01 +1.0184e+00 +1.1652e+00 +2.2603e-01 -2.3328e+00 -1.6536e+00 -4.9696e-01
13 0 +3.039385352e+01 -3.248261465e+02 -3.248261465e+02 +5.1206e-01 -1.5506e+00 +3.4914e-01 -6.7281e-01 -1.0962e+00 +7.1102e-01 -1.1641e+00 -1.5506e-01 +5.5552e-01 -1.4964e+00 -7.6707e-01 +3.3970e-01 -2.6731e-01 -2.5269e-01 +1.0533e+00 +2.9085e-01 +1.0657e+00 -6.7338e-01 -8.2668e-01 -2.4031e-01
16 0 +2.043814216e+01 -3.347818578e+02 -3.347818578e+02 +5.1206e-01 -1.2612e-01 +3.4914e-01 -6.7281e-01 -1.0962e+00 +7.1102e-01 -1.1641e+00 -1.5506e-01 +5.5552e-01 -1.4964e+00 -7.6707e-01 +3.3970e-01 -2.6731e-01 -2.5269e-01 +1.0533e+00 +2.9085e-01 +1.0657e+00 -6.7338e-01 -8.2668e-01 -2.4031e-01
19 0 +1.938940460e+01 -3.358305954e+02 -3.358305954e+02 +5.1143e-01 -1.7725e-01 +3.4900e-01 -6.7314e-01 -1.0955e+00 +7.5314e-01 -1.1650e+00 -1.5447e-01 +5.5458e-01 -1.4970e+00 -7.6896e-01 +3.3915e-01 -2.6717e-01 -2.5346e-01 +1.0527e+00 +2.9087e-01 +1.0662e+00 -6.7293e-01 -8.2589e-01 -2.3915e-01
% f evaluations | g evaluations | best noise-free fitness - Fopt (9.917000000000e+01) + sum g_i+ | measured fitness | best measured fitness or single-digit g-values | x1 | x2...
1 0 +1.060361896e+02 +2.052061896e+02 +2.052061896e+02 -4.9456e-01 -2.4775e-01 +1.0137e+00 -1.6638e+00 +2.6908e+00 -1.1649e+00 -1.1002e+00 -5.0438e-01 -2.6329e+00 +2.8987e+00 +3.6140e+00 +2.3480e-01 -1.9456e+00 -4.8574e+00 +1.4963e+00 -1.9557e+00 -1.4879e+00 -1.3497e+00 +4.1427e-01 -1.3233e-01
3 0 +9.471277194e+01 +1.938827719e+02 +1.938827719e+02 -6.0973e-01 +2.8875e-01 +1.3062e+00 -3.1762e+00 +1.2378e+00 -1.9748e+00 +1.4975e+00 +2.7451e+00 +1.0813e+00 -1.8174e-01 -4.5533e-02 +3.0122e+00 -2.3299e+00 -1.7149e+00 -2.8261e+00 -1.9677e-01 +1.2961e+00 +1.0505e+00 -8.3433e-01 +2.3366e+00
4 0 +9.264342609e+01 +1.918134261e+02 +1.918134261e+02 +9.7869e-01 -1.1814e+00 -6.5465e-01 -9.7242e-01 +3.5694e-01 -4.5284e-01 +1.3192e+00 +2.5637e+00 +1.3864e+00 +5.6516e-01 -8.3906e-01 +1.5736e+00 -2.1448e+00 -2.0844e+00 +4.0523e-02 -9.1198e-01 -9.6369e-02 -1.3197e+00 +3.5699e-01 +3.3627e+00
6 0 +8.212160609e+01 +1.812916061e+02 +1.812916061e+02 +5.2212e-01 -2.4017e-01 -1.1740e+00 -1.5201e+00 -8.1037e-01 -9.4935e-01 +6.6346e-01 +2.3634e+00 +1.7002e+00 -1.7158e-01 -7.7545e-01 +1.6015e+00 -2.7245e+00 -2.3292e+00 -3.6474e-01 +2.1841e-02 -2.7388e-01 -7.3397e-02 -4.7761e-01 +2.0280e+00
11 0 +7.343738517e+01 +1.726073852e+02 +1.726073852e+02 +8.9300e-01 -1.3069e+00 -1.0982e+00 -1.5711e+00 +1.0947e+00 -1.5036e+00 +3.2446e-01 +2.7571e+00 +8.9019e-01 +1.0718e+00 -3.1618e-02 +1.6753e+00 -1.0064e+00 -2.3068e+00 -5.0298e-01 -1.8653e-01 -9.6167e-02 -4.3573e-01 -4.0101e-01 +1.2031e+00
32 0 +6.528224873e+01 +1.644522487e+02 +1.644522487e+02 +8.9300e-01 -6.7340e-01 -1.0982e+00 -1.3049e+00 +1.0947e+00 -1.5036e+00 +3.2446e-01 +1.3985e+00 +8.9019e-01 +1.0718e+00 -3.1618e-02 +1.6753e+00 -5.7690e-01 -6.5622e-01 -5.0298e-01 -1.8653e-01 -9.6167e-02 -4.3573e-01 -4.0101e-01 +1.2031e+00
40 0 +5.720052831e+01 +1.563705283e+02 +1.563705283e+02 +8.9300e-01 -6.7340e-01 -1.0982e+00 -1.3049e+00 +4.8122e-01 -1.5036e+00 +3.2446e-01 +1.3985e+00 +5.9121e-01 +1.0718e+00 -3.1618e-02 +1.6753e+00 -5.7690e-01 -6.5622e-01 -5.0298e-01 -1.8653e-01 -9.6167e-02 -4.3573e-01 -4.0101e-01 +1.2031e+00
% f evaluations | g evaluations | best noise-free fitness - Fopt (-5.179100000000e+02) + sum g_i+ | measured fitness | best measured fitness or single-digit g-values | x1 | x2...
1 0 +9.684737797e+01 -4.210626220e+02 -4.210626220e+02 -2.4122e+00 -1.0783e+00 +2.3383e+00 -1.5229e+00 +6.7682e-01 -2.6861e+00 -9.5834e-01 -4.5212e-02 +4.8362e-01 +1.0345e+00 -3.6328e+00 -1.1764e+00 -5.7595e-01 -1.3949e+00 -3.1948e-03 -8.8846e-01 -1.9690e+00 +1.2351e+00 -1.0129e+00 +3.9121e-01
4 0 +7.645890851e+01 -4.414510915e+02 -4.414510915e+02 -3.1155e-01 -2.3540e+00 -8.0968e-02 -1.1064e+00 +7.3844e-02 -2.9644e+00 -1.4567e-01 +6.5848e-01 -6.4913e-01 +1.7211e-01 -1.6434e+00 -1.9466e+00 +6.3060e-01 +1.7888e-01 +1.1732e-01 -5.7536e-01 -3.7472e-01 +2.5317e-01 +1.1690e-01 +9.6084e-01
5 0 +7.164767654e+01 -4.462623235e+02 -4.462623235e+02 +9.1012e-02 -1.3232e+00 -2.5603e-01 -6.8556e-01 -7.3486e-01 -2.2480e+00 -1.0096e+00 +1.4230e+00 -7.0472e-01 +6.8618e-01 -9.0804e-01 -1.6501e+00 +5.6839e-02 +2.2000e-01 -3.5332e-01 +2.2954e-02 -4.4095e-01 -1.9321e-02 +2.3644e-01 -5.0189e-01
6 0 +6.313024618e+01 -4.547797538e+02 -4.547797538e+02 +7.8417e-02 -1.3139e+00 -2.5467e-01 -6.9349e-01 -7.3140e-01 -2.2491e+00 -1.0060e+00 +1.4192e+00 -6.9880e-01 +6.8747e-01 -9.0866e-01 -1.6458e+00 +5.5648e-02 +2.1124e-01 -3.5688e-01 +2.2414e-02 -4.4699e-01 -1.9158e-02 +2.3251e-01 -5.1447e-02
% f evaluations | g evaluations | best noise-free fitness - Fopt (-5.721000000000e+01) + sum g_i+ | measured fitness | best measured fitness or single-digit g-values | x1 | x2...
1 0 +1.239188285e+02 +6.670882851e+01 +6.670882851e+01 -2.1991e+00 +2.2034e+00 -1.9404e+00 -3.7840e-01 -7.8556e-01 -4.2738e-01 +1.2388e+00 -2.1506e+00 +5.7249e-01 +1.4775e+00 +4.9427e-01 -1.8581e+00 -2.1605e-01 +2.0937e+00 -1.1767e+00 -9.5881e-01 -2.7429e-01 +7.2187e-03 +5.4073e-01 -6.1845e-01
4 0 +1.116173984e+02 +5.440739838e+01 +5.440739838e+01 -2.0567e+00 +2.1743e+00 -1.8435e+00 -2.0118e-01 -7.0154e-01 -5.1776e-01 +1.1070e+00 -2.0853e+00 +4.5573e-01 +1.5173e+00 +4.7777e-01 -1.6716e+00 -1.2159e-01 +2.1821e+00 -8.1268e-02 -7.8620e-01 -2.8294e-01 +4.7983e-02 +4.8275e-01 -6.4692e-01
10 0 +1.016505856e+02 +4.444058562e+01 +4.444058562e+01 -2.0971e+00 +2.1826e+00 -1.8711e+00 -2.5152e-01 -7.2541e-01 -4.9209e-01 +1.1445e+00 -2.1038e+00 +4.8889e-01 +4.7720e-01 +4.8245e-01 -7.7433e-01 -1.4842e-01 +2.1570e+00 -7.4391e-01 -8.3523e-01 -2.8048e-01 +3.6404e-02 +4.9922e-01 -6.3883e-01
16 0 +8.114827816e+01 +2.393827816e+01 +2.393827816e+01 -2.0586e+00 +2.1747e+00 -1.8449e+00 -2.0362e-01 -7.0270e-01 -5.1651e-01 +8.9750e-01 -2.0862e+00 +4.5734e-01 +1.5167e+00 +4.7799e-01 -1.6742e+00 -1.2290e-01 +2.6789e-01 -1.0008e-01 -7.8859e-01 -2.8282e-01 +4.7420e-02 +1.7940e-02 -6.4652e-01
24 0 +7.116321170e+01 +1.395321170e+01 +1.395321170e+01 -2.0817e+00 +1.8417e+00 -1.7941e+00 -2.3232e-01 -7.1631e-01 -5.0188e-01 +1.1022e+00 -5.9878e-01 +4.7625e-01 +9.6993e-01 +4.8067e-01 -8.9608e-01 -1.3574e-01 +3.0127e-01 -4.7117e-01 -6.9865e-01 -2.8142e-01 +4.0819e-02 +4.3131e-01 -6.4191e-01
30 0 +5.120958034e+01 -6.000419663e+00 -6.000419663e+00 -1.2204e+00 +1.8324e+00 -1.7978e+00 -2.3198e-01 -7.1614e-01 -5.0205e-01 +1.0972e+00 -6.9301e-01 +4.7602e-01 +9.7479e-01 +4.8063e-01 -9.1970e-01 -1.3570e-01 +3.5961e-01 -4.6743e-01 -7.0018e-01 -2.8144e-01 +4.0898e-02 +4.2064e-01 -6.4197e-01
% f evaluations | g evaluations | best noise-free fitness - Fopt (6.626000000000e+01) + sum g_i+ | measured fitness | best measured fitness or single-digit g-values | x1 | x2...
1 0 +1.093455088e+02 +1.756055088e+02 +1.756055088e+02 -3.1412e+00 +4.9759e-01 +1.7523e+00 +1.8294e+00 +1.4342e+00 -1.9081e+00 -2.2217e+00 +1.8140e+00 +3.2729e+00 +1.0399e+00 -3.1127e+00 +2.3014e+00 -1.4669e+00 -3.9798e-01 +1.4594e+00 +8.6931e-01 -1.0683e+00 -1.7204e+00 +5.0364e-01 -1.7161e+00
2 0 +5.447205008e+01 +1.207320501e+02 +1.207320501e+02 -2.2010e+00 -4.5966e-02 +1.2591e+00 +6.6005e-01 +1.3564e+00 -1.2181e+00 -1.6713e+00 +2.2953e+00 +1.4869e+00 +1.3612e+00 -2.0668e+00 +8.3180e-01 +4.3070e-02 -1.7139e+00 -3.2482e-01 +3.0744e-01 -1.8110e+00 -1.9010e+00 -5.9263e-03 -2.0568e+00
6 0 +3.855868327e+01 +1.048186833e+02 +1.048186833e+02 -1.1475e+00 -1.6972e+00 +1.4135e+00 -3.8801e-01 +3.7728e-01 -9.4992e-01 +1.3286e+00 +2.0892e+00 -5.1326e-01 -2.6155e-01 -9.8459e-01 +7.6290e-01 +8.8995e-01 -1.2124e+00 -9.5505e-01 +1.5090e+00 +9.6241e-02 +3.3626e-02 -5.0534e-01 -4.4834e-01
7 0 +3.680124458e+01 +1.030612446e+02 +1.030612446e+02 -1.1475e+00 -1.6972e+00 +1.4135e+00 -3.8801e-01 +3.7728e-01 -9.4992e-01 +1.3286e+00 +2.0892e+00 -5.1326e-01 -2.6155e-01 -9.8459e-01 +7.6290e-01 +8.8995e-01 -1.2124e+00 -9.5505e-01 +3.0404e-01 +9.6241e-02 +3.3626e-02 -5.0534e-01 -4.4834e-01
19 0 +3.403930016e+01 +1.002993002e+02 +1.002993002e+02 -9.2262e-01 -9.6494e-01 +9.6015e-01 +4.5968e-01 +6.9087e-01 -1.3631e+00 +7.1421e-02 +1.7636e+00 -1.5929e-01 +2.9456e-01 -7.7777e-01 +2.9085e-01 +4.6112e-01 -7.3877e-01 -6.7628e-01 +5.5919e-01 +2.5479e-01 -4.5746e-01 -5.0947e-01 -6.2907e-01
24 0 +3.213823855e+01 +9.839823855e+01 +9.839823855e+01 -8.9489e-01 -8.7462e-01 +9.0423e-01 +5.6424e-01 +7.2955e-01 -1.4141e+00 +2.7503e-01 +1.7085e+00 -1.1563e-01 +3.6315e-01 -7.5227e-01 +2.3263e-01 +4.0823e-01 -6.8036e-01 -6.4190e-01 +5.9066e-01 +2.3697e-01 -1.4923e-01 -5.0997e-01 -6.5136e-01
% f evaluations | g evaluations | best noise-free fitness - Fopt (-1.386200000000e+02) + sum g_i+ | measured fitness | best measured fitness or single-digit g-values | x1 | x2...
1 0 +1.064932394e+02 -3.212676063e+01 -3.212676063e+01 +7.4706e-01 +1.5218e+00 +1.2051e+00 +1.1362e+00 -2.2646e+00 -1.2515e+00 -3.9030e+00 +2.1923e+00 -1.4660e+00 +1.1472e+00 +1.4725e+00 +2.3952e-01 -6.7027e-01 +1.6354e+00 +5.4546e-01 +1.8648e+00 +1.3130e+00 +2.9813e+00 +2.0109e+00 -9.6418e-01
2 0 +8.330581864e+01 -5.531418136e+01 -5.531418136e+01 +1.9931e+00 +2.2770e+00 +5.2037e-01 -1.2604e+00 -5.2169e-01 +3.9498e-01 -3.5571e+00 +2.4669e-01 -2.7013e+00 +1.7222e+00 +1.0634e+00 +5.7354e-01 -3.3938e-01 +5.8107e-01 +7.0227e-01 +4.7119e-01 +1.7522e+00 +1.0865e+00 +1.6618e-01 -2.1609e+00
4 0 +7.310937706e+01 -6.551062294e+01 -6.551062294e+01 +2.1621e+00 +1.8485e+00 -2.0301e+00 -1.6204e+00 +1.4145e+00 -2.0121e+00 -6.6035e-01 -1.7158e+00 -1.5035e-01 -1.3368e+00 +7.9045e-01 +4.9234e-01 +1.5794e+00 +1.5821e+00 -1.1161e+00 -6.1212e-01 +2.4354e+00 -1.3887e-01 -9.3242e-01 -7.3818e-01
5 0 +3.918966897e+01 -9.943033103e+01 -9.943033103e+01 +1.5799e+00 +1.9852e+00 +1.3178e-01 -1.1177e+00 +4.4218e-03 -2.6449e-01 -3.0671e+00 +1.1706e-01 -2.2250e+00 +7.1731e-01 +1.1335e+00 +7.8610e-01 +1.3699e-01 +8.5019e-02 +5.3654e-01 -1.4089e-01 +1.3152e+00 +7.2704e-01 +1.2273e-01 -1.9206e+00
% f evaluations | g evaluations | best noise-free fitness - Fopt (7.313900000000e+02) + sum g_i+ | measured fitness | best measured fitness or single-digit g-values | x1 | x2...
1 0 +5.438054079e+01 +7.857705408e+02 +7.857705408e+02 -2.2784e+00 -7.4981e-02 -1.6507e+00 +7.4783e-01 +8.9087e-01 +3.6098e-01 +1.4270e+00 +1.9130e-01 -8.9181e-01 -1.0476e+00 +2.3390e+00 -3.8906e-01 -9.1005e-01 -9.6127e-01 -3.0359e+00 -3.3398e+00 +2.3580e+00 -2.1236e+00 -8.7921e-01 +3.5187e-01
13 0 +3.620541382e+01 +7.675954138e+02 +7.675954138e+02 -2.0681e+00 -4.7091e-01 -1.1188e+00 +5.6688e-01 +1.1194e+00 +1.1921e-01 +1.2266e+00 -3.3270e-01 -6.6685e-01 -8.5343e-01 +1.8205e+00 -6.2491e-01 -4.2581e-01 -6.5906e-01 -2.5258e+00 -2.5886e+00 +3.3081e-01 -1.7339e+00 -7.9895e-01 +3.8332e-01
% f evaluations | g evaluations | best noise-free fitness - Fopt (7.526000000000e+01) + sum g_i+ | measured fitness | best measured fitness or single-digit g-values | x1 | x2...
1 0 +7.418514001e+01 +1.494451400e+02 +1.494451400e+02 -7.6772e-01 -1.4511e+00 -2.3378e+00 -4.7036e-01 -2.0002e+00 -4.2006e-01 -1.7961e-01 +3.1327e+00 -6.6273e-01 -1.5452e+00 -1.5567e+00 +2.4151e+00 +6.0495e-01 -2.9275e+00 -9.0658e-01 +1.0188e+00 +1.0812e+00 -2.3190e+00 -2.1632e+00 +1.8646e+00
2 0 +5.220492368e+01 +1.274649237e+02 +1.274649237e+02 -2.6924e-01 -3.1457e-01 -3.8481e-01 -1.1269e+00 -6.6700e-01 -1.3651e+00 +4.4754e-01 +3.1886e+00 +5.5020e-01 -1.4541e-01 -6.2586e-01 +2.5231e+00 +1.0406e+00 -1.9506e+00 -8.7073e-01 +1.0101e+00 +1.3783e+00 -1.1688e+00 -6.4473e-01 +2.1394e-01
5 0 +5.121275308e+01 +1.264727531e+02 +1.264727531e+02 -4.0470e-01 -1.5331e-01 +1.8519e-01 -1.1551e+00 -5.8713e-01 -1.7752e+00 +2.6592e-01 +3.1256e+00 +4.4378e-01 +3.2742e-01 -5.5838e-01 +2.4875e+00 +8.8958e-01 -1.5755e+00 -5.3335e-01 +1.1077e+00 +1.1558e+00 -8.4749e-01 -4.6082e-01 +2.0679e-03
30 0 +4.474398289e+01 +1.200039829e+02 +1.200039829e+02 -7.4033e-01 -5.3327e-01 -3.9633e-01 -8.2678e-01 -9.9902e-01 -1.3496e+00 -1.5205e-01 +1.0739e+00 -2.4440e-01 +3.5933e-02 -9.1723e-01 +1.8379e+00 +5.4056e-01 -1.6376e+00 -2.6245e-01 +9.6948e-01 +7.8656e-01 -9.7187e-01 -2.1281e-01 +6.1382e-01
% f evaluations | g evaluations | best noise-free fitness - Fopt (-4.913000000000e+01) + sum g_i+ | measured fitness | best measured fitness or single-digit g-values | x1 | x2...
1 0 +1.041021816e+02 +5.497218161e+01 +5.497218161e+01 -1.6897e-01 +1.9609e+00 +1.0449e+00 +2.2372e+00 +2.0251e+00 +1.1971e+00 -4.5186e+00 -3.3289e+00 +2.1649e+00 -1.9044e+00 -2.1216e+00 +1.8871e+00 -7.8247e-01 -1.4430e+00 -6.8903e-02 -1.5588e+00 -6.6255e-01 -3.0326e-01 +3.0779e-01 +1.9218e+00
2 0 +9.697790138e+01 +4.784790138e+01 +4.784790138e+01 +9.2827e-01 -1.4805e-01 +2.0710e+00 -6.9519e-01 +2.5326e+00 +9.0968e-01 -1.2419e+00 -1.7923e+00 -1.1023e+00 -1.7742e+00 -1.8270e+00 +6.6415e-01 -8.1369e-01 -2.4059e+00 +1.3776e+00 -1.1217e+00 +6.5324e-01 +8.9489e-02 +4.9049e-01 +6.1027e-01
3 0 +8.161269317e+01 +3.248269317e+01 +3.248269317e+01 +9.2827e-01 -1.4805e-01 +2.0710e+00 -6.9519e-01 +2.5326e+00 +9.0968e-01 -1.2419e+00 -1.7923e+00 -1.1023e+00 -1.7742e+00 -1.8270e+00 +1.3600e-01 -8.1369e-01 -2.4059e+00 +1.3776e+00 -1.1217e+00 +6.5324e-01 +8.9489e-02 +4.9049e-01 +6.1027e-01
23 0 +7.502839997e+01 +2.589839997e+01 +2.589839997e+01 +8.1108e-01 -1.4580e-01 +2.0782e+00 -6.8324e-01 +9.9221e-01 +9.0537e-01 -5.5201e-01 -1.7760e+00 -1.1058e+00 -1.6746e+00 -1.2988e+00 +6.4687e-01 -8.1035e-01 -5.3171e-01 +1.1687e+00 -1.1192e+00 +6.5242e-01 +9.8037e-02 +4.9031e-01 +6.0477e-01
24 0 +6.014957114e+01 +1.101957114e+01 +1.101957114e+01 +8.4900e-01 -1.4636e-01 +2.0765e+00 -6.8619e-01 +1.4953e+00 +9.0643e-01 -4.3835e-01 -1.7800e+00 -1.1049e+00 -1.1782e+00 -1.3789e+00 +6.4660e-01 -8.1117e-01 -4.9877e-01 +1.0006e+00 -1.1198e+00 +6.5263e-01 +9.5928e-02 +4.9035e-01 +6.0613e-01
% f evaluations | g evaluations | best noise-free fitness - Fopt (-1.418900000000e+02) + sum g_i+ | measured fitness | best measured fitness or single-digit g-values | x1 | x2...
1 0 +7.936638383e+01 -6.252361617e+01 -6.252361617e+01 +8.9749e-01 +8.1430e-01 -4.3008e+00 +3.3665e+00 -1.4433e+00 +1.2540e+00 +3.1440e+00 -6.1084e-01 -2.2688e+00 -2.6941e-01 -5.9195e-02 -5.0503e-03 +1.6604e+00 +1.2398e+00 -4.2141e+00 -4.6193e-01 +2.8345e-01 +2.2868e+00 +1.3259e+00 +8.7800e-01
3 0 +7.604698766e+01 -6.584301234e+01 -6.584301234e+01 +6.9271e-01 -1.4715e+00 +1.9170e+00 +3.4050e+00 +8.1756e-01 -1.5658e+00 +1.5518e+00 +1.6717e+00 -2.4304e+00 -5.8560e-01 +4.2776e+00 +3.5960e-02 +1.5771e+00 +6.0180e-01 -1.9473e+00 -8.9343e-01 +1.5792e+00 -9.1100e-01 +4.0141e-01 +4.4237e-01
4 0 +6.141161231e+01 -8.047838769e+01 -8.047838769e+01 +6.9271e-01 -1.4715e+00 +1.9170e+00 +3.4050e+00 +8.1756e-01 -1.5658e+00 +1.5518e+00 +1.6717e+00 -9.7535e-01 -5.8560e-01 +4.2776e+00 +3.5960e-02 +1.5771e+00 +6.0180e-01 -1.9473e+00 -8.9343e-01 +1.5792e+00 -9.1100e-01 +4.0141e-01 +4.4237e-01
12 0 +5.851880154e+01 -8.337119846e+01 -8.337119846e+01 +4.9022e-01 +4.0574e-01 +7.9446e-01 +2.5647e-01 -9.4930e-01 -3.0317e-01 +1.1145e+00 +8.7611e-01 -1.6500e+00 +7.7342e-01 +2.0886e+00 +5.6207e-01 +1.5253e+00 +6.2664e-01 -1.4324e+00 +4.6930e-02 +1.6468e+00 +9.4970e-02 +1.0566e+00 +1.3988e+00
19 0 +5.348841245e+01 -8.840158755e+01 -8.840158755e+01 +4.9824e-01 +3.9426e-01 +8.0500e-01 +4.2812e-01 -3.9724e-02 -3.2317e-01 +2.0347e+00 +8.7828e-01 -1.6594e+00 +7.6104e-01 +7.0757e-01 +5.5792e-01 +1.5183e+00 +6.1925e-01 -4.8245e-01 +4.6993e-02 +1.6565e+00 +7.3788e-02 +1.0534e+00 +3.7948e-01
34 0 +4.979082418e+01 -9.209917582e+01 -9.209917582e+01 +4.9740e-01 +3.9545e-01 +8.0390e-01 +2.2952e-01 -2.5494e-01 -3.2108e-01 +8.2139e-01 +8.7806e-01 -1.6559e+00 +7.6233e-01 +9.1010e-01 +5.5274e-01 +1.4121e+00 +6.2002e-01 -4.9686e-01 +4.6987e-02 +1.2737e+00 +6.7230e-02 +1.0537e+00 +6.2030e-01
% f evaluations | g evaluations | best noise-free fitness - Fopt (1.095700000000e+02) + sum g_i+ | measured fitness | best measured fitness or single-digit g-values | x1 | x2...
1 0 +5.411138543e+01 +1.636813854e+02 +1.636813854e+02 -2.5234e+00 +3.8496e-01 -1.7189e+00 -1.4003e+00 -2.4999e+00 -1.7067e+00 +1.0540e+00 +5.5814e-01 +8.4447e-01 -3.5574e-01 -2.3722e+00 -2.3351e+00 +1.1375e-01 +1.8032e+00 -8.5835e-01 -2.2370e+00 -2.9193e-01 -1.0620e+00 +1.3694e+00 +3.9024e-01
% f evaluations | g evaluations | best noise-free fitness - Fopt (7.836000000000e+01) + sum g_i+ | measured fitness | best measured fitness or single-digit g-values | x1 | x2...
1 0 +1.494286271e+02 +2.277886271e+02 +2.277886271e+02 +5.4274e-02 -1.9500e+00 -3.3589e+00 -2.8764e+00 -7.1356e-02 +7.5589e-01 -2.8187e+00 -1.0116e+00 +1.8539e+00 +3.5546e-01 -1.2275e+00 -2.3379e+00 +2.5561e+00 -1.2147e+00 -1.4705e-01 +3.5093e+00 -1.4688e+00 -8.5497e-01 -1.8758e-01 +5.4030e-01
3 0 +9.808185449e+01 +1.764418545e+02 +1.764418545e+02 +2.9776e-01 +1.5301e-01 -1.9759e+00 -4.1000e+00 +1.1375e+00 +2.5255e+00 -1.0684e+00 -2.0335e+00 +1.6350e-01 +1.4740e+00 -2.4617e+00 -1.6070e-01 +1.0158e+00 -2.8115e+00 +2.8481e-01 +2.5656e+00 -4.8066e-01 -3.2535e-01 -8.7699e-01 +1.0891e+00
5 0 +6.608926886e+01 +1.444492689e+02 +1.444492689e+02 -2.3127e+00 -5.5762e-01 +3.5402e-01 -2.9267e+00 +1.2810e+00 -4.5827e-01 +1.2624e+00 -2.3233e+00 +3.4246e+00 -4.0469e-01 -1.4174e+00 -2.6895e-01 -5.9459e-01 -2.1675e-01 -7.8206e-01 +1.8110e+00 -9.4411e-01 +8.1547e-02 +1.6463e-01 -4.9382e-01
36 0 +6.274509996e+01 +1.411051000e+02 +1.411051000e+02 -1.5043e+00 -8.8406e-01 -7.4106e-01 -4.1837e-01 +9.3892e-01 +3.1438e-02 +6.1357e-02 -7.3621e-01 +1.0681e+00 +1.3186e-02 -1.2042e+00 -6.8255e-01 +2.5063e-01 -2.6059e-01 -4.8492e-01 +1.6817e+00 -9.3985e-01 -7.0385e-02 +2.4242e-02 -8.7747e-02
% f evaluations | g evaluations | best noise-free fitness - Fopt (1.140900000000e+02) + sum g_i+ | measured fitness | best measured fitness or single-digit g-values | x1 | x2...
1 0 +6.368023939e+01 +1.777702394e+02 +1.777702394e+02 +1.2783e+00 +4.7289e+00 +1.0228e+00 +1.2997e-01 +2.2534e+00 +3.4693e+00 -2.9880e+00 -3.5707e+00 +9.8732e-01 -3.9950e-01 +7.6618e-01 +2.0402e+00 +6.7508e-01 +1.8540e+00 +4.1855e-02 +7.6164e-01 +1.1877e-01 +3.3847e-02 +6.5076e-01 -2.3166e-01
2 0 +6.179755028e+01 +1.758875503e+02 +1.758875503e+02 +1.4121e+00 +4.6177e+00 +1.2283e+00 +1.2380e-01 +2.0334e+00 +3.1609e+00 -2.6551e+00 -3.3204e+00 +1.0079e+00 -3.0161e-01 +8.7992e-01 +1.9906e+00 +4.6759e-01 +1.5899e+00 -1.5655e-01 +6.5389e-01 -6.6492e-02 +2.3071e-01 +4.9098e-01 -4.1069e-01
% f evaluations | g evaluations | best noise-free fitness - Fopt (-5.445900000000e+02) + sum g_i+ | measured fitness | best measured fitness or single-digit g-values | x1 | x2...
1 0 +1.318546411e+02 -4.127353589e+02 -4.127353589e+02 -2.3052e+00 +2.9427e-01 -4.9679e+00 -1.6833e-01 +4.7500e+00 +3.0254e+00 +1.5348e+00 -1.6364e+00 +2.2741e+00 +1.0208e+00 -7.3821e-01 +1.8829e+00 +6.8939e-01 -3.6723e+00 +3.0778e+00 +1.2774e+00 -1.0620e-01 +2.9401e+00 -4.3851e-01 -3.0853e-01
2 0 +7.788996763e+01 -4.667000324e+02 -4.667000324e+02 -4.9533e-01 -7.4657e-03 -2.7611e+00 -8.3940e-02 +3.8352e+00 +3.2359e-01 +1.2751e+00 +3.8721e-01 +1.8110e+00 +4.2721e-02 -4.7951e-01 +1.5805e+00 +1.8191e+00 -1.5106e+00 +1.0641e+00 -4.0735e-01 +1.0530e+00 +1.8418e+00 -5.8163e-01 +6.2101e-01
3 0 +6.570232684e+01 -4.788876732e+02 -4.788876732e+02 -6.0085e-02 -1.2133e-01 -1.9797e+00 -1.7984e-01 +3.4800e+00 -4.2805e-01 +1.2004e+00 +7.9090e-01 +1.6331e+00 -2.0460e-01 -3.1271e-01 +1.2510e+00 +2.0956e+00 -8.9330e-01 +6.1125e-01 -9.7314e-01 +1.1892e+00 +1.5475e+00 -6.4497e-01 +7.6229e-01
10 0 +5.973823179e+01 -4.848517682e+02 -4.848517682e+02 +1.2881e-01 -1.1467e-01 -1.6408e+00 -2.2298e-01 +2.3144e+00 -7.1477e-01 +1.1938e+00 +9.2694e-01 +1.5015e+00 -2.9910e-01 -3.1454e-01 +1.1485e+00 +2.2262e+00 -6.1845e-01 +4.1888e-01 -1.1462e+00 +1.2402e+00 +1.4219e+00 -6.2767e-01 +7.9586e-01
