% f evaluations | g evaluations | best noise-free fitness - Fopt (1.491500000000e+02) + sum g_i+ | measured fitness | best measured fitness or single-digit g-values | x1 | x2...
1 0 +2.761865700e+05 +2.763357200e+05 +2.763357200e+05 +2.3596e+00 -1.9972e+00 -9.4971e-01 -2.7890e+00 -2.2014e+00 +4.3998e+00 -1.6867e+00 +2.7111e+00 -1.4186e+00 -6.4276e-01
2 0 +1.551348368e+05 +1.552839868e+05 +1.552839868e+05 -4.5656e+00 -2.0906e-01 -4.7582e+00 -2.9913e+00 +1.3747e+00 +8.5706e-01 -1.0907e+00 +1.1040e+00 -4.2999e+00 -2.5515e+00
8 0 +7.264165080e+04 +7.279080080e+04 +7.279080080e+04 +2.6970e-01 -1.3277e+00 +3.5075e+00 +8.0312e-01 -2.6275e+00 +1.8585e+00 +1.5694e+00 -7.6340e-01 -3.0205e+00 +4.7183e+00
18 0 +2.996235938e+04 +3.011150938e+04 +3.011150938e+04 +2.4786e+00 +1.7665e+00 +7.2435e-01 +3.4726e+00 -3.0725e+00 -2.1198e+00 -3.6751e+00 -4.5095e+00 +1.2418e+00 -3.2079e+00
52 0 +2.443502239e+04 +2.458417239e+04 +2.458417239e+04 +2.4973e+00 +1.6917e+00 +1.2312e+00 +1.9083e+00 -1.4360e+00 -9.3525e-01 -3.6377e+00 -4.4292e+00 +2.9156e-01 -1.4661e+00
55 0 +1.619986349e+04 +1.634901349e+04 +1.634901349e+04 +1.8407e+00 +1.0156e+00 -1.6041e+00 +9.6727e-01 -1.5860e+00 -1.9860e+00 -3.1020e+00 -2.1400e+00 +1.6799e+00 -8.8124e-01
152 0 +8.670017013e+03 +8.819167013e+03 +8.819167013e+03 +2.1023e+00 +4.6704e-01 -2.5215e-01 +1.1476e+00 -2.5389e+00 -1.5250e+00 -2.8143e+00 -3.1365e+00 -5.6491e-01 -2.4945e+00
207 0 +5.896234664e+03 +6.045384664e+03 +6.045384664e+03 +1.5891e+00 -1.5833e-01 -2.3521e+00 +3.6341e-02 -2.3830e+00 -2.0829e+00 -2.1686e+00 -1.3222e+00 +1.5897e-01 -1.7699e+00
303 0 +5.849161755e+03 +5.998311755e+03 +5.998311755e+03 +1.6015e+00 -1.4316e-01 -2.3011e+00 +6.3300e-02 -2.3868e+00 -2.0694e+00 -2.1842e+00 -1.3662e+00 +1.4140e-01 -1.7875e+00
359 0 +5.597805708e+03 +5.746955708e+03 +5.746955708e+03 +1.6513e+00 -1.3539e-01 -2.0801e+00 +1.4761e-01 -2.4553e+00 -2.0044e+00 -2.2080e+00 -1.5467e+00 -4.3367e-02 -1.9338e+00
454 0 +5.340450448e+03 +5.489600448e+03 +5.489600448e+03 +1.6199e+00 -2.1024e-01 -2.1658e+00 +2.0269e-02 -2.5796e+00 -2.0116e+00 -2.0706e+00 -1.4464e+00 -2.8641e-01 -2.0800e+00
608 0 +5.129991114e+03 +5.279141114e+03 +5.279141114e+03 +1.6023e+00 -2.5209e-01 -2.2137e+00 -1.1307e-01 -2.6490e+00 -2.0156e+00 -1.9827e+00 -1.3903e+00 -4.2230e-01 -1.6634e+00
613 0 +3.257421243e+03 +3.406571243e+03 +3.406571243e+03 +9.4502e-01 -4.3720e-01 -2.4280e+00 -3.6663e-01 -2.9555e+00 -2.0341e+00 -1.6538e+00 -1.1403e+00 -1.0209e+00 -2.5213e+00
664 0 +3.159101896e+03 +3.308251896e+03 +3.308251896e+03 +1.1249e+00 +2.9375e-01 -8.3402e-01 +8.3967e-01 -2.4957e+00 -8.0454e-01 -2.6354e+00 -2.6338e+00 -3.6433e-01 -2.2938e+00
702 0 +2.835714085e+03 +2.984864085e+03 +2.984864085e+03 +9.9938e-01 -5.0953e-01 -1.8740e+00 -3.2993e-01 -2.7377e+00 -1.3885e+00 -1.9897e+00 -1.8928e+00 +4.6636e-02 -2.5162e+00
802 0 +2.713381129e+03 +2.862531129e+03 +2.862531129e+03 +9.9240e-01 -5.0024e-01 -1.9451e+00 -3.3464e-01 -2.7657e+00 -1.4714e+00 -1.9466e+00 -1.7962e+00 -9.0395e-02 -2.5169e+00
902 0 +2.622282195e+03 +2.771432195e+03 +2.771432195e+03 +1.0928e+00 +5.9071e-02 -1.1653e+00 +4.9209e-01 -2.5741e+00 -1.0056e+00 -2.4023e+00 -2.3836e+00 -2.8095e-01 -2.3541e+00
903 0 +2.427030545e+03 +2.576180545e+03 +2.576180545e+03 +1.0492e+00 -2.5870e-01 -1.6139e+00 +2.1454e-02 -2.6802e+00 -1.2779e+00 -2.0867e+00 -2.0449e+00 -1.6805e-01 -2.4358e+00
912 0 +2.389345284e+03 +2.538495284e+03 +2.538495284e+03 +3.8786e-01 -4.3720e-01 -2.4280e+00 -3.6663e-01 -2.9555e+00 -1.0171e+00 -6.9519e-01 -1.1403e+00 -1.0209e+00 -2.5213e+00
963 0 +1.862891119e+03 +2.012041119e+03 +2.012041119e+03 +4.2529e-01 -5.0443e-01 -1.8826e+00 -3.2557e-01 -2.7370e+00 -1.4029e+00 -1.9870e+00 -1.8803e+00 +3.3383e-02 -2.5043e+00
% f evaluations | g evaluations | best noise-free fitness - Fopt (-1.000000000000e+03) + sum g_i+ | measured fitness | best measured fitness or single-digit g-values | x1 | x2...
1 0 +1.292113186e+05 +1.282113186e+05 +1.282113186e+05 -4.4797e+00 +4.8933e-01 -2.8624e+00 -2.3088e-01 +1.9559e+00 -3.7765e+00 -4.5012e-01 +9.4084e-01 -3.8307e+00 +4.9399e+00
8 0 +6.690042780e+04 +6.590042780e+04 +6.590042780e+04 -1.1922e+00 -1.1668e+00 +4.6456e+00 -3.9779e+00 -6.0291e-01 -1.0037e-01 -2.8381e+00 +1.8192e+00 +2.8172e+00 +3.7361e+00
18 0 +3.312765927e+04 +3.212765927e+04 +3.212765927e+04 -1.6179e+00 +1.7044e+00 -1.7966e+00 -4.6613e+00 -4.6402e-01 -4.0655e+00 -2.4522e+00 -3.5514e+00 -1.4540e+00 -6.1344e-01
43 0 +3.256035974e+04 +3.156035974e+04 +3.156035974e+04 -5.1442e-01 +3.1857e+00 +3.7069e+00 -1.2956e+00 -3.6034e+00 -1.9050e+00 -4.5751e+00 -4.9872e+00 -4.9721e-01 -3.2533e+00
52 0 +1.745134457e+04 +1.645134457e+04 +1.645134457e+04 -8.3530e-01 +2.7549e+00 +2.1065e+00 -2.2743e+00 -2.6905e+00 -2.5333e+00 -3.9577e+00 -4.5696e+00 -7.7544e-01 -2.4856e+00
53 0 +1.706260481e+04 +1.606260481e+04 +1.606260481e+04 -1.2970e+00 +2.1352e+00 -1.9620e-01 -3.6825e+00 -1.3770e+00 -3.4372e+00 -3.0695e+00 -3.9689e+00 -1.1757e+00 -1.3811e+00
105 0 +1.417491128e+04 +1.317491128e+04 +1.317491128e+04 -1.7429e+00 +2.1911e+00 +4.6102e-01 -3.5076e+00 -1.8588e+00 -3.5145e+00 -2.9030e+00 -3.6365e+00 -1.3989e+00 -1.4811e+00
108 0 +1.193434183e+04 +1.093434183e+04 +1.093434183e+04 -1.7981e+00 +2.4749e+00 +1.7609e+00 -2.8368e+00 -2.6588e+00 -3.1874e+00 -3.1749e+00 -3.7002e+00 -1.3573e+00 -1.9869e+00
158 0 +9.799162842e+03 +8.799162842e+03 +8.799162842e+03 -1.1547e+00 +9.8574e-03 +2.4603e-01 -1.5498e+00 -1.9019e+00 -2.0029e+00 -1.8440e+00 -1.8732e+00 -1.7432e+00 +1.5901e-01
257 0 +7.702310047e+03 +6.702310047e+03 +6.702310047e+03 -2.5793e+00 +2.1555e+00 +1.2403e+00 -2.4032e+00 -1.8722e+00 -2.9171e+00 -1.8721e+00 -2.6931e+00 -1.5122e+00 -1.1664e+00
404 0 +6.978779948e+03 +5.978779948e+03 +5.978779948e+03 -1.9952e+00 +1.7159e+00 +7.1944e-01 -2.5585e+00 -1.7978e+00 -2.8681e+00 -2.0524e+00 -2.8294e+00 -1.4962e+00 -7.0691e-01
452 0 +6.707467113e+03 +5.707467113e+03 +5.707467113e+03 -1.5950e+00 +9.0345e-01 +4.9400e-01 -2.0782e+00 -1.8474e+00 -2.4561e+00 -1.9532e+00 -2.2540e+00 -1.6138e+00 -2.9456e-01
512 0 +4.602063858e+03 +3.602063858e+03 +3.602063858e+03 -1.5714e+00 +1.0877e+00 +4.8209e-01 -2.4951e+00 -1.9832e+00 -2.6914e+00 -1.5721e+00 -2.5619e+00 -1.4760e-01 -6.5456e-01
712 0 +4.270781897e+03 +3.270781897e+03 +3.270781897e+03 -1.5572e+00 +8.5808e-01 +4.7290e-01 -2.0929e+00 -1.8700e+00 -2.4522e+00 -1.8932e+00 -2.2458e+00 -4.7214e-01 -3.0749e-01
809 0 +4.256060803e+03 +3.256060803e+03 +3.256060803e+03 -1.5806e+00 +8.8697e-01 +4.9046e-01 -2.0986e+00 -1.8696e+00 -2.4620e+00 -1.8939e+00 -2.2549e+00 -5.5404e-01 -3.2590e-01
913 0 +3.774713963e+03 +2.774713963e+03 +2.774713963e+03 -1.5572e+00 +8.5808e-01 +4.7290e-01 -2.0929e+00 -1.8700e+00 -1.9691e+00 -1.8932e+00 -2.2458e+00 -4.7214e-01 -3.0749e-01
% f evaluations | g evaluations | best noise-free fitness - Fopt (9.862000000000e+01) + sum g_i+ | measured fitness | best measured fitness or single-digit g-values | x1 | x2...
1 0 +1.721467207e+05 +1.722453407e+05 +1.722453407e+05 +1.5430e+00 -1.1780e+00 -4.8075e+00 +1.0732e+00 +2.5913e+00 +1.5149e+00 -3.3234e+00 -1.4615e+00 -3.6794e-02 +4.7480e+00
17 0 +1.182800396e+05 +1.183786596e+05 +1.183786596e+05 -1.3239e-01 +2.3148e+00 +1.8557e-01 -2.3353e+00 +2.9046e+00 -1.3977e+00 -2.8427e+00 -3.6816e+00 +1.2039e+00 -4.8060e-01
19 0 +7.431276413e+04 +7.441138413e+04 +7.441138413e+04 -3.1364e-02 +1.0766e+00 -2.1434e+00 -3.2238e+00 -1.2442e+00 -3.2953e+00 +6.1648e-01 -6.0528e-01 -4.6493e+00 +2.1530e+00
21 0 +6.565290785e+04 +6.575152785e+04 +6.575152785e+04 -1.7198e-01 -2.5717e+00 -7.9324e-01 -2.1641e+00 +4.1326e+00 -1.6412e+00 -3.8654e+00 -4.5187e+00 -6.8198e-01 -3.5589e+00
35 0 +3.433944597e+04 +3.443806597e+04 +3.443806597e+04 -2.3545e-01 -2.8877e+00 +1.7344e+00 -4.1769e+00 -5.8588e-01 -5.6266e-01 -2.0399e-01 -2.9016e+00 +9.3779e-01 +3.1361e+00
104 0 +2.655729671e+04 +2.665591671e+04 +2.665591671e+04 -6.9570e-01 -1.0558e-02 -2.3748e+00 -1.3471e+00 +8.8491e-01 -9.4822e-01 -9.3131e-02 -2.4539e+00 -2.8296e+00 +1.4637e+00
105 0 +2.590931512e+04 +2.600793512e+04 +2.600793512e+04 -9.0203e-01 -3.4822e-01 -2.4466e+00 -7.6426e-01 +1.5462e+00 -2.1926e-01 -3.1352e-01 -3.0280e+00 -2.2645e+00 +1.2497e+00
108 0 +1.570341657e+04 +1.580203657e+04 +1.580203657e+04 -1.1794e+00 -9.3643e-01 -2.6291e-01 -8.5375e-01 -1.8031e+00 +9.7212e-01 -9.8077e-01 -1.4932e+00 -1.1351e+00 -3.2365e+00
154 0 +1.028526225e+04 +1.038388225e+04 +1.038388225e+04 +4.3776e-01 -1.7741e+00 -6.7993e-01 -2.3831e+00 +2.9479e-01 -9.6970e-01 +6.7797e-02 -3.3106e+00 -1.0433e+00 +1.1132e+00
155 0 +9.104793501e+03 +9.203413501e+03 +9.203413501e+03 +4.2734e-02 -1.3537e+00 -1.2008e+00 -1.9058e+00 +6.6375e-01 -7.4844e-01 -4.4632e-02 -3.2273e+00 -1.4034e+00 +1.1535e+00
202 0 +8.808057538e+03 +8.906677538e+03 +8.906677538e+03 +1.5728e-02 -1.3444e+00 -1.1801e+00 -1.8825e+00 +6.0924e-01 -7.1042e-01 -6.5319e-02 -3.1889e+00 -1.3975e+00 +1.0564e+00
303 0 +8.357543335e+03 +8.456163335e+03 +8.456163335e+03 -3.0256e-02 -1.3287e+00 -1.1448e+00 -1.8430e+00 +5.1643e-01 -6.4568e-01 -1.0054e-01 -3.1237e+00 -1.3874e+00 +8.9127e-01
305 0 +7.816002481e+03 +7.914622481e+03 +7.914622481e+03 -2.2907e-01 -1.2609e+00 -9.9223e-01 -1.6718e+00 +1.1512e-01 -3.6579e-01 -6.0854e-02 -2.8416e+00 -1.3437e+00 +1.7711e-01
356 0 +7.558214304e+03 +7.656834304e+03 +7.656834304e+03 -2.8987e-01 -1.2401e+00 -9.4557e-01 -1.6195e+00 -7.5968e-03 -2.8019e-01 -1.2033e-01 -2.7553e+00 -1.3304e+00 -4.1281e-02
612 0 +5.317442645e+03 +5.416062645e+03 +5.416062645e+03 -1.6159e-01 -1.2157e+00 -4.9339e-01 -1.6971e+00 +5.2984e-01 -5.4075e-01 -1.0553e-01 -3.0513e+00 -1.4652e+00 +7.6796e-01
814 0 +4.996475004e+03 +5.095095004e+03 +5.095095004e+03 -1.8457e-01 -1.2348e+00 -6.7493e-01 -1.6744e+00 +5.1219e-01 -4.9539e-01 -1.1325e-01 -1.7333e+00 -1.4301e+00 +7.0081e-01
859 0 +4.725627359e+03 +4.824247359e+03 +4.824247359e+03 -1.7822e-01 -1.2295e+00 -6.2481e-01 -1.6807e+00 +5.1706e-01 -5.0791e-01 -1.1112e-01 -2.0972e+00 -1.4398e+00 +7.1935e-01
% f evaluations | g evaluations | best noise-free fitness - Fopt (-4.715000000000e+01) + sum g_i+ | measured fitness | best measured fitness or single-digit g-values | x1 | x2...
1 0 +7.850108102e+04 +7.845393102e+04 +7.845393102e+04 -4.9987e-01 +1.2947e+00 -2.1028e+00 -3.5519e+00 -2.0256e+00 +2.1446e+00 +1.5114e+00 +2.4578e+00 +1.0900e+00 +4.2242e+00
3 0 +7.740492693e+04 +7.735777693e+04 +7.735777693e+04 -4.4380e+00 +1.2716e+00 +6.6643e-01 +1.4543e-01 -4.6157e+00 -8.3696e-01 -1.4624e+00 -4.6179e+00 -1.6777e+00 -3.6279e+00
26 0 +2.441106066e+04 +2.436391066e+04 +2.436391066e+04 -2.8202e+00 -6.4019e-01 -3.2143e+00 -3.6288e+00 -4.2529e+00 +1.2074e+00 -3.7660e+00 -3.1530e+00 -4.3646e-01 -2.1728e+00
153 0 +1.850813694e+04 +1.846098694e+04 +1.846098694e+04 -1.9876e+00 +6.8639e-01 -1.0961e+00 -2.2857e+00 -8.0158e-01 -7.5391e-01 -6.0397e-02 +1.0296e+00 +7.4721e-04 +1.4162e+00
206 0 +5.266279631e+03 +5.219129631e+03 +5.219129631e+03 -1.0663e+00 -2.3152e+00 -8.2310e-01 -3.5230e+00 -2.7593e+00 +2.3459e+00 -2.7021e+00 -8.2513e-01 -1.9033e+00 -2.8712e+00
256 0 +4.496919208e+03 +4.449769208e+03 +4.449769208e+03 -1.1859e+00 -1.9255e+00 -8.5855e-01 -3.3623e+00 -2.5051e+00 +1.9434e+00 -2.3590e+00 -5.8430e-01 -1.6560e+00 -2.3145e+00
306 0 +4.186305632e+03 +4.139155632e+03 +4.139155632e+03 -2.5651e+00 -2.0179e+00 -7.1328e-01 -2.2256e+00 -1.6417e+00 +2.8345e+00 -4.8007e-01 -1.7942e+00 -1.5917e+00 +5.6986e-01
307 0 +2.341983350e+03 +2.294833350e+03 +2.294833350e+03 -2.5940e+00 -1.7476e+00 -1.2134e+00 -2.5243e+00 -2.1785e+00 +2.5030e+00 -1.1675e+00 -2.0509e+00 -1.3660e+00 -2.7155e-02
407 0 +2.224848167e+03 +2.177698167e+03 +2.177698167e+03 -2.4445e+00 -1.8408e+00 -1.0727e+00 -2.5559e+00 -2.1214e+00 +2.5572e+00 -1.1687e+00 -1.8824e+00 -1.4664e+00 -1.7005e-01
409 0 +1.579412674e+03 +1.532262674e+03 +1.532262674e+03 -2.2106e+00 -1.6636e+00 -1.1013e+00 -2.7074e+00 -2.1624e+00 +2.1924e+00 -1.3752e+00 -1.5051e+00 -1.3685e+00 -5.6548e-01
553 0 +1.391638777e+03 +1.344488777e+03 +1.344488777e+03 -2.0891e+00 -1.8932e+00 -1.1242e+00 -2.8747e+00 -1.7541e+00 +2.3988e+00 -1.7185e+00 -1.6438e+00 -1.5137e+00 -7.6169e-01
705 0 +1.224672997e+03 +1.177522997e+03 +1.177522997e+03 -2.0956e+00 -1.8123e+00 -1.1436e+00 -2.8939e+00 -1.8331e+00 +2.1917e+00 -1.9038e+00 -1.7026e+00 -1.4128e+00 -7.1352e-01
713 0 +1.005351660e+03 +9.582016598e+02 +9.582016598e+02 -2.1644e+00 -1.8719e+00 -1.1366e+00 -2.8219e+00 -1.8180e+00 +2.4151e+00 -1.6350e+00 -1.7041e+00 -3.0225e-01 -6.5156e-01
952 0 +9.936274996e+02 +9.464774996e+02 +9.464774996e+02 -2.1605e+00 -1.8705e+00 -1.1354e+00 -2.8236e+00 -1.8186e+00 +2.4112e+00 -1.6367e+00 -1.6980e+00 -4.8608e-01 -6.5702e-01
954 0 +8.448275932e+02 +7.976775932e+02 +7.976775932e+02 -2.1531e+00 -1.8657e+00 -1.1368e+00 -2.8326e+00 -1.8188e+00 +2.2428e+00 -1.6705e+00 -1.7015e+00 -6.4244e-01 -6.6329e-01
1005 0 +6.986588623e+02 +6.515088623e+02 +6.515088623e+02 -2.1543e+00 -1.8663e+00 -1.1368e+00 -2.8314e+00 -1.8187e+00 +2.0310e+00 -1.6667e+00 -1.7018e+00 -6.0609e-01 -6.6204e-01
% f evaluations | g evaluations | best noise-free fitness - Fopt (3.752000000000e+01) + sum g_i+ | measured fitness | best measured fitness or single-digit g-values | x1 | x2...
1 0 +3.541143442e+05 +3.541518642e+05 +3.541518642e+05 +2.8499e+00 -8.7116e-01 -4.9401e+00 -3.3952e+00 -3.5864e+00 +4.2436e+00 +2.0271e+00 -1.8812e+00 +4.9737e+00 +2.6482e+00
3 0 +3.224376983e+05 +3.224752183e+05 +3.224752183e+05 +2.2290e+00 +2.8699e+00 +2.5546e+00 +3.7584e+00 +6.4339e-01 +2.4309e+00 -1.9590e+00 +4.1229e+00 -3.1889e+00 +2.9533e+00
4 0 +9.292688903e+04 +9.296440903e+04 +9.296440903e+04 +2.4757e+00 +5.9442e-01 +3.0237e+00 +4.0182e-01 +3.3429e+00 -1.3755e+00 -1.2971e+00 -2.6139e+00 -1.6457e+00 +2.9395e+00
8 0 +7.602066139e+04 +7.605818139e+04 +7.605818139e+04 +3.9676e+00 -4.4090e-02 +1.3024e+00 -2.3375e+00 +3.9687e-01 +1.0881e+00 -3.5588e+00 +1.2287e+00 +4.2273e+00 +8.5891e-01
14 0 +5.436357471e+04 +5.440109471e+04 +5.440109471e+04 -2.7942e+00 -2.7823e+00 +2.8490e+00 -2.8468e+00 +5.4642e-01 +4.6432e+00 +3.5579e+00 +2.8840e-01 +2.5995e-01 -4.0075e+00
56 0 +5.199901823e+04 +5.203653823e+04 +5.203653823e+04 -1.0932e+00 +1.3326e+00 -3.8645e-01 -4.9012e-01 +3.3440e+00 +1.7245e+00 -2.4122e-01 +1.3633e-01 +6.0469e-01 +4.4632e+00
58 0 +2.400395464e+04 +2.404147464e+04 +2.404147464e+04 +1.8680e+00 +5.3751e-02 +2.7404e-01 -5.6104e-01 +1.3011e+00 +3.4892e-01 -1.5472e+00 +7.1242e-01 +3.2322e+00 +2.3474e+00
102 0 +8.510410471e+03 +8.547930471e+03 +8.547930471e+03 +8.9417e-01 -5.3861e-01 +8.1186e-01 -1.0385e+00 +1.1435e+00 +1.2459e+00 -4.8093e-01 +6.2385e-01 +2.6114e+00 +1.0201e+00
208 0 +4.677509840e+03 +4.715029840e+03 +4.715029840e+03 +3.8706e-01 -8.4709e-01 +1.0919e+00 -1.2871e+00 +1.0614e+00 +1.7129e+00 +7.4348e-02 +5.7773e-01 +2.2881e+00 +3.2885e-01
209 0 +2.790069813e+03 +2.827589813e+03 +2.827589813e+03 -3.9387e-01 -1.3221e+00 +1.5232e+00 -1.6699e+00 +9.3499e-01 +2.4322e+00 +9.2947e-01 +5.0671e-01 +1.7902e+00 -7.3561e-01
663 0 +2.616511644e+03 +2.654031644e+03 +2.654031644e+03 -1.9019e-01 -1.2865e+00 +1.4909e+00 -1.6413e+00 +9.4446e-01 +2.3783e+00 +8.6541e-01 +5.1203e-01 +1.8275e+00 -6.5586e-01
710 0 +2.503164351e+03 +2.540684351e+03 +2.540684351e+03 -4.2593e-01 -1.3416e+00 +1.5409e+00 -1.6857e+00 +5.2729e-01 +1.4941e+00 +9.6458e-01 +5.0379e-01 +1.7698e+00 -7.7930e-01
854 0 +2.450101173e+03 +2.487621173e+03 +2.487621173e+03 -2.8790e-01 -1.2894e+00 +1.4935e+00 -1.6435e+00 +8.5376e-01 +2.1664e+00 +8.7054e-01 +5.1160e-01 +1.8245e+00 -6.6225e-01
855 0 +2.355856280e+03 +2.393376280e+03 +2.393376280e+03 -3.8016e-01 -1.3244e+00 +1.5253e+00 -1.6717e+00 +6.3562e-01 +1.7173e+00 +9.3346e-01 +5.0637e-01 +1.7879e+00 -7.4058e-01
905 0 +2.275645664e+03 +2.313165664e+03 +2.313165664e+03 -2.8347e-01 -1.3046e+00 +1.5073e+00 -1.6558e+00 +7.3602e-01 +1.9161e+00 +8.9786e-01 +5.0933e-01 +1.8086e+00 -6.9626e-01
913 0 +2.122484871e+03 +2.160004871e+03 +2.160004871e+03 -2.9509e-01 -1.2857e+00 +1.4902e+00 -1.6406e+00 +9.4046e-01 +1.4102e+00 +8.6395e-01 +5.1215e-01 +1.8284e+00 -6.5404e-01
% f evaluations | g evaluations | best noise-free fitness - Fopt (6.740000000000e+00) + sum g_i+ | measured fitness | best measured fitness or single-digit g-values | x1 | x2...
1 0 +4.909367538e+05 +4.909434938e+05 +4.909434938e+05 +3.9723e-02 +4.8409e+00 +3.8951e+00 +1.7280e+00 +1.1171e+00 +4.1848e+00 +4.8947e+00 +4.9518e+00 -1.6837e+00 +1.5767e+00
2 0 +4.850085095e+05 +4.850152495e+05 +4.850152495e+05 +3.7249e+00 -8.6601e-01 +4.5014e+00 -4.1449e+00 +1.0758e+00 -4.2138e-01 +3.7968e+00 -1.6505e-01 +1.8430e+00 +3.0190e+00
3 0 +4.177326974e+04 +4.178000974e+04 +4.178000974e+04 +1.9742e+00 +2.6867e+00 -3.0534e+00 +1.5592e+00 -1.0354e+00 +1.7093e+00 -7.2960e-01 -3.0662e+00 -4.0619e+00 +1.9695e-01
16 0 +1.665228786e+04 +1.665902786e+04 +1.665902786e+04 +2.3269e+00 -4.2509e-01 -4.1299e+00 +3.1109e-01 -3.7970e+00 -6.1563e-01 -3.3654e+00 +2.4736e+00 +3.4405e+00 +4.6934e+00
57 0 +1.502919153e+04 +1.503593153e+04 +1.503593153e+04 +2.0757e+00 +4.3771e-02 -3.3569e+00 +3.8569e-01 -3.9017e+00 -4.0450e-01 -2.8922e+00 +2.2630e+00 +3.5587e+00 +3.6431e+00
102 0 +1.250636361e+04 +1.251310361e+04 +1.251310361e+04 +1.7826e+00 +3.4846e-01 -3.4464e+00 +6.2962e-01 -3.4853e+00 -6.0836e-01 -2.7363e+00 +1.9338e+00 +3.4274e+00 +3.2590e+00
152 0 +7.437044597e+03 +7.443784597e+03 +7.443784597e+03 +2.0810e+00 +1.7440e+00 -3.3795e+00 +1.1811e+00 -1.8720e+00 +1.0049e+00 -1.5281e+00 -1.3879e+00 -1.7890e+00 +1.5592e+00
153 0 +6.362084176e+03 +6.368824176e+03 +6.368824176e+03 +2.2200e+00 +5.1762e-01 -3.8038e+00 +6.8920e-01 -2.9604e+00 +8.8703e-02 -2.5669e+00 +7.9530e-01 +1.1677e+00 +3.3312e+00
155 0 +3.616668967e+03 +3.623408967e+03 +3.623408967e+03 +1.2291e+00 +2.1205e-01 -2.1684e+00 +1.1745e+00 -2.4515e+00 -7.7039e-01 -3.0206e+00 +1.1457e+00 +2.5879e+00 +2.1592e+00
613 0 +2.379273463e+03 +2.386013463e+03 +2.386013463e+03 +1.2254e+00 +3.7241e-01 -2.4324e+00 +1.1285e+00 -2.5221e+00 -7.5467e-01 -2.9445e+00 +1.2072e+00 +5.4490e-01 +2.2286e+00
614 0 +2.208934346e+03 +2.215674346e+03 +2.215674346e+03 +1.2254e+00 +3.7241e-01 -2.4324e+00 +1.1285e+00 -2.5221e+00 -7.5467e-01 -2.9445e+00 +1.2072e+00 +2.3633e+00 +2.2286e+00
658 0 +2.165331893e+03 +2.172071893e+03 +2.172071893e+03 +1.2256e+00 +3.6364e-01 -2.4180e+00 +1.1310e+00 -2.5183e+00 -7.5553e-01 -2.9487e+00 +1.2038e+00 +6.5657e-01 +2.2248e+00
703 0 +1.957334091e+03 +1.964074091e+03 +1.964074091e+03 +1.2258e+00 +3.5511e-01 -2.4039e+00 +1.1335e+00 -2.5145e+00 -7.5637e-01 -2.9527e+00 +1.2005e+00 +7.6530e-01 +2.2211e+00
713 0 +1.183941495e+03 +1.190681495e+03 +1.190681495e+03 +1.2291e+00 +2.1205e-01 -2.1684e+00 +1.1745e+00 -2.4515e+00 -7.7039e-01 -3.0206e+00 +1.1457e+00 +1.9756e+00 +2.1592e+00
858 0 +9.743397501e+02 +9.810797501e+02 +9.810797501e+02 +1.2287e+00 +2.3019e-01 -2.1982e+00 +1.1693e+00 -2.4595e+00 -7.6861e-01 -3.0120e+00 +1.1527e+00 +1.8178e+00 +2.1670e+00
953 0 +9.434142464e+02 +9.501542464e+02 +9.501542464e+02 +1.2286e+00 +2.3474e-01 -2.2057e+00 +1.1680e+00 -2.4615e+00 -7.6816e-01 -3.0098e+00 +1.1544e+00 +1.7782e+00 +2.1690e+00
954 0 +8.485369050e+02 +8.552769050e+02 +8.552769050e+02 +1.2270e+00 +3.0289e-01 -2.3180e+00 +1.1485e+00 -2.4915e+00 -7.6148e-01 -2.9775e+00 +1.1805e+00 +1.3223e+00 +1.3478e+00
% f evaluations | g evaluations | best noise-free fitness - Fopt (-1.897900000000e+02) + sum g_i+ | measured fitness | best measured fitness or single-digit g-values | x1 | x2...
1 0 +4.310571192e+05 +4.308673292e+05 +4.308673292e+05 +4.5531e+00 -4.5897e+00 +3.8239e+00 -3.8490e+00 -4.5628e+00 +3.3597e+00 +2.0439e+00 +1.5095e+00 +3.9342e+00 -6.4863e-01
2 0 +2.704272106e+05 +2.702374206e+05 +2.702374206e+05 -1.5582e+00 -4.1801e+00 +1.0390e-01 +1.5972e+00 -3.6964e+00 +3.5514e+00 +1.6373e+00 -2.4215e+00 -3.0057e+00 -3.3330e+00
5 0 +9.642641301e+04 +9.623662301e+04 +9.623662301e+04 +3.4862e+00 +4.4346e+00 -1.9578e-01 -1.6857e+00 +2.4124e+00 +2.9541e+00 -2.6950e+00 +1.9995e+00 -8.7504e-01 +3.3194e+00
11 0 +3.450563559e+04 +3.431584559e+04 +3.431584559e+04 -2.8123e+00 +5.9559e-02 +3.6254e+00 -4.6099e+00 +2.2339e+00 +1.6168e+00 +1.1529e+00 -2.1506e+00 +2.0184e+00 -2.2157e+00
20 0 +2.981750604e+04 +2.962771604e+04 +2.962771604e+04 -4.5080e+00 -1.8136e+00 +2.0678e+00 -1.6289e+00 -1.1645e+00 +1.2956e+00 -5.5254e-01 +3.7379e+00 -1.8478e+00 +2.5210e+00
33 0 +2.670263777e+04 +2.651284777e+04 +2.651284777e+04 +3.3889e-01 +1.6117e-01 +7.1299e-01 -2.3937e+00 +2.1605e+00 -2.4094e+00 -2.7099e+00 +2.0464e+00 +1.3659e+00 +1.9014e+00
52 0 +1.246319275e+04 +1.227340275e+04 +1.227340275e+04 -4.1428e+00 -1.3776e-01 +1.8165e+00 -1.0145e-01 -1.0156e+00 +2.0351e+00 +2.3364e-01 +3.3942e+00 -1.8476e-01 +5.1887e-01
55 0 +1.209238038e+04 +1.190259038e+04 +1.190259038e+04 +6.6076e-01 +7.2407e-01 +3.3452e+00 -5.5439e-01 +6.8020e-01 -1.0154e+00 -1.5640e+00 -1.3177e-01 +1.7128e+00 +1.2960e+00
106 0 +5.564770321e+03 +5.374980321e+03 +5.374980321e+03 -2.3696e-01 +1.4995e+00 +2.9345e+00 -1.6323e-01 +1.6436e+00 +4.9839e-01 +6.9898e-02 -5.2289e-01 +1.3544e+00 +1.5867e+00
154 0 +5.266500873e+03 +5.076710873e+03 +5.076710873e+03 -4.8821e-01 +1.2831e+00 +2.9239e+00 -4.3946e-01 +1.2931e+00 +2.5353e-01 -2.7713e-01 -4.2174e-01 +1.2016e+00 +1.7954e+00
202 0 +2.593495599e+03 +2.403705599e+03 +2.403705599e+03 -2.5014e+00 +2.9495e-01 +2.4275e+00 -7.7194e-01 -3.1075e-01 +5.9872e-01 -6.5763e-01 +1.4011e+00 +3.3840e-01 +1.6056e+00
204 0 +2.237232447e+03 +2.047442447e+03 +2.047442447e+03 -2.2129e+00 +6.1256e-01 +2.4013e+00 -2.7994e-01 +2.0355e-01 +1.0943e+00 -3.6078e-02 +1.3791e+00 +5.4732e-01 +1.1930e+00
406 0 +2.107065754e+03 +1.917275754e+03 +1.917275754e+03 -2.4529e+00 +3.6030e-01 +2.4165e+00 -6.5903e-01 +1.1490e-02 +7.1909e-01 -5.1460e-01 +1.4137e+00 +3.7931e-01 +1.5064e+00
457 0 +2.044801038e+03 +1.855011038e+03 +1.855011038e+03 -2.3121e+00 +4.5751e-01 +2.4270e+00 -5.9561e-01 +1.3797e-01 +7.0404e-01 -4.6722e-01 +1.2949e+00 +4.3192e-01 +1.4975e+00
509 0 +2.032287983e+03 +1.842497983e+03 +1.842497983e+03 -2.3207e+00 +4.8053e-01 +2.4159e+00 -5.0644e-01 +1.2029e-01 +8.4513e-01 -3.1630e-01 +1.3606e+00 +4.5657e-01 +1.3945e+00
610 0 +1.852165149e+03 +1.662375149e+03 +1.662375149e+03 -2.3675e+00 +4.2170e-01 +2.4220e+00 -6.1269e-01 +8.7332e-02 +7.2185e-01 -1.5962e-01 +1.3466e+00 +4.1357e-01 +1.4922e+00
910 0 +1.791768968e+03 +1.601978968e+03 +1.601978968e+03 -2.4091e+00 +4.0572e-01 +2.4138e+00 -5.9080e-01 +4.6084e-02 +7.8661e-01 -4.2848e-01 +1.4074e+00 +4.0956e-01 +8.2308e-01
962 0 +1.376948748e+03 +1.187158748e+03 +1.187158748e+03 -2.3572e+00 +4.0282e-01 +2.4229e+00 -6.0950e-01 +9.6788e-02 +7.1852e-01 -2.1707e-01 +1.3369e+00 +4.1700e-01 +1.3770e-01
% f evaluations | g evaluations | best noise-free fitness - Fopt (-2.774000000000e+01) + sum g_i+ | measured fitness | best measured fitness or single-digit g-values | x1 | x2...
1 0 +4.063341016e+05 +4.063063616e+05 +4.063063616e+05 -1.0264e+00 +4.6082e+00 +7.1497e-01 -3.4755e+00 -2.0103e+00 -1.2017e+00 -3.9755e-01 -4.4599e+00 -3.7799e+00 +1.0579e+00
3 0 +3.375281731e+05 +3.375004331e+05 +3.375004331e+05 -1.1217e-01 +2.1489e+00 +3.3334e+00 +4.8695e+00 -3.6675e+00 +1.0998e+00 -2.5416e+00 +1.6598e+00 -3.8400e+00 -4.1970e+00
5 0 +2.202099028e+05 +2.201821628e+05 +2.201821628e+05 +4.2392e+00 -4.8797e+00 -3.0088e+00 +2.7916e-01 -2.6853e+00 +3.4257e+00 -2.7286e+00 +4.4501e+00 -2.3612e-01 -3.3841e+00
6 0 +1.228836053e+05 +1.228558653e+05 +1.228558653e+05 +1.5140e+00 -4.3102e+00 +1.4680e+00 -3.5604e+00 -3.1869e+00 -2.5514e+00 +3.5990e+00 +1.9416e+00 +1.0610e+00 +1.9591e+00
17 0 +5.858372375e+04 +5.855598375e+04 +5.855598375e+04 +1.3124e+00 -1.8928e+00 +1.2564e+00 +7.9636e-01 -3.3724e+00 +2.3443e-02 -3.0740e+00 +2.5363e+00 -2.4882e+00 +3.3061e+00
18 0 +1.828607147e+04 +1.825833147e+04 +1.825833147e+04 -3.5481e+00 -2.5606e+00 -2.1580e+00 -2.6759e-01 +2.5002e+00 +1.9887e+00 +7.7698e-01 -6.9637e-01 -4.5191e+00 -3.4517e+00
56 0 +1.253860143e+04 +1.251086143e+04 +1.251086143e+04 -5.2248e-01 -2.1449e+00 -3.2558e-02 +3.9472e-01 -1.1555e+00 +7.6533e-01 -1.6202e+00 +1.3160e+00 -3.2549e+00 +7.5502e-01
57 0 +4.916874063e+03 +4.889134063e+03 +4.889134063e+03 -1.7133e+00 -2.3085e+00 -8.6905e-01 +1.3406e-01 +2.8327e-01 +1.2468e+00 -6.7678e-01 +5.2399e-01 -3.7524e+00 -9.0056e-01
152 0 +4.321381614e+03 +4.293641614e+03 +4.293641614e+03 -2.5622e+00 -1.9583e+00 -1.5372e+00 +2.8257e-01 +1.3019e+00 +1.4519e+00 -2.6775e-01 -4.2649e-02 -3.6587e+00 -2.0286e+00
153 0 +3.831698174e+03 +3.803958174e+03 +3.803958174e+03 -2.3336e+00 -2.0526e+00 -1.3573e+00 +2.4258e-01 +1.0276e+00 +1.3967e+00 -3.7790e-01 +1.0994e-01 -3.6839e+00 -1.7248e+00
314 0 +3.124691616e+03 +3.096951616e+03 +3.096951616e+03 -1.5574e+00 -2.0526e+00 -1.3573e+00 +2.4258e-01 +1.0276e+00 +1.3967e+00 -3.7790e-01 +1.0994e-01 -3.6839e+00 -1.7248e+00
464 0 +2.602316753e+03 +2.574576753e+03 +2.574576753e+03 -2.3336e+00 -2.0526e+00 -1.3573e+00 +2.4258e-01 +1.0276e+00 +2.2947e-01 -3.7790e-01 +1.0994e-01 -3.6839e+00 -1.7248e+00
512 0 +2.227992714e+03 +2.200252714e+03 +2.200252714e+03 -2.3336e+00 -2.0526e+00 -1.3573e+00 +2.4258e-01 +1.0276e+00 +2.2947e-01 -3.7790e-01 +1.0994e-01 -3.6839e+00 -1.5404e-01
560 0 +2.026565345e+03 +1.998825345e+03 +1.998825345e+03 -7.3352e-01 -2.0478e+00 -1.3664e+00 +2.4460e-01 +1.0415e+00 +4.3529e-01 -3.7232e-01 +1.0221e-01 -3.6826e+00 -1.7402e+00
652 0 +1.982473820e+03 +1.954733820e+03 +1.954733820e+03 -1.7832e+00 -2.0511e+00 -1.3602e+00 +2.4323e-01 +1.0321e+00 +5.6122e-01 -3.7612e-01 +1.0747e-01 -3.6835e+00 -1.7298e+00
704 0 +1.905507787e+03 +1.877767787e+03 +1.877767787e+03 -1.9938e+00 -2.0517e+00 -1.3590e+00 +2.4295e-01 +1.0302e+00 +5.0873e-01 -3.7687e-01 +1.0852e-01 -3.6837e+00 -1.1115e+00
705 0 +1.893122843e+03 +1.865382843e+03 +1.865382843e+03 -1.2015e+00 -2.0493e+00 -1.3636e+00 +2.4399e-01 +1.0373e+00 +4.7869e-01 -3.7401e-01 +1.0455e-01 -3.6830e+00 -1.6345e+00
758 0 +1.858923308e+03 +1.831183308e+03 +1.831183308e+03 -1.8334e+00 -2.0511e+00 -1.3601e+00 +2.4321e-01 +1.0319e+00 +3.2401e-01 -3.7617e-01 +1.0755e-01 -3.6835e+00 -1.4269e+00
759 0 +1.816038157e+03 +1.788298157e+03 +1.788298157e+03 -1.5464e+00 -2.0503e+00 -1.3617e+00 +2.4357e-01 +1.0344e+00 +3.7826e-01 -3.7518e-01 +1.0617e-01 -3.6833e+00 -1.5400e+00
814 0 +1.766537314e+03 +1.738797314e+03 +1.738797314e+03 -1.8152e+00 -2.0512e+00 -1.3600e+00 +2.4319e-01 +1.0318e+00 +5.4197e-01 -3.7622e-01 +1.0762e-01 -3.2692e+00 -1.7008e+00
862 0 +1.728791533e+03 +1.701051533e+03 +1.701051533e+03 -1.7575e+00 -2.0526e+00 -1.3573e+00 +7.6419e-02 +1.0276e+00 +2.2947e-01 -3.7790e-01 +1.0994e-01 -3.6839e+00 -1.1185e+00
963 0 +1.655968295e+03 +1.628228295e+03 +1.628228295e+03 -1.2015e+00 -2.0493e+00 -1.3636e+00 +2.4399e-01 +1.0373e+00 +4.7869e-01 -3.7401e-01 +3.0598e-04 -3.6830e+00 -1.6345e+00
% f evaluations | g evaluations | best noise-free fitness - Fopt (6.930000000000e+00) + sum g_i+ | measured fitness | best measured fitness or single-digit g-values | x1 | x2...
1 0 +2.661229632e+05 +2.661298932e+05 +2.661298932e+05 -4.1784e+00 -2.4061e+00 +3.9708e+00 -1.5866e+00 -5.6568e-01 -1.7165e+00 +2.6547e+00 +3.0222e+00 -4.9162e-01 +3.9533e+00
5 0 +2.409562911e+04 +2.410255911e+04 +2.410255911e+04 -7.4657e-01 +3.2490e+00 +1.6637e+00 -1.4335e+00 +1.1067e+00 -1.6015e+00 -2.1266e+00 -2.5594e+00 -8.4197e-02 -2.5648e+00
103 0 +2.130984413e+04 +2.131677413e+04 +2.131677413e+04 -2.3889e+00 +1.9746e+00 -1.6574e+00 -4.2732e+00 +2.8833e+00 +1.0153e-01 -4.5068e+00 +2.8695e+00 +5.3913e-01 +1.7196e+00
106 0 +1.616976577e+04 +1.617669577e+04 +1.617669577e+04 +1.4949e-01 +2.3531e+00 -1.9488e+00 -2.9325e-01 +1.5984e+00 +1.4354e+00 -2.8355e+00 -1.6034e+00 +8.8952e-01 -1.4467e+00
107 0 +1.153622879e+04 +1.154315879e+04 +1.154315879e+04 -3.1763e-01 +2.8201e+00 -6.5600e-02 -8.8767e-01 +1.3421e+00 -1.4774e-01 -2.4660e+00 -2.1018e+00 +3.8192e-01 -2.0296e+00
204 0 +1.079744934e+04 +1.080437934e+04 +1.080437934e+04 -1.7825e+00 +2.3907e+00 -6.1696e-01 -3.2387e+00 +2.2774e+00 -3.9143e-01 -3.6967e+00 +9.9916e-01 +3.5398e-01 +2.5602e-01
209 0 +9.144218237e+03 +9.151148237e+03 +9.151148237e+03 -8.6262e-01 +2.2788e+00 +7.7903e-02 -1.5021e+00 +6.3080e-01 -5.3860e-01 -2.3428e+00 -1.5828e+00 +3.1112e-01 -1.7544e+00
308 0 +9.023699872e+03 +9.030629872e+03 +9.030629872e+03 -8.8119e-01 +2.2973e+00 +4.9049e-02 -1.5482e+00 +7.0908e-01 -5.2287e-01 -2.3948e+00 -1.5036e+00 +3.1456e-01 -1.6893e+00
402 0 +8.824056661e+03 +8.830986661e+03 +8.830986661e+03 -9.3657e-01 +1.9582e+00 -3.6988e-01 -1.4685e+00 +4.4047e-01 -2.6032e-01 -2.3961e+00 -1.2619e+00 +4.2015e-01 -1.4997e+00
458 0 +7.524463814e+03 +7.531393814e+03 +7.531393814e+03 -4.0973e-01 +1.6979e+00 -1.0846e+00 -9.5346e-01 +9.1902e-01 +5.2636e-01 -2.6058e+00 -1.4515e+00 +2.9102e-01 -1.4946e+00
603 0 +7.374950639e+03 +7.381880639e+03 +7.381880639e+03 -5.3013e-01 +1.8392e+00 -9.6404e-01 -1.1575e+00 +1.0644e+00 +3.8959e-01 -2.6906e+00 -1.2783e+00 +3.0280e-01 -1.3766e+00
762 0 +6.417758676e+03 +6.424688676e+03 +6.424688676e+03 -1.0870e+00 +1.8388e+00 -3.4340e-01 -2.0119e+00 +1.4670e+00 -3.0138e-01 -2.9379e+00 -6.2569e-01 +7.9991e-02 -9.6687e-01
914 0 +5.996846398e+03 +6.003776398e+03 +6.003776398e+03 -7.1879e-01 +2.0652e+00 -7.0842e-01 -1.4567e+00 +1.2135e+00 +1.2345e-01 -2.7688e+00 -1.0805e+00 +1.4632e-01 -1.0035e+00
1013 0 +5.806305637e+03 +5.813235637e+03 +5.813235637e+03 -1.0870e+00 +1.8388e+00 -3.4340e-01 -2.0119e+00 +1.4670e+00 -3.0138e-01 -2.9379e+00 -6.2569e-01 +1.1515e-01 -2.8764e-01
% f evaluations | g evaluations | best noise-free fitness - Fopt (-4.456000000000e+01) + sum g_i+ | measured fitness | best measured fitness or single-digit g-values | x1 | x2...
1 0 +6.855768800e+04 +6.851312800e+04 +6.851312800e+04 -4.6814e+00 -3.2427e-01 +2.1840e+00 -4.1788e+00 -1.9999e+00 -9.7234e-01 +2.8692e+00 +2.1170e+00 +3.7189e-01 +3.5033e+00
31 0 +2.119369587e+04 +2.114913587e+04 +2.114913587e+04 -1.4045e+00 -3.9315e+00 +1.8173e+00 -9.9057e-01 -4.7215e+00 +2.4017e+00 -2.0030e+00 +2.3725e+00 -2.4614e+00 -4.5010e-03
55 0 +2.018780852e+04 +2.014324852e+04 +2.014324852e+04 -1.4151e+00 -3.9304e+00 +1.7471e+00 -1.0744e+00 -4.6464e+00 +2.4223e+00 -2.0432e+00 +2.3689e+00 -2.3881e+00 -8.1329e-02
58 0 +1.573421983e+04 +1.568965983e+04 +1.568965983e+04 -1.9081e+00 -3.3771e+00 +1.8736e+00 -1.4806e+00 -4.3032e+00 +1.8831e+00 -1.2542e+00 +2.3332e+00 -2.0259e+00 +5.3461e-01
105 0 +1.463292773e+04 +1.458836773e+04 +1.458836773e+04 -2.4402e+00 -2.7980e+00 +1.8883e+00 -2.0445e+00 -3.8196e+00 +1.3550e+00 -4.9823e-01 +2.2900e+00 -1.5255e+00 +1.0488e+00
163 0 +1.087987215e+04 +1.083531215e+04 +1.083531215e+04 -2.4402e+00 -2.7980e+00 +1.8883e+00 -2.0445e+00 -3.8196e+00 +1.3550e+00 -4.9823e-01 +1.1666e+00 -1.5255e+00 +1.0488e+00
308 0 +1.056256874e+04 +1.051800874e+04 +1.051800874e+04 -2.4015e+00 -2.9113e+00 +1.9732e+00 -2.0018e+00 -3.5881e+00 +1.3133e+00 -7.1294e-01 +9.0598e-01 -1.4067e+00 +7.6262e-01
314 0 +6.758508400e+03 +6.713948400e+03 +6.713948400e+03 -2.4402e+00 -2.7980e+00 +1.8883e+00 -2.0445e+00 -4.8079e-01 +1.3550e+00 -4.9823e-01 +1.1666e+00 -1.5255e+00 +1.0488e+00
406 0 +5.776253815e+03 +5.731693815e+03 +5.731693815e+03 -2.2270e+00 -3.0334e+00 +1.8589e+00 -1.8428e+00 -1.3470e+00 +1.5769e+00 -8.1949e-01 +1.4166e+00 -1.7049e+00 +8.1380e-01
452 0 +5.405097023e+03 +5.360537023e+03 +5.360537023e+03 -2.4402e+00 -1.3204e+00 +1.8883e+00 -2.0445e+00 -4.8079e-01 +1.3550e+00 -4.9823e-01 +1.1666e+00 -1.5255e+00 +1.0488e+00
506 0 +5.237753292e+03 +5.193193292e+03 +5.193193292e+03 -2.3230e+00 -1.9578e+00 +1.8721e+00 -1.9336e+00 -9.5699e-01 +1.4770e+00 -6.7486e-01 +1.3041e+00 -1.6241e+00 +9.1960e-01
562 0 +4.912881273e+03 +4.868321273e+03 +4.868321273e+03 -2.2165e+00 -2.5371e+00 +4.0293e-01 -1.8328e+00 -1.3897e+00 +1.5879e+00 -8.3534e-01 +1.4290e+00 -1.7137e+00 +8.0221e-01
656 0 +4.887741892e+03 +4.843181892e+03 +4.843181892e+03 -2.2394e+00 -2.4129e+00 +8.6263e-01 -1.8544e+00 -1.2969e+00 +1.5641e+00 -8.0093e-01 +1.4022e+00 -1.6945e+00 +8.2738e-01
664 0 +4.433584829e+03 +4.389024829e+03 +4.389024829e+03 -2.2585e+00 -1.4041e+00 +1.8633e+00 -1.8725e+00 -1.6756e+00 +1.5442e+00 -7.7212e-01 +1.2233e+00 -1.6784e+00 +8.4845e-01
710 0 +3.553438954e+03 +3.508878954e+03 +3.508878954e+03 -1.0422e+00 -2.5371e+00 +4.0293e-01 -1.8328e+00 -1.3897e+00 +1.5879e+00 -8.3534e-01 +1.4290e+00 -1.7137e+00 +8.0221e-01
912 0 +3.520566850e+03 +3.476006850e+03 +3.476006850e+03 -7.9748e-01 -2.4594e+00 +6.4378e-01 -1.8498e+00 -5.5292e-01 +1.5692e+00 -8.0826e-01 +1.4079e+00 -1.6986e+00 +8.2201e-01
913 0 +3.430694263e+03 +3.386134263e+03 +3.386134263e+03 -1.0422e+00 -2.5371e+00 +4.0293e-01 -1.8328e+00 -1.3897e+00 +2.8294e-01 -8.3534e-01 +1.4290e+00 -1.7137e+00 +8.0221e-01
1002 0 +3.352899328e+03 +3.308339328e+03 +3.308339328e+03 -1.0127e+00 -2.5089e+00 +5.0180e-01 -1.7985e+00 -1.1707e+00 +6.6989e-01 -8.2571e-01 +1.4215e+00 -1.7084e+00 +8.0925e-01
% f evaluations | g evaluations | best noise-free fitness - Fopt (1.000000000000e+03) + sum g_i+ | measured fitness | best measured fitness or single-digit g-values | x1 | x2...
1 0 +4.521480049e+05 +4.531480049e+05 +4.531480049e+05 -1.7179e+00 +3.9956e+00 -1.2959e+00 -3.6615e+00 -1.7494e+00 -4.0079e+00 -1.6120e+00 +4.7078e+00 -5.9045e-01 -7.0008e-01
2 0 +3.985582057e+05 +3.995582057e+05 +3.995582057e+05 -3.5551e+00 +2.5532e+00 -2.2903e+00 +7.9992e-01 -2.7116e+00 -4.8339e+00 -6.7405e-01 -4.0583e+00 +4.2183e+00 -2.3930e+00
3 0 +3.449925464e+05 +3.459925464e+05 +3.459925464e+05 -3.7735e+00 +3.7003e+00 +1.8852e+00 +2.3971e+00 -3.4530e+00 -4.9736e+00 +2.5538e+00 +3.1624e+00 -1.8147e+00 +4.3654e+00
6 0 +3.186476360e+05 +3.196476360e+05 +3.196476360e+05 -4.9048e+00 +4.0821e-01 -4.0953e+00 -3.9718e+00 -4.0941e+00 -1.4992e+00 -1.6337e-01 +3.8947e+00 -4.7676e+00 +3.9712e+00
9 0 +8.916739284e+04 +9.016739284e+04 +9.016739284e+04 +1.6014e+00 +8.0536e-02 +3.3689e+00 -4.8813e+00 +3.5409e-01 -1.6132e+00 +1.5526e+00 -2.3801e+00 -3.6024e+00 -1.1204e+00
21 0 +1.279787439e+04 +1.379787439e+04 +1.379787439e+04 -2.3628e+00 -3.2561e+00 +2.0736e+00 -4.2852e+00 -7.2175e-01 -1.5265e+00 +8.4011e-01 -1.6990e+00 -4.2471e+00 +1.0100e+00
55 0 +4.098861958e+03 +5.098861958e+03 +5.098861958e+03 -1.6719e+00 -2.7834e+00 +1.1919e+00 -2.2070e+00 -1.9075e+00 -9.0953e-01 +9.7007e-01 -1.9020e+00 -4.0708e+00 +1.1727e-01
203 0 +4.008070667e+03 +5.008070667e+03 +5.008070667e+03 -1.5759e+00 -1.4662e+00 -2.5437e-01 -2.2701e+00 -1.8828e+00 -1.0876e+00 +1.1131e+00 -1.5201e+00 -3.6408e+00 -2.5434e-01
256 0 +3.761439259e+03 +4.761439259e+03 +4.761439259e+03 -1.4264e+00 -1.6134e+00 -1.8127e-01 -1.7502e+00 -2.1772e+00 -9.0151e-01 +1.1163e+00 -1.6458e+00 -3.6834e+00 -3.9817e-01
504 0 +3.685394510e+03 +4.685394510e+03 +4.685394510e+03 -1.4875e+00 -1.5532e+00 -2.1117e-01 -1.9628e+00 -2.0568e+00 -9.7763e-01 +1.1150e+00 -1.5944e+00 -3.6660e+00 -3.3935e-01
511 0 +3.119284785e+03 +4.119284785e+03 +4.119284785e+03 -1.6606e+00 -9.6307e-01 +1.0223e+00 -2.2144e+00 -1.9046e+00 -9.3042e-01 +9.8684e-01 -1.8572e+00 -4.0203e+00 +7.3695e-02
558 0 +3.037814261e+03 +4.037814261e+03 +4.037814261e+03 -1.5538e+00 -1.2596e+00 +4.7349e-01 -2.0027e+00 -2.0289e+00 -9.1724e-01 +8.9785e-01 -1.7608e+00 -3.8667e+00 -1.4147e-01
613 0 +2.418009284e+03 +3.418009284e+03 +3.418009284e+03 -1.6459e+00 -1.1207e+00 +8.0003e-01 -2.2241e+00 -1.9008e+00 -9.5779e-01 +1.0088e+00 -1.7985e+00 -2.1051e+00 +1.6582e-02
860 0 +2.370760442e+03 +3.370760442e+03 +3.370760442e+03 -1.6459e+00 -1.1207e+00 +8.0003e-01 -2.2241e+00 -1.9008e+00 -9.5779e-01 +1.0088e+00 -1.4669e+00 -2.1051e+00 +1.6582e-02
911 0 +1.943619709e+03 +2.943619709e+03 +2.943619709e+03 -1.6459e+00 -1.1207e+00 +8.0003e-01 -2.2241e+00 -1.9008e+00 -9.5779e-01 +4.8268e-03 -1.7985e+00 -2.1051e+00 +1.6582e-02
1012 0 +1.578470142e+03 +2.578470142e+03 +2.578470142e+03 -1.6459e+00 -1.1207e+00 +8.0003e-01 -2.2241e+00 -1.9008e+00 -9.5779e-01 +4.8268e-03 -1.7985e+00 -1.6787e+00 +1.6582e-02
% f evaluations | g evaluations | best noise-free fitness - Fopt (-6.797100000000e+02) + sum g_i+ | measured fitness | best measured fitness or single-digit g-values | x1 | x2...
1 0 +3.407140669e+05 +3.400343569e+05 +3.400343569e+05 -1.0264e+00 +1.9829e+00 -2.0375e-01 +4.7213e+00 -3.3926e+00 +2.7437e+00 +3.9662e+00 +4.6994e-01 -3.7484e-01 +1.7316e+00
2 0 +2.636650197e+05 +2.629853097e+05 +2.629853097e+05 -1.6821e+00 +2.3412e+00 +3.6297e+00 -4.5210e+00 +1.8547e+00 +3.2822e+00 -3.7626e+00 +2.9888e+00 +1.3392e+00 -3.0021e+00
3 0 +2.562054405e+05 +2.555257305e+05 +2.555257305e+05 -3.9300e+00 +1.2654e+00 -2.2475e+00 -3.3706e-01 -4.7437e+00 +4.2709e-01 +2.6798e+00 +5.8401e-01 +1.5413e+00 +4.1585e+00
10 0 +9.603645281e+04 +9.535674281e+04 +9.535674281e+04 +3.7934e+00 +1.5492e+00 -1.3788e+00 -6.1466e-01 -2.2834e+00 +4.1689e+00 +1.3234e+00 -8.3259e-01 -4.5314e+00 +3.3731e+00
26 0 +4.588201057e+04 +4.520230057e+04 +4.520230057e+04 -1.7415e+00 -1.0925e-01 +7.2590e-01 -3.2803e+00 +2.8620e+00 -2.3452e+00 +1.4244e+00 -3.2592e+00 -3.2840e+00 +2.0908e+00
52 0 +2.704608190e+04 +2.636637190e+04 +2.636637190e+04 +2.5637e+00 -3.6148e+00 -1.1546e+00 +7.4522e-01 -1.3320e+00 -1.1892e-01 +2.6262e+00 -2.7310e+00 -2.2100e+00 +3.0565e+00
105 0 +1.404728170e+04 +1.336757170e+04 +1.336757170e+04 +2.4730e+00 -3.1439e+00 -1.2441e+00 +4.5879e-01 -1.0035e+00 -4.9533e-02 +2.4199e+00 -1.8599e+00 -1.8256e+00 +2.3351e+00
154 0 +1.297686024e+04 +1.229715024e+04 +1.229715024e+04 +2.4268e+00 -3.1622e+00 -1.2576e+00 +4.3014e-01 -9.1456e-01 -1.3098e-01 +2.4065e+00 -1.7229e+00 -1.6946e+00 +2.1795e+00
155 0 +1.073577008e+04 +1.005606008e+04 +1.005606008e+04 +2.2874e+00 -2.7010e+00 -1.3625e+00 +1.0902e-01 -4.8915e-01 -1.4327e-01 +2.1826e+00 -6.9540e-01 -1.1693e+00 +1.2856e+00
252 0 +1.053041315e+04 +9.850703153e+03 +9.850703153e+03 +2.3673e+00 -2.8812e+00 -1.3128e+00 +2.5489e-01 -7.0753e-01 -9.8061e-02 +2.2810e+00 -1.1845e+00 -1.4494e+00 +1.7291e+00
256 0 +1.037032109e+04 +9.690611093e+03 +9.690611093e+03 +2.3375e+00 -2.8149e+00 -1.3312e+00 +2.0088e-01 -6.2634e-01 -1.1531e-01 +2.2446e+00 -1.0031e+00 -1.3452e+00 +1.5644e+00
309 0 +1.006922880e+04 +9.389518801e+03 +9.389518801e+03 +2.0662e+00 -2.6386e+00 -9.5645e-01 +4.9969e-01 -6.6894e-02 -2.0122e-02 +1.9968e+00 +2.8176e-02 -1.2424e+00 +9.0388e-01
358 0 +9.225264548e+03 +8.545554548e+03 +8.545554548e+03 +2.2542e+00 -2.7353e+00 -1.1747e+00 +1.2144e-01 -6.3594e-01 -3.6118e-03 +2.1122e+00 -1.1407e+00 -1.3715e+00 +1.5969e+00
410 0 +8.767159318e+03 +8.087449318e+03 +8.087449318e+03 +1.3554e-01 -2.6386e+00 -9.5645e-01 +4.9969e-01 -6.6894e-02 -2.0122e-02 +1.9968e+00 +2.8176e-02 -1.2424e+00 +9.0388e-01
552 0 +8.516855054e+03 +7.837145054e+03 +7.837145054e+03 +1.3136e+00 -2.6266e+00 -9.9568e-01 +3.9944e-01 -1.3145e-01 -3.2901e-02 +2.0312e+00 -1.1529e-01 -1.2258e+00 +9.7882e-01
556 0 +8.260059920e+03 +7.580349920e+03 +7.580349920e+03 +1.0073e+00 -2.5933e+00 -1.0816e+00 +2.8785e-01 -2.2890e-01 -1.7785e-02 +2.0142e+00 -2.5888e-01 -1.2031e+00 +1.0296e+00
557 0 +7.856024448e+03 +7.176314448e+03 +7.176314448e+03 +1.4970e+00 -2.6551e+00 -1.1255e+00 +2.2947e-01 -3.8941e-01 -1.7634e-02 +2.0607e+00 -6.0058e-01 -1.2709e+00 +1.2542e+00
712 0 +7.610532954e+03 +6.930822954e+03 +6.930822954e+03 +3.8519e-01 -2.6551e+00 -1.1255e+00 +2.2947e-01 -3.8941e-01 -1.7634e-02 +2.0607e+00 -6.0058e-01 -1.2709e+00 +1.2542e+00
714 0 +7.073745004e+03 +6.394035004e+03 +6.394035004e+03 +1.2583e+00 -2.6615e+00 -9.8842e-01 +8.8221e-02 -1.2580e-01 -2.7022e-02 +2.0229e+00 -8.3742e-02 -1.2624e+00 +9.8053e-01
% f evaluations | g evaluations | best noise-free fitness - Fopt (1.000000000000e+03) + sum g_i+ | measured fitness | best measured fitness or single-digit g-values | x1 | x2...
1 0 +2.787224875e+05 +2.797224875e+05 +2.797224875e+05 -2.4828e+00 -2.3044e-01 +4.6151e+00 +1.1435e+00 -3.9859e-01 -2.1474e+00 +1.1323e+00 -4.1754e-01 +3.8540e+00 -1.7394e+00
2 0 +4.566800950e+04 +4.666800950e+04 +4.666800950e+04 -3.4490e+00 -4.3146e+00 +2.2169e+00 +5.8288e-01 -2.1855e+00 -1.6016e-01 +3.3594e+00 +2.3902e+00 -1.2476e+00 +4.2246e+00
37 0 +4.185279425e+04 +4.285279425e+04 +4.285279425e+04 -2.2620e+00 -3.2075e+00 -1.8532e+00 +1.8473e+00 +3.1281e+00 -2.9652e-01 +3.1664e+00 +5.4052e-01 -2.1548e+00 +4.8736e+00
42 0 +1.337067239e+04 +1.437067239e+04 +1.437067239e+04 -3.2289e+00 -2.3153e+00 -2.1339e+00 +2.1291e+00 -3.4484e+00 +1.4330e+00 -1.4656e-01 +2.9265e+00 +9.1384e-01 +3.0826e+00
56 0 +1.007723434e+04 +1.107723434e+04 +1.107723434e+04 -2.4773e+00 -3.0089e+00 -1.9157e+00 +1.9100e+00 +1.6638e+00 +8.8573e-02 +2.4288e+00 +1.0718e+00 -1.4715e+00 +4.4748e+00
57 0 +4.340809775e+03 +5.340809775e+03 +5.340809775e+03 -3.0136e+00 -2.5140e+00 -2.0714e+00 +2.0663e+00 -1.9841e+00 +1.0479e+00 +5.9110e-01 +2.3953e+00 +2.3058e-01 +3.4813e+00
103 0 +2.667522049e+03 +3.667522049e+03 +3.667522049e+03 -1.4396e+00 -1.4388e+00 -3.1894e+00 +2.8869e-01 -9.0237e-01 +2.1350e+00 +1.3385e+00 -2.4573e-01 +7.1339e-01 +1.8200e+00
105 0 +2.467140466e+03 +3.467140466e+03 +3.467140466e+03 -1.6004e+00 -2.8565e+00 -1.5398e+00 +1.6230e+00 -2.2450e+00 +1.1110e+00 +2.8948e-02 +1.3844e+00 -7.0825e-01 +2.6607e+00
156 0 +7.218236225e+02 +1.721823622e+03 +1.721823622e+03 -1.5120e+00 -2.0776e+00 -2.4461e+00 +8.8994e-01 -1.5074e+00 +1.6736e+00 +7.4840e-01 +4.8881e-01 +7.2784e-02 +2.1989e+00
159 0 +5.589280501e+02 +1.558928050e+03 +1.558928050e+03 -2.3230e+00 -2.0423e+00 -2.5619e+00 +1.2864e+00 -1.5095e+00 +1.5249e+00 +9.1902e-01 +1.2365e+00 +4.4241e-01 +2.7524e+00
253 0 +4.924264729e+02 +1.492426473e+03 +1.492426473e+03 -2.0769e+00 -1.7517e+00 -2.3124e+00 +1.1507e+00 -1.3094e+00 +1.2789e+00 +1.1051e+00 +1.1817e+00 +5.5381e-01 +2.8137e+00
264 0 +4.246587356e+02 +1.424658736e+03 +1.424658736e+03 -2.3230e+00 -2.0423e+00 -2.5619e+00 +1.2864e+00 -1.5095e+00 +1.5249e+00 +9.1902e-01 +1.2365e+00 +1.2480e-01 +2.7524e+00
354 0 +4.045262711e+02 +1.404526271e+03 +1.404526271e+03 -2.0214e+00 -2.0554e+00 -2.5189e+00 +1.1389e+00 -1.5087e+00 +1.5802e+00 +8.5556e-01 +9.5843e-01 +1.0545e-01 +2.5465e+00
459 0 +3.638708060e+02 +1.363870806e+03 +1.363870806e+03 -2.2256e+00 -1.9273e+00 -2.4631e+00 +1.2327e+00 -1.4303e+00 +1.4275e+00 +9.9267e-01 +1.2149e+00 +2.3923e-01 +2.7767e+00
602 0 +3.577945082e+02 +1.357794508e+03 +1.357794508e+03 -2.3446e+00 -2.1810e+00 -2.2239e+00 +1.5073e+00 -1.0162e+00 +1.3726e+00 +5.6070e-01 +7.2835e-01 +2.2576e-01 +2.8262e+00
610 0 +3.373959780e+02 +1.337395978e+03 +1.337395978e+03 -2.2256e+00 -1.9273e+00 -2.4631e+00 +1.2327e+00 -1.4303e+00 +1.4275e+00 +9.9267e-01 +1.2149e+00 +4.3096e-03 +2.7767e+00
708 0 +2.815321740e+02 +1.281532174e+03 +1.281532174e+03 -2.2256e+00 -1.9273e+00 -1.9543e+00 +1.2327e+00 -1.4303e+00 +1.4275e+00 +9.9267e-01 +1.2149e+00 +8.1495e-02 +2.7767e+00
709 0 +2.738928199e+02 +1.273892820e+03 +1.273892820e+03 -2.2256e+00 -1.9273e+00 -1.4232e+00 +1.2327e+00 -1.4303e+00 +1.4275e+00 +9.9267e-01 +1.2149e+00 +1.6205e-01 +2.7767e+00
854 0 +2.350801095e+02 +1.235080109e+03 +1.235080109e+03 -2.2575e+00 -1.9953e+00 -1.7413e+00 +1.3064e+00 -1.3192e+00 +1.4128e+00 +8.7677e-01 +1.0843e+00 +1.2607e-01 +2.7900e+00
912 0 +1.985072855e+02 +1.198507285e+03 +1.198507285e+03 -2.2575e+00 -1.9953e+00 -1.7413e+00 +1.3064e+00 -5.7100e-01 +1.4128e+00 +8.7677e-01 +1.0843e+00 +1.2607e-01 +2.7900e+00
% f evaluations | g evaluations | best noise-free fitness - Fopt (1.007000000000e+01) + sum g_i+ | measured fitness | best measured fitness or single-digit g-values | x1 | x2...
1 0 +3.996187832e+05 +3.996288532e+05 +3.996288532e+05 +4.2425e+00 +4.8987e+00 -3.7880e+00 -3.1121e+00 +4.7289e-01 +4.3411e+00 -2.7847e+00 +3.1993e+00 -4.9165e+00 +4.4869e+00
2 0 +2.131727003e+05 +2.131827703e+05 +2.131827703e+05 -3.2851e+00 +2.4207e+00 -3.2359e+00 -3.9180e+00 -1.3262e+00 +2.2028e+00 +4.7352e+00 +7.6417e-01 +2.2169e+00 +4.0108e+00
4 0 +1.433221460e+05 +1.433322160e+05 +1.433322160e+05 -2.6736e+00 +1.6965e+00 +1.6058e+00 +2.7052e+00 -3.5049e+00 -7.9977e-01 -1.3228e-01 -2.8259e+00 +2.8014e-02 +7.0239e-01
10 0 +3.920477224e+04 +3.921484224e+04 +3.921484224e+04 -1.7208e+00 -4.8811e+00 -4.0406e+00 -1.6545e+00 +6.3620e-01 +2.4503e+00 -1.6381e+00 +4.9490e+00 -2.1259e+00 +2.6075e+00
38 0 +3.341905597e+04 +3.342912597e+04 +3.342912597e+04 -4.0339e+00 +4.4903e-01 -7.2606e-03 -1.6072e-01 +7.8375e-01 -6.4168e-01 +1.6225e-02 +3.6604e+00 -1.6915e-01 -1.9718e+00
52 0 +2.237109950e+04 +2.238116950e+04 +2.238116950e+04 -2.0332e+00 -4.1613e+00 -3.4959e+00 -1.4527e+00 +6.5612e-01 +2.0327e+00 -1.4147e+00 +4.7750e+00 -1.8617e+00 +1.9890e+00
104 0 +1.441991300e+04 +1.442998300e+04 +1.442998300e+04 -1.2947e+00 -4.0333e+00 -3.2218e+00 -1.1747e+00 +1.7020e-01 +2.2625e+00 -1.1247e+00 +4.2989e+00 -2.1893e+00 +1.6704e+00
107 0 +4.105645700e+03 +4.115715700e+03 +4.115715700e+03 -1.1672e+00 -3.0172e+00 -2.2189e+00 -6.4792e-01 -5.6974e-01 +1.6470e+00 -6.2444e-01 +3.7314e+00 -1.9005e+00 +1.1801e+00
210 0 +3.764908739e+03 +3.774978739e+03 +3.774978739e+03 -1.1672e+00 -3.0172e+00 -2.2189e+00 -6.4792e-01 -1.2881e-01 +1.6470e+00 -6.2444e-01 +3.7314e+00 -1.9005e+00 +1.1801e+00
255 0 +3.549794433e+03 +3.559864433e+03 +3.559864433e+03 -8.8711e-01 -2.4050e+00 -1.6015e+00 -2.8917e-01 -1.0152e+00 +1.4273e+00 -2.6068e-01 +3.2766e+00 -1.8777e+00 +6.7125e-01
257 0 +3.545048108e+03 +3.555118108e+03 +3.555118108e+03 -9.9337e-01 -2.7867e+00 -1.9624e+00 -4.8636e-01 -8.1396e-01 +1.5704e+00 -4.6547e-01 +3.5216e+00 -1.9090e+00 +1.0143e+00
264 0 +2.834493051e+03 +2.844563051e+03 +2.844563051e+03 -1.1672e+00 -3.0172e+00 -2.2189e+00 -6.4792e-01 -5.6974e-01 +1.6470e+00 -6.2444e-01 +3.2720e+00 -1.9005e+00 +1.1801e+00
307 0 +2.736215574e+03 +2.746285574e+03 +2.746285574e+03 -1.2224e+00 -2.9678e+00 -2.1923e+00 -6.4640e-01 -5.3513e-01 +1.6127e+00 -6.1990e-01 +3.2941e+00 -1.8719e+00 +1.1307e+00
403 0 +2.559663836e+03 +2.569733836e+03 +2.569733836e+03 -1.2083e+00 -2.4952e+00 -2.1990e+00 -6.4678e-01 -5.4394e-01 +1.6214e+00 -6.2106e-01 +3.2885e+00 -1.8792e+00 +1.1432e+00
410 0 +2.334262330e+03 +2.344332330e+03 +2.344332330e+03 -1.1672e+00 -3.0172e+00 -2.2189e+00 -6.4792e-01 -5.6974e-01 +1.6470e+00 -6.2444e-01 +2.7573e+00 -1.9005e+00 +1.1801e+00
504 0 +2.209746618e+03 +2.219816618e+03 +2.219816618e+03 -1.1703e+00 -2.8519e+00 -2.1403e+00 -6.1033e-01 -5.8453e-01 +1.6121e+00 -5.8246e-01 +2.8056e+00 -1.8882e+00 +1.0787e+00
564 0 +1.959645024e+03 +1.969715024e+03 +1.969715024e+03 -1.1801e+00 -2.8536e+00 -2.2127e+00 -6.4756e-01 -5.6165e-01 +6.2260e-01 -6.2338e-01 +3.2772e+00 -1.8938e+00 +1.1686e+00
602 0 +1.926916202e+03 +1.936986202e+03 +1.936986202e+03 -1.2540e+00 -2.6131e+00 -2.1156e+00 -6.1569e-01 -5.2865e-01 +8.9732e-01 -5.8411e-01 +3.2883e+00 -1.8470e+00 +1.0239e+00
664 0 +1.626412943e+03 +1.636482943e+03 +1.636482943e+03 -1.1715e+00 -3.0079e+00 -2.2169e+00 -6.4780e-01 -5.6705e-01 +9.1120e-01 -6.2409e-01 +2.7658e+00 -1.8983e+00 +1.1763e+00
753 0 +1.618400199e+03 +1.628470199e+03 +1.628470199e+03 -1.1892e+00 -2.9232e+00 -2.1952e+00 -6.4091e-01 -5.5882e-01 +9.0823e-01 -6.1552e-01 +2.8778e+00 -1.8873e+00 +1.1436e+00
812 0 +1.448322502e+03 +1.458392502e+03 +1.458392502e+03 -1.3953e+00 -2.5214e+00 -2.1086e+00 -6.4163e-01 -3.0324e-01 +1.0673e+00 -6.0568e-01 +1.2793e+00 -1.7823e+00 +9.7573e-01
904 0 +1.395570708e+03 +1.405640708e+03 +1.405640708e+03 -1.3170e+00 -2.6155e+00 -2.1280e+00 -6.3480e-01 -4.1367e-01 +1.0508e+00 -6.0211e-01 +2.1690e+00 -1.8203e+00 +1.0222e+00
% f evaluations | g evaluations | best noise-free fitness - Fopt (-7.540000000000e+00) + sum g_i+ | measured fitness | best measured fitness or single-digit g-values | x1 | x2...
1 0 +3.178058562e+05 +3.177983162e+05 +3.177983162e+05 +3.8255e+00 +9.8145e-01 -2.4243e+00 +2.5224e+00 -4.3356e+00 +4.6440e+00 +3.1973e+00 +8.1452e-01 +4.4832e+00 -2.6808e+00
3 0 +7.929818869e+04 +7.929064869e+04 +7.929064869e+04 +2.2518e+00 -3.4313e+00 +2.5869e+00 +1.2269e+00 +1.0951e+00 -3.3686e+00 +2.2788e+00 -3.2363e+00 +1.5426e+00 +1.0893e+00
8 0 +2.281978750e+04 +2.281224750e+04 +2.281224750e+04 +4.5916e+00 +3.3479e+00 -3.1073e-01 +2.4437e-01 +2.0645e-01 -2.1356e-01 -4.4812e+00 -2.8019e+00 +9.2548e-01 +1.3089e+00
56 0 +1.073133958e+04 +1.072379958e+04 +1.072379958e+04 +7.6229e-01 -1.2454e+00 -1.0797e+00 -1.9703e+00 +1.1379e+00 -1.3796e+00 -8.8438e-01 -9.3013e-01 +1.0975e+00 +1.0592e+00
103 0 +1.019716140e+04 +1.018962140e+04 +1.018962140e+04 +7.7609e-01 -1.2010e+00 -9.9915e-01 -2.0202e+00 +1.1661e+00 -1.2607e+00 -8.5395e-01 -9.0730e-01 +1.0499e+00 +1.0818e+00
104 0 +2.976730277e+03 +2.969190277e+03 +2.969190277e+03 +6.5086e-01 +1.8918e+00 +1.0974e+00 -1.6386e+00 -8.5349e-01 +1.4140e-01 -1.5875e+00 -1.7021e+00 -5.1868e-01 +1.8382e+00
208 0 +2.451573944e+03 +2.444033944e+03 +2.444033944e+03 -2.6080e-01 +1.3265e+00 +1.3947e-01 -2.1260e+00 -3.1907e-01 -2.9613e-02 -4.1224e-01 -1.5187e+00 -1.6545e-01 +7.3813e-01
257 0 +1.680231511e+03 +1.672691511e+03 +1.672691511e+03 +5.4158e-01 +1.5125e+00 +2.6867e-01 -1.9861e+00 +4.1344e-03 +2.6985e-01 -8.8517e-01 -1.5439e+00 -7.7824e-02 +8.9033e-01
562 0 +1.436211903e+03 +1.428671903e+03 +1.428671903e+03 +5.4158e-01 +1.5125e+00 +2.6867e-01 -1.9861e+00 +4.1344e-03 +2.6985e-01 -8.8517e-01 -1.5439e+00 -7.7824e-02 +6.1059e-03
1013 0 +1.220148306e+03 +1.212608306e+03 +1.212608306e+03 +5.4158e-01 +1.2591e+00 +2.6867e-01 -1.9861e+00 +4.1344e-03 +2.6985e-01 -8.8517e-01 -1.5439e+00 -3.6884e-02 +1.6278e-01
