% f evaluations | g evaluations | best noise-free fitness - Fopt (-2.098800000000e+02) + sum g_i+ | measured fitness | best measured fitness or single-digit g-values | x1 | x2...
1 0 +2.322567029e+06 +2.322357149e+06 +2.322357149e+06 +3.5171e-01 -3.0880e+00 +2.3119e-01 -4.4441e+00 +1.0810e+00 +7.2891e-01 +4.7951e+00 +6.5533e-01 -4.3512e+00 +2.4689e+00
7 0 +1.258298881e+06 +1.258089001e+06 +1.258089001e+06 -4.5436e-01 +3.4728e+00 +4.9415e+00 +4.7910e+00 +1.4569e+00 -2.2141e+00 -1.8974e+00 +2.5793e+00 -1.0623e+00 +1.7348e+00
9 0 +2.957536447e+05 +2.955437647e+05 +2.955437647e+05 -3.4742e+00 -3.1640e+00 -4.3792e+00 -2.7170e+00 +4.5074e+00 +1.8326e+00 +3.2613e-01 +1.8596e+00 -6.5298e-01 +2.7920e+00
158 0 +1.830264821e+05 +1.828166021e+05 +1.828166021e+05 +1.2941e+00 +1.4758e+00 +1.3560e-01 +5.2607e-02 +6.5108e-01 +1.4384e-01 +3.0976e+00 -3.5475e-01 -6.8715e-01 +2.2591e+00
305 0 +1.624951224e+05 +1.622852424e+05 +1.622852424e+05 -7.9502e-01 -1.9295e+00 +2.1144e-02 +2.6576e+00 +2.6985e+00 -5.5412e-01 +1.3994e+00 -1.3071e-01 -1.9086e+00 +2.7216e+00
502 0 +1.389080301e+05 +1.386981501e+05 +1.386981501e+05 -1.1482e+00 -1.9627e+00 -4.8940e-01 +9.0674e-01 +2.3906e+00 -2.3159e-02 +8.8550e-01 +2.0871e-01 -9.2668e-01 +2.3117e+00
553 0 +1.356344048e+05 +1.354245248e+05 +1.354245248e+05 -2.5983e+00 -2.1299e+00 +1.0327e+00 +2.5746e+00 +3.6485e+00 -1.1374e+00 +1.9535e-01 -1.0677e+00 -9.0441e-01 +2.6798e+00
556 0 +1.279523928e+05 +1.277425128e+05 +1.277425128e+05 -2.2302e+00 -2.5216e+00 -2.2989e+00 -7.7898e-01 +3.3753e+00 +8.4010e-01 +6.2529e-01 +9.7669e-01 -7.9936e-01 +2.5352e+00
558 0 +1.209928750e+05 +1.207829950e+05 +1.207829950e+05 -1.1856e+00 -1.8777e+00 -5.0946e-01 +8.6286e-01 +2.4131e+00 +1.8990e-02 +8.5526e-01 +3.2057e-01 -9.2072e-01 +2.3480e+00
602 0 +1.130786223e+05 +1.128687423e+05 +1.128687423e+05 -3.0490e+00 -2.6621e+00 -1.7523e+00 -1.4841e-01 +4.0905e+00 +3.9093e-01 +2.6265e-01 +4.3868e-01 -7.7502e-01 +2.7375e+00
603 0 +1.064381879e+05 +1.062283079e+05 +1.062283079e+05 -3.0235e+00 -2.6319e+00 -1.5943e+00 +6.0693e-03 +4.0654e+00 +3.0423e-01 +2.5883e-01 +3.5322e-01 -7.8236e-01 +2.7343e+00
% f evaluations | g evaluations | best noise-free fitness - Fopt (-9.209000000000e+01) + sum g_i+ | measured fitness | best measured fitness or single-digit g-values | x1 | x2...
1 0 +1.329868841e+07 +1.329859632e+07 +1.329859632e+07 +2.6342e+00 +2.0891e+00 -1.8313e+00 +3.2605e+00 -2.4025e+00 +4.1934e+00 +2.1293e+00 +3.9218e+00 -4.3197e+00 -1.2146e+00
2 0 +8.715281444e+06 +8.715189354e+06 +8.715189354e+06 -4.8380e-01 +4.8599e-01 -8.7041e-01 +3.5148e+00 -1.2666e+00 -3.0181e+00 -5.5452e-01 -2.9674e+00 +9.4569e-01 +4.4642e+00
3 0 +5.648861077e+06 +5.648768987e+06 +5.648768987e+06 +4.6926e+00 -5.5605e-01 +1.9715e-01 -2.2450e+00 +8.0141e-01 +4.3807e+00 -2.1180e+00 -3.0039e+00 -4.1627e+00 +1.2174e+00
6 0 +1.593803669e+06 +1.593711579e+06 +1.593711579e+06 -7.8206e-01 -1.7938e+00 -7.0471e-01 -4.7285e+00 -8.1617e-01 -3.5030e+00 +5.5256e-01 -3.7948e+00 +3.7151e-01 +2.5036e+00
14 0 +1.210329072e+06 +1.210236982e+06 +1.210236982e+06 +3.5740e+00 -4.9703e+00 -9.0299e-01 -3.5692e+00 -8.1332e-01 +3.4855e+00 +3.5244e+00 -3.3687e+00 +9.9481e-01 +1.5725e+00
54 0 +2.100497649e+05 +2.099576749e+05 +2.099576749e+05 -2.4727e+00 +2.0057e+00 +8.0385e-01 -3.8714e-01 -1.6774e+00 -2.4019e+00 -8.5975e-01 -9.8125e-01 +6.3497e-01 +1.6351e+00
55 0 +1.852063447e+05 +1.851142547e+05 +1.851142547e+05 -2.5138e+00 +2.0386e+00 +6.2874e-01 -2.9003e-01 -1.8128e+00 -2.4316e+00 -6.1413e-01 -6.8099e-01 +5.8660e-01 +1.5403e+00
113 0 +1.816755855e+05 +1.815834955e+05 +1.815834955e+05 -2.5138e+00 +2.0386e+00 +6.2874e-01 -2.9003e-01 -1.8128e+00 -2.4316e+00 -1.0525e-02 -6.8099e-01 +5.8660e-01 +1.5403e+00
% f evaluations | g evaluations | best noise-free fitness - Fopt (-8.789000000000e+01) + sum g_i+ | measured fitness | best measured fitness or single-digit g-values | x1 | x2...
1 0 +3.634823777e+06 +3.634735887e+06 +3.634735887e+06 -3.2728e+00 -4.7798e+00 +3.2016e+00 -1.3702e+00 +4.5878e+00 -2.6555e+00 +2.0133e+00 +5.4837e-01 -1.9232e-01 +4.7716e+00
11 0 +3.692605925e+05 +3.691727025e+05 +3.691727025e+05 +3.7901e+00 +1.0816e+00 -4.0061e+00 -2.1597e+00 -3.1312e+00 -9.5059e-01 -4.8446e+00 +1.3997e+00 -2.5805e+00 +2.8121e+00
657 0 +3.579591784e+05 +3.578712884e+05 +3.578712884e+05 +3.4948e+00 +1.1308e+00 -3.2020e+00 -1.5581e+00 -2.1486e+00 -7.8533e-01 -3.8824e+00 +1.2812e+00 -1.6128e+00 +3.0183e+00
710 0 +3.337272502e+05 +3.336393602e+05 +3.336393602e+05 +3.7901e+00 +1.0816e+00 -4.0061e+00 -2.1597e+00 -3.1312e+00 -9.5059e-01 -3.4225e+00 +1.3997e+00 -2.5805e+00 +2.8121e+00
% f evaluations | g evaluations | best noise-free fitness - Fopt (3.201900000000e+02) + sum g_i+ | measured fitness | best measured fitness or single-digit g-values | x1 | x2...
1 0 +2.117485551e+07 +2.117517570e+07 +2.117517570e+07 -4.5354e+00 +4.4458e+00 +1.0815e+00 +4.9666e+00 -2.2706e+00 -2.2306e+00 -3.3539e+00 +1.7712e+00 +1.1152e-01 -4.3322e+00
2 0 +5.234641090e+06 +5.234961280e+06 +5.234961280e+06 +3.0033e-01 +6.5174e-01 -2.8734e-01 +2.1850e+00 +4.0428e+00 -9.4032e-01 +3.5087e+00 -4.2650e-01 -1.9953e+00 +1.9132e+00
6 0 +3.226655980e+06 +3.226976170e+06 +3.226976170e+06 +1.6481e-01 +3.1638e+00 -7.1405e-01 -2.6176e+00 -6.8620e-01 -1.3595e+00 +3.3500e+00 -4.4063e+00 -3.8791e+00 +1.6260e+00
17 0 +3.725003867e+05 +3.728205767e+05 +3.728205767e+05 +1.5775e+00 -2.6202e+00 +2.7866e+00 -1.2586e+00 -1.1047e+00 +4.4313e+00 +4.5892e+00 -1.6278e+00 -3.6571e+00 -8.0747e-01
54 0 +1.565741065e+05 +1.568942965e+05 +1.568942965e+05 +1.9270e+00 -1.3591e+00 +1.7169e+00 -4.2461e-01 +4.1580e-04 +3.3832e+00 +3.5542e+00 -1.7336e+00 -3.7383e+00 -5.4526e-01
154 0 +1.055643780e+05 +1.058845680e+05 +1.058845680e+05 +9.8413e-01 -2.3477e+00 +2.3520e+00 -1.0112e+00 -1.1428e+00 +3.8443e+00 +4.1412e+00 -1.2115e+00 -3.5316e+00 -4.3287e-01
409 0 +7.866675654e+04 +7.898694654e+04 +7.898694654e+04 +1.4397e-01 -1.4724e+00 +1.2419e-01 -1.3070e+00 +5.4394e-02 +1.0061e+00 +1.8148e+00 -2.6942e+00 -3.7507e+00 -2.8947e-01
454 0 +6.925877973e+04 +6.957896973e+04 +6.957896973e+04 +1.1156e+00 -2.4138e+00 +2.1341e+00 -6.8492e-01 -8.2273e-01 +3.7939e+00 +4.2203e+00 -1.5101e+00 -3.1734e+00 -2.6500e-01
553 0 +5.050096143e+04 +5.082115143e+04 +5.082115143e+04 +7.3594e-01 -2.5468e+00 +1.1564e+00 -8.5248e-01 -1.2166e+00 +2.7653e+00 +3.5146e+00 -1.0625e+00 -3.5451e+00 -4.0935e-02
663 0 +3.254194688e+04 +3.286213688e+04 +3.286213688e+04 +1.4521e+00 -2.3865e+00 +2.2506e+00 -1.1499e+00 -9.5673e-01 +3.5985e+00 +3.7472e+00 -1.5346e+00 -3.5551e+00 -3.0716e-01
761 0 +2.836427698e+04 +2.868446698e+04 +2.868446698e+04 +1.5294e+00 -2.5682e+00 +2.6582e+00 -1.2058e+00 -1.0624e+00 +4.1781e+00 +4.4256e+00 -1.6056e+00 -3.6042e+00 -1.8237e-01
806 0 +2.753382832e+04 +2.785401832e+04 +2.785401832e+04 +1.5131e+00 -2.5417e+00 +2.5893e+00 -1.1950e+00 -1.0461e+00 +4.0703e+00 +4.3043e+00 -1.5920e+00 -3.5904e+00 -1.5520e-01
808 0 +1.744108699e+04 +1.776127699e+04 +1.776127699e+04 +1.3630e+00 -2.2821e+00 +1.9189e+00 -1.1018e+00 -8.9013e-01 +3.0456e+00 +3.1082e+00 -1.4601e+00 -3.4690e+00 -1.1761e-01
809 0 +1.495583756e+04 +1.527602756e+04 +1.527602756e+04 +1.3937e+00 -2.3288e+00 +2.0417e+00 -1.1234e+00 -9.1978e-01 +3.2428e+00 +3.3212e+00 -1.4843e+00 -3.4962e+00 -2.1243e-01
% f evaluations | g evaluations | best noise-free fitness - Fopt (-1.042400000000e+02) + sum g_i+ | measured fitness | best measured fitness or single-digit g-values | x1 | x2...
1 0 +1.786596121e+07 +1.786585697e+07 +1.786585697e+07 -2.1068e+00 +4.9847e+00 +2.1548e+00 +1.3585e+00 +1.4569e+00 +3.2621e+00 +4.7011e+00 +2.8293e+00 +2.9039e+00 +1.2065e+00
2 0 +2.076535515e+06 +2.076431275e+06 +2.076431275e+06 +4.6552e-01 +2.1903e-02 +1.6779e+00 -1.8196e+00 +2.4873e-01 -4.6016e+00 -3.0352e+00 -1.5477e+00 +4.5431e+00 -2.5355e+00
14 0 +1.317274614e+06 +1.317170374e+06 +1.317170374e+06 -3.0714e-01 +4.4338e+00 +2.4027e+00 +4.1488e-01 -4.8665e+00 -1.9523e+00 +1.2499e+00 +2.7372e+00 +1.8046e+00 -2.0137e+00
47 0 +1.200029291e+06 +1.199925051e+06 +1.199925051e+06 -4.3576e+00 -3.7758e+00 -3.3321e+00 +4.6757e+00 -3.7755e+00 -1.3085e+00 +2.1655e+00 +2.1194e+00 +1.2331e+00 -3.6412e+00
56 0 +1.112585645e+06 +1.112481405e+06 +1.112481405e+06 +4.5734e+00 -9.1806e-01 -2.1472e+00 -7.0160e-01 +3.6097e+00 +4.9367e-01 -1.2727e-01 +2.9969e+00 +1.3326e+00 -3.5931e+00
102 0 +9.110087612e+05 +9.109045212e+05 +9.109045212e+05 +3.6381e+00 +1.4304e-01 -1.3518e+00 -1.4489e+00 +2.9532e+00 +1.8881e-01 -8.3223e-01 +2.2232e+00 +1.6176e+00 -3.4265e+00
103 0 +8.439965793e+05 +8.438923393e+05 +8.438923393e+05 +1.1785e+00 +2.9332e+00 +7.3988e-01 -3.4138e+00 +1.2271e+00 -6.1285e-01 -2.6860e+00 +1.8874e-01 +2.3670e+00 -2.9884e+00
207 0 +6.777999949e+05 +6.776957549e+05 +6.776957549e+05 -1.4633e+00 -5.1592e-01 -1.6628e+00 +8.6976e-01 -2.8732e+00 -1.7840e+00 -3.5650e-02 +2.0310e+00 +1.7551e+00 -2.6548e+00
% f evaluations | g evaluations | best noise-free fitness - Fopt (-6.785000000000e+01) + sum g_i+ | measured fitness | best measured fitness or single-digit g-values | x1 | x2...
1 0 +1.226917283e+06 +1.226849433e+06 +1.226849433e+06 -2.0771e+00 +4.7248e+00 +1.8666e+00 -3.7476e+00 +3.7419e+00 -1.7219e+00 -7.4172e-01 +1.4133e+00 -3.8206e+00 +4.0833e+00
16 0 +5.523009949e+05 +5.522331449e+05 +5.522331449e+05 -4.0512e+00 +1.8922e+00 -1.9269e+00 +1.2528e+00 +1.8277e+00 -4.5959e+00 -1.4704e+00 +1.6249e+00 -3.2964e+00 +2.6096e+00
59 0 +2.158960861e+05 +2.158282361e+05 +2.158282361e+05 -1.1137e+00 -7.8899e-01 -1.4898e+00 -6.3598e-02 +3.2520e-01 -2.9832e+00 -2.0817e+00 +2.0862e+00 -2.7209e+00 +3.5556e+00
% f evaluations | g evaluations | best noise-free fitness - Fopt (-3.639800000000e+02) + sum g_i+ | measured fitness | best measured fitness or single-digit g-values | x1 | x2...
1 0 +2.999615070e+06 +2.999251090e+06 +2.999251090e+06 +4.9603e+00 +4.4483e+00 -4.8607e+00 -1.9590e-01 +3.7576e+00 +4.4830e+00 +2.9999e+00 -3.1326e+00 +2.4298e+00 +2.1581e+00
4 0 +2.703562101e+05 +2.699922301e+05 +2.699922301e+05 +6.6925e-01 +1.9087e+00 -2.5734e+00 +7.6898e-01 +3.4687e+00 -1.3905e+00 +3.5461e+00 -1.7292e+00 -1.6071e-01 +1.8683e+00
159 0 +2.048068796e+05 +2.044428996e+05 +2.044428996e+05 +8.6597e-01 +3.0366e-01 -2.8157e+00 -2.9943e-01 +3.4705e+00 -9.5638e-02 +1.6497e+00 +5.5157e-01 -7.2928e-01 +1.5848e+00
508 0 +1.738894767e+05 +1.735254967e+05 +1.735254967e+05 +5.0261e-01 +9.7382e-01 -1.8235e+00 -3.8022e-01 +2.8424e+00 -1.0309e+00 +2.1675e+00 -1.0048e+00 -4.4881e-01 +1.5587e+00
656 0 +1.333508987e+05 +1.329869187e+05 +1.329869187e+05 +4.5275e-01 +3.0735e-01 -1.5217e+00 -2.7946e-01 +1.4938e+00 -8.0423e-01 +1.8097e+00 -4.4058e-01 -1.1614e+00 +2.0495e+00
902 0 +8.350833158e+04 +8.314435158e+04 +8.314435158e+04 +3.8099e-01 +8.2370e-01 -1.9649e+00 -1.3846e-01 +2.1048e+00 -7.0335e-01 +2.0903e+00 -6.3778e-01 -7.7562e-01 +1.9296e+00
% f evaluations | g evaluations | best noise-free fitness - Fopt (-1.865000000000e+01) + sum g_i+ | measured fitness | best measured fitness or single-digit g-values | x1 | x2...
1 0 +3.137175534e+07 +3.137173669e+07 +3.137173669e+07 +4.7891e+00 +2.1235e+00 -2.7852e+00 -7.1525e-01 +4.8852e+00 -3.9747e+00 -4.8800e+00 +4.0961e+00 -1.5093e+00 -3.1990e+00
2 0 +6.547075666e+06 +6.547057016e+06 +6.547057016e+06 +3.9521e+00 -3.0743e+00 -1.9035e+00 +1.7619e+00 -3.2594e+00 -2.2161e+00 -6.4639e-01 -3.3744e+00 +3.5330e+00 -2.8948e-01
4 0 +1.870516544e+06 +1.870497894e+06 +1.870497894e+06 +3.2890e+00 +1.6659e+00 +2.8525e+00 -1.6934e+00 +1.0783e+00 +2.7229e+00 +4.9579e+00 +3.2941e+00 +9.6583e-01 +2.0960e+00
5 0 +5.373600685e+05 +5.373414185e+05 +5.373414185e+05 -4.0650e+00 -4.0328e-01 -2.0588e+00 -3.6727e+00 -5.1645e-01 +4.5337e+00 -2.4286e+00 +1.5844e+00 +3.7261e+00 +2.0832e+00
55 0 +5.236129610e+05 +5.235943110e+05 +5.235943110e+05 -4.0381e+00 -3.7896e-01 -2.0420e+00 -3.5954e+00 -5.1354e-01 +4.4328e+00 -2.3490e+00 +1.5492e+00 +3.7036e+00 +2.0545e+00
% f evaluations | g evaluations | best noise-free fitness - Fopt (1.749200000000e+02) + sum g_i+ | measured fitness | best measured fitness or single-digit g-values | x1 | x2...
1 0 +4.095069441e+06 +4.095244361e+06 +4.095244361e+06 -2.7220e+00 +2.8400e+00 +9.2458e-01 -2.9144e+00 +2.6474e+00 -4.6486e+00 +4.6519e+00 -4.2712e+00 -4.5573e+00 -2.2373e+00
14 0 +3.610637086e+06 +3.610812006e+06 +3.610812006e+06 -7.2667e-01 +1.2653e+00 +1.9744e+00 +8.7480e-01 +4.2260e+00 -2.8872e+00 -2.1645e+00 -1.6205e-01 -4.9125e+00 -3.1328e+00
18 0 +1.890331497e+06 +1.890506417e+06 +1.890506417e+06 -1.3109e+00 -1.1631e+00 +1.1837e+00 -1.4650e-03 +1.3183e+00 -3.7223e+00 +3.9451e+00 -1.7822e+00 +1.0314e+00 -2.3619e+00
20 0 +4.292975923e+05 +4.294725123e+05 +4.294725123e+05 -2.7060e+00 -3.6908e+00 -1.6234e-01 -4.7166e+00 -2.5518e+00 -3.2705e+00 +2.9087e+00 -3.4698e-01 -3.0116e-01 -2.5866e+00
27 0 +3.464087453e+05 +3.465836653e+05 +3.465836653e+05 +1.0247e-02 -1.9213e+00 -4.5044e-01 +3.9591e+00 +4.0947e-01 -3.2317e+00 +1.3770e+00 +4.0240e-01 -1.2673e+00 -2.1244e+00
208 0 +2.031870785e+05 +2.033619985e+05 +2.033619985e+05 +2.2199e+00 +1.8416e+00 -9.1146e-01 +3.3316e+00 +2.5559e+00 +1.4128e-01 +1.0396e+00 +9.7434e-01 -3.2071e-01 -2.6035e+00
254 0 +1.619941468e+05 +1.621690668e+05 +1.621690668e+05 +1.5660e-01 -5.1268e-01 -4.2249e-01 +1.9010e+00 +1.5058e+00 -2.3817e+00 +2.7443e+00 +5.6077e-01 -1.3911e+00 -2.4226e+00
255 0 +1.436100613e+05 +1.437849813e+05 +1.437849813e+05 +6.6384e-01 +4.4843e-01 -1.0610e+00 +2.6011e+00 +2.4927e+00 -1.7757e+00 +2.9250e+00 +1.4138e+00 -1.6559e+00 -2.5420e+00
% f evaluations | g evaluations | best noise-free fitness - Fopt (-5.659600000000e+02) + sum g_i+ | measured fitness | best measured fitness or single-digit g-values | x1 | x2...
1 0 +5.451805252e+06 +5.451239292e+06 +5.451239292e+06 +4.2277e+00 +2.6501e+00 -7.0238e-01 +4.5747e+00 +2.8199e+00 -4.1604e+00 +2.4239e+00 +2.8308e+00 +9.1050e-01 -3.6786e-01
7 0 +4.771157698e+06 +4.770591738e+06 +4.770591738e+06 +4.9567e+00 +3.1263e+00 -2.4182e+00 +3.6223e+00 -7.0186e-01 -4.4337e+00 -4.9553e+00 +1.3178e+00 -3.1093e+00 +5.8208e-01
9 0 +1.782128302e+06 +1.781562342e+06 +1.781562342e+06 -4.0473e+00 -7.0141e-01 -1.4523e+00 +3.3832e+00 -3.3042e+00 -1.1190e+00 +1.9729e+00 +5.8709e-01 +2.7596e+00 +1.6883e+00
26 0 +7.081948198e+05 +7.076288598e+05 +7.076288598e+05 +4.6545e+00 -1.0994e+00 -1.8189e+00 -6.0447e-01 +1.6432e+00 -2.1001e+00 -4.1587e+00 -1.5703e+00 +2.4833e-01 +2.0144e+00
31 0 +2.807790278e+05 +2.802130678e+05 +2.802130678e+05 +3.9145e+00 -4.7201e+00 -3.0343e+00 -2.5104e+00 -1.6095e+00 -3.0277e+00 +1.1599e+00 +3.2718e+00 -5.5109e-01 +1.8279e+00
257 0 +2.748836941e+05 +2.743177341e+05 +2.743177341e+05 +3.6837e+00 -4.6372e+00 -2.8483e+00 -2.4468e+00 -1.4961e+00 -3.0022e+00 +1.1233e+00 +3.1140e+00 -4.6115e-01 +1.6985e+00
304 0 +1.416245732e+05 +1.410586132e+05 +1.410586132e+05 +4.1209e+00 -3.9918e+00 -2.2010e+00 -1.9044e+00 -5.9887e-01 -2.3168e+00 -3.4845e-01 +1.9430e+00 -4.9455e-01 +1.8883e+00
711 0 +1.273331135e+05 +1.267671535e+05 +1.267671535e+05 +3.7022e+00 -4.6227e+00 -2.6708e+00 -2.3345e+00 -1.3225e+00 -2.7092e+00 +7.7135e-01 +5.4796e-01 -5.8797e-01 +1.8457e+00
% f evaluations | g evaluations | best noise-free fitness - Fopt (7.095000000000e+01) + sum g_i+ | measured fitness | best measured fitness or single-digit g-values | x1 | x2...
1 0 +5.284700343e+06 +5.284771293e+06 +5.284771293e+06 +3.2163e+00 +2.8544e+00 -4.3135e-01 +4.6194e+00 -2.9581e+00 -3.1707e+00 -4.2580e-01 +1.1852e+00 -8.0608e-01 -5.4479e-01
2 0 +2.212169838e+06 +2.212240788e+06 +2.212240788e+06 -3.5126e+00 +4.5266e+00 +3.6215e+00 +1.8224e+00 +2.0723e+00 +2.2700e+00 -1.1706e-01 +3.9360e+00 -1.3988e+00 +2.7297e+00
3 0 +1.658646700e+06 +1.658717650e+06 +1.658717650e+06 -2.5677e+00 +2.3168e+00 -8.0809e-01 +3.2615e+00 +4.3790e-01 -2.3561e+00 +1.3657e+00 +1.1263e+00 -3.5485e+00 +2.7439e+00
32 0 +4.383259410e+05 +4.383968910e+05 +4.383968910e+05 +3.4684e+00 -3.0819e+00 -1.1538e+00 -4.3296e+00 -1.4419e+00 -2.3633e+00 -2.9342e+00 -1.4481e+00 -2.6666e+00 +1.3328e+00
213 0 +4.162848702e+05 +4.163558202e+05 +4.163558202e+05 +3.4684e+00 -3.0819e+00 -1.1538e+00 -4.3296e+00 -1.4419e+00 -2.3633e+00 -2.5862e+00 -1.4481e+00 -2.6666e+00 +1.3328e+00
503 0 +3.854938242e+05 +3.855647742e+05 +3.855647742e+05 +3.2237e+00 -2.1024e+00 -1.2551e+00 -4.0553e+00 -1.5370e+00 -2.1167e+00 -2.8905e+00 -1.1643e+00 -2.5295e+00 +1.3443e+00
% f evaluations | g evaluations | best noise-free fitness - Fopt (4.728000000000e+01) + sum g_i+ | measured fitness | best measured fitness or single-digit g-values | x1 | x2...
1 0 +1.209915625e+06 +1.209962905e+06 +1.209962905e+06 -1.2027e+00 -3.3027e+00 +3.2476e+00 -3.7245e+00 +2.9737e+00 +4.5879e-01 +2.2342e+00 +3.4682e+00 -1.5519e+00 -3.9921e+00
6 0 +1.012648924e+06 +1.012696204e+06 +1.012696204e+06 +2.8448e-01 -1.8620e+00 -1.3924e+00 -1.5705e+00 +2.7511e+00 +9.0795e-02 +4.7566e+00 -2.8700e+00 -4.1799e+00 -4.1262e+00
54 0 +6.781709551e+05 +6.782182351e+05 +6.782182351e+05 +1.8065e+00 +1.4156e+00 +1.3927e+00 +4.5754e+00 +1.7279e+00 -1.0035e+00 -1.7740e-01 +6.8578e-01 -1.9989e+00 -3.2766e+00
55 0 +6.611620955e+05 +6.612093755e+05 +6.612093755e+05 +1.4495e+00 +8.1065e-01 +9.1279e-01 +4.5586e+00 +1.8920e+00 -4.8841e-01 -8.5782e-01 +8.4525e-01 -1.5972e+00 -3.4917e+00
56 0 +2.394810175e+05 +2.395282975e+05 +2.395282975e+05 +1.6734e+00 -3.9880e+00 +3.7891e+00 -3.5551e-01 +1.4413e+00 -7.1147e-01 +5.9261e-01 -9.6039e-01 -1.8202e+00 -3.7909e+00
156 0 +1.188805455e+05 +1.189278255e+05 +1.189278255e+05 +1.1625e+00 -3.1477e+00 +1.8564e+00 -7.3563e-01 +1.9262e+00 -4.1514e-01 +2.0966e+00 -1.6352e+00 -2.6803e+00 -3.9096e+00
203 0 +9.278242420e+04 +9.282970420e+04 +9.282970420e+04 +1.0533e+00 -1.7025e-01 +1.6181e-01 +2.3917e+00 +2.1803e+00 -2.9295e-01 +1.0858e+00 -4.5236e-01 -2.4853e+00 -3.7132e+00
314 0 +8.735935821e+04 +8.740663821e+04 +8.740663821e+04 +1.0533e+00 -1.7025e-01 +1.6181e-01 +2.3917e+00 +2.1803e+00 -2.9295e-01 +5.9587e-01 -4.5236e-01 -2.4853e+00 -3.7132e+00
% f evaluations | g evaluations | best noise-free fitness - Fopt (-5.688800000000e+02) + sum g_i+ | measured fitness | best measured fitness or single-digit g-values | x1 | x2...
1 0 +3.250443151e+07 +3.250386263e+07 +3.250386263e+07 -8.1502e-01 +4.5587e+00 -2.0165e+00 +4.3006e-01 +4.4201e+00 -1.3513e+00 -1.1944e+00 -3.9056e+00 +4.8634e+00 +1.1109e+00
2 0 +2.584588188e+06 +2.584019308e+06 +2.584019308e+06 +6.7458e-01 +3.6643e+00 +3.1045e+00 -1.2530e+00 -4.6533e+00 +1.0335e+00 -2.5238e+00 +4.1855e+00 -3.5926e+00 -4.6086e+00
54 0 +2.502858410e+06 +2.502289530e+06 +2.502289530e+06 +1.7905e+00 -1.3396e+00 -8.8821e-01 +2.7588e+00 -8.6771e-01 -1.6485e+00 -5.4049e-01 +1.3379e+00 +1.3594e+00 -2.7779e+00
108 0 +1.971160862e+06 +1.970591982e+06 +1.970591982e+06 +2.1121e+00 -9.1035e-01 +8.9100e-02 +9.2546e-01 -1.0559e+00 -9.3914e-01 +1.1404e-01 -7.8334e-02 +3.4657e-01 -2.5572e+00
157 0 +1.661371343e+06 +1.660802463e+06 +1.660802463e+06 -1.0862e-01 +1.3607e+00 +3.0377e+00 +3.3255e-01 -3.2722e+00 -3.7295e-01 -1.7054e+00 +4.4229e+00 -1.7658e+00 -4.6227e+00
202 0 +9.267946972e+05 +9.262258172e+05 +9.262258172e+05 +1.9292e+00 +1.1594e+00 +3.3813e+00 +1.1743e-01 -3.1301e+00 -3.8915e-01 -1.9781e+00 +8.8447e-01 -2.3787e+00 -2.9849e+00
253 0 +4.750431316e+05 +4.744742516e+05 +4.744742516e+05 +4.2349e-01 +2.6680e+00 +3.4061e+00 -2.2199e-01 -4.6902e+00 -1.1706e-01 -1.7327e+00 +2.8733e+00 -1.9502e+00 -3.9385e+00
310 0 +4.314433090e+05 +4.308744290e+05 +4.308744290e+05 -1.0862e-01 +1.3607e+00 +3.0377e+00 +3.3255e-01 -3.2722e+00 -3.7295e-01 -1.7054e+00 +4.4229e+00 -1.7658e+00 -3.3596e+00
453 0 +2.821900597e+05 +2.816211797e+05 +2.816211797e+05 +7.3115e-01 +2.7313e+00 +3.0571e+00 -1.9306e-01 -4.3953e+00 +2.8551e-01 -1.3973e+00 +3.1722e+00 -1.8920e+00 -3.5909e+00
503 0 +2.766131812e+05 +2.760443012e+05 +2.760443012e+05 +7.6350e-01 +2.6938e+00 +3.0578e+00 -1.8133e-01 -4.3625e+00 +2.7480e-01 -1.3995e+00 +3.1228e+00 -1.8948e+00 -3.5671e+00
504 0 +2.619808681e+05 +2.614119881e+05 +2.614119881e+05 +7.0102e-01 +2.5124e+00 +2.8564e+00 -1.2684e-01 -4.2870e+00 +1.7674e-01 -1.3698e+00 +3.0518e+00 -1.8591e+00 -3.5281e+00
1008 0 +2.295883932e+05 +2.290195132e+05 +2.290195132e+05 +8.6925e-01 +2.7991e+00 +2.7820e+00 -4.1629e-01 -4.3345e+00 +4.3552e-01 -1.2337e+00 +3.0548e+00 -1.3113e+00 -3.6234e+00
1009 0 +2.211587713e+05 +2.205898913e+05 +2.205898913e+05 +8.9440e-01 +2.6874e+00 +2.7404e+00 -3.0821e-01 -4.2933e+00 +3.6899e-01 -1.1287e+00 +2.9664e+00 -1.2285e+00 -3.4962e+00
% f evaluations | g evaluations | best noise-free fitness - Fopt (2.069000000000e+01) + sum g_i+ | measured fitness | best measured fitness or single-digit g-values | x1 | x2...
1 0 +2.379908698e+07 +2.379910767e+07 +2.379910767e+07 +3.8667e+00 -9.3526e-01 +9.5469e-01 -4.9825e+00 +4.8201e-01 +1.8983e+00 -1.6715e-01 +2.3257e+00 -2.7349e+00 +4.1384e+00
2 0 +1.923450662e+07 +1.923452731e+07 +1.923452731e+07 +9.0796e-01 +1.2291e+00 -3.9509e+00 -4.8408e+00 +2.0328e+00 +1.9099e+00 +1.1996e+00 +1.4839e+00 -4.3599e+00 +3.5486e+00
3 0 +8.399832807e+06 +8.399853497e+06 +8.399853497e+06 -3.1980e+00 +3.1995e+00 +4.1575e+00 -1.8783e+00 -3.6861e+00 +3.6588e-01 +2.6855e+00 -3.4742e+00 +3.1138e+00 +3.2857e-01
5 0 +7.015597395e+06 +7.015618085e+06 +7.015618085e+06 -4.1405e+00 -3.6409e+00 -2.0811e+00 +3.7800e+00 +2.4871e+00 +2.1098e+00 -3.3950e+00 +4.6342e+00 +1.2590e+00 +2.6494e-01
6 0 +1.539701531e+06 +1.539722221e+06 +1.539722221e+06 -2.1257e-01 +4.2057e+00 +4.1584e+00 -4.5302e+00 +4.7918e-01 -4.4171e+00 +1.5315e+00 +1.1311e+00 -2.7257e+00 -1.5881e+00
31 0 +1.225131178e+06 +1.225151868e+06 +1.225151868e+06 +3.5740e+00 -4.8811e+00 +4.7289e+00 +1.6231e+00 +1.8828e+00 -7.6704e-01 -3.5586e+00 -4.6610e+00 -4.5552e+00 -9.5931e-01
54 0 +8.187904315e+05 +8.188111215e+05 +8.188111215e+05 +2.4782e+00 -2.1412e-01 +3.6133e+00 +1.6288e+00 +2.9546e+00 -2.7764e+00 -1.9328e+00 -2.8631e+00 -1.4518e+00 -1.3071e+00
103 0 +7.186887860e+05 +7.187094760e+05 +7.187094760e+05 +1.9573e+00 -1.0390e+00 +3.5099e+00 +5.5465e-01 +2.0683e+00 -1.8715e+00 -1.5073e+00 -2.7547e+00 -1.0103e+00 -1.0244e+00
157 0 +6.165692055e+05 +6.165898955e+05 +6.165898955e+05 +1.9297e+00 -9.9718e-01 +3.3722e+00 +4.5509e-01 +2.0677e+00 -1.8018e+00 -1.4574e+00 -2.6765e+00 -1.0721e+00 -9.4005e-01
259 0 +1.103583314e+05 +1.103790214e+05 +1.103790214e+05 +2.1160e+00 -3.1371e+00 +3.9664e+00 +7.7849e-01 +6.9977e-01 -4.9532e-01 -1.7940e+00 -3.6545e+00 -2.8233e+00 -5.6651e-01
954 0 +5.960157483e+04 +5.962226483e+04 +5.962226483e+04 +3.0112e+00 -2.6191e+00 +3.9483e+00 +1.1541e+00 +1.1438e+00 +2.3911e-02 -1.3037e+00 -2.7903e+00 -2.5957e+00 -6.1146e-01
% f evaluations | g evaluations | best noise-free fitness - Fopt (5.616700000000e+02) + sum g_i+ | measured fitness | best measured fitness or single-digit g-values | x1 | x2...
1 0 +9.281428414e+05 +9.287045114e+05 +9.287045114e+05 -2.4919e+00 +3.4428e-03 +2.7260e+00 -2.2650e+00 +1.8478e+00 +1.6662e+00 +1.3793e+00 +4.9236e+00 -3.6733e+00 -2.4160e+00
208 0 +8.906702342e+05 +8.912319042e+05 +8.912319042e+05 -2.4544e+00 -9.8326e-02 +2.5083e+00 -2.0905e+00 +1.6690e+00 +1.4205e+00 +1.3352e+00 +4.6580e+00 -3.6605e+00 -2.3746e+00
502 0 +6.720508780e+05 +6.726125480e+05 +6.726125480e+05 -2.2656e+00 +1.1182e-01 +2.2893e+00 -1.9531e+00 +1.5326e+00 +1.3664e+00 +1.1722e+00 +4.4576e+00 -2.9484e+00 -2.0844e+00
607 0 +3.724135022e+05 +3.729751722e+05 +3.729751722e+05 -1.9556e+00 +1.6714e-01 +1.6630e+00 -1.8852e+00 +1.4637e+00 +6.3295e-01 +1.3535e+00 +4.0971e+00 -2.2161e+00 -2.1616e+00
