% f evaluations | g evaluations | best noise-free fitness - Fopt (2.997000000000e+01) + sum g_i+ | measured fitness | best measured fitness or single-digit g-values | x1 | x2...
1 0 +1.851720650e+03 +1.881690650e+03 +1.881690650e+03 -2.5647e+00 -1.4908e+00 +1.0377e+00 -2.0842e+00 -1.9930e+00 +1.1207e+00 +2.1976e+00 +3.9571e-01 -8.5961e-02 +1.5251e-01
2 0 +1.742797305e+03 +1.772767305e+03 +1.772767305e+03 -2.5275e+00 -1.7949e+00 +8.5151e-01 -1.5979e+00 -1.6745e+00 +5.7443e-01 +1.7270e+00 +1.1552e-01 -3.0015e-02 +2.4324e-01
3 0 +1.549791804e+03 +1.579761804e+03 +1.579761804e+03 -1.4895e+00 -1.7600e+00 -1.7654e-01 -3.5641e-01 +2.1205e-02 -6.6238e-01 -9.7425e-02 +5.1336e-01 +7.0705e-01 +2.0591e-01
10 0 +1.517567717e+03 +1.547537717e+03 +1.547537717e+03 -1.4895e+00 -1.7600e+00 -1.7654e-01 -2.6672e-01 +2.1205e-02 -7.3895e-02 -9.7425e-02 +5.1336e-01 +7.0705e-01 +2.0591e-01
% f evaluations | g evaluations | best noise-free fitness - Fopt (-5.171000000000e+01) + sum g_i+ | measured fitness | best measured fitness or single-digit g-values | x1 | x2...
1 0 +1.431279985e+03 +1.379569985e+03 +1.379569985e+03 +3.7213e+00 +1.7395e+00 -1.1320e+00 -3.0115e+00 -2.8242e+00 +1.3273e+00 -1.5173e-01 -9.6666e-01 -2.1927e-01 +1.5698e+00
3 0 +1.380802628e+03 +1.329092628e+03 +1.329092628e+03 +2.8236e+00 +1.6550e+00 -6.5041e-01 -2.2621e+00 -1.3227e+00 +9.4076e-01 -3.5271e-01 -3.2135e-01 +6.8971e-02 +1.3582e+00
% f evaluations | g evaluations | best noise-free fitness - Fopt (-2.799500000000e+02) + sum g_i+ | measured fitness | best measured fitness or single-digit g-values | x1 | x2...
1 0 +1.832933012e+03 +1.552983012e+03 +1.552983012e+03 +1.1449e+00 +1.4354e+00 -4.3662e-01 +2.2152e+00 +7.0258e-01 +1.9720e+00 +1.5759e+00 -3.5977e-01 -2.0439e+00 -1.2597e+00
2 0 +1.708322993e+03 +1.428372993e+03 +1.428372993e+03 +1.2877e+00 +2.0978e+00 -9.9356e-01 +6.0137e-01 -7.3954e-01 +1.2200e+00 +1.3681e+00 -4.2013e-01 -1.0853e+00 -2.0444e+00
3 0 +1.385835720e+03 +1.105885720e+03 +1.105885720e+03 +1.2579e+00 +7.0748e-01 +1.2730e+00 +1.0134e+00 -1.2081e+00 +1.3194e+00 +9.6266e-01 -1.0062e-01 -1.2451e+00 -8.7468e-01
% f evaluations | g evaluations | best noise-free fitness - Fopt (9.319900000000e+02) + sum g_i+ | measured fitness | best measured fitness or single-digit g-values | x1 | x2...
1 0 +1.178432321e+03 +2.110422321e+03 +2.110422321e+03 +2.0936e+00 -1.2572e+00 +1.3485e+00 -1.3236e-01 +7.0552e-01 -8.7619e-01 +2.7215e+00 -4.6607e-01 +9.7188e-01 -1.5345e-01
2 0 +1.171555468e+03 +2.103545468e+03 +2.103545468e+03 -1.1757e+00 -8.6515e-02 +1.0090e+00 +8.7695e-01 -5.5380e-01 -1.7935e+00 +1.1944e+00 -1.0202e+00 +4.5072e-01 -1.2505e+00
3 0 +1.098850585e+03 +2.030840585e+03 +2.030840585e+03 +6.7112e-01 -7.1539e-01 +1.2597e+00 +3.1619e-01 -3.2576e-02 -1.5233e+00 +2.0392e+00 -5.1611e-01 +4.8705e-01 -6.8563e-01
% f evaluations | g evaluations | best noise-free fitness - Fopt (1.133100000000e+02) + sum g_i+ | measured fitness | best measured fitness or single-digit g-values | x1 | x2...
1 0 +1.765514359e+03 +1.878824359e+03 +1.878824359e+03 -2.0314e+00 -2.1342e+00 -2.1886e+00 +1.9838e+00 -6.0414e-01 -1.3225e-01 -1.0336e+00 +4.2193e-01 -3.4516e-01 +1.5499e+00
3 0 +1.645125885e+03 +1.758435885e+03 +1.758435885e+03 -2.5617e+00 -1.5048e+00 -5.5319e-01 -4.4861e-02 +6.4862e-01 -1.0188e+00 -8.4814e-01 +7.8012e-01 -1.6794e+00 +1.1111e+00
6 0 +1.357740096e+03 +1.471050096e+03 +1.471050096e+03 -2.1061e+00 -1.2148e+00 -1.4433e-01 -1.2124e+00 -6.6782e-01 -1.3429e+00 +1.3100e+00 -5.9598e-01 -9.6433e-01 -1.7300e-01
% f evaluations | g evaluations | best noise-free fitness - Fopt (2.849000000000e+01) + sum g_i+ | measured fitness | best measured fitness or single-digit g-values | x1 | x2...
1 0 +2.341347500e+03 +2.369837500e+03 +2.369837500e+03 +2.1917e+00 +4.6316e-01 -2.5009e+00 +1.4227e+00 -4.6452e-02 -2.1634e+00 +4.4018e-01 -7.1170e-01 +4.6178e-01 -2.2600e-01
4 0 +1.971163823e+03 +1.999653823e+03 +1.999653823e+03 +2.2256e+00 -1.6189e+00 +1.2400e+00 +1.7081e+00 -7.8532e-01 -1.2429e+00 -1.4426e+00 +3.9504e-01 -7.1816e-01 +3.2910e-02
5 0 +1.938209838e+03 +1.966699838e+03 +1.966699838e+03 +1.0482e+00 -6.4249e-01 -1.7796e-01 +1.0645e+00 -1.6657e+00 -4.6829e-01 -4.8808e-01 -6.2766e-02 -2.2497e-01 -4.2509e-01
14 0 +1.872493797e+03 +1.900983797e+03 +1.900983797e+03 +1.8068e+00 -3.0516e-01 -1.2312e+00 +7.5265e-01 -5.6419e-01 -4.0790e-01 -3.5309e-01 -3.4581e-01 -3.5089e-02 -1.9947e-02
17 0 +1.858448948e+03 +1.886938948e+03 +1.886938948e+03 +1.7232e+00 -3.4613e-01 -1.1192e+00 +8.1183e-01 -6.7889e-01 -4.0724e-01 -1.2276e-01 -3.3620e-01 -5.5969e-02 -5.5687e-02
% f evaluations | g evaluations | best noise-free fitness - Fopt (-7.405800000000e+02) + sum g_i+ | measured fitness | best measured fitness or single-digit g-values | x1 | x2...
1 0 +1.633326332e+03 +8.927463320e+02 +8.927463320e+02 -3.2752e+00 -9.5246e-01 -2.2418e+00 -3.0732e+00 +6.9922e-01 -9.6274e-01 -1.3989e+00 +1.9829e-01 +1.5048e+00 -2.5738e+00
2 0 +1.520423742e+03 +7.798437417e+02 +7.798437417e+02 -1.8702e+00 -2.6999e-01 -1.0390e+00 -2.3439e+00 -3.0634e-01 -1.4967e+00 -7.7836e-01 +7.2257e-01 +1.1288e-01 -1.2365e+00
5 0 +1.511558162e+03 +7.709781623e+02 +7.709781623e+02 -4.9285e-01 +6.4239e-01 +1.8946e+00 +2.0261e-01 -2.2874e-01 -8.2906e-01 -1.1161e+00 +5.9281e-01 +3.6700e-01 +1.2174e+00
6 0 +1.453319534e+03 +7.127395336e+02 +7.127395336e+02 -6.0054e-01 +2.3091e-01 +1.1268e+00 -5.7857e-01 -3.7673e-01 -9.5592e-01 -1.0214e+00 +5.3223e-01 +1.7675e-01 +5.3775e-01
7 0 +1.299755766e+03 +5.591757664e+02 +5.591757664e+02 -4.0885e-01 +2.6337e-02 +7.9349e-01 +7.4966e-02 -9.6009e-01 +2.3956e-01 -3.5124e-01 -2.3815e-01 -2.2443e-02 +7.9160e-01
8 0 +1.281532656e+03 +5.409526558e+02 +5.409526558e+02 -7.6347e-01 +1.8463e-02 -7.8804e-02 -2.1171e-01 -1.1958e+00 +2.7145e-01 +1.2753e-01 -4.2537e-01 -1.2029e-02 +4.6006e-01
9 0 +1.251041912e+03 +5.104619120e+02 +5.104619120e+02 -7.6347e-01 +1.8463e-02 -7.8804e-02 -2.1171e-01 -3.0962e-01 +2.7145e-01 +1.2753e-01 -4.2537e-01 -1.2029e-02 +4.6006e-01
% f evaluations | g evaluations | best noise-free fitness - Fopt (-5.177000000000e+01) + sum g_i+ | measured fitness | best measured fitness or single-digit g-values | x1 | x2...
1 0 +1.597764783e+03 +1.545994783e+03 +1.545994783e+03 +1.6690e+00 -3.4983e-01 -2.7160e-01 -2.3480e+00 -1.7377e+00 -3.9291e-01 -2.2022e+00 +1.1340e-01 +4.2244e-01 -9.5422e-01
2 0 +1.386007504e+03 +1.334237504e+03 +1.334237504e+03 +1.0547e-01 +1.5423e+00 -1.7620e+00 -2.2098e+00 +1.1305e-01 -3.8949e-01 -2.2863e-01 -3.4669e-01 +5.0463e-01 -3.1481e-01
4 0 +1.374526058e+03 +1.322756058e+03 +1.322756058e+03 +3.1755e-02 +5.5086e-01 -1.5151e+00 -1.1153e+00 +4.4542e-01 +1.0990e-01 +4.5603e-01 -1.1140e-01 -4.6403e-02 -4.9674e-01
% f evaluations | g evaluations | best noise-free fitness - Fopt (-2.229800000000e+02) + sum g_i+ | measured fitness | best measured fitness or single-digit g-values | x1 | x2...
1 0 +1.669295864e+03 +1.446315864e+03 +1.446315864e+03 +3.7804e-01 -1.2871e+00 +1.7677e+00 -7.7809e-01 -3.5149e+00 +5.4592e-01 +3.7089e+00 +1.3071e+00 -5.6231e-01 +1.2192e-01
2 0 +1.662249711e+03 +1.439269711e+03 +1.439269711e+03 +5.9730e-01 -1.0626e+00 +1.6510e+00 -9.4470e-01 -2.7658e+00 +5.0945e-01 +3.3604e+00 +9.2694e-01 -4.8572e-01 +2.9290e-02
% f evaluations | g evaluations | best noise-free fitness - Fopt (5.860000000000e+00) + sum g_i+ | measured fitness | best measured fitness or single-digit g-values | x1 | x2...
1 0 +1.371762871e+03 +1.377622871e+03 +1.377622871e+03 +3.6218e-01 -2.2407e+00 +7.3906e-01 -1.1613e+00 -1.5351e-01 +1.3338e+00 +2.7416e+00 +1.3875e+00 -1.0059e+00 +1.5235e+00
8 0 +1.322682184e+03 +1.328542184e+03 +1.328542184e+03 +1.3260e+00 -1.0072e+00 +1.9450e-02 +1.4154e-04 -7.6263e-02 -6.3864e-01 +8.1629e-01 +3.8017e-01 -8.9240e-01 +4.0967e-01
10 0 +1.267365628e+03 +1.273225628e+03 +1.273225628e+03 +1.3677e+00 -3.2800e-02 -1.0852e-01 -2.2542e-01 -1.2005e-01 -5.8293e-01 +7.9521e-01 +3.3753e-01 -7.3005e-01 +6.3203e-01
17 0 +1.168244710e+03 +1.174104710e+03 +1.174104710e+03 +3.5539e-01 -1.4235e-01 -9.5402e-02 -2.0264e-01 -1.1557e-01 -5.8853e-01 +7.9736e-01 +3.4191e-01 -7.4650e-01 +6.0945e-01
% f evaluations | g evaluations | best noise-free fitness - Fopt (2.048600000000e+02) + sum g_i+ | measured fitness | best measured fitness or single-digit g-values | x1 | x2...
1 0 +1.468054275e+03 +1.672914275e+03 +1.672914275e+03 +6.6782e-01 -2.2065e+00 +1.3117e+00 +1.6713e+00 -6.1305e-01 -1.7335e-01 -2.5305e-01 -2.1387e-01 -1.1479e-01 -5.8501e-01
2 0 +1.385832745e+03 +1.590692745e+03 +1.590692745e+03 +6.9756e-01 -1.9434e-02 +1.2204e+00 +1.6969e+00 +1.3484e-01 +6.1536e-01 -3.9645e-01 +3.6822e-01 +9.3183e-01 +2.0025e-01
% f evaluations | g evaluations | best noise-free fitness - Fopt (1.154900000000e+02) + sum g_i+ | measured fitness | best measured fitness or single-digit g-values | x1 | x2...
1 0 +2.353180875e+03 +2.468670875e+03 +2.468670875e+03 +3.3034e+00 +1.1565e+00 -3.6776e+00 +9.6923e-02 -1.8746e+00 -2.4156e-02 -8.3888e-01 +8.5238e-01 -2.0593e-01 -7.9121e-01
3 0 +2.045136516e+03 +2.160626516e+03 +2.160626516e+03 +1.5001e+00 +2.0477e+00 -2.9210e+00 +6.9926e-01 -1.7985e+00 -4.6583e-01 -4.8742e-01 -3.2581e-01 -9.5617e-02 -1.0269e+00
6 0 +1.899318104e+03 +2.014808104e+03 +2.014808104e+03 +5.6166e-01 +2.4726e+00 -2.0162e+00 +9.1995e-01 -1.6785e+00 -5.9737e-01 -3.0472e-01 -8.6843e-01 -1.1046e-02 -1.1683e+00
14 0 +1.836766576e+03 +1.952256576e+03 +1.952256576e+03 +1.2436e+00 +2.1618e+00 -1.1166e+00 +7.5957e-01 -6.2590e-02 -4.9450e-01 -4.4048e-01 -4.7103e-01 -7.4992e-02 -9.7293e-01
20 0 +1.750305984e+03 +1.865795984e+03 +1.865795984e+03 +1.2436e+00 +2.1618e+00 -1.1166e+00 +7.5957e-01 -6.2590e-02 -4.9450e-01 -4.4048e-01 -4.7103e-01 -7.4992e-02 -1.4151e-01
% f evaluations | g evaluations | best noise-free fitness - Fopt (1.950500000000e+02) + sum g_i+ | measured fitness | best measured fitness or single-digit g-values | x1 | x2...
1 0 +1.864834133e+03 +2.059884133e+03 +2.059884133e+03 +1.4358e-01 -1.5690e+00 -1.8999e+00 -1.4722e+00 -1.6542e+00 +9.2056e-01 -4.3015e-01 -1.0048e+00 +9.1152e-01 +1.9576e+00
4 0 +1.840118058e+03 +2.035168058e+03 +2.035168058e+03 +1.2592e+00 -7.3281e-01 -7.0307e-01 -1.1577e+00 -5.3413e-01 +2.7152e-02 +1.0439e+00 -5.3825e-01 +1.3764e-01 -9.9473e-01
11 0 +1.726262837e+03 +1.921312837e+03 +1.921312837e+03 +1.0889e+00 -8.6040e-01 -8.8569e-01 -1.2057e+00 -7.0503e-01 +1.6347e-01 +2.9961e-03 -6.0944e-01 +2.5572e-01 -5.4425e-01
16 0 +1.694223001e+03 +1.889273001e+03 +1.889273001e+03 +7.2204e-01 -8.6040e-01 -8.8569e-01 -1.2057e+00 -7.0503e-01 +1.6347e-01 +2.9961e-03 -6.0944e-01 +2.2806e-02 -5.4425e-01
% f evaluations | g evaluations | best noise-free fitness - Fopt (-2.144800000000e+02) + sum g_i+ | measured fitness | best measured fitness or single-digit g-values | x1 | x2...
1 0 +1.211169365e+03 +9.966893648e+02 +9.966893648e+02 +1.9290e-01 +9.9761e-01 -3.4679e+00 +8.6977e-01 -7.5584e-01 -2.4705e+00 -4.9306e-01 +6.5361e-01 +1.4857e+00 +3.0872e-01
2 0 +1.201177809e+03 +9.866978086e+02 +9.866978086e+02 +1.2660e-01 +8.8528e-01 -3.3775e+00 +1.0106e+00 -7.0772e-01 -2.4052e+00 -3.8686e-01 +5.4846e-01 +1.3025e+00 +2.0883e-01
3 0 +1.096355317e+03 +8.818753171e+02 +8.818753171e+02 +1.7688e+00 +1.5752e+00 -1.7932e+00 -5.2911e-01 -2.7483e-01 -5.5876e-02 +1.4691e-01 +6.2036e-01 +5.5151e-01 +9.6433e-01
14 0 +9.738271183e+02 +7.593471183e+02 +7.593471183e+02 +6.3022e-01 +1.5409e+00 -1.3982e+00 -2.1373e-01 -3.8959e-01 -1.8502e-01 +1.9439e-01 +4.8503e-01 +4.0314e-01 +1.2112e+00
% f evaluations | g evaluations | best noise-free fitness - Fopt (-4.590000000000e+01) + sum g_i+ | measured fitness | best measured fitness or single-digit g-values | x1 | x2...
1 0 +1.552600007e+03 +1.506700007e+03 +1.506700007e+03 +2.4146e+00 +1.4011e+00 -5.7551e-01 +1.5608e+00 +1.9100e+00 +5.3816e-01 -2.1810e+00 +4.7520e-01 +2.1282e-01 -5.0842e-02
3 0 +1.505807552e+03 +1.459907552e+03 +1.459907552e+03 +1.6921e+00 +7.3548e-01 +6.3242e-01 +1.2760e+00 +2.1844e+00 +3.6044e-01 -1.1612e+00 +1.8608e-01 -4.0991e-01 -4.0229e-01
5 0 +1.421784914e+03 +1.375884914e+03 +1.375884914e+03 +2.1000e+00 +1.0531e+00 +1.1495e+00 -1.1579e-02 +7.9474e-01 -8.4028e-02 +7.2451e-01 +1.8564e-01 -5.3614e-01 -5.6584e-01
7 0 +1.412267048e+03 +1.366367048e+03 +1.366367048e+03 +1.9884e+00 +9.6617e-01 +1.0080e+00 +3.4071e-01 +1.1750e+00 +3.7581e-02 +2.0856e-01 +1.8576e-01 -5.0160e-01 -5.2109e-01
10 0 +1.324144375e+03 +1.278244375e+03 +1.278244375e+03 +1.8671e+00 +3.9271e-01 +5.1685e-01 +5.4681e-03 +9.6159e-01 -1.0321e-01 +3.6421e-01 +6.1916e-01 -7.0842e-01 -5.4965e-01
12 0 +1.278185357e+03 +1.232285357e+03 +1.232285357e+03 +2.0353e+00 +1.0027e+00 +1.0675e+00 +1.9266e-01 +5.1809e-02 -5.2192e-02 +3.7934e-01 +1.8571e-01 -5.1612e-01 -5.3990e-01
