% f evaluations | g evaluations | best noise-free fitness - Fopt (3.590000000000e+01) + sum g_i+ | measured fitness | best measured fitness or single-digit g-values | x1 | x2...
1 0 +1.688277495e+06 +1.688313395e+06 +1.688313395e+06 -3.9213e+00 -2.0081e+00 +2.0222e+00 -7.4191e-01 +4.9259e+00 +4.3774e+00 -2.8254e+00 +3.1923e+00 -3.9262e+00 -1.6030e+00 -4.0457e+00 -2.7425e+00 +2.4715e+00 +1.6569e+00 -4.8101e+00 -3.1178e+00 +4.8124e+00 +4.8894e+00 -2.4665e+00 -9.0643e-01
2 0 +1.111489763e+06 +1.111525663e+06 +1.111525663e+06 +2.8261e+00 +1.4617e+00 +4.8789e+00 +2.1496e+00 +4.2370e+00 -4.7987e+00 -3.1310e+00 +3.1687e+00 +4.6667e+00 -3.8608e+00 -2.7150e+00 +2.5538e+00 +4.5526e+00 -1.1527e+00 +4.7740e+00 +5.8610e-01 +1.9730e+00 +1.1928e+00 +2.4085e+00 -4.9017e+00
3 0 +5.848035202e+05 +5.848394202e+05 +5.848394202e+05 +2.3506e+00 +2.8054e-01 +3.0256e+00 -1.9375e+00 -3.2346e+00 +4.9355e+00 +6.3446e-01 +9.3674e-01 +1.9157e+00 -1.8385e+00 -1.8943e-01 +5.6192e-01 +6.3202e-01 +3.7519e+00 +4.2382e+00 +1.1740e+00 +3.1355e+00 +4.7279e+00 -6.6020e-01 -4.3221e+00
% f evaluations | g evaluations | best noise-free fitness - Fopt (3.137000000000e+01) + sum g_i+ | measured fitness | best measured fitness or single-digit g-values | x1 | x2...
1 0 +5.795364903e+05 +5.795678603e+05 +5.795678603e+05 +1.1200e+00 -1.4933e+00 -2.1780e+00 +4.9599e-01 +2.4623e+00 +1.0128e+00 -4.6067e+00 +1.5548e+00 -3.6472e+00 +1.0846e+00 +3.0007e+00 +4.0231e+00 +1.3497e+00 +2.3789e+00 +4.3574e+00 -1.6427e-01 -2.1119e+00 -7.8167e-01 -2.4734e+00 +2.8688e+00
8 0 +5.440501805e+05 +5.440815505e+05 +5.440815505e+05 +2.8597e+00 +2.4426e+00 -7.5303e-01 +3.2193e+00 +4.6025e+00 +1.0663e+00 +1.8526e+00 +2.3824e+00 +2.1455e+00 -2.8745e+00 +1.2710e+00 +1.7345e+00 -1.7854e+00 +1.0321e+00 +4.7815e-01 -7.4152e-01 -1.9952e+00 +2.3472e-01 -3.5198e+00 -2.2271e-01
10 0 +2.812102426e+05 +2.812416126e+05 +2.812416126e+05 +4.8538e+00 -5.3387e-01 -3.7863e+00 +3.1162e+00 -3.8186e+00 +3.2008e+00 +9.3443e-01 +1.5080e+00 -4.1545e+00 -3.8865e-01 +1.2621e+00 +3.9130e+00 +1.3190e+00 +3.4730e+00 -3.7839e+00 -2.5375e+00 +1.8414e+00 +2.0495e+00 -3.0029e+00 -2.7515e+00
% f evaluations | g evaluations | best noise-free fitness - Fopt (-1.000000000000e+03) + sum g_i+ | measured fitness | best measured fitness or single-digit g-values | x1 | x2...
1 0 +9.274659372e+05 +9.264659372e+05 +9.264659372e+05 +3.2000e+00 +1.8888e+00 +2.9891e+00 -1.6442e+00 -2.7064e+00 -1.7361e+00 -4.3799e+00 +1.6027e+00 -2.7307e+00 -3.1655e+00 -2.7845e+00 +2.7565e+00 -4.5853e+00 +2.6105e+00 -8.5562e-01 +6.4619e-01 +1.8342e+00 +2.4780e+00 +2.9060e+00 +4.9648e+00
2 0 +8.363144449e+05 +8.353144449e+05 +8.353144449e+05 +2.3619e+00 -3.0618e+00 -4.2596e+00 -1.7082e+00 +3.4624e+00 -4.3189e+00 +4.5055e+00 +3.6748e+00 -3.5411e+00 -4.7675e+00 -4.2221e+00 +2.3908e+00 +1.8357e+00 -7.2987e-01 +2.8382e+00 -3.1792e+00 +3.1159e+00 -1.8095e+00 -4.6076e+00 -4.1034e-01
5 0 +6.955447889e+05 +6.945447889e+05 +6.945447889e+05 -4.5255e+00 -1.6611e+00 -4.2991e+00 -3.0959e+00 +1.3305e+00 -1.7900e+00 -6.4470e-01 +3.2813e-01 -2.6546e+00 -2.2682e+00 -2.8574e+00 +1.6916e-01 -2.9163e+00 -4.5854e+00 +3.3428e+00 -2.5117e+00 -1.3693e-01 -1.1948e+00 -3.0623e+00 +1.9872e+00
7 0 +5.656710491e+05 +5.646710491e+05 +5.646710491e+05 +2.6140e+00 +4.1078e+00 -1.0512e+00 -2.8744e-01 +4.2661e-01 +3.5709e+00 +4.3733e+00 -3.8012e+00 +3.5036e+00 -4.4631e+00 +1.0487e+00 +1.8095e+00 -4.3393e-01 +2.7727e+00 -2.9877e+00 +2.9869e-01 -7.9654e-01 -1.5024e+00 -4.4201e+00 -2.4891e+00
17 0 +4.715109112e+05 +4.705109112e+05 +4.705109112e+05 -9.5495e-01 -2.1786e+00 -4.2534e+00 -1.7680e-01 -1.5460e+00 -3.3098e+00 +4.5226e+00 -3.3676e+00 +4.8151e+00 -2.1049e-01 +3.3068e-02 -4.7229e+00 -5.6762e-02 -2.7779e+00 -1.8080e+00 +3.0978e+00 -7.0105e-01 -1.4186e+00 -3.5658e+00 +3.9270e+00
21 0 +3.558323284e+05 +3.548323284e+05 +3.548323284e+05 -1.4132e+00 +4.2151e+00 +2.0860e+00 +3.6203e+00 +2.5837e+00 -1.3496e+00 -3.2651e+00 +8.4651e-01 -2.6734e-02 -3.5509e+00 +3.3836e+00 +2.6244e+00 -3.1278e+00 +4.3464e+00 -4.0471e+00 -3.9807e+00 -8.0325e-01 +3.5931e+00 -1.6886e+00 +1.9938e+00
% f evaluations | g evaluations | best noise-free fitness - Fopt (1.319200000000e+02) + sum g_i+ | measured fitness | best measured fitness or single-digit g-values | x1 | x2...
1 0 +1.124675397e+06 +1.124807317e+06 +1.124807317e+06 -3.7796e+00 -3.8552e+00 -4.5135e-01 -3.5998e+00 +3.5481e+00 +3.3378e+00 -4.0679e+00 +4.5113e+00 -4.4756e-01 -4.6916e-01 +5.8737e-01 -4.1768e+00 -2.8860e+00 +1.9520e+00 -2.9193e+00 -3.9860e+00 +6.7236e-01 +3.0577e+00 +3.4759e+00 -1.4985e+00
16 0 +1.094955850e+06 +1.095087770e+06 +1.095087770e+06 +8.0586e-01 +3.3754e+00 +3.7636e+00 +3.9695e+00 -3.2034e-01 +1.0312e+00 +2.7864e+00 +3.8997e-01 -3.1762e+00 -1.1208e+00 -2.9702e+00 +1.9812e+00 -1.2540e+00 -2.1109e+00 +8.5854e-01 -3.9492e+00 +3.7483e+00 +6.0359e-01 +1.5408e-02 +2.3137e+00
29 0 +9.642743403e+05 +9.644062603e+05 +9.644062603e+05 -9.2084e-01 +1.2432e+00 -1.5383e+00 -2.7072e+00 -3.7184e-01 +3.8455e+00 -4.3415e+00 -2.7638e+00 -3.2116e+00 +2.8369e+00 +1.0806e+00 +1.0376e+00 -1.7489e+00 +3.5968e+00 -3.2993e+00 +1.9699e+00 +1.9137e+00 -3.9878e+00 +3.2830e+00 +3.7501e+00
% f evaluations | g evaluations | best noise-free fitness - Fopt (5.908400000000e+02) + sum g_i+ | measured fitness | best measured fitness or single-digit g-values | x1 | x2...
1 0 +5.659831870e+05 +5.665740270e+05 +5.665740270e+05 -2.7679e+00 -1.3417e+00 -2.4066e+00 -2.6778e+00 +3.9390e+00 +4.7336e+00 +1.4922e+00 +4.8517e+00 +3.2783e+00 -1.0039e+00 +7.1500e-01 -2.8896e+00 -4.9399e+00 +4.2018e+00 +3.4244e+00 +2.8378e+00 -4.2463e+00 +3.2411e+00 +4.0081e+00 -3.6183e+00
2 0 +5.533568743e+05 +5.539477143e+05 +5.539477143e+05 -5.3381e-01 -3.9811e+00 +2.1522e+00 +3.6320e+00 +4.1823e+00 -4.2775e+00 -1.5804e-01 -2.8121e+00 -4.2662e+00 +1.2413e+00 +1.5028e+00 +3.8845e+00 -3.9974e+00 +4.6019e-01 +4.2897e+00 +3.8988e+00 -1.9253e+00 -2.4911e+00 -3.7191e+00 +2.4519e+00
3 0 +4.507588108e+05 +4.513496508e+05 +4.513496508e+05 +4.1659e+00 -1.5654e+00 +2.8886e+00 +1.0590e+00 +4.3222e-01 +4.4010e+00 +2.4367e+00 +1.9944e+00 -1.4150e+00 +3.2129e+00 +1.6106e+00 +1.2682e+00 +2.1986e+00 +4.0451e+00 -1.9242e+00 -4.0860e-01 -3.7851e+00 -1.4773e+00 +2.6195e-01 -2.9586e+00
5 0 +4.325191576e+05 +4.331099976e+05 +4.331099976e+05 -4.2681e+00 +3.8461e+00 +1.7023e+00 +3.5450e+00 -3.2121e+00 -4.4385e+00 +1.7804e+00 +7.9417e-01 -2.9198e+00 +3.6544e+00 +9.9844e-01 -1.2711e+00 +2.5161e+00 +1.4059e+00 -2.1874e+00 -3.0220e+00 -4.1223e+00 +3.3119e+00 -4.9056e+00 +6.3294e-01
14 0 +3.685412318e+05 +3.691320718e+05 +3.691320718e+05 -3.8701e+00 +1.6814e+00 +4.6759e+00 -3.1825e+00 +2.6229e+00 -2.1420e+00 -1.4033e+00 -2.8538e+00 +3.3772e+00 +2.6614e+00 -1.0755e+00 -5.6247e-01 +2.6177e+00 -2.4188e+00 -2.7911e+00 -2.9078e+00 +6.9710e-01 -1.9946e+00 +2.2781e+00 -3.3013e+00
28 0 +2.163351355e+05 +2.169259755e+05 +2.169259755e+05 -2.0145e+00 +4.6874e+00 +4.5373e+00 +1.5581e+00 +3.0840e+00 -4.1929e+00 +4.0253e+00 +8.1872e-01 -8.7265e-01 -3.6735e-01 -2.1391e+00 +3.2181e+00 +4.1150e+00 -1.0018e+00 +3.4023e+00 +1.8336e+00 -2.7014e+00 -9.1207e-01 -5.7805e-01 -4.3364e+00
% f evaluations | g evaluations | best noise-free fitness - Fopt (6.749000000000e+01) + sum g_i+ | measured fitness | best measured fitness or single-digit g-values | x1 | x2...
1 0 +5.719446388e+05 +5.720121288e+05 +5.720121288e+05 +4.6996e+00 -3.7719e+00 -1.6587e+00 +1.9336e+00 -1.5245e+00 +3.0027e+00 -2.9357e+00 -4.3628e+00 +3.9092e+00 +5.1753e-01 -3.5530e+00 +2.9404e+00 -3.9464e+00 -4.5877e+00 +1.4736e+00 -2.3029e+00 -2.5719e+00 +1.6120e-01 -4.3337e+00 +6.8665e-01
9 0 +4.935357808e+05 +4.936032708e+05 +4.936032708e+05 +1.0671e+00 +5.9813e-01 -4.8945e+00 -8.1727e-01 +4.4643e+00 -8.4104e-01 -2.1228e-01 +3.5334e-01 -4.0370e-01 +4.6343e+00 -4.0328e+00 +4.2098e+00 -3.4129e+00 -7.1460e-01 +3.8248e+00 -2.9017e+00 -2.2762e+00 -2.1914e+00 -4.3049e+00 -2.5330e-01
12 0 +4.559091297e+05 +4.559766197e+05 +4.559766197e+05 +4.4726e+00 +3.3680e+00 +1.7711e+00 -1.2831e+00 +2.8910e+00 -1.0286e+00 -1.0009e+00 -3.9359e+00 -4.3602e+00 -2.1454e+00 +1.8175e+00 -1.0083e+00 -2.0654e+00 +4.0619e+00 +4.6314e-01 -4.0859e+00 +3.6068e+00 -2.9506e+00 -4.1824e+00 -1.6394e+00
17 0 +2.063593881e+05 +2.064268781e+05 +2.064268781e+05 -3.5069e+00 -2.0230e+00 +3.6979e+00 -4.4574e+00 +3.1996e+00 +2.5489e+00 +3.6604e+00 -2.6307e+00 -4.4971e+00 +2.2361e+00 +2.7282e+00 +2.5971e+00 +3.6667e+00 -2.5697e+00 -3.3867e+00 -2.6208e+00 +3.7761e+00 -3.8002e+00 +9.7775e-01 +2.9775e+00
% f evaluations | g evaluations | best noise-free fitness - Fopt (3.085000000000e+01) + sum g_i+ | measured fitness | best measured fitness or single-digit g-values | x1 | x2...
1 0 +8.817433486e+05 +8.817741986e+05 +8.817741986e+05 +4.0464e+00 +4.8763e+00 +2.4036e+00 +3.6350e+00 +3.2130e+00 -4.3395e+00 -6.3463e-01 -2.8175e-01 -3.2794e-01 +2.2998e+00 +3.3454e+00 +3.8126e-01 +2.9111e+00 +1.7297e+00 +1.3196e+00 -3.9551e+00 +4.3855e-01 -4.1748e+00 +2.8614e+00 -1.0865e+00
3 0 +6.180664299e+05 +6.180972799e+05 +6.180972799e+05 -3.0246e-02 +3.1701e+00 -4.6810e+00 -4.2664e+00 -4.1365e-01 -2.5081e+00 +1.2330e+00 +2.5129e-01 -1.7024e-01 -7.5569e-01 -2.7410e+00 +3.8343e+00 +1.1092e-01 -1.4748e+00 -3.7917e+00 +4.1989e+00 +8.4711e-02 -2.2071e+00 -2.1358e+00 +2.6592e+00
12 0 +4.327729988e+05 +4.328038488e+05 +4.328038488e+05 +1.1101e+00 -3.8100e+00 +2.6593e+00 +5.3689e-01 -3.4424e+00 +6.8064e-01 -4.6049e+00 -3.0234e+00 -7.4973e-01 +3.3482e-01 -4.2399e+00 -4.0096e+00 -2.8455e+00 +2.2477e+00 +4.9111e-01 +3.9691e+00 -1.9317e+00 -9.2746e-01 -4.1159e+00 -3.5870e-01
14 0 +5.468055069e+04 +5.471140069e+04 +5.471140069e+04 +2.1747e+00 +2.8705e+00 -4.7751e-01 +2.6204e+00 +2.6642e+00 +1.3625e+00 -1.7163e+00 +1.4280e+00 +4.6526e+00 -1.0490e+00 -3.0137e+00 -8.7580e-01 -2.7516e+00 +9.9185e-01 -1.5901e+00 +1.2208e-01 +3.8968e+00 +2.2053e+00 -2.6388e+00 +3.2515e-01
% f evaluations | g evaluations | best noise-free fitness - Fopt (-1.255000000000e+01) + sum g_i+ | measured fitness | best measured fitness or single-digit g-values | x1 | x2...
1 0 +5.789717155e+05 +5.789591655e+05 +5.789591655e+05 -4.0723e+00 +5.4716e-01 -5.3952e-01 +3.3144e+00 -1.8415e+00 -3.5709e+00 -1.8832e+00 -1.5717e+00 -2.2682e+00 -8.3226e-01 -1.9897e+00 +3.7822e+00 -3.6977e-01 +1.7509e+00 +2.8747e+00 -1.7170e+00 -4.2683e+00 +1.8466e+00 +8.6149e-01 +2.8981e+00
3 0 +4.671305864e+05 +4.671180364e+05 +4.671180364e+05 +3.1336e+00 +1.9817e+00 +1.0801e+00 +7.4342e-01 +4.2052e+00 -2.7276e-02 +2.5169e+00 -4.2057e+00 +1.3272e+00 -1.8134e+00 -4.0581e+00 +1.7979e+00 -1.6333e+00 +5.0450e-03 -1.6091e+00 -3.5885e+00 +1.8478e+00 +2.6023e+00 -4.5703e+00 +4.1061e-01
5 0 +3.862291414e+05 +3.862165914e+05 +3.862165914e+05 +1.6293e+00 +4.6787e+00 +2.1663e+00 -1.4322e+00 +1.9587e+00 +1.3636e+00 +1.4714e+00 -1.2828e+00 -1.2098e+00 -8.0241e-01 +3.2497e+00 +4.1266e+00 -3.9340e+00 +2.0052e+00 -4.7485e+00 -3.2293e+00 -4.3865e+00 -6.3808e-01 -4.9130e+00 +1.6411e+00
6 0 +3.160188001e+05 +3.160062501e+05 +3.160062501e+05 +6.2783e-01 -3.6371e+00 -1.7127e+00 +2.2363e+00 +1.9807e+00 -4.3282e+00 +4.3961e+00 -3.4108e+00 -1.8429e+00 -2.3273e+00 -2.8221e-01 +1.4230e+00 +1.0982e+00 +4.1059e-01 +3.9903e-01 +3.8826e+00 -8.1785e-01 -8.1404e-01 -2.3974e+00 -2.0948e+00
% f evaluations | g evaluations | best noise-free fitness - Fopt (5.383900000000e+02) + sum g_i+ | measured fitness | best measured fitness or single-digit g-values | x1 | x2...
1 0 +1.322994844e+06 +1.323533234e+06 +1.323533234e+06 -1.0897e+00 -5.9172e-01 +2.2095e+00 -2.1587e+00 +8.9422e-01 -3.8654e-01 -6.7409e-01 -3.6003e+00 -1.3854e+00 +9.0725e-01 +3.5917e+00 +4.5264e+00 +3.6018e+00 -9.4918e-01 -4.4615e+00 -4.7400e+00 +3.1510e+00 +1.5591e+00 -4.5497e+00 +2.0083e+00
3 0 +1.061318220e+06 +1.061856610e+06 +1.061856610e+06 +3.8296e-01 -4.6631e+00 -1.5064e+00 +4.6138e+00 +8.6634e-01 +1.3075e+00 -1.5365e+00 -1.7978e+00 +2.7969e+00 -4.3613e+00 +3.4592e+00 +1.7716e+00 -2.2541e+00 -3.0289e+00 +3.4748e-01 -1.7497e+00 -2.1906e+00 -1.3659e+00 -3.0748e+00 -2.2069e+00
4 0 +7.086220285e+05 +7.091604185e+05 +7.091604185e+05 +3.0166e+00 -4.9950e+00 +1.2030e+00 -1.6019e+00 -4.8814e+00 -1.7577e+00 +3.1388e+00 -2.0441e+00 -3.1976e+00 +3.7723e+00 -1.2171e+00 -3.8330e+00 -6.3347e-01 -3.7033e+00 +2.4634e+00 +2.2103e+00 +3.9159e+00 -4.6834e+00 +4.6950e+00 -2.2540e+00
11 0 +6.020594824e+05 +6.025978724e+05 +6.025978724e+05 -2.4046e+00 -2.7511e+00 +1.8009e+00 +5.9489e-01 +2.1950e+00 -2.0322e-01 +2.9436e+00 +4.8102e-01 +3.5805e+00 -3.4134e+00 +1.1738e-01 -3.7881e-02 +4.7649e+00 +3.5917e+00 -1.8581e+00 -1.4928e+00 +4.1502e+00 -4.4086e+00 +1.7860e+00 +3.7654e+00
34 0 +3.598997590e+05 +3.604381490e+05 +3.604381490e+05 +1.3265e+00 -3.1462e+00 -4.2656e+00 +2.3028e+00 +2.8365e+00 -4.4750e+00 +7.8350e-01 -2.7614e+00 -1.4719e+00 +2.4629e+00 +1.8160e-01 -4.0714e+00 -6.9737e-01 +1.3105e+00 -3.3813e+00 +4.6859e+00 -2.5811e+00 -4.9746e-01 +1.5232e+00 +5.9017e-01
38 0 +3.410300667e+05 +3.415684567e+05 +3.415684567e+05 +1.3684e+00 -8.1125e-01 +3.9621e+00 +4.0808e+00 +4.6921e+00 -5.8820e-01 -4.8285e+00 +1.5536e+00 +9.2826e-01 -3.5986e+00 +2.8978e+00 -4.4705e+00 -1.7082e-01 +4.0942e+00 +4.5603e+00 -3.5705e+00 -2.0764e+00 +1.4307e+00 +2.1735e+00 -1.0799e+00
% f evaluations | g evaluations | best noise-free fitness - Fopt (-1.055600000000e+02) + sum g_i+ | measured fitness | best measured fitness or single-digit g-values | x1 | x2...
1 0 +1.711030750e+06 +1.710925190e+06 +1.710925190e+06 +1.6070e-01 -1.7483e+00 -8.4158e-01 +4.4443e+00 +3.6770e+00 -3.7059e+00 +4.1163e+00 -2.3818e-01 +5.9367e-01 +4.3095e+00 +3.0629e+00 +4.4407e+00 +1.6286e+00 -4.3252e+00 +5.2042e-01 -2.2599e+00 +2.5545e+00 +2.6718e+00 -2.3136e+00 +4.1438e+00
2 0 +1.173370981e+06 +1.173265421e+06 +1.173265421e+06 -2.3002e+00 -2.7501e+00 +4.0840e-01 +3.9292e+00 -4.9523e+00 +8.6906e-01 -2.2562e+00 -4.1568e-01 +3.0465e-02 -2.8119e+00 -2.0855e+00 +4.1589e+00 -1.4856e+00 -2.3198e+00 -1.0614e+00 -2.5777e+00 -1.0305e+00 -3.1458e+00 -1.6320e+00 -6.6117e-01
4 0 +1.089888764e+06 +1.089783204e+06 +1.089783204e+06 -5.8987e-01 +1.0198e+00 +3.9959e-02 +3.3044e+00 -4.4893e+00 -1.8948e+00 -3.9071e+00 +2.2899e+00 -4.0686e-01 -3.5140e+00 -1.0040e+00 +5.7054e-02 +1.8583e+00 -4.6625e+00 -1.0227e+00 -2.1149e+00 -1.4685e+00 -4.3163e+00 -2.2493e+00 -4.4538e+00
10 0 +7.335317174e+05 +7.334261574e+05 +7.334261574e+05 -1.4101e+00 -1.1921e+00 +4.2417e-02 +3.9017e+00 +4.2503e+00 +3.9418e+00 +9.1108e-01 +1.6798e+00 -2.5819e+00 +4.7251e+00 +1.0727e+00 -4.3147e+00 -1.2137e+00 -4.5647e+00 +1.5902e+00 -1.0631e+00 +1.4811e+00 -3.3465e+00 +2.0858e+00 -1.5390e+00
12 0 +4.900850162e+05 +4.899794562e+05 +4.899794562e+05 -1.5792e+00 -3.2192e+00 +1.7409e+00 +1.0984e+00 -4.1248e+00 +3.5654e+00 -8.2211e-01 +3.7786e+00 +3.7114e+00 -5.0538e-01 -3.2530e+00 -1.6123e+00 -3.9284e+00 -2.5387e-02 +1.8312e+00 -1.3043e+00 -4.4830e+00 -3.8843e+00 +1.4811e-02 -4.0861e+00
19 0 +3.579916576e+05 +3.578860976e+05 +3.578860976e+05 -2.0163e+00 -4.9264e+00 +1.4024e+00 -7.1791e-01 +3.7755e+00 -2.1882e+00 -2.6331e-01 +2.4024e+00 +2.6218e+00 -1.7787e-01 -1.5059e+00 -1.6846e+00 +2.4089e+00 +4.7145e-01 +1.0970e-01 +2.3766e+00 -1.9209e+00 -2.6520e+00 -1.0040e+00 -1.8773e+00
% f evaluations | g evaluations | best noise-free fitness - Fopt (9.803000000000e+01) + sum g_i+ | measured fitness | best measured fitness or single-digit g-values | x1 | x2...
1 0 +1.261266130e+06 +1.261364160e+06 +1.261364160e+06 -4.5513e+00 +1.3486e+00 +4.7350e+00 +1.9474e-01 +2.2774e+00 +8.8886e-01 -3.7609e+00 +2.3939e+00 +2.0277e+00 +2.4026e+00 -1.2079e+00 -3.0698e+00 -2.9176e+00 -3.8785e+00 +9.1401e-01 +4.3129e+00 -2.7030e+00 +1.9528e+00 -1.1505e-02 +3.1975e+00
4 0 +5.783679814e+05 +5.784660114e+05 +5.784660114e+05 +1.1699e+00 -6.3104e-01 +1.4857e-01 +4.6199e+00 +2.4322e+00 +1.4343e+00 -1.3179e+00 -1.2865e+00 +2.8173e+00 -2.3475e+00 +3.7355e-01 +3.9430e+00 -6.9939e-01 +2.8017e+00 -1.4510e+00 -3.0923e-01 +3.0244e+00 -8.9808e-01 -1.3580e+00 -4.3239e+00
36 0 +3.659757677e+05 +3.660737977e+05 +3.660737977e+05 +7.1166e-01 -4.5086e+00 -3.7440e+00 +2.3826e+00 -3.9376e+00 -4.6266e-02 -3.2762e+00 +2.1664e+00 +3.8776e+00 -1.6500e-01 -6.5133e-01 -1.2011e+00 -1.9897e+00 +1.4587e+00 -2.7650e+00 -2.0142e+00 -1.1000e+00 -1.7410e-01 +2.4255e+00 -2.1781e+00
% f evaluations | g evaluations | best noise-free fitness - Fopt (1.000000000000e+03) + sum g_i+ | measured fitness | best measured fitness or single-digit g-values | x1 | x2...
1 0 +1.248996739e+06 +1.249996739e+06 +1.249996739e+06 +1.9852e+00 -3.0874e+00 +1.8494e+00 -4.2307e+00 +7.1255e-01 -3.7978e+00 +2.6022e+00 -2.2305e-01 -8.5755e-01 -4.3193e+00 -2.5848e+00 -2.7025e+00 +3.1673e+00 +3.0728e+00 -4.3063e+00 -1.3337e-01 +2.0937e+00 +4.2912e+00 -1.1383e+00 -1.3700e+00
2 0 +1.137256013e+06 +1.138256013e+06 +1.138256013e+06 -2.3764e+00 -3.6003e+00 -3.0946e+00 +2.7051e+00 +2.0684e-01 +3.3721e-01 +3.8738e+00 -4.8850e+00 -1.3671e+00 +3.8795e+00 -2.6142e-01 -3.0517e+00 -4.6261e+00 +2.0151e+00 +2.1417e+00 +1.3161e+00 +5.1528e-01 -3.2738e+00 -3.6751e+00 +4.1432e+00
4 0 +1.085061910e+06 +1.086061910e+06 +1.086061910e+06 -4.5489e+00 -3.2067e+00 -4.7821e-01 -1.4751e-01 +2.3050e+00 -9.1590e-01 +4.6518e+00 +4.1742e-01 -4.3578e+00 +2.0310e+00 +1.4521e+00 -1.0137e-01 +2.7227e+00 -1.2829e-01 -3.2472e+00 +3.9687e+00 +2.6629e+00 +4.7920e+00 -3.2629e+00 -4.7396e+00
8 0 +9.691555662e+05 +9.701555662e+05 +9.701555662e+05 +1.5397e+00 +4.4354e+00 -2.6483e+00 -3.5058e+00 -1.6894e+00 -2.9899e+00 -4.9135e+00 +3.7592e+00 +2.5516e+00 -4.8015e+00 +4.5787e+00 +4.0370e+00 -2.6051e+00 +1.0444e+00 -1.0660e+00 -1.2133e-01 -1.6899e+00 -4.0408e+00 +3.5799e+00 +2.1476e+00
9 0 +5.707626556e+05 +5.717626556e+05 +5.717626556e+05 +3.0135e+00 -6.3246e-01 -4.7847e+00 -2.0005e+00 +3.1831e+00 +4.1532e+00 +1.8289e+00 -1.9827e+00 -4.7908e+00 +3.4573e+00 +4.2375e+00 -4.0401e+00 -3.7620e+00 -2.6087e+00 +3.6238e+00 +1.1027e+00 -1.2740e+00 -2.6388e-01 +2.0601e+00 -4.5929e+00
11 0 +3.148172219e+05 +3.158172219e+05 +3.158172219e+05 +1.4645e+00 +1.6830e-01 -3.3492e+00 -1.8055e+00 +1.3766e+00 -3.2011e-01 -4.7320e+00 -4.6668e+00 +1.0813e+00 -4.4807e+00 +4.9142e+00 -1.1158e+00 -4.7217e-01 +1.9205e+00 +4.2461e-01 +3.1261e+00 -2.7140e+00 -2.8124e+00 -4.9103e-01 -2.5165e+00
37 0 +2.967680530e+05 +2.977680530e+05 +2.977680530e+05 -6.8242e-01 +4.7907e+00 -1.9922e+00 +4.1704e+00 -2.4655e+00 +1.5098e+00 +1.2665e+00 +1.6131e+00 +3.4017e+00 +1.9892e-01 -9.3054e-01 -2.8385e+00 +1.9045e+00 +7.8782e-01 -3.1295e+00 +1.3676e+00 -2.4646e-02 -1.7951e+00 +4.9137e+00 -3.9833e+00
% f evaluations | g evaluations | best noise-free fitness - Fopt (1.490000000000e+00) + sum g_i+ | measured fitness | best measured fitness or single-digit g-values | x1 | x2...
1 0 +9.806216895e+05 +9.806231795e+05 +9.806231795e+05 -3.8381e+00 +3.4435e+00 +1.1676e+00 +1.7234e+00 +2.8495e+00 +1.0765e+00 +2.1016e+00 +4.7973e+00 -7.5788e-01 -7.4992e-01 -4.2408e+00 -4.9170e+00 -4.4192e-01 -1.7040e+00 -3.2007e+00 -3.5223e+00 -2.7594e+00 +4.8072e+00 +8.4908e-02 +3.5548e+00
2 0 +6.380564820e+05 +6.380579720e+05 +6.380579720e+05 +5.8167e-01 -1.7102e+00 -2.4059e+00 -4.5247e+00 +2.0085e+00 +4.2431e+00 -1.2464e+00 -4.6672e+00 +4.5109e-01 -9.3456e-01 -2.7666e+00 +1.0032e+00 -5.3777e-01 -3.6720e+00 +2.0633e+00 -4.1663e+00 +3.4958e+00 +4.8371e+00 +4.1094e+00 -4.1979e+00
9 0 +3.952943704e+05 +3.952958604e+05 +3.952958604e+05 +4.8547e+00 -4.3830e+00 +1.7883e+00 -1.6907e+00 -2.7190e+00 -1.6159e+00 +1.4765e+00 -3.2885e-01 +4.7485e+00 +1.2527e+00 -1.1092e-01 +4.9769e+00 +7.7332e-01 -1.7166e-01 +3.9258e+00 +4.9576e+00 +3.6023e+00 +4.8499e+00 -1.6439e+00 +1.7735e-01
% f evaluations | g evaluations | best noise-free fitness - Fopt (5.963500000000e+02) + sum g_i+ | measured fitness | best measured fitness or single-digit g-values | x1 | x2...
1 0 +1.033617058e+06 +1.034213408e+06 +1.034213408e+06 +2.6277e+00 +1.5075e+00 +3.3737e+00 +7.1831e-01 +7.4864e-01 -9.4704e-01 +4.4821e+00 -4.5063e-01 -4.4678e+00 +2.5107e+00 -4.1995e+00 +5.0730e-01 +3.1244e+00 -9.8323e-02 +4.7328e+00 +2.5925e+00 -2.3515e+00 +2.2964e+00 -1.2020e+00 +4.5589e+00
4 0 +5.750154954e+05 +5.756118454e+05 +5.756118454e+05 -1.8379e+00 -2.6866e+00 +1.9588e+00 +4.1698e+00 +2.4671e+00 -8.9350e-01 +3.4993e+00 -2.9593e+00 -4.4574e+00 -3.3963e-01 +2.6745e+00 -1.7013e+00 -2.0905e+00 +2.1091e+00 -1.1406e-01 -2.2743e+00 -1.9042e-01 -1.0089e-01 +1.6303e+00 -1.0475e+00
% f evaluations | g evaluations | best noise-free fitness - Fopt (-1.189700000000e+02) + sum g_i+ | measured fitness | best measured fitness or single-digit g-values | x1 | x2...
1 0 +1.719778755e+06 +1.719659785e+06 +1.719659785e+06 -4.8852e+00 +2.4755e+00 +3.3094e+00 -5.2238e-01 +5.4417e-01 +1.8868e+00 +3.6229e+00 +5.7586e-01 -7.5243e-01 -3.2144e+00 -6.1973e-01 -1.6467e+00 -3.1490e+00 -1.0124e+00 -1.5419e+00 +2.5806e+00 -2.0041e+00 +3.0028e+00 -4.2521e+00 +4.1505e+00
3 0 +1.260420275e+06 +1.260301305e+06 +1.260301305e+06 +1.7343e+00 +4.5174e+00 +1.6899e+00 +2.1273e+00 -4.5851e+00 +1.0201e+00 -3.1657e+00 -3.5099e+00 +7.3165e-01 +9.5299e-01 -3.9699e+00 +3.3768e+00 +2.8302e+00 +3.6225e+00 -1.4266e+00 +3.1168e+00 +4.5175e+00 -4.3933e+00 -4.6139e-01 +1.6762e+00
8 0 +1.201314184e+06 +1.201195214e+06 +1.201195214e+06 +4.2803e+00 +2.9867e+00 +1.6065e+00 -6.6970e-01 -4.2978e+00 -1.8184e+00 -2.7507e+00 -4.6918e-01 +8.5113e-01 +3.0468e+00 +1.6451e+00 +1.7359e+00 +4.0577e+00 -1.4723e+00 -1.2335e+00 +4.0666e+00 +3.9296e+00 +1.2910e-01 +2.7979e+00 -4.4915e-01
12 0 +6.146535505e+05 +6.145345805e+05 +6.145345805e+05 -3.4779e+00 -7.3494e-02 -2.8178e+00 +1.9326e+00 +2.6494e+00 -4.6789e+00 +2.1776e+00 -2.3312e+00 -1.4082e+00 -2.5459e+00 +1.5217e+00 -3.4229e+00 +1.6307e-01 -8.1433e-01 -4.1212e+00 -1.2221e-01 +3.2505e+00 -1.9869e-01 +2.6039e+00 +3.6154e+00
