% f evaluations | g evaluations | best noise-free fitness - Fopt (3.590000000000e+01) + sum g_i+ | measured fitness | best measured fitness or single-digit g-values | x1 | x2...
1 0 +5.686056865e+05 +5.686415865e+05 +5.686415865e+05 -3.0954e-01 -4.1266e-01 -1.5300e+00 -1.4136e+00 -2.0303e+00 +6.0372e-01 +8.7167e-01 -2.5865e+00 +2.5461e-01 -1.6644e+00
2 0 +1.899729958e+05 +1.900088958e+05 +1.900088958e+05 +1.8741e+00 +1.0812e+00 +6.2588e-01 -9.7841e-01 -1.3952e+00 +7.8505e-01 -1.2926e-01 -2.4906e+00 -4.9423e-01 -1.0834e-01
% f evaluations | g evaluations | best noise-free fitness - Fopt (3.137000000000e+01) + sum g_i+ | measured fitness | best measured fitness or single-digit g-values | x1 | x2...
1 0 +2.138064098e+05 +2.138377798e+05 +2.138377798e+05 -7.6422e-01 -3.7480e+00 +6.1383e-01 +1.0946e+00 -1.0349e-02 -7.0726e-01 -1.8649e-01 +4.4465e-01 +8.6924e-01 +2.3575e-01
2 0 +1.540764141e+05 +1.541077841e+05 +1.541077841e+05 +1.2801e+00 +3.7882e-01 +1.4587e+00 +9.3008e-01 -1.8693e+00 -4.0231e-01 -8.9344e-01 -9.5278e-02 +6.7113e-01 -2.2487e-01
20 0 +1.251826817e+05 +1.252140517e+05 +1.252140517e+05 +5.3258e-01 -7.0060e-01 +2.0162e-01 +1.1518e+00 -8.3876e-01 -5.7043e-01 -6.2089e-01 +1.3429e-01 +4.5959e-01 -1.9700e-01
% f evaluations | g evaluations | best noise-free fitness - Fopt (-1.000000000000e+03) + sum g_i+ | measured fitness | best measured fitness or single-digit g-values | x1 | x2...
1 0 +5.933335091e+05 +5.923335091e+05 +5.923335091e+05 +2.9449e+00 +2.9408e+00 +5.6429e-01 +1.7840e+00 +7.1990e-01 -2.4571e+00 +1.7865e+00 +4.7280e-02 -2.8096e-01 -1.7837e+00
2 0 +4.131518874e+05 +4.121518874e+05 +4.121518874e+05 +2.5505e-01 -9.1433e-02 -1.7624e+00 -5.2667e-01 -1.6978e+00 +2.2581e+00 -7.9114e-01 +1.0144e-01 -8.6025e-01 -8.2677e-01
8 0 +3.361902148e+05 +3.351902148e+05 +3.351902148e+05 +5.1696e-01 +4.7248e-02 -1.2008e+00 -1.0039e+00 -1.0064e+00 +8.2921e-01 -7.0836e-01 +1.4154e-01 -1.1793e+00 -1.1735e-01
9 0 +3.239927104e+05 +3.229927104e+05 +3.229927104e+05 +1.0468e+00 +9.7229e-02 -3.9021e-01 -3.8472e-01 -3.8427e-01 +5.0335e-01 +5.6849e-01 +6.2382e-02 -1.0224e+00 -1.2127e-01
% f evaluations | g evaluations | best noise-free fitness - Fopt (1.319200000000e+02) + sum g_i+ | measured fitness | best measured fitness or single-digit g-values | x1 | x2...
1 0 +1.104619344e+06 +1.104751264e+06 +1.104751264e+06 +3.1777e+00 +5.8738e-01 +1.9604e+00 +3.1094e+00 +1.5755e+00 -1.6039e+00 -1.7491e+00 +2.8170e-01 +3.6279e-01 +7.3366e-01
2 0 +1.086228595e+06 +1.086360515e+06 +1.086360515e+06 +2.5967e+00 +3.9269e-01 +2.1580e+00 +2.7475e+00 +1.4102e+00 -1.2246e+00 -1.4228e+00 +3.5361e-01 +1.0817e-01 +4.6007e-01
3 0 +1.039784828e+06 +1.039916748e+06 +1.039916748e+06 +1.2263e-01 +7.1969e-01 +2.2335e+00 +2.1269e+00 +1.7695e+00 -1.2547e+00 -4.2024e-01 +8.4097e-01 -1.0566e+00 +9.2914e-01
5 0 +1.021318672e+06 +1.021450592e+06 +1.021450592e+06 -2.0315e-02 +1.8622e-01 +2.7821e+00 +1.5845e+00 +1.2167e+00 -3.1863e-01 -1.3349e-01 +8.0245e-01 -4.9404e-01 +1.8281e-01
11 0 +8.403884089e+05 +8.405203289e+05 +8.405203289e+05 -1.7353e-01 +1.5810e-01 +1.4088e+00 +1.0446e+00 +1.5409e+00 -3.3389e-01 +4.7013e-02 +3.2359e-01 -6.9171e-01 -4.7951e-02
15 0 +7.834165214e+05 +7.835484414e+05 +7.835484414e+05 +8.4753e-01 +1.5033e-01 +2.7229e-01 +7.7123e-01 +1.6598e+00 -3.4808e-01 -1.1945e-01 -3.1471e-01 -3.6571e-01 -3.5232e-01
% f evaluations | g evaluations | best noise-free fitness - Fopt (5.908400000000e+02) + sum g_i+ | measured fitness | best measured fitness or single-digit g-values | x1 | x2...
1 0 +1.243990180e+05 +1.249898580e+05 +1.249898580e+05 -3.0597e+00 +5.9994e-01 -1.6996e+00 -1.1800e+00 +3.3327e+00 +8.0512e-01 +1.4240e-01 +1.1417e+00 +2.2285e-01 -1.7111e+00
2 0 +1.008486216e+05 +1.014394616e+05 +1.014394616e+05 +5.3933e-01 -8.5099e-01 +2.4068e+00 +2.0131e+00 -8.8549e-01 -4.3367e-01 -2.6407e-02 -3.0092e+00 -2.0469e-02 +4.7708e-01
3 0 +6.125939806e+04 +6.185023806e+04 +6.185023806e+04 +6.6157e-02 +7.5593e-01 +1.2042e+00 +1.8158e+00 -1.4842e+00 -1.5951e-01 +5.6211e-01 -2.2685e+00 -2.7779e-01 +1.1168e+00
5 0 +4.433446367e+04 +4.492530367e+04 +4.492530367e+04 -3.9631e-01 -4.0797e-01 +1.2378e+00 +1.0602e+00 +3.4879e-01 -7.3574e-03 +6.3584e-02 -1.8435e+00 +4.9047e-03 -1.6069e-01
7 0 +3.535391129e+04 +3.594475129e+04 +3.594475129e+04 -1.6991e+00 +2.3728e-01 +1.5133e-01 +4.3230e-01 +7.2350e-01 +3.0516e-03 +3.2922e-01 -9.6211e-01 -1.4772e-01 -4.3323e-01
17 0 +3.378234972e+04 +3.437318972e+04 +3.437318972e+04 -1.5777e+00 +1.7480e-01 +2.5551e-01 +4.9137e-01 +6.8761e-01 +1.4572e-03 +2.7517e-01 -9.2966e-02 -1.3272e-01 -4.0944e-01
20 0 +3.199716680e+04 +3.258800680e+04 +3.258800680e+04 -5.6534e-01 +1.8774e-01 +2.3362e-01 +4.7856e-01 +5.8992e-01 +1.5840e-03 +2.4602e-01 -4.7347e-01 -1.3575e-01 -4.1525e-01
% f evaluations | g evaluations | best noise-free fitness - Fopt (6.749000000000e+01) + sum g_i+ | measured fitness | best measured fitness or single-digit g-values | x1 | x2...
1 0 +3.108845931e+05 +3.109520831e+05 +3.109520831e+05 -7.3420e-01 +3.6477e-03 +2.0934e-01 -1.7468e+00 +1.5317e+00 +2.8534e+00 -3.9946e-01 +1.1286e-01 +1.5787e+00 +6.8800e-01
2 0 +3.004626366e+05 +3.005301266e+05 +3.005301266e+05 -8.7420e-01 -1.7002e-01 -1.3211e-01 -6.0483e-02 -4.5136e-01 -2.6421e+00 -1.4307e+00 +2.5853e-01 -2.0104e+00 -4.3694e-01
9 0 +2.907747668e+05 +2.908422568e+05 +2.908422568e+05 -1.1144e+00 +6.0909e-01 -1.0211e-01 -6.6280e-01 +1.2859e+00 +4.5509e-01 -1.2216e+00 +1.5735e-01 -1.6553e-01 +3.4585e-01
13 0 +2.578831333e+05 +2.579506233e+05 +2.579506233e+05 -1.0773e+00 +6.3582e-01 -8.6828e-02 -6.8232e-01 +1.2717e+00 +5.0550e-01 -4.3225e-01 +1.2779e-01 -1.1516e-01 +3.4826e-01
% f evaluations | g evaluations | best noise-free fitness - Fopt (3.085000000000e+01) + sum g_i+ | measured fitness | best measured fitness or single-digit g-values | x1 | x2...
1 0 +4.020453851e+05 +4.020762351e+05 +4.020762351e+05 -4.0226e-01 +2.0843e+00 -3.2296e+00 +7.3344e-01 -4.0620e-01 +7.1499e-01 -1.1216e+00 +1.2932e-01 +2.4753e+00 +4.0020e-01
2 0 +3.734237648e+05 +3.734546148e+05 +3.734546148e+05 -4.4845e-01 +2.0597e+00 -3.1663e+00 +7.9308e-01 -1.4132e-01 +5.6617e-01 -1.1011e+00 -2.5337e-01 +2.1848e+00 +4.6637e-01
3 0 +3.059277808e+05 +3.059586308e+05 +3.059586308e+05 +2.7042e+00 -1.1647e+00 +1.6202e+00 +1.4332e+00 +5.4543e-02 -1.7084e-01 -2.7559e-01 -2.0897e+00 +1.4412e-01 +4.5458e-01
4 0 +2.291333449e+05 +2.291641949e+05 +2.291641949e+05 +7.9669e-01 +2.4115e-01 -2.8435e-01 -1.2773e+00 -4.9531e-01 +7.2883e-01 +1.6802e-01 -1.0864e+00 -3.9193e-01 -5.9601e-02
% f evaluations | g evaluations | best noise-free fitness - Fopt (-1.255000000000e+01) + sum g_i+ | measured fitness | best measured fitness or single-digit g-values | x1 | x2...
1 0 +1.088701849e+06 +1.088689299e+06 +1.088689299e+06 -3.2252e+00 -5.9468e-02 -4.2406e+00 +2.8025e-02 +5.1673e-01 -4.6970e-01 -3.9421e-01 +1.8230e+00 -9.6576e-01 +2.3413e-01
2 0 +1.048632939e+06 +1.048620389e+06 +1.048620389e+06 -3.2252e+00 -5.9468e-02 -1.8377e+00 +2.8025e-02 +5.1673e-01 -4.6970e-01 -3.9421e-01 +1.8230e+00 -9.6576e-01 +2.3413e-01
3 0 +3.453057679e+05 +3.452932179e+05 +3.452932179e+05 -1.4832e+00 +1.3192e+00 -6.3954e-01 +2.2246e+00 +3.3338e-01 +8.2686e-01 +8.3812e-01 -2.9934e-01 +2.1248e-01 -1.6017e-01
4 0 +3.212412973e+05 +3.212287473e+05 +3.212287473e+05 -2.0672e+00 +8.9195e-01 -3.5630e-01 +2.0627e+00 +1.1577e+00 +4.8773e-01 +2.6779e-01 +1.7684e-01 +5.5299e-01 -1.8355e-02
% f evaluations | g evaluations | best noise-free fitness - Fopt (5.383900000000e+02) + sum g_i+ | measured fitness | best measured fitness or single-digit g-values | x1 | x2...
1 0 +2.977976407e+05 +2.983360307e+05 +2.983360307e+05 +3.8161e-01 +2.6810e+00 +1.2831e+00 +1.1277e+00 -5.4501e-02 +6.4025e-02 +7.0449e-01 +1.7934e+00 -3.5370e-01 -7.2908e-01
3 0 +1.167155946e+05 +1.172539846e+05 +1.172539846e+05 +3.4909e-01 -2.1314e-01 -5.5298e-01 +8.8450e-01 -2.0307e+00 +8.4922e-01 -1.4545e+00 -3.1895e-01 -2.0351e-01 -8.8237e-01
% f evaluations | g evaluations | best noise-free fitness - Fopt (-1.055600000000e+02) + sum g_i+ | measured fitness | best measured fitness or single-digit g-values | x1 | x2...
1 0 +5.615402890e+05 +5.614347290e+05 +5.614347290e+05 +4.1078e+00 -2.5519e+00 -4.8419e-02 +1.0830e+00 -2.0103e+00 -2.0054e-01 -2.1169e-01 -9.2414e-01 +2.2040e+00 +3.5595e-01
5 0 +3.370319009e+05 +3.369263409e+05 +3.369263409e+05 +2.0726e+00 -2.7302e+00 -4.1676e-01 -5.3467e-01 -2.5190e-01 +1.0029e+00 -2.6762e-02 -2.0477e-01 +5.2527e-01 +7.9556e-01
% f evaluations | g evaluations | best noise-free fitness - Fopt (9.803000000000e+01) + sum g_i+ | measured fitness | best measured fitness or single-digit g-values | x1 | x2...
1 0 +2.848317407e+05 +2.849297707e+05 +2.849297707e+05 -8.9691e-01 +1.3327e+00 +3.3087e+00 +8.6330e-02 -9.3526e-01 +3.0558e+00 +1.5215e+00 +2.2242e-01 +6.2600e-01 +5.1900e-02
3 0 +1.272607078e+05 +1.273587378e+05 +1.273587378e+05 -1.1185e+00 -1.3520e-01 -2.5088e+00 -1.5092e+00 +6.5023e-01 -8.9686e-01 +3.3069e-01 +2.7574e-01 -4.2877e-01 -4.1968e-01
% f evaluations | g evaluations | best noise-free fitness - Fopt (1.000000000000e+03) + sum g_i+ | measured fitness | best measured fitness or single-digit g-values | x1 | x2...
1 0 +2.013962089e+05 +2.023962089e+05 +2.023962089e+05 -5.5566e-01 -3.7009e+00 -2.9284e+00 -9.2191e-01 -5.3617e-01 +5.1329e-01 -2.3461e+00 +1.8236e+00 -2.2950e-01 -1.0208e+00
3 0 +1.699889485e+05 +1.709889485e+05 +1.709889485e+05 +4.4152e-01 -2.1684e+00 -2.1053e+00 -9.9132e-01 -1.1454e+00 -1.2374e-02 -1.8444e+00 +1.3408e+00 +7.4198e-01 -7.1663e-01
4 0 +1.535122410e+05 +1.545122410e+05 +1.545122410e+05 -1.9991e+00 -3.5634e-01 +3.9097e-01 -1.1811e+00 -4.0011e-01 +7.8925e-01 -1.2284e+00 +3.0573e-01 -5.7704e-01 -1.7566e+00
5 0 +1.465764918e+05 +1.475764918e+05 +1.475764918e+05 -1.2153e+00 -9.4103e-01 -4.1297e-01 -1.1199e+00 -6.3910e-01 +5.3204e-01 -1.4271e+00 +6.3926e-01 -1.5395e-01 -1.4224e+00
14 0 +1.328866003e+05 +1.338866003e+05 +1.338866003e+05 -1.5829e+00 +2.2172e-02 +3.6589e-01 -5.0345e-01 -9.8316e-01 +8.7610e-01 -1.7102e-01 +5.3810e-01 +4.0264e-01 -1.1407e+00
% f evaluations | g evaluations | best noise-free fitness - Fopt (1.490000000000e+00) + sum g_i+ | measured fitness | best measured fitness or single-digit g-values | x1 | x2...
1 0 +3.262388489e+05 +3.262403389e+05 +3.262403389e+05 +1.2371e-01 +2.0657e+00 -1.2644e+00 -6.2644e-01 -9.1466e-01 +5.5370e-01 +9.3368e-01 -1.2351e+00 +2.8373e+00 +4.3119e-01
3 0 +3.258725739e+05 +3.258740639e+05 +3.258740639e+05 +1.5643e-01 +1.9092e+00 -1.5868e+00 -5.1772e-01 -1.3029e+00 +7.2491e-01 +6.1122e-01 -1.1969e+00 +1.7086e+00 +2.6315e-01
4 0 +3.183690662e+05 +3.183705562e+05 +3.183705562e+05 +1.7330e-01 +5.0439e-01 -1.8260e+00 -5.8304e-01 -1.5166e+00 +1.0774e+00 +8.6858e-03 -9.4162e-01 -3.6548e-01 -7.0625e-01
5 0 +3.132922108e+05 +3.132937008e+05 +3.132937008e+05 +1.7330e-01 +5.0439e-01 -1.8260e+00 -5.8304e-01 -8.8974e-01 +1.0774e+00 +8.6858e-03 -9.4162e-01 -3.6548e-01 -7.0625e-01
13 0 +3.056217352e+05 +3.056232252e+05 +3.056232252e+05 +1.6263e-01 +2.7706e-01 -1.7218e+00 -6.4445e-01 -8.2986e-01 +1.0762e+00 +2.6526e-02 -1.6685e-02 -2.8214e-01 -8.3494e-01
% f evaluations | g evaluations | best noise-free fitness - Fopt (5.963500000000e+02) + sum g_i+ | measured fitness | best measured fitness or single-digit g-values | x1 | x2...
1 0 +1.104591329e+06 +1.105187679e+06 +1.105187679e+06 +1.8117e+00 -2.4117e+00 +2.9563e+00 +2.4236e+00 -1.0150e+00 -2.5424e-01 -9.2359e-01 -2.1450e+00 +2.2323e+00 -1.2871e+00
2 0 +1.076760311e+06 +1.077356661e+06 +1.077356661e+06 +1.3257e+00 -2.4563e+00 +2.8727e+00 +2.3783e+00 -7.1624e-01 -5.2428e-01 -1.0379e+00 -2.1496e+00 +1.8951e+00 -1.0712e-01
3 0 +8.196300100e+05 +8.202263600e+05 +8.202263600e+05 +3.7575e-01 -2.5443e+00 +2.7906e+00 +2.4891e+00 -1.4378e+00 +1.4076e+00 -1.0283e-01 -1.1805e+00 +1.2983e+00 -7.8573e-01
4 0 +3.288239732e+05 +3.294203232e+05 +3.294203232e+05 -1.4206e+00 +9.3006e-01 +1.2961e+00 +3.1961e+00 -1.2334e+00 +1.7089e+00 -8.1043e-01 +7.0446e-01 -1.1174e-01 +5.2327e-01
% f evaluations | g evaluations | best noise-free fitness - Fopt (-1.189700000000e+02) + sum g_i+ | measured fitness | best measured fitness or single-digit g-values | x1 | x2...
1 0 +4.664091203e+05 +4.662901503e+05 +4.662901503e+05 -6.3888e-01 -5.5330e-03 +2.3948e+00 -4.2138e-02 -2.9077e+00 +1.6387e+00 +6.9767e-01 +4.5319e-01 +8.1189e-01 +1.0456e+00
3 0 +4.226841956e+05 +4.225652256e+05 +4.225652256e+05 -1.9697e-01 +2.0893e-01 +2.5265e+00 -2.2045e-01 -2.2769e+00 +1.1011e+00 +3.9631e-01 +2.6637e-01 +4.3178e-01 +7.1555e-01
4 0 +4.055901052e+05 +4.054711352e+05 +4.054711352e+05 -1.9697e-01 +2.0893e-01 +1.9606e+00 -2.2045e-01 -2.2769e+00 +1.1011e+00 +3.9631e-01 +2.6637e-01 +4.3178e-01 +7.1555e-01
9 0 +3.698127453e+05 +3.696937753e+05 +3.696937753e+05 -1.9697e-01 +2.0893e-01 +3.0251e-02 -2.2045e-01 -2.2769e+00 +1.1011e+00 +3.9631e-01 +2.6637e-01 +4.3178e-01 +7.1555e-01
