% f evaluations | g evaluations | best noise-free fitness - Fopt (-1.694000000000e+01) + sum g_i+ | measured fitness | best measured fitness or single-digit g-values | x1 | x2...
1 0 +3.193127868e+01 +1.499127868e+01 +1.499127868e+01 -2.0000e+00 -3.0000e+00 +3.0000e+00 -2.0000e+00 -3.0000e+00 +3.0000e+00 +5.0000e+00 -2.0000e+00 -3.0000e+00 -0.0000e+00 +4.0000e+00 +3.0000e+00 -2.0000e+00 -4.0000e+00 +0.0000e+00 +4.0000e+00 -2.0000e+00 -3.0000e+00 -5.0000e+00 -3.0000e+00
5 0 +2.335033967e+01 +6.410339665e+00 +6.410339665e+00 +3.0000e+00 +1.0000e+00 +5.0000e+00 -2.0000e+00 +4.0000e+00 +2.0000e+00 +4.0000e+00 +4.0000e+00 +3.0000e+00 -4.0000e+00 -4.0000e+00 -3.0000e+00 -2.0000e+00 -1.0000e+00 +2.0000e+00 -0.0000e+00 +5.0000e+00 -3.0000e+00 +3.0000e+00 +2.0000e+00
% f evaluations | g evaluations | best noise-free fitness - Fopt (1.881000000000e+01) + sum g_i+ | measured fitness | best measured fitness or single-digit g-values | x1 | x2...
1 0 +1.518152228e+01 +3.399152228e+01 +3.399152228e+01 +4.0000e+00 +1.0000e+00 +2.0000e+00 -2.0000e+00 +2.0000e+00 -2.0000e+00 +5.0000e+00 -0.0000e+00 +3.0000e+00 +2.0000e+00 -4.0000e+00 +4.0000e+00 -2.0000e+00 -0.0000e+00 +3.0000e+00 -1.0000e+00 -1.0000e+00 -2.0000e+00 -2.0000e+00 -0.0000e+00
17 0 +1.430459305e+01 +3.311459305e+01 +3.311459305e+01 -2.0000e+00 +0.0000e+00 -2.0000e+00 -4.0000e+00 +5.0000e+00 +1.0000e+00 +4.0000e+00 +3.0000e+00 -5.0000e+00 +1.0000e+00 -1.0000e+00 +4.0000e+00 +4.0000e+00 +2.0000e+00 +2.0000e+00 +0.0000e+00 -2.0000e+00 +3.0000e+00 +2.0000e+00 -3.0000e+00
% f evaluations | g evaluations | best noise-free fitness - Fopt (2.731500000000e+02) + sum g_i+ | measured fitness | best measured fitness or single-digit g-values | x1 | x2...
1 0 +1.146474087e+02 +3.877974087e+02 +3.877974087e+02 -4.0000e+00 -4.0000e+00 -2.0000e+00 +0.0000e+00 -4.0000e+00 +5.0000e+00 -4.0000e+00 +2.0000e+00 -3.0000e+00 -3.0000e+00 -1.0000e+00 +4.0000e+00 +1.0000e+00 -2.0000e+00 +3.0000e+00 +4.0000e+00 -1.0000e+00 +3.0000e+00 +0.0000e+00 -3.0000e+00
2 0 +1.086149462e+02 +3.817649462e+02 +3.817649462e+02 +3.0000e+00 -3.0000e+00 +2.0000e+00 +2.0000e+00 -1.0000e+00 +1.0000e+00 +2.0000e+00 -4.0000e+00 +0.0000e+00 -4.0000e+00 +2.0000e+00 -1.0000e+00 -2.0000e+00 -2.0000e+00 -0.0000e+00 -5.0000e+00 +2.0000e+00 -0.0000e+00 +2.0000e+00 +4.0000e+00
3 0 +7.704971839e+01 +3.501997184e+02 +3.501997184e+02 -4.0000e+00 +2.0000e+00 +2.0000e+00 -3.0000e+00 -5.0000e+00 -1.0000e+00 +1.0000e+00 -5.0000e+00 -1.0000e+00 +2.0000e+00 -2.0000e+00 +5.0000e+00 +4.0000e+00 -3.0000e+00 -1.0000e+00 +3.0000e+00 -3.0000e+00 +3.0000e+00 +1.0000e+00 -3.0000e+00
5 0 +6.130549517e+01 +3.344554952e+02 +3.344554952e+02 +0.0000e+00 +4.0000e+00 +4.0000e+00 -0.0000e+00 -2.0000e+00 -4.0000e+00 -1.0000e+00 -2.0000e+00 +3.0000e+00 +5.0000e+00 -4.0000e+00 +1.0000e+00 +1.0000e+00 +5.0000e+00 -1.0000e+00 +1.0000e+00 +3.0000e+00 -2.0000e+00 -3.0000e+00 +4.0000e+00
9 0 +4.273836596e+01 +3.158883660e+02 +3.158883660e+02 -1.0000e+00 +2.0000e+00 +3.0000e+00 +5.0000e+00 +3.0000e+00 -3.0000e+00 +3.0000e+00 -2.0000e+00 +2.0000e+00 +4.0000e+00 +0.0000e+00 +2.0000e+00 -4.0000e+00 +1.0000e+00 -3.0000e+00 -2.0000e+00 -3.0000e+00 +3.0000e+00 -1.0000e+00 -1.0000e+00
10 0 +3.870943798e+01 +3.118594380e+02 +3.118594380e+02 +3.0000e+00 -2.0000e+00 +5.0000e+00 +2.0000e+00 +2.0000e+00 -5.0000e+00 +0.0000e+00 +0.0000e+00 -5.0000e+00 +1.0000e+00 +4.0000e+00 -5.0000e+00 -5.0000e+00 +2.0000e+00 -1.0000e+00 -3.0000e+00 +3.0000e+00 -1.0000e+00 -4.0000e+00 +2.0000e+00
14 0 +1.830442293e+01 +2.914544229e+02 +2.914544229e+02 +0.0000e+00 +0.0000e+00 +4.0000e+00 +3.0000e+00 +1.0000e+00 -3.0000e+00 -4.0000e+00 +2.0000e+00 -3.0000e+00 +4.0000e+00 +3.0000e+00 +0.0000e+00 -3.0000e+00 +4.0000e+00 -2.0000e+00 -4.0000e+00 +2.0000e+00 -2.0000e+00 +3.0000e+00 -4.0000e+00
% f evaluations | g evaluations | best noise-free fitness - Fopt (3.718000000000e+01) + sum g_i+ | measured fitness | best measured fitness or single-digit g-values | x1 | x2...
1 0 +2.492408783e+01 +6.210408783e+01 +6.210408783e+01 -1.0000e+00 +4.0000e+00 -2.0000e+00 +5.0000e+00 +3.0000e+00 -3.0000e+00 -5.0000e+00 -4.0000e+00 -2.0000e+00 -0.0000e+00 +4.0000e+00 +2.0000e+00 -1.0000e+00 +4.0000e+00 +2.0000e+00 +4.0000e+00 +4.0000e+00 -3.0000e+00 -4.0000e+00 +4.0000e+00
6 0 +1.825578192e+01 +5.543578192e+01 +5.543578192e+01 +2.0000e+00 +4.0000e+00 -4.0000e+00 -2.0000e+00 -1.0000e+00 -3.0000e+00 +2.0000e+00 -0.0000e+00 -3.0000e+00 +2.0000e+00 +3.0000e+00 +0.0000e+00 -4.0000e+00 +1.0000e+00 +4.0000e+00 -4.0000e+00 +4.0000e+00 +2.0000e+00 -1.0000e+00 +1.0000e+00
20 0 +1.773296335e+01 +5.491296335e+01 +5.491296335e+01 +2.0000e+00 -5.0000e+00 -4.0000e+00 -3.0000e+00 -2.0000e+00 -1.0000e+00 -4.0000e+00 -3.0000e+00 -4.0000e+00 +1.0000e+00 +0.0000e+00 -0.0000e+00 -2.0000e+00 +1.0000e+00 +2.0000e+00 -4.0000e+00 -3.0000e+00 +1.0000e+00 -3.0000e+00 +1.0000e+00
22 0 +1.374832275e+01 +5.092832275e+01 +5.092832275e+01 -0.0000e+00 +1.0000e+00 +5.0000e+00 +0.0000e+00 +0.0000e+00 -2.0000e+00 +4.0000e+00 -2.0000e+00 +1.0000e+00 +3.0000e+00 -4.0000e+00 -0.0000e+00 -3.0000e+00 -0.0000e+00 +3.0000e+00 +2.0000e+00 +2.0000e+00 -2.0000e+00 -3.0000e+00 -3.0000e+00
32 0 +1.242388204e+01 +4.960388204e+01 +4.960388204e+01 -4.0000e+00 -3.0000e+00 +5.0000e+00 +5.0000e+00 -4.0000e+00 +4.0000e+00 -3.0000e+00 -4.0000e+00 +2.0000e+00 -1.0000e+00 -2.0000e+00 +1.0000e+00 +0.0000e+00 +3.0000e+00 +3.0000e+00 -2.0000e+00 +0.0000e+00 -4.0000e+00 -0.0000e+00 +1.0000e+00
% f evaluations | g evaluations | best noise-free fitness - Fopt (-1.479000000000e+02) + sum g_i+ | measured fitness | best measured fitness or single-digit g-values | x1 | x2...
1 0 +1.898735213e+01 -1.289126479e+02 -1.289126479e+02 +2.0000e+00 -4.0000e+00 +4.0000e+00 -3.0000e+00 -0.0000e+00 +2.0000e+00 +1.0000e+00 -5.0000e+00 -4.0000e+00 -4.0000e+00 -1.0000e+00 +1.0000e+00 -1.0000e+00 -3.0000e+00 -0.0000e+00 +4.0000e+00 -0.0000e+00 -0.0000e+00 -0.0000e+00 -3.0000e+00
21 0 +1.367349351e+01 -1.342265065e+02 -1.342265065e+02 -1.0000e+00 -3.0000e+00 -1.0000e+00 +2.0000e+00 -2.0000e+00 +1.0000e+00 -3.0000e+00 -3.0000e+00 +0.0000e+00 +5.0000e+00 -2.0000e+00 +3.0000e+00 +4.0000e+00 +5.0000e+00 -1.0000e+00 +2.0000e+00 +1.0000e+00 +0.0000e+00 -5.0000e+00 +5.0000e+00
% f evaluations | g evaluations | best noise-free fitness - Fopt (4.817100000000e+02) + sum g_i+ | measured fitness | best measured fitness or single-digit g-values | x1 | x2...
1 0 +2.023770397e+01 +5.019477040e+02 +5.019477040e+02 +4.0000e+00 +3.0000e+00 +2.0000e+00 -2.0000e+00 +0.0000e+00 -0.0000e+00 +1.0000e+00 -0.0000e+00 +1.0000e+00 -2.0000e+00 -5.0000e+00 -3.0000e+00 -3.0000e+00 -3.0000e+00 -4.0000e+00 -1.0000e+00 +3.0000e+00 +3.0000e+00 +1.0000e+00 -4.0000e+00
7 0 +1.677995126e+01 +4.984899513e+02 +4.984899513e+02 +4.0000e+00 +2.0000e+00 +1.0000e+00 -1.0000e+00 +1.0000e+00 -1.0000e+00 -2.0000e+00 -4.0000e+00 +2.0000e+00 +4.0000e+00 +5.0000e+00 +1.0000e+00 -1.0000e+00 +2.0000e+00 -3.0000e+00 -2.0000e+00 +1.0000e+00 +4.0000e+00 +3.0000e+00 +0.0000e+00
32 0 +1.649652344e+01 +4.982065234e+02 +4.982065234e+02 +2.0000e+00 +0.0000e+00 -5.0000e+00 +2.0000e+00 -1.0000e+00 -1.0000e+00 -1.0000e+00 -4.0000e+00 -2.0000e+00 +2.0000e+00 -2.0000e+00 -1.0000e+00 +1.0000e+00 -4.0000e+00 -4.0000e+00 -0.0000e+00 +2.0000e+00 +3.0000e+00 -1.0000e+00 -5.0000e+00
% f evaluations | g evaluations | best noise-free fitness - Fopt (-3.646000000000e+01) + sum g_i+ | measured fitness | best measured fitness or single-digit g-values | x1 | x2...
1 0 +4.368622994e+01 +7.226229939e+00 +7.226229939e+00 +5.0000e+00 +3.0000e+00 +5.0000e+00 -1.0000e+00 -1.0000e+00 -5.0000e+00 +2.0000e+00 +2.0000e+00 -4.0000e+00 +3.0000e+00 +4.0000e+00 -4.0000e+00 -4.0000e+00 -4.0000e+00 -1.0000e+00 +0.0000e+00 -1.0000e+00 +1.0000e+00 +2.0000e+00 -3.0000e+00
3 0 +3.266231914e+01 -3.797680863e+00 -3.797680863e+00 -2.0000e+00 -4.0000e+00 +3.0000e+00 +2.0000e+00 -3.0000e+00 -1.0000e+00 +1.0000e+00 -3.0000e+00 -2.0000e+00 +3.0000e+00 +4.0000e+00 +3.0000e+00 -4.0000e+00 +3.0000e+00 -4.0000e+00 -3.0000e+00 -1.0000e+00 +1.0000e+00 +2.0000e+00 +3.0000e+00
5 0 +2.716712386e+01 -9.292876139e+00 -9.292876139e+00 +2.0000e+00 -5.0000e+00 +4.0000e+00 -2.0000e+00 -2.0000e+00 -1.0000e+00 +1.0000e+00 +3.0000e+00 +2.0000e+00 +2.0000e+00 -1.0000e+00 -4.0000e+00 +4.0000e+00 +4.0000e+00 -4.0000e+00 +0.0000e+00 -4.0000e+00 -5.0000e+00 -1.0000e+00 +2.0000e+00
7 0 +2.265121724e+01 -1.380878276e+01 -1.380878276e+01 -3.0000e+00 -1.0000e+00 +3.0000e+00 +0.0000e+00 +3.0000e+00 -3.0000e+00 -4.0000e+00 +0.0000e+00 -2.0000e+00 +1.0000e+00 -1.0000e+00 +0.0000e+00 -4.0000e+00 +4.0000e+00 +2.0000e+00 -2.0000e+00 +2.0000e+00 +2.0000e+00 -4.0000e+00 -3.0000e+00
9 0 +1.704273467e+01 -1.941726533e+01 -1.941726533e+01 +3.0000e+00 -2.0000e+00 -4.0000e+00 +2.0000e+00 -3.0000e+00 +1.0000e+00 -3.0000e+00 -1.0000e+00 +3.0000e+00 +1.0000e+00 -4.0000e+00 -2.0000e+00 +2.0000e+00 -1.0000e+00 +1.0000e+00 +1.0000e+00 -1.0000e+00 +0.0000e+00 -1.0000e+00 -3.0000e+00
25 0 +1.629692105e+01 -2.016307895e+01 -2.016307895e+01 +1.0000e+00 +0.0000e+00 -0.0000e+00 -2.0000e+00 +4.0000e+00 -0.0000e+00 +3.0000e+00 +0.0000e+00 +0.0000e+00 -3.0000e+00 -4.0000e+00 -2.0000e+00 +2.0000e+00 -4.0000e+00 -4.0000e+00 -4.0000e+00 +1.0000e+00 +2.0000e+00 -1.0000e+00 +3.0000e+00
% f evaluations | g evaluations | best noise-free fitness - Fopt (3.920000000000e+01) + sum g_i+ | measured fitness | best measured fitness or single-digit g-values | x1 | x2...
1 0 +4.399295886e+01 +8.319295886e+01 +8.319295886e+01 +2.0000e+00 -4.0000e+00 +2.0000e+00 +4.0000e+00 -4.0000e+00 +3.0000e+00 +0.0000e+00 -4.0000e+00 -2.0000e+00 +2.0000e+00 -1.0000e+00 +4.0000e+00 +1.0000e+00 +1.0000e+00 -3.0000e+00 +5.0000e+00 +0.0000e+00 +2.0000e+00 +1.0000e+00 -1.0000e+00
7 0 +3.770691024e+01 +7.690691024e+01 +7.690691024e+01 -1.0000e+00 +0.0000e+00 +2.0000e+00 +3.0000e+00 -3.0000e+00 +4.0000e+00 -0.0000e+00 -4.0000e+00 +5.0000e+00 -4.0000e+00 +4.0000e+00 -2.0000e+00 -3.0000e+00 +3.0000e+00 -4.0000e+00 +5.0000e+00 -1.0000e+00 -3.0000e+00 -4.0000e+00 -4.0000e+00
9 0 +2.290923219e+01 +6.210923219e+01 +6.210923219e+01 +3.0000e+00 +2.0000e+00 -0.0000e+00 +4.0000e+00 +1.0000e+00 -4.0000e+00 +4.0000e+00 -2.0000e+00 -1.0000e+00 -0.0000e+00 -2.0000e+00 -0.0000e+00 -4.0000e+00 -4.0000e+00 -0.0000e+00 -5.0000e+00 +2.0000e+00 -1.0000e+00 -2.0000e+00 -4.0000e+00
15 0 +1.980357708e+01 +5.900357708e+01 +5.900357708e+01 +1.0000e+00 +4.0000e+00 -3.0000e+00 +0.0000e+00 +5.0000e+00 -5.0000e+00 +2.0000e+00 -1.0000e+00 +0.0000e+00 -2.0000e+00 -3.0000e+00 +5.0000e+00 +1.0000e+00 +5.0000e+00 -3.0000e+00 -3.0000e+00 +2.0000e+00 -1.0000e+00 +2.0000e+00 -5.0000e+00
% f evaluations | g evaluations | best noise-free fitness - Fopt (-3.225000000000e+01) + sum g_i+ | measured fitness | best measured fitness or single-digit g-values | x1 | x2...
1 0 +1.369670983e+02 +1.047170983e+02 +1.047170983e+02 +0.0000e+00 +1.0000e+00 +4.0000e+00 +0.0000e+00 -5.0000e+00 -1.0000e+00 +3.0000e+00 +4.0000e+00 -5.0000e+00 -3.0000e+00 +4.0000e+00 +3.0000e+00 -4.0000e+00 +4.0000e+00 -2.0000e+00 -0.0000e+00 +2.0000e+00 +1.0000e+00 -3.0000e+00 -0.0000e+00
3 0 +6.551074209e+01 +3.326074209e+01 +3.326074209e+01 -4.0000e+00 +4.0000e+00 -0.0000e+00 +3.0000e+00 +3.0000e+00 -4.0000e+00 -4.0000e+00 -1.0000e+00 +3.0000e+00 +1.0000e+00 -3.0000e+00 -2.0000e+00 -1.0000e+00 +4.0000e+00 -2.0000e+00 +2.0000e+00 -2.0000e+00 -1.0000e+00 -2.0000e+00 +4.0000e+00
9 0 +5.303679517e+01 +2.078679517e+01 +2.078679517e+01 +5.0000e+00 -2.0000e+00 +1.0000e+00 -5.0000e+00 +3.0000e+00 +1.0000e+00 +2.0000e+00 +4.0000e+00 -2.0000e+00 -1.0000e+00 -4.0000e+00 +0.0000e+00 -1.0000e+00 -3.0000e+00 -4.0000e+00 -5.0000e+00 -4.0000e+00 -4.0000e+00 +5.0000e+00 -1.0000e+00
10 0 +3.823277600e+01 +5.982776001e+00 +5.982776001e+00 +1.0000e+00 -2.0000e+00 -3.0000e+00 +3.0000e+00 -2.0000e+00 +2.0000e+00 +3.0000e+00 -3.0000e+00 +4.0000e+00 +0.0000e+00 +1.0000e+00 -3.0000e+00 +3.0000e+00 -3.0000e+00 +2.0000e+00 -1.0000e+00 +5.0000e+00 +5.0000e+00 +2.0000e+00 +4.0000e+00
15 0 +3.749688631e+01 +5.246886312e+00 +5.246886312e+00 +5.0000e+00 +0.0000e+00 +1.0000e+00 -4.0000e+00 +3.0000e+00 -0.0000e+00 -2.0000e+00 -2.0000e+00 -5.0000e+00 +3.0000e+00 -0.0000e+00 +2.0000e+00 +3.0000e+00 +1.0000e+00 -3.0000e+00 +0.0000e+00 +1.0000e+00 -1.0000e+00 -0.0000e+00 -1.0000e+00
18 0 +2.363895897e+01 -8.611041027e+00 -8.611041027e+00 +4.0000e+00 -1.0000e+00 -4.0000e+00 -2.0000e+00 -1.0000e+00 +4.0000e+00 -4.0000e+00 +5.0000e+00 -3.0000e+00 -0.0000e+00 +4.0000e+00 +0.0000e+00 -3.0000e+00 -4.0000e+00 -3.0000e+00 +2.0000e+00 +1.0000e+00 +3.0000e+00 +2.0000e+00 -2.0000e+00
% f evaluations | g evaluations | best noise-free fitness - Fopt (3.681200000000e+02) + sum g_i+ | measured fitness | best measured fitness or single-digit g-values | x1 | x2...
1 0 +3.842007742e+01 +4.065400774e+02 +4.065400774e+02 +3.0000e+00 +1.0000e+00 +2.0000e+00 +5.0000e+00 +3.0000e+00 +1.0000e+00 -2.0000e+00 -4.0000e+00 +4.0000e+00 -3.0000e+00 -1.0000e+00 -2.0000e+00 +3.0000e+00 +3.0000e+00 -5.0000e+00 -2.0000e+00 +4.0000e+00 -2.0000e+00 +2.0000e+00 +1.0000e+00
3 0 +2.411520662e+01 +3.922352066e+02 +3.922352066e+02 -3.0000e+00 -3.0000e+00 -3.0000e+00 +1.0000e+00 +1.0000e+00 -4.0000e+00 -4.0000e+00 +2.0000e+00 +2.0000e+00 -4.0000e+00 +4.0000e+00 +4.0000e+00 -3.0000e+00 +5.0000e+00 -1.0000e+00 -5.0000e+00 +2.0000e+00 -5.0000e+00 +3.0000e+00 +3.0000e+00
4 0 +1.771054530e+01 +3.858305453e+02 +3.858305453e+02 +1.0000e+00 -1.0000e+00 -3.0000e+00 -3.0000e+00 +2.0000e+00 +5.0000e+00 -1.0000e+00 -1.0000e+00 +4.0000e+00 -3.0000e+00 -1.0000e+00 +1.0000e+00 +4.0000e+00 -5.0000e+00 -1.0000e+00 +2.0000e+00 +3.0000e+00 -3.0000e+00 +2.0000e+00 -0.0000e+00
% f evaluations | g evaluations | best noise-free fitness - Fopt (4.739000000000e+01) + sum g_i+ | measured fitness | best measured fitness or single-digit g-values | x1 | x2...
1 0 +4.907946447e+01 +9.646946447e+01 +9.646946447e+01 -0.0000e+00 -2.0000e+00 +1.0000e+00 -3.0000e+00 +5.0000e+00 -0.0000e+00 +3.0000e+00 -3.0000e+00 -3.0000e+00 -5.0000e+00 -3.0000e+00 +1.0000e+00 -2.0000e+00 +4.0000e+00 +3.0000e+00 -4.0000e+00 -4.0000e+00 -2.0000e+00 +2.0000e+00 -0.0000e+00
2 0 +1.757982857e+01 +6.496982857e+01 +6.496982857e+01 -1.0000e+00 -3.0000e+00 +4.0000e+00 -5.0000e+00 +1.0000e+00 +5.0000e+00 -3.0000e+00 +3.0000e+00 -3.0000e+00 -3.0000e+00 -0.0000e+00 +2.0000e+00 -2.0000e+00 -5.0000e+00 +1.0000e+00 -0.0000e+00 -1.0000e+00 +1.0000e+00 +3.0000e+00 +2.0000e+00
% f evaluations | g evaluations | best noise-free fitness - Fopt (-3.428900000000e+02) + sum g_i+ | measured fitness | best measured fitness or single-digit g-values | x1 | x2...
1 0 +6.341089862e+01 -2.794791014e+02 -2.794791014e+02 +3.0000e+00 +0.0000e+00 -4.0000e+00 -4.0000e+00 -4.0000e+00 -3.0000e+00 -4.0000e+00 -1.0000e+00 +2.0000e+00 -4.0000e+00 +3.0000e+00 +3.0000e+00 -0.0000e+00 -1.0000e+00 -3.0000e+00 -4.0000e+00 +3.0000e+00 -1.0000e+00 +1.0000e+00 -3.0000e+00
2 0 +3.531822282e+01 -3.075717772e+02 -3.075717772e+02 +1.0000e+00 -3.0000e+00 -4.0000e+00 +5.0000e+00 -3.0000e+00 -4.0000e+00 -3.0000e+00 +4.0000e+00 -1.0000e+00 +0.0000e+00 +5.0000e+00 +1.0000e+00 +3.0000e+00 +0.0000e+00 +4.0000e+00 +5.0000e+00 +2.0000e+00 -2.0000e+00 -2.0000e+00 +0.0000e+00
3 0 +2.669320555e+01 -3.161967944e+02 -3.161967944e+02 -0.0000e+00 +1.0000e+00 -3.0000e+00 -3.0000e+00 +2.0000e+00 -4.0000e+00 -2.0000e+00 -4.0000e+00 +4.0000e+00 -5.0000e+00 +3.0000e+00 +3.0000e+00 -4.0000e+00 +5.0000e+00 -5.0000e+00 -4.0000e+00 -2.0000e+00 +1.0000e+00 +1.0000e+00 +3.0000e+00
34 0 +1.484556940e+01 -3.280444306e+02 -3.280444306e+02 +4.0000e+00 +3.0000e+00 +2.0000e+00 -4.0000e+00 -4.0000e+00 -5.0000e+00 -1.0000e+00 -2.0000e+00 +1.0000e+00 +3.0000e+00 -2.0000e+00 -1.0000e+00 +5.0000e+00 +1.0000e+00 +3.0000e+00 -5.0000e+00 +1.0000e+00 -1.0000e+00 -5.0000e+00 +3.0000e+00
% f evaluations | g evaluations | best noise-free fitness - Fopt (9.102000000000e+01) + sum g_i+ | measured fitness | best measured fitness or single-digit g-values | x1 | x2...
1 0 +3.495182476e+01 +1.259718248e+02 +1.259718248e+02 +4.0000e+00 +5.0000e+00 +4.0000e+00 -0.0000e+00 -0.0000e+00 -1.0000e+00 -4.0000e+00 +3.0000e+00 -2.0000e+00 -3.0000e+00 +1.0000e+00 +2.0000e+00 -1.0000e+00 -1.0000e+00 +2.0000e+00 +4.0000e+00 -1.0000e+00 -1.0000e+00 +4.0000e+00 +2.0000e+00
2 0 +3.130845587e+01 +1.223284559e+02 +1.223284559e+02 +2.0000e+00 +3.0000e+00 -0.0000e+00 -2.0000e+00 +4.0000e+00 +1.0000e+00 -0.0000e+00 +2.0000e+00 +2.0000e+00 -0.0000e+00 -1.0000e+00 -4.0000e+00 +4.0000e+00 +4.0000e+00 -2.0000e+00 -5.0000e+00 +0.0000e+00 +2.0000e+00 -1.0000e+00 -3.0000e+00
13 0 +2.490336958e+01 +1.159233696e+02 +1.159233696e+02 -1.0000e+00 -2.0000e+00 -4.0000e+00 -2.0000e+00 -4.0000e+00 -3.0000e+00 -2.0000e+00 -0.0000e+00 +2.0000e+00 -0.0000e+00 -2.0000e+00 +0.0000e+00 +0.0000e+00 +2.0000e+00 -1.0000e+00 +4.0000e+00 +4.0000e+00 +5.0000e+00 +0.0000e+00 +5.0000e+00
17 0 +1.846645771e+01 +1.094864577e+02 +1.094864577e+02 +0.0000e+00 +0.0000e+00 -3.0000e+00 -1.0000e+00 -0.0000e+00 -4.0000e+00 -5.0000e+00 +0.0000e+00 -4.0000e+00 -2.0000e+00 +2.0000e+00 -1.0000e+00 +3.0000e+00 +0.0000e+00 -3.0000e+00 -2.0000e+00 +2.0000e+00 +0.0000e+00 +4.0000e+00 -0.0000e+00
23 0 +1.745202842e+01 +1.084720284e+02 +1.084720284e+02 +2.0000e+00 +3.0000e+00 -0.0000e+00 -5.0000e+00 -4.0000e+00 +2.0000e+00 -4.0000e+00 +2.0000e+00 -0.0000e+00 +5.0000e+00 -5.0000e+00 -2.0000e+00 -1.0000e+00 -4.0000e+00 -4.0000e+00 +2.0000e+00 +1.0000e+00 +1.0000e+00 +3.0000e+00 +2.0000e+00
34 0 +1.396505975e+01 +1.049850597e+02 +1.049850597e+02 +3.0000e+00 -2.0000e+00 +3.0000e+00 -4.0000e+00 -5.0000e+00 -4.0000e+00 -1.0000e+00 -4.0000e+00 -2.0000e+00 -2.0000e+00 +1.0000e+00 -2.0000e+00 +4.0000e+00 -3.0000e+00 -4.0000e+00 -5.0000e+00 +5.0000e+00 +2.0000e+00 -2.0000e+00 +3.0000e+00
% f evaluations | g evaluations | best noise-free fitness - Fopt (7.324200000000e+02) + sum g_i+ | measured fitness | best measured fitness or single-digit g-values | x1 | x2...
1 0 +9.511625647e+01 +8.275362565e+02 +8.275362565e+02 +1.0000e+00 -1.0000e+00 +2.0000e+00 +3.0000e+00 +2.0000e+00 -1.0000e+00 +1.0000e+00 +1.0000e+00 +4.0000e+00 +3.0000e+00 -5.0000e+00 +5.0000e+00 -4.0000e+00 -5.0000e+00 +3.0000e+00 -5.0000e+00 +1.0000e+00 -2.0000e+00 +1.0000e+00 -1.0000e+00
2 0 +2.835725934e+01 +7.607772593e+02 +7.607772593e+02 +5.0000e+00 -0.0000e+00 +0.0000e+00 +4.0000e+00 -4.0000e+00 -4.0000e+00 +0.0000e+00 -1.0000e+00 -3.0000e+00 +1.0000e+00 -5.0000e+00 -5.0000e+00 +5.0000e+00 -5.0000e+00 +4.0000e+00 -1.0000e+00 -5.0000e+00 -1.0000e+00 -3.0000e+00 -1.0000e+00
3 0 +2.310589349e+01 +7.555258935e+02 +7.555258935e+02 +1.0000e+00 +4.0000e+00 +3.0000e+00 -2.0000e+00 -2.0000e+00 -2.0000e+00 +1.0000e+00 +4.0000e+00 -1.0000e+00 -3.0000e+00 -1.0000e+00 +3.0000e+00 -2.0000e+00 +2.0000e+00 +0.0000e+00 +1.0000e+00 -4.0000e+00 +2.0000e+00 -2.0000e+00 -1.0000e+00
16 0 +2.177335228e+01 +7.541933523e+02 +7.541933523e+02 +3.0000e+00 +0.0000e+00 +5.0000e+00 +2.0000e+00 -3.0000e+00 +1.0000e+00 -2.0000e+00 -4.0000e+00 +2.0000e+00 -2.0000e+00 +2.0000e+00 +0.0000e+00 +3.0000e+00 +2.0000e+00 +3.0000e+00 +4.0000e+00 +3.0000e+00 +1.0000e+00 +2.0000e+00 -2.0000e+00
18 0 +1.438251111e+01 +7.468025111e+02 +7.468025111e+02 +0.0000e+00 +5.0000e+00 +3.0000e+00 +1.0000e+00 -2.0000e+00 +2.0000e+00 +1.0000e+00 +4.0000e+00 +3.0000e+00 +4.0000e+00 +5.0000e+00 -3.0000e+00 +1.0000e+00 +4.0000e+00 +3.0000e+00 +3.0000e+00 +0.0000e+00 -2.0000e+00 -1.0000e+00 -2.0000e+00
% f evaluations | g evaluations | best noise-free fitness - Fopt (3.542000000000e+01) + sum g_i+ | measured fitness | best measured fitness or single-digit g-values | x1 | x2...
1 0 +4.397312895e+01 +7.939312895e+01 +7.939312895e+01 -0.0000e+00 -2.0000e+00 +2.0000e+00 -1.0000e+00 -0.0000e+00 +1.0000e+00 -3.0000e+00 +1.0000e+00 -3.0000e+00 +4.0000e+00 +3.0000e+00 -2.0000e+00 +1.0000e+00 +2.0000e+00 -2.0000e+00 +2.0000e+00 -1.0000e+00 -3.0000e+00 -2.0000e+00 -4.0000e+00
2 0 +2.336201052e+01 +5.878201052e+01 +5.878201052e+01 -4.0000e+00 +1.0000e+00 -1.0000e+00 +3.0000e+00 +3.0000e+00 -0.0000e+00 -3.0000e+00 -0.0000e+00 +0.0000e+00 -3.0000e+00 +1.0000e+00 +2.0000e+00 +1.0000e+00 +2.0000e+00 +4.0000e+00 -2.0000e+00 +1.0000e+00 +5.0000e+00 +2.0000e+00 -3.0000e+00
4 0 +2.143980432e+01 +5.685980432e+01 +5.685980432e+01 +4.0000e+00 -2.0000e+00 +3.0000e+00 +2.0000e+00 +2.0000e+00 +2.0000e+00 -1.0000e+00 -3.0000e+00 +3.0000e+00 -4.0000e+00 -4.0000e+00 +0.0000e+00 -1.0000e+00 -0.0000e+00 -3.0000e+00 +0.0000e+00 -1.0000e+00 -3.0000e+00 -1.0000e+00 +3.0000e+00
8 0 +1.971413249e+01 +5.513413249e+01 +5.513413249e+01 +3.0000e+00 -4.0000e+00 +3.0000e+00 +2.0000e+00 +3.0000e+00 -3.0000e+00 +2.0000e+00 -2.0000e+00 -1.0000e+00 -0.0000e+00 +1.0000e+00 +1.0000e+00 +5.0000e+00 -4.0000e+00 -1.0000e+00 +4.0000e+00 +3.0000e+00 +1.0000e+00 +2.0000e+00 -5.0000e+00
20 0 +1.370660202e+01 +4.912660202e+01 +4.912660202e+01 +3.0000e+00 +1.0000e+00 -4.0000e+00 -2.0000e+00 +2.0000e+00 -1.0000e+00 -3.0000e+00 -4.0000e+00 +2.0000e+00 -2.0000e+00 -5.0000e+00 +3.0000e+00 -1.0000e+00 +2.0000e+00 -4.0000e+00 +0.0000e+00 -1.0000e+00 +3.0000e+00 +1.0000e+00 -1.0000e+00
