% f evaluations | g evaluations | best noise-free fitness - Fopt (-6.211100000000e+02) + sum g_i+ | measured fitness | best measured fitness or single-digit g-values | x1 | x2...
1 0 +1.681706237e+08 +1.681700025e+08 +1.681700025e+08 +2.4842e+00 -2.0546e+00 +2.4313e+00 -2.8230e+00 +1.3209e+00 -3.7458e+00 +4.7226e+00 -5.6393e-01 +7.9840e-01 -1.7353e+00
2 0 +1.338542670e+08 +1.338536459e+08 +1.338536459e+08 +4.2077e+00 +1.7754e+00 -1.8684e+00 +1.0587e-01 +9.7238e-01 +3.5044e+00 -3.2169e+00 +4.8163e+00 -4.7872e-02 +1.0222e+00
3 0 +1.177323809e+08 +1.177317598e+08 +1.177317598e+08 +1.9467e+00 +3.0090e+00 -2.4600e+00 +2.3272e-01 -3.3024e+00 +3.4942e+00 -3.1329e+00 -4.4041e+00 -3.5919e-01 +1.7784e+00
12 0 +6.075800777e+07 +6.075738666e+07 +6.075738666e+07 +1.7087e+00 +3.0522e+00 +1.7082e+00 -1.2261e+00 -1.2041e+00 -9.5433e-01 +3.8133e+00 +3.6114e-01 +4.0202e+00 +3.7844e+00
52 0 +4.543126524e+07 +4.543064413e+07 +4.543064413e+07 +1.8234e+00 +3.0314e+00 -2.9989e-01 -5.2331e-01 -2.2150e+00 +1.1888e+00 +4.6685e-01 -1.9346e+00 +1.9104e+00 +2.8180e+00
154 0 +1.947770455e+07 +1.947708344e+07 +1.947708344e+07 +6.6382e-01 +2.2555e+00 +3.7631e-01 -1.9162e+00 +1.9348e-02 -2.8425e-01 +2.8514e-01 +1.4564e-01 +2.1623e-02 +1.5098e+00
208 0 +1.894320153e+07 +1.894258042e+07 +1.894258042e+07 +5.3826e-01 +2.2782e+00 +3.3589e-01 -1.8999e+00 +1.9150e-01 -2.5163e-01 +1.0975e-01 +4.3406e-01 +5.5510e-02 +1.3381e+00
813 0 +1.762930363e+07 +1.762868252e+07 +1.762868252e+07 +8.5074e-01 +2.4431e+00 +1.9276e-01 -1.5845e+00 -3.7986e-01 +7.4975e-02 +2.1164e-01 -1.4733e-01 +4.7605e-01 +6.9792e-01
1010 0 +1.688426029e+07 +1.688363918e+07 +1.688363918e+07 +8.5074e-01 +2.4431e+00 +1.9276e-01 -1.5845e+00 -3.7986e-01 +7.4975e-02 +2.1164e-01 -1.4733e-01 +4.7605e-01 +1.3381e-01
1011 0 +1.604498739e+07 +1.604436628e+07 +1.604436628e+07 +5.3826e-01 +2.2782e+00 +3.3589e-01 -1.8999e+00 +1.9150e-01 -2.5163e-01 +1.0975e-01 +4.3406e-01 +5.5510e-02 +1.6512e-01
% f evaluations | g evaluations | best noise-free fitness - Fopt (-2.548200000000e+02) + sum g_i+ | measured fitness | best measured fitness or single-digit g-values | x1 | x2...
1 0 +6.920179294e+07 +6.920153812e+07 +6.920153812e+07 +1.7343e+00 +7.7734e-01 -2.3500e+00 +5.5106e-01 +1.0368e+00 +8.3856e-01 -4.9887e+00 +2.1193e-01 +4.7868e+00 +2.9114e+00
27 0 +5.391272138e+07 +5.391246656e+07 +5.391246656e+07 +3.3552e+00 +9.7842e-01 +2.4051e+00 +2.5636e-01 -1.3128e+00 +4.5931e+00 -3.7315e+00 +2.8206e+00 +9.1057e-01 +3.3469e+00
48 0 +5.367307015e+07 +5.367281533e+07 +5.367281533e+07 +3.6223e+00 +2.5573e+00 +4.7870e-01 +2.7202e+00 +9.8139e-02 +1.0993e+00 -1.9906e+00 +3.4541e+00 +2.8399e+00 -1.9501e+00
104 0 +4.057501903e+07 +4.057476421e+07 +4.057476421e+07 +3.5262e+00 +1.9892e+00 +1.1719e+00 +1.8337e+00 -4.0954e-01 +2.3565e+00 -2.6170e+00 +3.2262e+00 +2.1457e+00 -4.4116e-02
160 0 +3.857288902e+07 +3.857263420e+07 +3.857263420e+07 +3.4513e+00 +1.5465e+00 +1.7119e+00 +4.7952e-01 -8.0511e-01 +3.3360e+00 -3.1051e+00 +3.0486e+00 +1.6048e+00 +1.4409e+00
209 0 +3.539089975e+07 +3.539064493e+07 +3.539064493e+07 +2.9759e+00 +1.0586e+00 +7.7288e-01 -4.3024e-01 -1.2142e+00 +3.2530e+00 -3.2576e+00 +2.8310e+00 +2.3521e-01 +1.4419e+00
308 0 +3.434153920e+07 +3.434128438e+07 +3.434128438e+07 +3.2394e+00 +1.5347e+00 +8.9939e-01 +6.8995e-01 -7.9354e-01 +2.7316e+00 -2.9051e+00 +3.0342e+00 +1.1709e+00 +7.6174e-01
362 0 +2.864739475e+07 +2.864713993e+07 +2.864713993e+07 +2.9759e+00 +1.0586e+00 +7.7288e-01 -4.3024e-01 -1.2142e+00 +2.2077e+00 -3.2576e+00 +2.8310e+00 +2.3521e-01 +1.4419e+00
460 0 +2.794142670e+07 +2.794117188e+07 +2.794117188e+07 +2.9759e+00 +1.0586e+00 +4.1654e-01 -4.3024e-01 -1.2142e+00 +2.2077e+00 -3.2576e+00 +2.8310e+00 +2.3521e-01 +1.4419e+00
611 0 +2.716211837e+07 +2.716186355e+07 +2.716186355e+07 +2.5634e+00 +1.6740e+00 +1.0741e+00 -1.2694e-01 -1.3570e-01 +1.2780e+00 -2.4749e+00 +3.0736e+00 +1.6908e+00 +5.8062e-01
710 0 +2.443043537e+07 +2.443018055e+07 +2.443018055e+07 +3.0690e+00 +1.2159e+00 +8.4035e-01 -4.7375e-02 -1.0781e+00 +1.1341e+00 -3.1493e+00 +2.8978e+00 +5.5831e-01 +1.1906e+00
% f evaluations | g evaluations | best noise-free fitness - Fopt (5.661000000000e+01) + sum g_i+ | measured fitness | best measured fitness or single-digit g-values | x1 | x2...
1 0 +1.516698483e+08 +1.516699049e+08 +1.516699049e+08 +2.8478e+00 +3.8766e-01 -1.0253e+00 -1.6919e+00 +4.8544e+00 -9.5930e-01 -2.6811e-01 -3.2776e+00 -2.3640e+00 +6.8483e-01
10 0 +1.009863668e+08 +1.009864234e+08 +1.009864234e+08 -1.2008e+00 +2.0200e+00 -2.5858e+00 +3.6167e-01 +2.0462e+00 -2.7792e+00 -3.3198e+00 -1.9160e+00 +1.8044e+00 +2.9883e+00
22 0 +8.578632209e+07 +8.578637870e+07 +8.578637870e+07 -3.8454e+00 -4.2907e+00 -3.5517e+00 +3.5585e+00 -4.9506e+00 -2.6187e-01 +1.1702e-01 -3.1764e+00 -4.6091e+00 +3.2747e+00
40 0 +7.034275597e+07 +7.034281258e+07 +7.034281258e+07 -6.1340e-01 -1.4981e+00 -4.1416e+00 +3.4666e+00 -9.6656e-01 -4.7311e+00 +1.1306e-01 +1.7170e+00 -2.6512e+00 -3.2872e+00
156 0 +6.625743352e+07 +6.625749013e+07 +6.625749013e+07 -1.7600e+00 -2.2688e+00 -2.5259e+00 +3.7712e+00 +2.6473e-01 -2.4004e+00 -1.2929e+00 +1.3063e+00 -1.3513e+00 -1.5296e+00
158 0 +5.599734396e+07 +5.599740057e+07 +5.599740057e+07 -1.5272e+00 -3.2434e-01 -3.2780e+00 +2.1958e+00 +1.0798e+00 -3.2653e+00 -1.5687e+00 -7.2231e-01 -1.0947e+00 +5.5672e-01
159 0 +5.314777916e+07 +5.314783577e+07 +5.314783577e+07 -1.2850e+00 -6.3540e-01 -3.5069e+00 +2.5326e+00 +5.3750e-01 -3.6537e+00 -1.1230e+00 -7.5854e-02 -1.5072e+00 -4.6198e-01
461 0 +5.192101460e+07 +5.192107121e+07 +5.192107121e+07 -1.3753e+00 -9.3634e-01 -3.3227e+00 +2.7599e+00 +4.9135e-01 -3.4176e+00 -9.2310e-01 +1.7558e-01 -1.4748e+00 -6.5186e-01
463 0 +5.095578431e+07 +5.095584092e+07 +5.095584092e+07 -1.4047e+00 -9.8831e-01 -3.2736e+00 +2.7950e+00 +5.0365e-01 -3.3509e+00 -7.9906e-01 +2.0316e-01 -1.4509e+00 -6.5094e-01
610 0 +4.791258474e+07 +4.791264135e+07 +4.791264135e+07 -1.3585e+00 -8.5214e-01 -3.3636e+00 +2.6938e+00 +5.1671e-01 -3.4677e+00 -4.6864e-01 +9.5507e-02 -1.4726e+00 -5.7803e-01
710 0 +4.650244729e+07 +4.650250390e+07 +4.650250390e+07 -1.3700e+00 -9.0495e-01 -3.3368e+00 +2.7350e+00 +5.0218e-01 -3.4345e+00 -2.5466e-01 +1.4465e-01 -1.4727e+00 -6.2204e-01
712 0 +4.427520847e+07 +4.427526508e+07 +4.427526508e+07 -1.2882e+00 -6.4480e-01 -3.5007e+00 +2.5396e+00 +5.3660e-01 -3.6457e+00 -5.4969e-03 -6.8416e-02 -1.5057e+00 -4.6701e-01
% f evaluations | g evaluations | best noise-free fitness - Fopt (-1.810000000000e+01) + sum g_i+ | measured fitness | best measured fitness or single-digit g-values | x1 | x2...
1 0 +3.605556202e+08 +3.605556021e+08 +3.605556021e+08 -2.1506e+00 -4.3818e+00 +1.4391e+00 -3.6674e+00 +2.1375e+00 -1.6045e+00 -2.7783e+00 +4.6611e+00 -3.2103e+00 -3.4829e+00
3 0 +3.100937552e+08 +3.100937371e+08 +3.100937371e+08 +3.0535e+00 +1.2473e+00 +4.8216e-01 +1.4892e+00 +5.8915e-01 -4.7707e+00 +1.5970e+00 +2.7992e+00 -2.0181e+00 -3.9542e+00
4 0 +7.907505755e+07 +7.907503945e+07 +7.907503945e+07 +4.0466e+00 +4.3424e-01 +1.1755e+00 +3.6810e+00 +1.6646e+00 -4.3410e+00 +1.3645e+00 +1.7554e+00 +4.7649e+00 +3.5919e-01
17 0 +4.531337732e+07 +4.531335922e+07 +4.531335922e+07 -3.8146e+00 +4.5479e+00 -2.3948e+00 +4.7000e-01 +2.3217e+00 +2.6430e-01 +3.5947e+00 -1.8766e+00 +2.2109e+00 +4.6058e+00
152 0 +3.738565699e+07 +3.738563889e+07 +3.738563889e+07 +1.2621e+00 +3.6241e+00 +1.2124e+00 +2.0110e+00 +3.1406e+00 -1.9995e+00 +8.9771e-01 -2.0138e-01 +2.0613e+00 +1.8716e+00
204 0 +3.383618190e+07 +3.383616380e+07 +3.383616380e+07 +1.2326e+00 +3.4442e+00 +1.1793e+00 +1.8561e+00 +3.0975e+00 -1.8803e+00 +9.3064e-01 -2.1615e-01 +1.9724e+00 +1.8273e+00
255 0 +3.145844349e+07 +3.145842539e+07 +3.145842539e+07 -3.0576e+00 +3.8570e+00 -9.5496e-01 +3.0527e-01 +2.0299e+00 +6.0754e-01 +3.2182e+00 -6.0400e-01 +2.3251e+00 +3.0825e+00
306 0 +3.037668124e+07 +3.037666314e+07 +3.037666314e+07 +9.4433e-01 +3.2454e+00 +5.7482e-01 +1.8411e+00 +3.1642e+00 -1.9359e+00 +1.0318e+00 -6.4078e-01 +1.6980e+00 +2.3442e+00
352 0 +2.984815674e+07 +2.984813864e+07 +2.984813864e+07 +4.6740e-01 +3.3131e+00 +1.8156e-01 +1.7188e+00 +3.1062e+00 -1.7577e+00 +1.2765e+00 -8.4341e-01 +1.6804e+00 +2.6563e+00
354 0 +2.790876526e+07 +2.790874716e+07 +2.790874716e+07 +7.2740e-02 +3.1072e+00 +3.0390e-02 +1.2763e+00 +2.9215e+00 -1.2968e+00 +1.5410e+00 -8.5709e-01 +1.6194e+00 +2.6081e+00
363 0 +2.747900706e+07 +2.747898896e+07 +2.747898896e+07 -2.5989e+00 +2.6836e+00 -6.2833e-01 -4.5486e-01 +2.1779e+00 +6.6216e-01 +3.1020e+00 -1.5201e+00 +1.3785e+00 +3.4171e+00
406 0 +2.617111330e+07 +2.617109520e+07 +2.617109520e+07 -7.4228e-01 +2.9780e+00 -1.7056e-01 +7.4821e-01 +2.6947e+00 -6.9920e-01 +2.0172e+00 -1.0594e+00 +1.5459e+00 +2.8549e+00
504 0 +2.563488789e+07 +2.563486979e+07 +2.563486979e+07 -4.9820e-01 +3.2762e+00 +1.8012e-01 +9.7603e-01 +2.7340e+00 -8.6329e-01 +1.8880e+00 -7.7814e-01 +1.7740e+00 +2.6445e+00
712 0 +2.489237838e+07 +2.489236028e+07 +2.489236028e+07 -1.1969e+00 +2.9884e+00 -1.4468e-01 +5.2361e-01 +2.5247e+00 -3.9175e-01 +2.2728e+00 -1.1040e+00 +1.5703e+00 +2.9612e+00
% f evaluations | g evaluations | best noise-free fitness - Fopt (3.777000000000e+01) + sum g_i+ | measured fitness | best measured fitness or single-digit g-values | x1 | x2...
1 0 +2.309057274e+08 +2.309057652e+08 +2.309057652e+08 +4.0861e-01 +3.0450e+00 -4.7136e+00 -3.3699e+00 +3.0203e+00 -4.0580e+00 -2.6020e+00 -4.1458e+00 -4.7959e+00 +4.6457e+00
2 0 +8.110609570e+07 +8.110613347e+07 +8.110613347e+07 -4.4342e+00 -3.3728e+00 +9.4478e-01 -4.3105e+00 +4.6538e+00 -3.6970e-02 +1.8007e-01 +3.3022e+00 -4.9883e+00 -4.8910e+00
36 0 +7.705698456e+07 +7.705702233e+07 +7.705702233e+07 +1.6581e+00 -1.9316e+00 +1.1897e+00 +1.0240e+00 +2.6459e+00 -2.8700e-01 +6.2889e-01 +4.3655e+00 +2.0210e+00 -1.2042e+00
52 0 +6.028647973e+07 +6.028651750e+07 +6.028651750e+07 -4.2449e+00 -8.0549e-01 +1.5085e+00 -2.7200e+00 -2.6616e-01 -3.2677e-01 +2.1512e-02 -1.0874e+00 -4.7712e+00 -4.5122e+00
53 0 +5.889974530e+07 +5.889978307e+07 +5.889978307e+07 -4.3522e+00 -2.2611e+00 +1.1889e+00 -3.6218e+00 +2.5234e+00 -1.6246e-01 +1.1141e-01 +1.4014e+00 -4.8943e+00 -4.7270e+00
104 0 +4.108613534e+07 +4.108617311e+07 +4.108617311e+07 +5.8253e-01 -5.3078e-01 +1.4712e+00 -1.0687e+00 +2.3948e+00 -6.1595e-01 +2.7720e-02 +2.6662e+00 +2.0686e-01 +1.9184e-01
154 0 +3.146125348e+07 +3.146129125e+07 +3.146129125e+07 -3.0659e-01 -3.8404e-01 -3.8908e-03 -1.1456e+00 +2.9432e+00 -1.5589e+00 -5.8951e-01 +1.3744e+00 -6.5021e-01 +1.9370e-01
312 0 +2.990684486e+07 +2.990688263e+07 +2.990688263e+07 -3.0659e-01 -1.4157e-01 -3.8908e-03 -1.1456e+00 +2.9432e+00 -1.5589e+00 -5.8951e-01 +1.3744e+00 -6.5021e-01 +1.9370e-01
557 0 +2.949778411e+07 +2.949782188e+07 +2.949782188e+07 -6.2920e-01 -2.1858e-01 -1.6463e-01 -1.2185e+00 +2.8443e+00 -1.6544e+00 -6.6081e-01 +1.0209e+00 -9.7595e-01 -2.0991e-02
662 0 +2.808568568e+07 +2.808572345e+07 +2.808572345e+07 -3.5786e-01 -1.6795e-01 -1.7858e-02 -4.1422e-01 +2.9183e+00 -1.5665e+00 -5.9613e-01 +1.3218e+00 -7.0244e-01 +1.5292e-01
862 0 +2.735005648e+07 +2.735009425e+07 +2.735009425e+07 -3.5594e-01 -3.2844e-02 -1.7333e-02 -4.4167e-01 +2.9192e+00 -1.5662e+00 -5.9588e-01 +1.3237e+00 -7.0048e-01 +1.5445e-01
% f evaluations | g evaluations | best noise-free fitness - Fopt (-6.325500000000e+02) + sum g_i+ | measured fitness | best measured fitness or single-digit g-values | x1 | x2...
1 0 +1.173500083e+08 +1.173493758e+08 +1.173493758e+08 -4.6240e+00 -1.4911e+00 +3.1407e+00 -2.6426e-01 -1.4894e-01 +5.3225e-01 -4.3633e+00 +5.3120e-01 -3.8894e+00 +2.2553e+00
5 0 +5.022222112e+07 +5.022158857e+07 +5.022158857e+07 -3.3511e+00 +2.4761e+00 +2.1401e+00 -2.3469e-01 -2.8811e+00 +3.9805e+00 +8.0083e-01 +1.1701e+00 +5.7733e-01 -4.3261e+00
11 0 +4.355486232e+07 +4.355422977e+07 +4.355422977e+07 +2.4820e+00 -2.7477e+00 +4.1439e+00 +1.0914e+00 -1.8298e+00 +3.8579e+00 -3.8429e+00 +3.1889e+00 +1.6921e+00 -1.0139e+00
54 0 +1.315772577e+07 +1.315709322e+07 +1.315709322e+07 -6.2254e-01 +3.2555e-02 +3.0774e+00 +3.8562e-01 -2.3893e+00 +3.9231e+00 -1.3714e+00 +2.1144e+00 +1.0988e+00 -2.7767e+00
55 0 +1.158842157e+07 +1.158778902e+07 +1.158778902e+07 -2.4656e-01 -3.0414e-01 +3.2066e+00 +4.7109e-01 -2.3215e+00 +3.9152e+00 -1.6707e+00 +2.2446e+00 +1.1707e+00 -2.5632e+00
152 0 +1.089645628e+07 +1.089582373e+07 +1.089582373e+07 +4.8827e-01 +1.7422e+00 +2.4730e+00 +9.6285e-01 -3.2549e+00 +3.4437e+00 -3.3017e-01 +6.0899e-01 -8.2021e-01 +6.8852e-01
202 0 +1.023665660e+07 +1.023602405e+07 +1.023602405e+07 -8.7138e-01 -2.8749e-01 +2.5852e+00 +1.9217e-01 -1.5203e+00 +3.4605e+00 -6.9714e-01 +1.7832e+00 +6.8397e-01 -2.0544e+00
206 0 +1.001189492e+07 +1.001126237e+07 +1.001126237e+07 -6.6701e-01 -2.9293e-01 +2.7884e+00 +2.8340e-01 -1.7824e+00 +3.6092e+00 -1.0156e+00 +1.9341e+00 +8.4316e-01 -2.2208e+00
258 0 +9.581589926e+06 +9.580957376e+06 +9.580957376e+06 +3.8254e-01 -3.3854e-01 +2.7093e+00 +9.9038e-02 -1.1180e+00 +2.7464e+00 -6.6506e-01 +1.3032e+00 +9.6436e-01 -2.0561e+00
306 0 +9.305431293e+06 +9.304798743e+06 +9.304798743e+06 +3.5832e-01 -3.3635e-01 +2.7837e+00 +1.4553e-01 -1.2634e+00 +2.8715e+00 -8.0160e-01 +1.4087e+00 +1.0066e+00 -2.1258e+00
660 0 +6.327091334e+06 +6.326458784e+06 +6.326458784e+06 +4.0487e-01 -3.3826e-01 +2.7874e+00 +1.4150e-01 -1.2467e+00 +2.8436e+00 -7.9867e-01 +1.3896e+00 +1.0164e+00 -2.0213e-01
756 0 +6.289350520e+06 +6.288717970e+06 +6.288717970e+06 +4.0046e-01 -3.3801e-01 +2.7898e+00 +1.4350e-01 -1.2533e+00 +2.8503e+00 -8.0387e-01 +1.3949e+00 +1.0161e+00 -2.4093e-01
811 0 +5.795950016e+06 +5.795317466e+06 +5.795317466e+06 +4.0487e-01 -3.3826e-01 +2.7874e+00 +1.4150e-01 -1.2467e+00 +2.8436e+00 -7.9867e-01 +1.3896e+00 +6.7053e-01 -2.0213e-01
1014 0 +5.355102580e+06 +5.354470030e+06 +5.354470030e+06 +4.0158e-01 -2.7820e-01 +2.7884e+00 +1.4254e-01 -1.2502e+00 +2.8475e+00 -8.0119e-01 +1.3926e+00 +2.4528e-01 -3.6356e-01
% f evaluations | g evaluations | best noise-free fitness - Fopt (-8.530000000000e+01) + sum g_i+ | measured fitness | best measured fitness or single-digit g-values | x1 | x2...
1 0 +2.363889238e+08 +2.363888385e+08 +2.363888385e+08 +4.5510e+00 +1.6601e+00 +1.2184e+00 +3.2061e+00 -1.9998e+00 +4.9700e+00 -2.0800e+00 -6.5441e-01 -4.2152e+00 +3.6711e+00
4 0 +1.245331587e+08 +1.245330734e+08 +1.245330734e+08 +9.7222e-01 +2.3343e+00 -5.7404e-01 +1.0677e+00 +3.7249e+00 +1.2469e+00 +3.2851e+00 +3.1462e+00 +4.6548e+00 +2.0142e+00
8 0 +8.298901834e+07 +8.298893304e+07 +8.298893304e+07 -4.4283e+00 -3.8931e+00 +1.1173e+00 -1.9674e+00 -5.2607e-01 +2.3870e+00 +4.0963e+00 -4.5516e+00 -2.9469e-01 +3.2793e+00
13 0 +7.877640470e+07 +7.877631940e+07 +7.877631940e+07 +3.4388e+00 -2.6225e+00 +4.0198e+00 -4.0545e+00 -2.0697e+00 +8.5285e-01 +4.2574e+00 +4.0099e+00 +3.8799e+00 +1.5839e+00
53 0 +7.200775874e+07 +7.200767344e+07 +7.200767344e+07 +3.3988e+00 -2.5674e+00 +3.3761e+00 -3.9071e+00 -2.1210e+00 +8.1303e-01 +4.2001e+00 +3.8526e+00 +3.8150e+00 +1.3235e+00
54 0 +5.721183337e+07 +5.721174807e+07 +5.721174807e+07 +3.1727e+00 -3.1607e+00 +9.5302e-01 -1.9811e+00 +6.9761e-02 +4.3978e-02 +3.1208e+00 +2.5165e+00 +2.4007e+00 +1.8341e-01
110 0 +5.578056455e+07 +5.578047925e+07 +5.578047925e+07 +3.1727e+00 -3.1607e+00 +9.5302e-01 -1.9811e+00 +6.9761e-02 +4.3978e-02 +3.1208e+00 +2.5165e+00 +6.1727e-01 +1.8341e-01
154 0 +2.538152747e+07 +2.538144217e+07 +2.538144217e+07 +8.8339e-01 -3.1013e+00 +2.8380e+00 -6.5575e-01 -1.9364e+00 +1.3159e+00 +3.6099e+00 -4.4596e-01 -1.0572e-01 +1.7536e+00
209 0 +2.491910576e+07 +2.491902046e+07 +2.491902046e+07 +1.2589e+00 -3.1111e+00 +2.5289e+00 -8.7313e-01 -1.6073e+00 +1.1073e+00 +3.5297e+00 +3.9925e-02 +3.0536e-01 +1.4960e+00
306 0 +2.404072229e+07 +2.404063699e+07 +2.404063699e+07 +1.1905e+00 -1.6949e+00 +2.1589e+00 -1.6378e+00 -6.6902e-01 +9.8885e-01 +2.7864e+00 +1.4759e+00 -3.4288e-01 +4.4995e-01
307 0 +2.328467320e+07 +2.328458790e+07 +2.328458790e+07 +9.5127e-01 -2.7956e+00 +2.6895e+00 -8.6987e-01 -1.6599e+00 +1.2279e+00 +3.4306e+00 -2.6753e-02 -1.5606e-01 +1.4694e+00
353 0 +2.219871601e+07 +2.219863071e+07 +2.219863071e+07 +1.0160e+00 -2.4977e+00 +2.5459e+00 -1.0777e+00 -1.3917e+00 +1.1632e+00 +3.2563e+00 +3.7991e-01 -2.0662e-01 +1.1935e+00
414 0 +1.813081320e+07 +1.813072790e+07 +1.813072790e+07 +1.2570e+00 -1.3892e+00 +2.0115e+00 -1.8511e+00 -3.9379e-01 +9.2245e-01 +2.6075e+00 +1.4005e-01 -3.9477e-01 +1.6678e-01
505 0 +1.766371648e+07 +1.766363118e+07 +1.766363118e+07 +1.1700e+00 -1.7893e+00 +2.2044e+00 -1.5720e+00 -7.5397e-01 +1.0093e+00 +2.8416e+00 +1.4403e-01 -3.2686e-01 +5.3735e-01
857 0 +1.725504637e+07 +1.725496107e+07 +1.725496107e+07 +1.1879e+00 -1.7140e+00 +2.1661e+00 -1.6259e+00 -6.8411e-01 +9.9181e-01 +2.7970e+00 +4.6305e-02 -3.3708e-01 +4.6598e-01
962 0 +1.681331626e+07 +1.681323096e+07 +1.681323096e+07 +1.2307e+00 -1.5191e+00 +2.0718e+00 -1.7622e+00 -5.0819e-01 +9.4922e-01 +2.6829e+00 +2.4759e-02 -3.6961e-01 +3.1382e-02
% f evaluations | g evaluations | best noise-free fitness - Fopt (1.719500000000e+02) + sum g_i+ | measured fitness | best measured fitness or single-digit g-values | x1 | x2...
1 0 +9.325067627e+09 +9.325067799e+09 +9.325067799e+09 -2.7671e+00 -4.2009e+00 +4.0062e-01 +3.5716e-01 +4.3039e-01 +3.3169e+00 -3.4112e+00 -3.8492e+00 -3.9955e+00 -2.0025e+00
2 0 +1.216270626e+09 +1.216270798e+09 +1.216270798e+09 -3.8015e+00 -1.7929e+00 +4.5383e+00 -2.2264e+00 -1.2238e-01 +7.3262e-03 +2.6941e+00 +1.0285e+00 -3.7692e+00 +2.2111e+00
3 0 +3.723974091e+08 +3.723975810e+08 +3.723975810e+08 +2.2995e+00 +3.8186e+00 +8.8866e-01 -1.0731e+00 +3.5735e+00 +7.7143e-01 +3.5341e+00 -4.2267e+00 +5.5502e-01 -2.4291e+00
8 0 +2.645359698e+08 +2.645361418e+08 +2.645361418e+08 +3.9570e-01 -4.1580e+00 +3.6489e+00 +3.4950e+00 +3.8005e+00 +6.9882e-01 +2.5830e+00 -4.7356e+00 +1.7718e+00 +4.2764e+00
10 0 +1.436163332e+08 +1.436165052e+08 +1.436165052e+08 +4.1460e+00 -6.6571e-01 -4.7060e+00 -3.5954e+00 +1.7490e+00 +1.9784e+00 -3.3828e+00 -2.8042e+00 +4.4731e+00 -1.1549e+00
19 0 +9.314782598e+07 +9.314799793e+07 +9.314799793e+07 +1.8807e+00 +2.2750e-01 +1.4343e+00 -3.9929e+00 -2.8665e+00 +1.9196e+00 +4.0255e+00 -4.8097e+00 +9.5716e-01 +4.2004e+00
32 0 +8.862040782e+07 +8.862057977e+07 +8.862057977e+07 +4.7272e+00 +4.6777e+00 +5.3338e-01 +4.5751e-01 +7.9307e-01 +1.6338e+00 +1.0836e-01 -1.7589e+00 -4.8868e+00 +5.0605e-01
102 0 +6.141311987e+07 +6.141329182e+07 +6.141329182e+07 +2.1562e+00 +1.1201e+00 +1.5132e+00 -2.3596e+00 -2.0982e+00 +1.5443e+00 +2.8891e+00 -3.2328e+00 +1.7051e-01 +2.5512e+00
103 0 +5.692161451e+07 +5.692178646e+07 +5.692178646e+07 +2.7207e+00 +2.9075e+00 +1.4187e+00 -5.9442e-01 -1.5730e+00 +1.0903e+00 +1.2952e+00 -8.3435e-01 -1.1087e+00 +2.7543e-02
154 0 +5.240382210e+07 +5.240399405e+07 +5.240399405e+07 +4.6053e+00 +2.9861e+00 +3.7354e-01 +4.7335e-01 +5.7861e-01 +6.9128e-01 -1.4780e-02 -2.3123e+00 -3.9070e+00 +6.8480e-01
207 0 +4.982674412e+07 +4.982691607e+07 +4.982691607e+07 +4.5656e+00 +2.4357e+00 +3.2154e-01 +3.2291e-01 +5.0885e-01 +3.8465e-01 -5.4839e-02 -2.4924e+00 -3.5883e+00 +7.4295e-01
254 0 +4.649992855e+07 +4.650010050e+07 +4.650010050e+07 +3.5824e+00 +2.9434e+00 +9.4077e-01 -1.0617e-01 -5.8912e-01 +9.0784e-01 +6.9619e-01 -1.5102e+00 -2.3883e+00 +3.2808e-01
308 0 +4.250248299e+07 +4.250265494e+07 +4.250265494e+07 +3.7054e+00 +2.6467e+00 +7.2966e-01 +5.7301e-03 -5.4053e-01 +1.0418e+00 +7.4979e-01 -1.8302e+00 -2.4756e+00 +5.7589e-01
561 0 +4.065822581e+07 +4.065839776e+07 +4.065839776e+07 +3.6583e+00 +2.9094e+00 +8.9367e-01 -7.1829e-02 -1.5737e-01 +8.7044e-01 +6.3885e-01 -1.5840e+00 -3.6703e-01 +3.5943e-01
761 0 +3.922670911e+07 +3.922688106e+07 +3.922688106e+07 +3.6789e+00 +2.7948e+00 +8.2212e-01 -3.8517e-02 -1.1839e-01 +9.4519e-01 +6.8725e-01 -1.6914e+00 -1.2869e+00 +4.5386e-01
1014 0 +3.622886492e+07 +3.622903687e+07 +3.622903687e+07 +3.6668e+00 +2.8266e+00 +1.3557e-01 -4.7616e-02 -3.2262e-01 +9.2603e-01 +6.7483e-01 -1.6619e+00 -1.0678e+00 +4.2833e-01
% f evaluations | g evaluations | best noise-free fitness - Fopt (6.816000000000e+01) + sum g_i+ | measured fitness | best measured fitness or single-digit g-values | x1 | x2...
1 0 +1.269662868e+09 +1.269662937e+09 +1.269662937e+09 -1.1420e+00 +1.4510e+00 +3.3802e+00 -4.7540e+00 +1.7959e+00 -4.8475e+00 -3.3637e+00 -3.8493e+00 -1.1678e+00 -4.1814e+00
2 0 +1.201578620e+08 +1.201579302e+08 +1.201579302e+08 +3.3304e+00 +4.2124e+00 +7.7433e-01 +1.1430e+00 +1.8589e+00 -3.0310e+00 -3.4151e+00 -1.8289e+00 -4.3968e+00 +2.4025e+00
17 0 +9.208384725e+07 +9.208391541e+07 +9.208391541e+07 -1.5713e+00 +3.2869e+00 +4.6187e+00 -7.4894e-01 +2.3019e+00 +2.7994e+00 +7.1165e-01 +4.2991e+00 -2.7138e+00 +2.9285e+00
27 0 +8.533330180e+07 +8.533336996e+07 +8.533336996e+07 +2.9975e+00 -3.0937e+00 -1.1090e+00 +1.2565e+00 +4.7491e+00 +2.7855e+00 -7.6339e-02 +1.0812e+00 -7.7808e-01 -1.0504e-01
30 0 +7.973685083e+07 +7.973691899e+07 +7.973691899e+07 +2.7944e+00 +6.0571e-01 -1.5816e+00 +1.9734e+00 +2.1816e+00 +4.1165e+00 -2.5319e+00 -1.7689e+00 -2.0712e+00 -1.3811e+00
54 0 +6.917274290e+07 +6.917281106e+07 +6.917281106e+07 +2.7043e+00 -2.6788e+00 -3.8272e-01 +1.2492e+00 +4.4113e+00 +2.0629e+00 +1.4392e-01 +6.4186e-01 -3.8698e-01 +3.5374e-01
102 0 +3.477657776e+07 +3.477664592e+07 +3.477664592e+07 +7.5904e-01 +1.8557e+00 +1.3091e+00 +7.0418e-01 +2.2377e+00 +2.4056e+00 -1.0197e+00 +1.0601e+00 -2.3708e+00 +6.2812e-01
103 0 +3.363300283e+07 +3.363307099e+07 +3.363307099e+07 +4.6408e-01 +2.0369e+00 +1.7280e+00 +5.2025e-01 +2.2458e+00 +2.4555e+00 -8.0056e-01 +1.4701e+00 -2.4142e+00 +9.1928e-01
209 0 +3.252389764e+07 +3.252396580e+07 +3.252396580e+07 +5.4740e-01 +1.8615e+00 +1.6495e+00 +5.4736e-01 +2.3264e+00 +2.4409e+00 -7.6544e-01 +1.4393e+00 -2.3388e+00 +8.9825e-01
252 0 +3.175607761e+07 +3.175614577e+07 +3.175614577e+07 +1.1238e+00 +6.4814e-01 +1.1064e+00 +7.3491e-01 +2.8835e+00 +2.3399e+00 -5.2243e-01 +1.2262e+00 -1.8172e+00 +7.5274e-01
302 0 +3.083344073e+07 +3.083350889e+07 +3.083350889e+07 +8.1217e-01 +1.3041e+00 +1.4000e+00 +6.3351e-01 +2.5823e+00 +2.3945e+00 -6.5381e-01 +1.3414e+00 -2.0992e+00 +8.3140e-01
504 0 +2.938737427e+07 +2.938744243e+07 +2.938744243e+07 +5.8969e-01 +1.7724e+00 +1.6096e+00 +5.6113e-01 +2.3672e+00 +2.4335e+00 -1.3141e-01 +1.4237e+00 -2.3005e+00 +8.8757e-01
961 0 +2.854045553e+07 +2.854052369e+07 +2.854052369e+07 +7.4130e-01 +1.4533e+00 +1.4668e+00 +6.1045e-01 +2.5138e+00 +2.4069e+00 -4.9817e-02 +1.3676e+00 -2.1633e+00 +8.4930e-01
% f evaluations | g evaluations | best noise-free fitness - Fopt (1.000000000000e+03) + sum g_i+ | measured fitness | best measured fitness or single-digit g-values | x1 | x2...
1 0 +1.149963452e+08 +1.149973452e+08 +1.149973452e+08 -2.5243e+00 +4.1396e+00 -3.1803e+00 +1.1340e+00 -3.8966e+00 -4.0425e+00 +4.6229e+00 -2.0786e+00 -2.7698e+00 +2.4050e+00
12 0 +6.194647335e+07 +6.194747335e+07 +6.194747335e+07 -3.9491e+00 +2.0397e+00 -1.8500e+00 -3.7590e-01 +2.2657e+00 +5.5834e-01 -1.2615e+00 -5.2490e-01 -2.0208e-01 +2.2290e+00
31 0 +5.986704148e+07 +5.986804148e+07 +5.986804148e+07 -1.0536e+00 +2.2526e+00 +4.6633e+00 +1.0896e+00 -8.2557e-01 -2.0185e+00 -4.9308e+00 +2.3723e+00 -1.6975e+00 +3.1388e+00
57 0 +5.659529529e+07 +5.659629529e+07 +5.659629529e+07 -1.1000e+00 +2.2024e+00 +4.6129e+00 +1.1239e+00 -7.7106e-01 -2.0744e+00 -4.9084e+00 +2.2894e+00 -1.6752e+00 +2.9798e+00
102 0 +5.068337330e+07 +5.068437330e+07 +5.068437330e+07 -1.1906e+00 +2.0635e+00 +4.4832e+00 +1.2105e+00 -6.0793e-01 -2.1831e+00 -4.8012e+00 +2.0863e+00 -1.6281e+00 +2.5375e+00
104 0 +4.677902178e+07 +4.678002178e+07 +4.678002178e+07 -4.9298e-01 +1.7006e+00 +5.4541e-01 -3.9379e-01 -4.4128e-01 -3.1414e-01 -1.0622e+00 +3.1691e-01 -2.4226e-01 +1.9803e+00
105 0 +3.611062061e+07 +3.611162061e+07 +3.611162061e+07 -1.1168e-01 +1.1606e+00 +1.6805e+00 -5.4854e-01 -1.6001e+00 -8.1339e-01 -1.6866e+00 +4.0940e-01 -1.4118e+00 +2.4857e+00
257 0 +3.486148188e+07 +3.486248188e+07 +3.486248188e+07 -1.3899e+00 -8.1867e-02 +2.2009e+00 -7.2449e-01 -1.5743e+00 -1.0586e+00 -1.3952e+00 -7.3790e-02 -1.7896e+00 +2.0057e+00
308 0 +3.426547249e+07 +3.426647249e+07 +3.426647249e+07 -8.2100e-01 +4.7112e-01 +1.9693e+00 -6.4618e-01 -1.5858e+00 -9.4947e-01 -1.5249e+00 +1.4127e-01 -1.6214e+00 +2.2193e+00
311 0 +3.278311553e+07 +3.278411553e+07 +3.278411553e+07 -2.8432e+00 -6.8535e-01 +2.7747e+00 -9.9425e-01 -1.9322e+00 -1.5300e+00 -1.2448e+00 -6.4053e-01 -2.6504e+00 +1.5819e+00
455 0 +3.190782328e+07 +3.190882328e+07 +3.190882328e+07 -2.6096e+00 -5.2823e-01 +2.6812e+00 -9.5606e-01 -1.9034e+00 -1.4685e+00 -1.2824e+00 -5.5072e-01 -2.5441e+00 +1.6591e+00
456 0 +2.883554612e+07 +2.883654612e+07 +2.883654612e+07 -1.6364e+00 +3.6637e-01 +2.7491e+00 -4.8246e-01 -1.6292e+00 -1.3817e+00 -2.0368e+00 +2.3188e-01 -2.0783e+00 +2.1507e+00
% f evaluations | g evaluations | best noise-free fitness - Fopt (-6.837000000000e+01) + sum g_i+ | measured fitness | best measured fitness or single-digit g-values | x1 | x2...
1 0 +8.540166211e+08 +8.540165527e+08 +8.540165527e+08 +7.3992e-01 +2.9140e+00 +8.4498e-01 +4.2654e-01 -2.6121e+00 -6.9036e-01 -4.5870e+00 -2.7679e+00 -4.2273e-02 +1.8148e+00
2 0 +1.506983863e+08 +1.506983179e+08 +1.506983179e+08 +4.0991e+00 +1.5334e+00 +2.3443e+00 +4.9326e+00 -1.3940e+00 +8.4104e-01 +4.8087e+00 +4.8366e-01 -3.2444e+00 -2.4482e+00
8 0 +9.703512792e+07 +9.703505955e+07 +9.703505955e+07 +5.5841e-01 +9.8811e-01 -4.6494e+00 -1.6142e+00 +3.5274e+00 -6.1459e-02 +4.7557e+00 +2.0215e-01 -2.5392e+00 -4.1270e+00
15 0 +2.183245295e+07 +2.183238458e+07 +2.183238458e+07 +1.7827e+00 +4.6798e+00 -2.1280e+00 +4.8061e+00 +3.2645e+00 +7.2027e-01 +2.3020e+00 +5.6469e-02 -3.1186e+00 -7.6933e-01
54 0 +1.594490438e+07 +1.594483601e+07 +1.594483601e+07 +2.3350e+00 +4.3089e+00 -2.6224e+00 +3.5126e+00 +3.1113e+00 +9.2946e-01 +2.7722e+00 +1.7963e-02 -3.1022e+00 -8.9547e-01
157 0 +1.516688852e+07 +1.516682015e+07 +1.516682015e+07 +3.1598e+00 +2.7868e+00 -1.4869e+00 +3.1021e+00 +1.3799e+00 +5.5261e-01 +1.3372e+00 -1.0203e+00 -1.5414e+00 -8.8960e-01
163 0 +1.448913571e+07 +1.448906734e+07 +1.448906734e+07 +2.3350e+00 +4.3089e+00 -2.6224e+00 +3.5126e+00 +3.1113e+00 +6.4306e-01 +2.7722e+00 +1.7963e-02 -3.1022e+00 -8.9547e-01
202 0 +1.421472243e+07 +1.421465406e+07 +1.421465406e+07 +3.0591e+00 +2.9727e+00 -1.6256e+00 +3.1522e+00 +1.5914e+00 +5.9864e-01 +1.5125e+00 -8.9352e-01 -1.7320e+00 -8.9032e-01
260 0 +1.247834124e+07 +1.247827287e+07 +1.247827287e+07 +2.3340e+00 +3.6338e+00 -2.0769e+00 +2.4591e+00 +2.2632e+00 +5.2997e-01 +1.8731e+00 +7.0606e-01 -2.7653e+00 -1.5785e-01
352 0 +1.219582929e+07 +1.219576092e+07 +1.219576092e+07 +2.3341e+00 +3.7040e+00 -2.1336e+00 +2.5687e+00 +2.3514e+00 +5.4173e-01 +1.9666e+00 +6.3449e-01 -2.8003e+00 -2.3456e-01
410 0 +1.111462542e+07 +1.111455705e+07 +1.111455705e+07 +2.3349e+00 +4.2387e+00 -2.5657e+00 +3.4031e+00 +3.0231e+00 +6.3129e-01 +1.4706e+00 +8.9531e-02 -3.0672e+00 -8.1875e-01
560 0 +9.253718682e+06 +9.253650312e+06 +9.253650312e+06 +2.3349e+00 +4.2387e+00 -2.5657e+00 +3.4031e+00 +3.0231e+00 +2.0281e-01 +1.4706e+00 +8.9531e-02 -3.0672e+00 -8.1875e-01
861 0 +8.814894382e+06 +8.814826012e+06 +8.814826012e+06 +2.3754e+00 +3.2880e+00 -2.5097e+00 +3.3943e+00 +2.9472e+00 +6.2974e-01 +1.5354e+00 +3.1100e-02 -2.9941e+00 -7.9422e-01
% f evaluations | g evaluations | best noise-free fitness - Fopt (-5.548000000000e+01) + sum g_i+ | measured fitness | best measured fitness or single-digit g-values | x1 | x2...
1 0 +1.942432001e+08 +1.942431446e+08 +1.942431446e+08 -1.5395e+00 -2.1216e+00 -1.3297e-01 -4.8324e+00 +1.6118e+00 +4.6859e+00 -7.3719e-01 -1.7854e+00 -2.3408e+00 -2.0221e+00
7 0 +3.439510726e+07 +3.439505178e+07 +3.439505178e+07 -4.5082e+00 -4.7823e+00 +4.8951e+00 +2.6498e+00 -4.0723e-01 -1.8160e+00 +1.4704e+00 -2.6304e+00 -3.3375e+00 -1.5662e+00
204 0 +3.310062842e+07 +3.310057294e+07 +3.310057294e+07 -3.9256e+00 -4.7245e+00 +4.1004e+00 +2.2924e+00 -5.2935e-01 -1.3858e+00 +1.6794e+00 -2.7463e+00 -2.6820e+00 -1.0667e+00
302 0 +3.043710485e+07 +3.043704937e+07 +3.043704937e+07 -3.1834e+00 -3.9554e+00 +3.0298e+00 +1.5497e+00 -4.2962e-01 -1.3231e+00 +1.7712e+00 -2.1532e+00 -2.2886e+00 -8.4954e-01
303 0 +2.996478634e+07 +2.996473086e+07 +2.996473086e+07 -3.3414e+00 -4.0540e+00 +3.2522e+00 +1.6809e+00 -4.2695e-01 -1.3819e+00 +1.7354e+00 -2.2101e+00 -2.4137e+00 -9.3500e-01
304 0 +2.434480526e+07 +2.434474978e+07 +2.434474978e+07 -2.9193e+00 -3.2785e+00 +2.8229e+00 +1.1355e+00 -9.6115e-02 -1.4001e+00 +1.6244e+00 -1.2242e+00 -3.0475e+00 -8.6513e-01
563 0 +2.398617282e+07 +2.398611734e+07 +2.398611734e+07 -2.9193e+00 -3.2785e+00 +2.8229e+00 +1.1355e+00 -9.6115e-02 -1.4001e+00 +1.6244e+00 -1.2242e+00 -3.0475e+00 -8.0908e-01
564 0 +2.183263174e+07 +2.183257626e+07 +2.183257626e+07 -3.8050e+00 -4.2722e+00 +3.7285e+00 +2.0438e+00 -3.7408e-01 -1.4175e+00 +1.6171e+00 -3.0881e-01 -2.3342e+00 -1.2047e+00
852 0 +2.034133698e+07 +2.034128150e+07 +2.034128150e+07 -3.3738e+00 -3.7887e+00 +3.2876e+00 +1.0656e+00 -2.3893e-01 -1.4088e+00 +1.6208e+00 -1.2764e+00 -2.6811e+00 -5.8965e-01
1010 0 +1.595684226e+07 +1.595678678e+07 +1.595678678e+07 -3.1992e+00 -3.5926e+00 +3.1091e+00 +1.4226e+00 -1.8396e-01 -1.4056e+00 +1.6221e+00 -5.4927e-02 -2.8221e+00 -2.9324e-01
% f evaluations | g evaluations | best noise-free fitness - Fopt (-5.349000000000e+01) + sum g_i+ | measured fitness | best measured fitness or single-digit g-values | x1 | x2...
1 0 +2.592226440e+08 +2.592225905e+08 +2.592225905e+08 -4.1298e+00 -3.3627e+00 -1.9277e+00 +4.4554e+00 -2.0973e+00 +3.8788e+00 -1.6331e+00 +2.6704e+00 -6.6273e-01 +3.7429e+00
4 0 +6.365169644e+07 +6.365164295e+07 +6.365164295e+07 +2.6548e+00 -2.9173e+00 -1.3829e+00 +2.4496e+00 -1.3798e+00 -4.1330e+00 +1.0435e+00 -5.0073e-01 -3.3522e-02 +2.0104e+00
16 0 +5.661791946e+07 +5.661786597e+07 +5.661786597e+07 -4.6186e+00 -1.2835e+00 -6.7813e-01 -1.4278e+00 -1.2352e+00 -1.5428e+00 +1.2598e+00 -6.6163e-01 -4.8490e+00 +4.8474e+00
21 0 +2.552512002e+07 +2.552506653e+07 +2.552506653e+07 -4.0672e-01 -1.8553e+00 +1.2596e+00 +3.7962e+00 -2.1278e+00 -2.7783e+00 +3.3989e-01 -2.2269e+00 -2.3541e+00 +2.8520e+00
53 0 +2.222874166e+07 +2.222868817e+07 +2.222868817e+07 -3.2746e+00 +4.2251e-01 -1.7898e+00 -1.9849e+00 -1.4704e+00 +9.1042e-02 -3.0844e-02 +1.1540e+00 -3.1647e-01 -1.1453e+00
158 0 +2.027632518e+07 +2.027627169e+07 +2.027627169e+07 -6.5306e-01 -1.8449e+00 +1.1571e+00 +3.3812e+00 -2.0337e+00 -2.5861e+00 +2.8887e-01 -1.8867e+00 -2.1509e+00 +2.4803e+00
202 0 +1.628389180e+07 +1.628383831e+07 +1.628383831e+07 -2.6958e+00 -7.8085e-02 -1.1392e+00 -8.0019e-01 -1.5947e+00 -5.0001e-01 +3.9742e-02 +4.8272e-01 -7.2147e-01 -3.4486e-01
203 0 +1.461056898e+07 +1.461051549e+07 +1.461051549e+07 -1.2318e+00 -1.3443e+00 +5.0652e-01 +2.1965e+00 -1.9093e+00 -1.9950e+00 +2.1829e-01 -1.2154e+00 -1.7459e+00 +1.6798e+00
253 0 +1.397215475e+07 +1.397210126e+07 +1.397210126e+07 -1.3982e+00 -1.2347e+00 +3.5082e-01 +1.8741e+00 -1.8675e+00 -1.8320e+00 +1.9384e-01 -1.0367e+00 -1.6226e+00 +1.4512e+00
256 0 +1.291849384e+07 +1.291844035e+07 +1.291844035e+07 -2.1673e+00 -5.3522e-01 -5.4505e-01 +2.8166e-01 -1.7083e+00 -1.0398e+00 +1.0420e-01 -3.7171e-01 -1.0913e+00 +3.8609e-01
303 0 +1.268895268e+07 +1.268889919e+07 +1.268889919e+07 -2.0642e+00 -6.2433e-01 -4.2923e-01 +4.9256e-01 -1.7304e+00 -1.1450e+00 +1.1677e-01 -4.6463e-01 -1.1634e+00 +5.2858e-01
357 0 +1.245512930e+07 +1.245507581e+07 +1.245507581e+07 -1.5517e+00 -9.2715e-01 -5.9208e-02 +1.1169e+00 -1.7859e+00 -1.4695e+00 +1.6330e-01 -6.5647e-01 -1.4133e+00 +1.0029e+00
513 0 +1.131462875e+07 +1.131457526e+07 +1.131457526e+07 -9.9242e-01 -4.8292e-01 -6.4487e-01 +9.7554e-02 -1.6903e+00 -9.5529e-01 +1.0112e-01 -3.0067e-01 -1.0892e+00 +5.7793e-02
612 0 +1.056291974e+07 +1.056286625e+07 +1.056286625e+07 -2.0566e+00 -5.9747e-01 -4.9617e-01 +2.8815e-01 -9.0653e-01 -1.0475e+00 +1.0270e-01 -1.3717e-01 -1.0964e+00 +4.0581e-01
709 0 +1.047038717e+07 +1.047033368e+07 +1.047033368e+07 -1.9617e+00 -5.8725e-01 -5.0944e-01 +2.7115e-01 -9.7643e-01 -1.0393e+00 +1.0256e-01 -1.5175e-01 -1.0958e+00 +3.7477e-01
862 0 +1.012215236e+07 +1.012209887e+07 +1.012209887e+07 -1.6136e+00 -5.8264e-01 -5.1283e-01 +2.8344e-01 -1.1804e+00 -8.5012e-01 +1.0615e-01 -2.0973e-01 -1.1187e+00 +3.9422e-01
864 0 +8.720659294e+06 +8.720605804e+06 +8.720605804e+06 -1.0999e+00 -4.9421e-01 -6.2900e-01 +1.2563e-01 -1.6358e-02 -9.6951e-01 +1.0297e-01 -3.0844e-01 -1.1008e+00 +4.6762e-02
954 0 +8.698715251e+06 +8.698661761e+06 +8.698661761e+06 -1.1405e+00 -4.9971e-01 -6.2186e-01 +1.3480e-01 -9.4423e-02 -9.6737e-01 +1.0305e-01 -3.0067e-01 -1.1011e+00 +6.7704e-02
% f evaluations | g evaluations | best noise-free fitness - Fopt (1.172700000000e+02) + sum g_i+ | measured fitness | best measured fitness or single-digit g-values | x1 | x2...
1 0 +6.168900906e+07 +6.168912633e+07 +6.168912633e+07 -3.2217e+00 +1.9673e+00 -2.5019e+00 -1.0682e-01 +4.4023e+00 -7.6880e-01 +3.4086e+00 +2.5052e+00 +4.3167e+00 -2.6466e+00
35 0 +3.295167295e+07 +3.295179022e+07 +3.295179022e+07 +5.5186e-01 -1.0215e+00 -4.4759e+00 +3.2348e+00 +1.4790e+00 +5.0174e-01 +4.6838e-01 +2.3251e+00 +2.1557e+00 +3.3607e+00
56 0 +2.362549442e+07 +2.362561169e+07 +2.362561169e+07 +2.8281e+00 -7.0170e-01 -4.0715e+00 +4.0396e+00 -8.9278e-02 -1.5625e+00 +2.4841e+00 +2.0327e+00 +3.1993e+00 -6.2411e-01
57 0 +2.052072438e+07 +2.052084165e+07 +2.052084165e+07 +2.4554e+00 -7.5407e-01 -4.1377e+00 +3.9078e+00 +1.6755e-01 -1.2245e+00 +2.1540e+00 +2.0806e+00 +3.0284e+00 +2.8445e-02
155 0 +1.950214875e+07 +1.950226602e+07 +1.950226602e+07 +1.7827e+00 -8.4857e-01 -4.2572e+00 +3.6699e+00 +6.3100e-01 -6.1446e-01 +1.5583e+00 +2.1670e+00 +2.7200e+00 +1.2060e+00
157 0 +1.935955510e+07 +1.935967237e+07 +1.935967237e+07 +2.1674e+00 -7.9453e-01 -4.1889e+00 +3.8060e+00 +3.6595e-01 -9.6334e-01 +1.8990e+00 +2.1176e+00 +2.8964e+00 +5.3254e-01
208 0 +1.864131299e+07 +1.864143026e+07 +1.864143026e+07 +3.7321e-01 -6.0827e-01 -3.2221e+00 +2.5819e+00 +7.3531e-01 -8.1113e-02 +1.3170e+00 +2.3324e+00 +2.0391e+00 +2.3188e+00
255 0 +1.831779017e+07 +1.831790744e+07 +1.831790744e+07 +8.7391e-01 -4.5550e-02 -2.9298e+00 +2.7476e+00 +1.0619e-01 -9.0386e-02 +1.2250e+00 +1.9875e+00 +2.1039e+00 +1.6673e+00
302 0 +1.652214144e+07 +1.652225871e+07 +1.652225871e+07 +1.4875e+00 -7.2395e-01 -3.8225e+00 +3.3422e+00 +5.0590e-01 -6.2905e-01 +1.6785e+00 +2.1990e+00 +2.5715e+00 +1.2094e+00
402 0 +1.595951040e+07 +1.595962767e+07 +1.595962767e+07 +1.2622e+00 -5.4867e-01 -3.5298e+00 +3.1226e+00 +3.9961e-01 -5.2478e-01 +1.5997e+00 +2.1489e+00 +2.4254e+00 +1.3056e+00
507 0 +1.571363430e+07 +1.571375157e+07 +1.571375157e+07 +1.2711e+00 -6.7575e-01 -3.6313e+00 +3.1600e+00 +4.9980e-01 -5.6712e-01 +1.6670e+00 +2.2231e+00 +2.4661e+00 +1.3442e+00
561 0 +1.311019182e+07 +1.311030909e+07 +1.311030909e+07 +1.2209e+00 -5.6208e-01 -3.5275e+00 +1.7009e+00 +4.2592e-01 -5.0370e-01 +1.5869e+00 +2.1628e+00 +2.4101e+00 +1.3616e+00
% f evaluations | g evaluations | best noise-free fitness - Fopt (7.789000000000e+01) + sum g_i+ | measured fitness | best measured fitness or single-digit g-values | x1 | x2...
1 0 +2.535799406e+08 +2.535800185e+08 +2.535800185e+08 -1.0111e+00 -3.3514e+00 -1.5704e+00 -4.6160e+00 -4.9342e+00 +2.9818e+00 -2.4773e+00 -4.1936e+00 +1.0153e+00 +3.4738e+00
3 0 +8.792818025e+07 +8.792825814e+07 +8.792825814e+07 -3.2726e+00 +2.4862e+00 +4.3393e+00 -7.4502e-01 +1.1332e+00 +1.0811e+00 -4.2167e+00 -1.6569e+00 +1.7280e+00 +1.4671e+00
109 0 +7.943911373e+07 +7.943919162e+07 +7.943919162e+07 -3.0182e+00 +2.5567e+00 +3.4154e+00 -1.3217e+00 +5.3997e-01 +1.1821e+00 -2.5787e+00 -1.5219e+00 +7.2141e-01 +5.8830e-01
204 0 +7.100984451e+07 +7.100992240e+07 +7.100992240e+07 -2.8982e+00 +1.0153e+00 +3.2467e+00 -8.3563e-01 +4.3651e-01 +1.1454e+00 -2.3079e+00 -1.6977e+00 +6.8530e-01 +8.5364e-01
461 0 +7.069772076e+07 +7.069779865e+07 +7.069779865e+07 -8.6850e-01 +2.4043e+00 +4.2785e+00 -7.5006e-01 +1.0944e+00 +1.0847e+00 -4.1104e+00 -1.6592e+00 +1.6700e+00 +1.4329e+00
464 0 +6.830853711e+07 +6.830861500e+07 +6.830861500e+07 -2.8982e+00 +1.0153e+00 +3.2467e+00 -3.4147e-01 +4.3651e-01 +1.1454e+00 -2.3079e+00 -1.6977e+00 +6.8530e-01 +8.5364e-01
510 0 +6.344683121e+07 +6.344690910e+07 +6.344690910e+07 -7.5792e-01 +1.9235e+00 +3.4096e+00 -1.0842e+00 +5.3823e-01 +1.1603e+00 -2.5799e+00 -1.6028e+00 +7.7529e-01 +7.5637e-01
613 0 +6.255331080e+07 +6.255338869e+07 +6.255338869e+07 -1.0715e-01 +1.9235e+00 +3.4096e+00 -1.0842e+00 +5.3823e-01 +1.1603e+00 -2.5799e+00 -1.6028e+00 +7.7529e-01 +7.5637e-01
660 0 +6.123456734e+07 +6.123464523e+07 +6.123464523e+07 -2.9226e+00 +1.2653e+00 +3.2916e+00 -6.6448e-01 +4.6451e-01 +1.1495e+00 -5.7471e-01 -1.6716e+00 +7.1007e-01 +8.2687e-01
703 0 +5.933329827e+07 +5.933337616e+07 +5.933337616e+07 -2.3601e+00 +1.4355e+00 +3.3222e+00 -7.7628e-01 +4.8363e-01 +1.1523e+00 -1.1185e+00 -1.6538e+00 +7.2705e-01 +8.0874e-01
802 0 +5.858725121e+07 +5.858732910e+07 +5.858732910e+07 -1.1213e+00 +1.7154e+00 +3.3724e+00 -9.5398e-01 +4.1763e-01 +1.1569e+00 -1.9650e+00 -1.6245e+00 +7.5476e-01 +7.7873e-01
852 0 +5.736070797e+07 +5.736078586e+07 +5.736078586e+07 -8.8955e-01 +1.8481e+00 +2.0434e+00 -1.0371e+00 +4.9455e-01 +1.1590e+00 -2.0478e+00 -1.6107e+00 +7.6786e-01 +7.6447e-01
1010 0 +5.587499395e+07 +5.587507184e+07 +5.587507184e+07 -1.0712e+00 +1.7441e+00 +3.3775e+00 -3.7396e-01 +4.3426e-01 +1.0630e+00 -2.0498e+00 -1.6215e+00 +7.5759e-01 +7.7565e-01
