% f evaluations | g evaluations | best noise-free fitness - Fopt (-1.025500000000e+02) + sum g_i+ | measured fitness | best measured fitness or single-digit g-values | x1 | x2...
1 0 +4.745471281e+01 -5.509528719e+01 -5.509528719e+01 -4.2750e+00 +1.2410e+00 +2.4729e+00 -3.1378e+00 -2.9760e-01 -1.2516e+00 -4.8935e+00 +6.6778e-01 -4.3795e+00 +3.8134e+00 +7.3006e-01 -2.9938e+00 -1.0993e+00 +6.6456e-01 -7.6319e-01 +1.1862e+00 -3.5086e+00 +1.5320e+00 -1.7736e+00 -3.2674e+00
2 0 +3.906726368e+01 -6.348273632e+01 -6.348273632e+01 -2.1387e+00 -2.4670e+00 -1.6337e-01 +4.2231e+00 -3.2319e+00 +1.2478e+00 +1.2097e+00 -2.3996e+00 +3.2970e+00 +1.9901e+00 +2.7338e+00 +2.9138e+00 +3.5041e+00 -1.2231e+00 -2.6545e+00 -2.0921e+00 -4.3824e-03 +1.1332e+00 -2.5174e+00 -1.2299e+00
6 0 +2.517579928e+01 -7.737420072e+01 -7.737420072e+01 -4.4096e-01 +9.7939e-01 +4.0948e+00 -3.0602e-02 +1.3095e+00 -5.5680e-01 -9.9349e-01 +3.3752e-02 -4.3630e-01 +1.2443e+00 +4.1337e+00 +1.6571e+00 -3.6329e-01 +3.5841e+00 +3.5104e+00 +3.2470e+00 -1.3492e+00 -2.1350e+00 -7.2805e-01 -2.3191e+00
52 0 +1.479618709e+01 -8.775381291e+01 -8.775381291e+01 +1.9305e+00 +4.3847e-01 -6.6129e-01 -1.3038e+00 -2.0876e+00 -1.2105e+00 -4.1133e-01 -4.5331e-01 -1.3201e+00 -2.0472e+00 -1.0996e-01 +3.6830e-01 +7.1901e-01 +2.7204e-02 +1.7844e+00 -4.2518e+00 +8.3084e-01 -3.5941e+00 -2.9099e+00 -3.9342e-01
53 0 +1.326749458e+01 -8.928250542e+01 -8.928250542e+01 +2.0363e+00 -6.8748e-01 -8.9660e-02 -5.3502e-01 -2.3799e+00 -2.1408e-01 -5.9951e-01 +6.6106e-01 -1.3043e+00 -1.3471e+00 -6.6684e-01 +9.7884e-01 +1.4699e+00 -8.4869e-02 +1.3377e+00 -4.0967e+00 -1.0109e-01 -3.2713e+00 -2.8724e+00 -1.7175e-01
109 0 +1.156671335e+01 -9.098328665e+01 -9.098328665e+01 +1.1454e+00 -8.7634e-01 -2.5335e+00 -2.1552e-01 +5.8916e-01 -1.2657e+00 -2.2026e-01 -1.3949e+00 +1.1161e+00 -1.5234e-01 -1.2429e+00 -7.3881e-01 +1.0587e+00 +2.6549e+00 -2.0504e+00 -1.8767e+00 +7.5859e-01 +2.4306e+00 +2.0356e+00 -1.6942e+00
159 0 +1.112550612e+01 -9.142449388e+01 -9.142449388e+01 +5.5801e-01 -5.1543e-01 -1.4834e+00 -1.8819e-01 +8.2072e-01 -9.1140e-01 -4.5200e-01 -1.1965e+00 +6.0665e-01 +1.8264e-01 -2.6084e-01 -3.9561e-01 +5.3523e-01 +2.5361e+00 -1.0159e+00 -8.8527e-01 +4.9841e-01 +1.3239e+00 +1.3077e+00 -1.5345e+00
304 0 +8.824303041e+00 -9.372569696e+01 -9.372569696e+01 +6.8037e-01 -3.3382e-01 -4.6906e-01 -3.0702e-01 +1.0577e+00 -9.2620e-01 -4.5820e-01 -9.7274e-01 +3.6964e-01 +2.1333e-01 +4.3530e-01 -5.5998e-02 +5.0795e-01 +2.6794e+00 -1.4939e-01 -7.4554e-02 +2.1542e-01 +8.8650e-01 +1.1559e+00 -1.6416e+00
1605 0 +7.926460406e+00 -9.462353959e+01 -9.462353959e+01 -3.8294e-01 +4.6046e-01 +1.9796e+00 -1.0159e+00 +8.0135e-01 -2.7989e-01 -3.3725e-01 +3.9054e-01 -1.2169e+00 +7.6384e-01 +2.7691e+00 +1.1356e+00 +4.6462e-02 +2.4887e+00 +2.5684e+00 +1.8469e+00 -4.0278e-01 -5.2043e-01 -6.4536e-01 -1.5720e+00
% f evaluations | g evaluations | best noise-free fitness - Fopt (7.169000000000e+01) + sum g_i+ | measured fitness | best measured fitness or single-digit g-values | x1 | x2...
1 0 +8.342994518e+01 +1.551199452e+02 +1.551199452e+02 +8.1242e-01 -3.1909e+00 +4.6293e-01 -2.0081e+00 +4.7620e+00 -4.0051e+00 +2.5212e+00 -2.1674e+00 +2.8578e+00 +4.8600e+00 +2.2074e+00 +4.0897e+00 +4.5715e+00 -2.6912e+00 +2.8893e+00 +3.5921e+00 +3.5559e+00 +1.9584e+00 +4.5720e+00 +8.9601e-02
2 0 +7.067911091e+01 +1.423691109e+02 +1.423691109e+02 -8.1966e-02 -4.0489e+00 +2.3724e+00 -4.0716e+00 -2.4075e+00 +4.5076e+00 +4.9482e+00 +2.2564e+00 +4.4330e+00 -3.1209e-01 -3.3109e+00 +1.0707e+00 +4.9343e-01 +2.3450e+00 -6.4778e-02 -4.3150e+00 -1.6735e+00 +3.7027e+00 -3.8291e+00 -4.4614e+00
3 0 +4.683912544e+01 +1.185291254e+02 +1.185291254e+02 +5.5357e-01 -3.0763e+00 +3.8723e+00 +4.5565e+00 -3.2162e+00 -2.6814e+00 +5.4035e-01 -6.0759e-01 +2.8497e+00 -1.9703e+00 -1.3057e-01 -3.2064e+00 +4.2176e+00 +1.5325e-01 -3.8170e+00 +9.0779e-01 -1.2254e+00 -2.9875e+00 +2.8247e+00 -7.7205e-01
4 0 +3.858136159e+01 +1.102713616e+02 +1.102713616e+02 +1.6059e+00 -3.8946e+00 +3.2901e+00 -3.9804e+00 +2.4040e+00 -1.3412e-01 -2.3505e+00 +3.1137e-01 -2.1691e+00 +2.9871e+00 +1.6573e+00 -2.0974e+00 +1.3293e+00 -2.7084e+00 +3.1819e+00 -4.2644e+00 +2.6768e+00 +4.2144e+00 -1.5076e-01 +2.4680e+00
10 0 +3.748412085e+01 +1.091741209e+02 +1.091741209e+02 -2.9030e+00 +1.9036e+00 -3.3780e-01 -4.6725e+00 -4.7135e+00 -1.6809e+00 +3.7739e+00 -4.2622e-01 -3.7823e+00 +9.8985e-01 -1.2809e+00 -9.8473e-01 +1.2338e-01 +4.5280e+00 +6.8548e-02 -2.1448e+00 +4.0638e+00 +4.6553e+00 +4.2698e+00 -1.5290e+00
17 0 +3.675772237e+01 +1.084477224e+02 +1.084477224e+02 -1.0319e+00 -4.5099e+00 +3.1876e+00 -2.1890e+00 -4.7781e-01 -2.6240e+00 -1.8710e+00 +3.5474e+00 +4.4458e+00 +3.0196e+00 -2.7891e+00 -1.4629e-01 -5.6607e-01 +3.0957e-01 -1.6900e+00 -4.0024e+00 -1.1867e+00 -2.9418e+00 -7.9840e-01 +1.6228e-01
20 0 +3.235632755e+01 +1.040463275e+02 +1.040463275e+02 +3.3875e+00 +2.9032e+00 -2.1873e+00 +9.0292e-01 -4.2932e-03 -1.8004e+00 +2.6406e-01 +4.6638e+00 -7.7371e-01 +1.2781e+00 +1.2173e+00 +8.7503e-01 -7.9868e-01 -3.8228e+00 -4.8710e+00 +2.3314e+00 +2.7086e+00 +2.8201e+00 +2.4044e+00 -1.4151e+00
37 0 +3.010126247e+01 +1.017912625e+02 +1.017912625e+02 -3.4730e+00 -8.3621e-01 -2.8263e+00 +3.5670e+00 +4.5385e+00 +2.1764e+00 -4.2755e+00 +4.7891e-01 -7.4273e-01 +3.1127e+00 -1.4128e+00 +1.0815e+00 +1.7708e+00 -2.3762e-01 +4.4121e+00 +5.0710e-01 +2.5610e-01 -2.4794e-01 +3.7765e-01 +3.0922e+00
39 0 +2.462909902e+01 +9.631909902e+01 +9.631909902e+01 +5.1693e-01 -4.7031e-01 +3.8247e+00 -1.7457e+00 +1.2129e+00 +2.4327e+00 +7.2005e-01 +2.0766e+00 +4.0137e+00 -2.9829e+00 +2.3789e-01 +2.4480e+00 -3.4256e+00 -1.6479e+00 +2.6125e+00 -2.7537e+00 -5.0783e-01 -3.4108e+00 +2.3316e+00 -3.9236e+00
54 0 +1.919045418e+01 +9.088045418e+01 +9.088045418e+01 -3.9443e+00 +1.6386e+00 -3.0569e+00 +3.7911e+00 +1.6306e+00 +4.1942e-01 -2.3104e+00 +2.6291e+00 -9.8132e-01 +1.1326e+00 -1.2867e+00 +2.1148e+00 +3.7119e-01 +2.2544e+00 +3.4996e-01 -2.1389e+00 +2.0570e+00 -1.5657e+00 +5.9248e-01 -4.5667e-02
105 0 +1.592492086e+01 +8.761492086e+01 +8.761492086e+01 -3.5113e+00 +1.5343e+00 -2.3668e+00 +3.2376e+00 +1.4584e+00 +5.4596e-01 -1.9143e+00 +2.6687e+00 -4.8359e-01 +6.2541e-01 -1.1259e+00 +2.1948e+00 -7.7672e-02 +1.9683e+00 +3.9905e-01 -2.3195e+00 +1.8762e+00 -1.8123e+00 +7.7906e-01 -5.8031e-01
205 0 +1.372957996e+01 +8.541957996e+01 +8.541957996e+01 -1.6559e-01 +1.7147e-01 +1.8057e+00 -1.5406e+00 +3.9815e-01 +2.8173e+00 +1.3660e+00 +2.2135e+00 +3.0980e+00 -2.6682e+00 -1.0167e-01 +2.1594e+00 -2.6063e+00 -1.6204e+00 +1.5632e+00 -1.7101e+00 +1.3170e-01 -2.3277e+00 +2.4438e+00 -2.1880e+00
307 0 +1.340324863e+01 +8.509324863e+01 +8.509324863e+01 +1.0196e+00 -9.0612e-01 +3.6621e+00 -1.2540e+00 +1.4062e-01 +2.4794e+00 +1.8319e-01 +2.4969e+00 +3.5649e+00 -1.7366e+00 -2.6581e-01 +1.7246e+00 -2.5839e+00 -7.3170e-01 +2.5590e+00 -2.2729e+00 -1.1017e+00 -1.9164e+00 +2.1377e+00 -2.7503e+00
409 0 +1.220580078e+01 +8.389580078e+01 +8.389580078e+01 -1.4537e+00 -1.5487e-01 +7.6153e-01 +1.3329e-01 +7.1737e-01 +1.9190e+00 +2.2848e-01 +2.3753e+00 +2.0334e+00 -8.9222e-01 -9.7672e-01 +2.1012e+00 -1.2450e+00 +6.6815e-01 +1.1564e+00 -2.8167e+00 +3.8446e-01 -1.4911e+00 +5.9577e-01 -2.4905e+00
1055 0 +1.133647762e+01 +8.302647762e+01 +8.302647762e+01 +5.1357e-01 -3.7518e-01 +1.2930e+00 -1.8768e+00 +1.5754e-01 +1.5263e-01 +2.5529e-01 +1.4058e+00 +1.4062e+00 -2.5932e+00 -1.9675e-01 +1.6308e+00 -1.6489e+00 +6.7087e-01 +6.6700e-01 -2.5137e-03 +1.7029e+00 -5.3338e-01 +1.4717e+00 -2.6015e+00
1111 0 +1.092467050e+01 +8.261467050e+01 +8.261467050e+01 +5.1357e-01 -3.7518e-01 +1.2930e+00 -1.8768e+00 +1.5754e-01 +1.5263e-01 +2.5529e-01 +1.4058e+00 +1.4062e+00 -2.5932e+00 -1.9675e-01 +1.6308e+00 -1.6489e+00 +6.7087e-01 +6.6700e-01 -2.4178e-04 +1.7029e+00 -5.3338e-01 +1.4717e+00 -2.6015e+00
% f evaluations | g evaluations | best noise-free fitness - Fopt (2.140100000000e+02) + sum g_i+ | measured fitness | best measured fitness or single-digit g-values | x1 | x2...
1 0 +6.517812804e+01 +2.791881280e+02 +2.791881280e+02 +8.1594e-01 +4.3655e-01 -5.5469e-01 -2.6812e+00 +1.4146e+00 -1.3689e+00 +4.8195e+00 -3.4144e+00 -2.5115e+00 -3.8694e+00 -7.5333e-01 +4.2633e+00 +1.3598e+00 +3.6588e+00 +1.4671e+00 +4.8864e+00 -3.1856e+00 -3.0254e+00 +4.2641e+00 -4.8289e+00
2 0 +2.748041665e+01 +2.414904166e+02 +2.414904166e+02 +4.9049e-01 -1.2487e+00 +2.7170e+00 -1.2309e+00 -3.7033e+00 +1.2280e-01 -1.8794e+00 -1.2584e+00 -3.9880e+00 -1.8317e+00 +4.8337e+00 -5.0961e-01 -5.1966e-01 +1.7794e-01 -2.4311e+00 +1.2786e+00 +3.3655e+00 -3.3183e+00 -1.6335e+00 +2.2520e+00
28 0 +2.455750491e+01 +2.385675049e+02 +2.385675049e+02 -1.7669e+00 +3.3445e+00 +2.2110e-01 -1.7024e+00 -3.9301e+00 +1.2029e+00 +3.7242e+00 +1.0666e+00 +1.7575e+00 -1.1739e+00 -1.2497e+00 -1.1000e+00 -8.6156e-02 -4.3452e+00 -1.1516e+00 -4.2199e+00 -1.1782e-01 +3.1913e+00 +3.2739e-01 -3.6392e+00
34 0 +1.761471840e+01 +2.316247184e+02 +2.316247184e+02 +5.6353e-01 +7.3887e-01 -1.1138e+00 -6.0245e-02 -1.8248e+00 -2.7991e+00 -3.4713e-01 -7.7363e-01 -1.9007e+00 +3.3008e+00 +2.2898e+00 +2.7400e+00 +1.4551e+00 +1.6045e+00 +5.4585e-01 -2.3945e+00 -1.5342e+00 +3.1910e+00 -2.2080e-01 -1.2362e+00
53 0 +1.564813166e+01 +2.296581317e+02 +2.296581317e+02 -1.5543e-01 -1.5773e+00 +4.9581e-01 +5.7550e-01 -9.6740e-01 -9.8945e-01 -1.1224e+00 +1.5264e+00 -2.6956e+00 +2.4701e+00 +2.8473e+00 +1.6080e+00 +3.7965e-01 -2.0133e+00 +1.4592e+00 +1.5072e+00 -2.1324e+00 +2.0099e+00 +2.7719e+00 -1.8968e+00
59 0 +1.424749876e+01 +2.282574988e+02 +2.282574988e+02 +1.3414e+00 +1.0134e+00 -6.2514e-01 +3.1888e-01 -7.9793e-01 -2.5414e+00 -7.8667e-01 -1.3093e+00 -1.5175e+00 +2.9580e+00 +2.8178e+00 +2.5499e+00 +1.4643e+00 +8.3765e-01 +9.1745e-01 -1.2368e+00 -1.1617e+00 +2.8311e+00 -5.1842e-01 -1.7805e+00
112 0 +1.374656910e+01 +2.277565691e+02 +2.277565691e+02 +1.3414e+00 +1.0134e+00 -6.2514e-01 +3.1888e-01 -7.9793e-01 -2.5414e+00 -7.8667e-01 -1.3093e+00 -1.5175e+00 +2.9580e+00 +2.8178e+00 +2.5499e+00 +1.4643e+00 +8.3765e-01 +9.1745e-01 -1.2368e+00 -1.1617e+00 +1.1573e+00 -5.1842e-01 -1.7805e+00
156 0 +1.323763047e+01 +2.272476305e+02 +2.272476305e+02 +3.7802e-01 +2.5641e+00 -3.3662e-01 -1.0660e+00 -3.3255e+00 -5.6386e-01 +1.5684e+00 +4.8316e-01 -2.4310e-01 +1.7943e+00 +1.1904e+00 +8.7186e-01 -5.0958e-01 -7.4055e-02 -1.0468e+00 -3.5826e+00 -5.4518e-01 +2.9613e+00 +1.1252e+00 -2.7816e+00
157 0 +1.119772851e+01 +2.252077285e+02 +2.252077285e+02 +4.4396e-01 +1.9154e+00 -6.1285e-01 -7.0851e-01 -2.7921e+00 -1.3583e+00 +8.8757e-01 +3.6453e-02 -8.3228e-01 +2.3297e+00 +1.5812e+00 +1.5358e+00 +1.8874e-01 +5.2256e-01 -4.8074e-01 -3.1603e+00 -8.9673e-01 +3.0430e+00 +6.4677e-01 -2.2323e+00
353 0 +8.057971499e+00 +2.220679715e+02 +2.220679715e+02 +3.0199e-01 +1.6958e+00 -7.6330e-01 -4.1763e-01 -2.4595e+00 -1.5641e+00 +5.3595e-01 -2.0780e-01 -7.1928e-01 +2.0653e+00 +1.4926e+00 +1.4913e+00 +6.7749e-02 +6.0838e-01 -3.6786e-01 -3.0229e+00 -7.8577e-01 +3.0276e+00 +5.8056e-01 -1.8045e+00
655 0 +7.547928396e+00 +2.215579284e+02 +2.215579284e+02 +1.0197e+00 +8.8153e-01 -1.3504e+00 -4.0113e-01 -1.5114e+00 -7.9060e-01 +1.3474e-01 -8.7558e-01 -1.1899e+00 +2.3459e+00 +1.5736e+00 +1.3516e+00 +1.0224e-01 +1.1573e+00 -7.6438e-01 -1.4451e+00 -1.7311e+00 +2.0217e+00 -4.2289e-01 -6.7907e-01
861 0 +6.669322505e+00 +2.206793225e+02 +2.206793225e+02 +9.2622e-01 +8.0998e-01 -1.4167e+00 -2.5800e-01 -1.3352e+00 -7.5971e-01 -3.8750e-03 -4.0610e-01 -1.0180e+00 +2.0655e+00 +1.4513e+00 +1.1907e+00 -1.1088e-01 +1.1239e+00 -6.2336e-01 -1.6045e+00 -1.6251e+00 +1.9697e+00 -3.7554e-01 -4.4436e-01
% f evaluations | g evaluations | best noise-free fitness - Fopt (-5.848000000000e+01) + sum g_i+ | measured fitness | best measured fitness or single-digit g-values | x1 | x2...
1 0 +7.769864728e+01 +1.921864728e+01 +1.921864728e+01 +4.1667e+00 -1.8582e+00 -9.3658e-01 +2.0763e+00 +4.0036e+00 +3.7179e+00 -3.3250e+00 -2.4333e+00 -4.2484e+00 -4.7085e+00 +3.2185e+00 -4.0630e+00 +4.0058e+00 +1.0057e+00 +2.4867e+00 -1.1666e+00 +3.1332e-01 +3.9774e+00 -3.2362e+00 -4.8168e+00
2 0 +4.547072109e+01 -1.300927891e+01 -1.300927891e+01 +3.5659e-01 -3.0108e+00 +2.8548e+00 -8.8010e-01 -2.8760e+00 +4.3498e+00 -2.5110e+00 -1.1241e+00 -3.1229e+00 -4.6020e+00 -1.0770e-01 +2.8256e+00 +8.0429e-01 -1.4652e+00 +2.8046e+00 +2.0171e-01 +2.2940e+00 +1.2662e+00 -1.3266e+00 +2.4178e+00
4 0 +4.165216751e+01 -1.682783249e+01 -1.682783249e+01 +1.0823e+00 -1.7384e+00 -7.7871e-01 +1.2290e+00 +2.9139e+00 -3.9821e+00 -4.6777e+00 -4.8402e+00 -1.3629e+00 +3.3606e+00 +4.0600e+00 -1.1153e+00 +2.9068e-01 +7.6753e-01 -4.7922e+00 +1.5514e+00 -3.7122e+00 -1.8096e+00 -1.1293e+00 +1.8882e+00
19 0 +3.208734767e+01 -2.639265233e+01 -2.639265233e+01 +2.5470e+00 -2.5552e+00 -4.6540e-01 +1.0183e+00 -1.5720e-01 -2.2350e+00 +3.4538e+00 -2.9269e+00 +6.8565e-02 -2.9201e+00 -2.3416e+00 +1.0171e+00 -2.3752e+00 +4.3912e+00 -1.9176e+00 -2.9966e+00 -2.4620e+00 +2.8820e+00 +3.2511e+00 +4.3669e-02
31 0 +2.946351860e+01 -2.901648140e+01 -2.901648140e+01 +3.9685e+00 +2.7367e+00 +1.7187e+00 -4.7816e-01 +4.0398e+00 +7.9003e-01 +1.7781e+00 -7.6050e-01 +3.5030e+00 +2.4111e+00 +2.1871e+00 -2.0724e+00 -2.1271e+00 -3.4638e+00 +2.3748e-01 +1.0633e+00 +4.6087e+00 -1.0171e+00 +6.9438e-02 -1.2011e-01
54 0 +1.427315539e+01 -4.420684461e+01 -4.420684461e+01 -3.9794e+00 -1.7018e-04 +2.2200e+00 +1.2909e+00 +9.7542e-01 +2.7693e+00 +1.4244e+00 -6.8508e-01 -8.6982e-01 +2.9766e+00 +1.3373e+00 +1.3417e+00 +1.1442e+00 +1.7150e+00 +8.9805e-01 -2.5475e+00 -1.3662e+00 -1.4647e+00 +1.9290e+00 +7.4051e-01
103 0 +1.222006451e+01 -4.625993549e+01 -4.625993549e+01 -2.5097e+00 -6.3242e-01 +1.2050e+00 +1.3546e+00 +7.6781e-01 +1.8678e+00 +2.0461e+00 -1.1579e+00 -1.0740e+00 +2.0106e+00 +2.8166e-01 +9.3356e-01 +6.0792e-01 +1.8567e+00 +5.5823e-01 -1.7215e+00 -1.5325e+00 -3.9950e-01 +1.9921e+00 +7.9927e-01
153 0 +1.197319680e+01 -4.650680320e+01 -4.650680320e+01 -3.1103e+00 -2.5936e-01 +1.5328e+00 +7.7812e-01 +3.3758e-01 +7.2542e-01 +7.6011e-01 -1.1080e+00 -1.1915e+00 +1.3203e+00 -2.8432e-01 -1.5081e-01 +1.6517e+00 +1.6887e-01 +8.1862e-01 -5.3527e-01 +5.1286e-01 -7.7856e-01 +1.5996e+00 +6.2150e-02
458 0 +1.139806207e+01 -4.708193793e+01 -4.708193793e+01 -1.2422e+00 -2.0477e+00 -1.5339e+00 -1.3125e+00 +1.5042e+00 -1.8784e+00 +1.0673e+00 -7.6766e-01 -1.0243e+00 +3.5700e-01 -1.2802e+00 +6.1108e-01 -1.3387e+00 +1.3993e+00 +5.7204e-01 +6.9641e-01 +1.1800e+00 +1.4030e+00 +1.5667e+00 +1.4489e+00
502 0 +1.060300391e+01 -4.787699609e+01 -4.787699609e+01 -5.7351e-02 -9.0489e-01 -1.1977e+00 -6.8831e-01 +4.5162e-01 -8.7417e-01 +1.5871e+00 +1.2280e-02 -4.6710e-01 -2.3867e-01 -1.4395e+00 -5.9080e-01 -7.7104e-01 +5.0039e-01 +3.0509e-01 +1.9210e+00 +1.5704e+00 +1.3838e+00 +1.0818e+00 +4.7730e-01
503 0 +9.474130399e+00 -4.900586960e+01 -4.900586960e+01 -6.3820e-01 -1.1034e+00 -7.5549e-01 -7.3170e-01 +9.7065e-01 -9.6533e-01 +1.5805e+00 -1.8425e-01 -6.3834e-01 +8.2283e-02 -1.2811e+00 +1.1727e-01 -7.9095e-01 +9.2796e-01 +2.6124e-01 +1.2217e+00 +9.0697e-01 +7.9574e-01 +1.1201e+00 +6.5660e-01
604 0 +9.149104672e+00 -4.933089533e+01 -4.933089533e+01 +1.3866e+00 +4.0126e-01 -1.5165e-01 -6.1294e-01 +1.7386e+00 -2.7726e-01 +1.6556e+00 -2.6490e-01 +9.5687e-01 +7.1173e-01 -1.3872e-01 -1.1222e+00 -1.2574e+00 -9.2147e-01 +2.8084e-01 +1.0330e+00 +2.6602e+00 +5.2262e-01 +7.1869e-01 +2.6302e-01
658 0 +9.098379590e+00 -4.938162041e+01 -4.938162041e+01 +1.0332e+00 +3.1863e-01 +2.1731e-01 -7.0447e-01 +2.0353e+00 -3.3943e-01 +1.5519e+00 -3.3850e-01 +8.7025e-01 +9.7700e-01 -9.0267e-03 -5.1609e-01 -1.1976e+00 -6.3716e-01 +3.1786e-01 +1.2013e+00 +2.1405e+00 -1.2780e-01 +6.4095e-01 +3.8246e-01
759 0 +8.278576506e+00 -5.020142349e+01 -5.020142349e+01 +2.9927e-01 +1.3019e+00 -8.4383e-01 +4.9585e-01 +1.9443e+00 -9.5091e-01 +1.7287e+00 -1.1604e+00 +8.8571e-01 +6.7541e-01 +9.0214e-01 -1.9710e-01 -1.5495e-01 -1.1846e+00 -2.4977e-01 +1.3729e+00 +1.6118e+00 +1.1015e+00 +7.2955e-01 -4.6890e-01
812 0 +7.409830493e+00 -5.107016951e+01 -5.107016951e+01 +1.0332e+00 +3.1863e-01 +2.1731e-01 -7.0447e-01 +1.8291e+00 -3.3943e-01 +1.5519e+00 -3.3850e-01 +8.7025e-01 +9.7700e-01 -9.0267e-03 -5.1609e-01 -1.1976e+00 -6.3716e-01 +3.1786e-01 +1.2013e+00 +2.1405e+00 -1.2780e-01 +6.4095e-01 +3.8246e-01
% f evaluations | g evaluations | best noise-free fitness - Fopt (-6.130800000000e+02) + sum g_i+ | measured fitness | best measured fitness or single-digit g-values | x1 | x2...
1 0 +5.261470922e+01 -5.604652908e+02 -5.604652908e+02 +1.9291e+00 -1.6544e+00 +9.3748e-02 +2.0415e+00 +2.8880e+00 +4.9915e+00 +2.3005e+00 -3.9109e+00 +4.7986e+00 +3.4062e+00 -4.3925e-02 -4.9096e+00 -2.9888e-01 +4.7670e+00 -3.3213e-01 +2.6899e+00 -3.6404e+00 -2.5538e+00 +4.5984e-01 -3.2043e+00
6 0 +2.859244084e+01 -5.844875592e+02 -5.844875592e+02 -1.1348e+00 -1.5611e+00 +5.4038e-02 -6.5025e-01 +3.8800e+00 -2.5371e+00 +1.3603e+00 -3.4840e+00 +4.8021e+00 +2.1054e+00 -2.6818e+00 -4.9970e+00 -1.6798e+00 +3.5138e+00 -6.1605e-01 -6.8685e-01 +2.5039e+00 -3.0111e+00 -1.4236e+00 -1.1190e+00
22 0 +2.515924638e+01 -5.879207536e+02 -5.879207536e+02 +3.1060e+00 +2.4558e+00 -2.7468e-01 -2.2681e+00 -4.1497e+00 +1.0721e-01 -1.8088e+00 -3.9117e+00 -2.2670e+00 +7.9608e-01 -6.3925e-01 -2.1807e+00 +3.2639e+00 +6.8433e-01 +1.8410e+00 +1.9055e+00 -1.5060e+00 -7.1507e-01 +2.3914e+00 +4.7280e+00
40 0 +2.297137140e+01 -5.901086286e+02 -5.901086286e+02 +3.7255e+00 +9.3381e-01 +9.1388e-01 -4.2487e+00 +5.3850e-01 +1.8503e+00 -4.1783e+00 +4.4947e-01 +3.9954e+00 -3.5097e-01 +1.9321e+00 +4.4486e+00 +7.6065e-01 -2.1775e+00 -2.6163e+00 +8.7022e-02 +1.8991e+00 +2.7422e+00 +6.7835e-01 +1.2746e-01
54 0 +2.197308908e+01 -5.911069109e+02 -5.911069109e+02 +5.4928e-01 -6.9662e-01 +3.5197e-01 -1.8971e+00 +2.7222e+00 -1.0169e+00 -5.5880e-01 -2.1211e+00 +4.5226e+00 +1.2543e+00 -1.0831e+00 -1.7241e+00 -8.3421e-01 +1.5418e+00 -1.3091e+00 -4.1870e-01 +2.2943e+00 -1.0176e+00 -6.9524e-01 -6.8709e-01
55 0 +1.559019029e+01 -5.974898097e+02 -5.974898097e+02 +2.0414e+00 +6.9318e-02 +6.1594e-01 -3.0018e+00 +1.6963e+00 +3.3002e-01 -2.2592e+00 -9.1349e-01 +4.2749e+00 +5.0018e-01 +3.3341e-01 +1.1757e+00 -8.4983e-02 -2.0544e-01 -1.9232e+00 -1.8112e-01 +2.1087e+00 +7.4870e-01 -4.9959e-02 -3.0443e-01
103 0 +1.437480848e+01 -5.987051915e+02 -5.987051915e+02 +1.0581e+00 -1.8170e-01 +2.5662e+00 +1.1509e+00 +2.4922e+00 +7.0985e-01 -1.6589e-01 +2.6937e-02 +3.1981e-01 -8.6260e-01 -2.2274e+00 -2.8991e+00 -3.1466e+00 +1.6324e+00 -1.2128e+00 +5.7985e-01 -6.1105e-01 -3.3709e+00 -2.8568e+00 -4.2275e-01
152 0 +1.240338642e+01 -6.006766136e+02 -6.006766136e+02 +6.9148e-01 +4.3884e-01 +1.5137e+00 +3.4363e-01 +2.0493e+00 +5.1459e-01 -2.1473e-01 -8.6297e-02 +1.1162e+00 -2.7369e-01 -9.9875e-01 -1.1627e+00 -2.1910e+00 +1.3051e+00 -1.9771e+00 +9.1525e-01 -1.1443e-01 -1.8696e+00 -1.4594e+00 +7.1134e-03
253 0 +1.204959200e+01 -6.010304080e+02 -6.010304080e+02 -1.2801e+00 +1.1849e+00 +1.2532e+00 -1.4348e+00 +1.9539e+00 -9.4608e-01 +4.8285e-01 -2.6580e-01 +4.9927e-01 +8.7593e-01 -1.4899e+00 +2.0550e+00 -1.1037e+00 -7.9366e-01 -2.8033e+00 +6.1927e-01 -1.5605e+00 -1.4012e+00 -1.2110e+00 -4.8232e-01
358 0 +1.035602113e+01 -6.027239789e+02 -6.027239789e+02 +1.8680e+00 +4.3976e-01 +1.9777e+00 -1.7862e+00 +1.7482e+00 +1.8378e+00 -2.3413e+00 +8.9388e-02 +1.2811e+00 -4.1150e-01 -2.2261e-01 +1.5442e+00 -3.0965e-01 +2.2767e-01 -2.1754e+00 +7.6163e-01 +1.2173e+00 +1.0190e+00 -1.0756e+00 -1.6613e-02
402 0 +9.887121509e+00 -6.031928785e+02 -6.031928785e+02 +2.1166e+00 -3.9608e-01 +1.0027e+00 -5.4318e-01 +2.0914e+00 +3.3396e+00 -6.1889e-01 -1.6536e+00 +3.1481e+00 +1.3295e+00 +2.0761e-01 -7.1202e-01 +3.1667e-02 +1.9266e+00 -1.4768e+00 +1.5800e+00 -7.2498e-01 -4.2420e-02 -9.4590e-02 -1.3856e+00
413 0 +9.305633276e+00 -6.037743667e+02 -6.037743667e+02 +1.8680e+00 +4.3976e-01 +1.9777e+00 -1.7862e+00 +1.7482e+00 +1.8378e+00 -2.3413e+00 +8.9388e-02 +1.2811e+00 -4.1150e-01 -2.2261e-01 +1.5442e+00 -2.6430e-01 +2.2767e-01 -2.1754e+00 +7.6163e-01 +1.2173e+00 +1.0190e+00 -1.0756e+00 -1.6613e-02
1214 0 +6.136140568e+00 -6.069438594e+02 -6.069438594e+02 +1.1544e+00 -8.9023e-02 +4.2828e-01 -7.3552e-01 +1.6440e+00 +6.8222e-01 -1.3785e+00 -4.7723e-02 +1.9861e+00 +3.0409e-02 -4.3004e-01 +2.0338e-01 -9.5894e-01 +1.5771e-01 -1.9193e+00 +6.8097e-01 +1.1286e+00 -1.1998e-03 -1.2136e-01 +5.7078e-01
% f evaluations | g evaluations | best noise-free fitness - Fopt (6.189000000000e+01) + sum g_i+ | measured fitness | best measured fitness or single-digit g-values | x1 | x2...
1 0 +8.225182435e+01 +1.441418243e+02 +1.441418243e+02 -2.6801e+00 +4.9779e+00 -2.9615e+00 +4.4002e+00 +1.8543e+00 -4.9660e+00 -5.5862e-01 +4.1881e+00 +4.8848e+00 -1.0370e+00 -1.3359e+00 -7.1369e-01 +2.4359e+00 +4.1248e+00 -2.7545e+00 +2.6616e+00 -7.0469e-01 +2.6465e+00 +9.1084e-01 +2.1747e+00
2 0 +6.837735692e+01 +1.302673569e+02 +1.302673569e+02 -4.1083e+00 -5.3833e-01 +5.1327e-01 -4.5339e+00 -2.3636e+00 -2.6928e+00 -2.4621e+00 +2.1517e+00 -3.0777e+00 -3.9197e+00 +4.3464e+00 +3.7235e+00 -4.8209e+00 +2.9264e+00 -1.6083e+00 -1.7018e+00 -3.8309e+00 -4.2187e+00 -2.8323e-01 -4.0507e+00
3 0 +5.469132095e+01 +1.165813209e+02 +1.165813209e+02 -3.2690e+00 -1.2644e+00 +9.0012e-02 -1.3987e+00 -4.7756e+00 +1.8502e+00 +4.2257e+00 -3.7582e+00 +1.1417e+00 -3.6588e+00 -1.4303e+00 -2.5640e+00 +3.3087e+00 -2.1974e-01 -7.1560e-01 +2.5019e+00 -4.9599e+00 +6.3367e-01 +3.9983e+00 -2.7396e+00
5 0 +5.078108211e+01 +1.126710821e+02 +1.126710821e+02 -4.6238e+00 +3.0790e+00 -2.6142e+00 -3.6159e+00 +3.3852e+00 +3.4978e-01 -4.6942e+00 +3.4056e+00 +1.3374e+00 +3.3240e+00 -3.0890e+00 -1.0354e+00 -2.0792e+00 -1.3870e+00 -9.2627e-01 -2.0400e+00 -2.1569e+00 +4.7538e+00 -1.4186e+00 +3.3695e+00
6 0 +3.014572985e+01 +9.203572985e+01 +9.203572985e+01 +4.9702e-01 +3.2902e+00 +1.6479e+00 +2.4502e+00 -1.2813e-01 -2.4981e+00 +2.0236e+00 -3.4889e+00 +1.0037e+00 +1.3438e+00 +2.9633e+00 -4.1764e-01 +1.7147e+00 +1.4123e+00 +1.0200e+00 -3.6538e+00 +1.8067e+00 +1.8283e+00 +4.1546e+00 -4.5000e+00
11 0 +2.813893617e+01 +9.002893617e+01 +9.002893617e+01 -7.7447e-01 -4.0103e+00 -4.2865e+00 +1.3657e+00 +9.9312e-01 +6.0336e-01 +8.2397e-01 -4.4749e-01 -5.5471e-01 -1.0440e+00 +1.0970e+00 +3.7143e+00 +3.7956e+00 +1.6702e+00 -3.8769e+00 -3.0540e+00 -3.5223e+00 +5.0092e-01 +2.8590e-01 +2.8538e+00
52 0 +2.099411316e+01 +8.288411316e+01 +8.288411316e+01 -1.4471e+00 -2.2330e-01 -8.9635e-01 +4.7256e-01 -7.8356e-01 +7.8896e-01 +2.9338e+00 +1.4641e+00 +3.9162e-01 -3.6280e+00 +8.6253e-02 +6.1412e-01 +2.1412e+00 -1.5797e+00 -5.7567e-01 -5.8878e-01 -3.0745e+00 -1.5965e+00 -2.8284e+00 +2.9579e+00
53 0 +1.764510328e+01 +7.953510328e+01 +7.953510328e+01 -1.1018e+00 -2.1675e+00 -2.6368e+00 +9.3107e-01 +1.2858e-01 +6.9368e-01 +1.8506e+00 +4.8270e-01 -9.4224e-02 -2.3014e+00 +6.0517e-01 +2.2057e+00 +2.9906e+00 +8.8793e-02 -2.2705e+00 -1.8544e+00 -3.3044e+00 -5.1969e-01 -1.2295e+00 +2.9045e+00
54 0 +1.584781222e+01 +7.773781222e+01 +7.773781222e+01 +4.0180e-01 +7.4128e-01 -2.4294e+00 +2.4301e+00 +8.9375e-01 +6.5115e-01 +2.3383e+00 -1.6860e+00 -2.9756e-01 -3.7572e+00 -2.0619e+00 -1.3550e+00 +1.7415e+00 +1.9780e+00 -1.6964e+00 -1.6611e+00 -5.3801e-01 +4.5299e-01 +1.0508e+00 +3.7925e+00
109 0 +1.503584294e+01 +7.692584294e+01 +7.692584294e+01 -1.1548e+00 -1.8691e+00 -2.3697e+00 +8.6070e-01 -1.1415e-02 +7.0830e-01 +2.0169e+00 +6.3333e-01 -1.9655e-02 -2.5050e+00 +5.2552e-01 +1.9615e+00 +2.8602e+00 -1.6730e-01 -2.0104e+00 -1.6602e+00 -3.2691e+00 -6.8497e-01 -1.4749e+00 +2.9127e+00
157 0 +1.397790118e+01 +7.586790118e+01 +7.586790118e+01 -3.6321e+00 -6.8390e-01 +1.2092e+00 -1.2217e+00 +1.9517e+00 -5.9705e-01 +1.0945e+00 -1.9485e+00 +1.2584e+00 +1.0219e+00 -6.5139e-01 +7.0907e-01 -2.2865e+00 +6.9096e-01 -3.0082e+00 -7.0853e-01 +5.0209e-01 -8.4483e-01 -1.6328e+00 +1.4131e+00
206 0 +1.316743106e+01 +7.505743106e+01 +7.505743106e+01 +9.9064e-01 -1.0023e+00 -1.7469e+00 -7.1622e-02 -2.1006e+00 +1.0036e+00 +4.3771e-01 -1.6114e-01 +3.1028e-01 +7.5325e-01 +6.3394e-01 -6.2089e-01 +1.7153e+00 -1.9024e+00 -1.1899e+00 -7.0394e-01 -1.5103e+00 -9.5201e-01 +1.1419e+00 +3.2861e+00
207 0 +1.157154164e+01 +7.346154164e+01 +7.346154164e+01 +3.0007e-01 -1.4595e+00 -2.1048e+00 +2.8052e-01 -1.3214e+00 +8.9633e-01 +8.7513e-01 +2.1598e-02 +1.5799e-01 -2.2692e-01 +6.4192e-01 +3.8199e-01 +2.1722e+00 -1.1773e+00 -1.6103e+00 -1.1331e+00 -2.1203e+00 -7.7030e-01 +4.0029e-01 +3.1562e+00
260 0 +1.055646887e+01 +7.244646887e+01 +7.244646887e+01 +3.0007e-01 -1.4595e+00 -2.1048e+00 +2.8052e-01 -1.3214e+00 +8.9633e-01 +7.0000e-01 +2.1598e-02 +1.5799e-01 -2.2692e-01 +6.4192e-01 +3.8199e-01 +2.1722e+00 -1.1773e+00 -1.6103e+00 -1.1331e+00 -2.1203e+00 -7.7030e-01 +4.0029e-01 +3.1562e+00
404 0 +9.108995131e+00 +7.099899513e+01 +7.099899513e+01 +2.5594e-01 -1.4538e+00 -2.1048e+00 +3.1181e-01 -1.2036e+00 +9.2651e-01 +7.6024e-01 -8.4083e-03 +1.1484e-01 -2.8798e-01 +5.8923e-01 +4.5430e-01 +2.1962e+00 -1.0965e+00 -1.6130e+00 -1.1750e+00 -2.1458e+00 -7.2474e-01 +3.8450e-01 +3.1271e+00
1663 0 +8.858141923e+00 +7.074814192e+01 +7.074814192e+01 +5.7705e-01 -1.4249e+00 -3.5800e-01 +7.6940e-02 +1.0525e+00 +7.6479e-01 +6.1277e-01 +4.5523e-01 -1.5760e+00 -4.7887e-01 -2.2556e+00 -7.6172e-01 +2.4216e+00 -1.8759e+00 -1.2635e+00 +2.4385e+00 -2.8313e-01 +7.8024e-01 +2.7287e-01 +8.5234e-01
% f evaluations | g evaluations | best noise-free fitness - Fopt (-8.456000000000e+01) + sum g_i+ | measured fitness | best measured fitness or single-digit g-values | x1 | x2...
1 0 +3.774663519e+01 -4.681336481e+01 -4.681336481e+01 -1.5117e-01 +2.3961e+00 -3.3535e+00 -2.2248e+00 -2.1788e-01 +4.6441e-01 -4.1112e+00 +7.5027e-01 +3.5740e+00 +1.3827e+00 -2.3772e-01 +7.0505e-01 -4.4764e-01 -2.4009e+00 -3.9919e+00 +4.3842e+00 -3.3199e+00 +2.7353e+00 -1.3724e+00 +3.5288e+00
4 0 +2.708180118e+01 -5.747819882e+01 -5.747819882e+01 -1.4720e+00 +2.3049e+00 +1.2854e+00 +1.0091e+00 +3.4891e+00 -3.0066e+00 -1.0048e+00 +4.7612e+00 +1.4262e+00 +3.2041e+00 +1.3508e+00 +2.6050e-01 -2.9414e+00 +8.5319e-01 -1.9704e+00 -2.9685e+00 -1.1540e+00 -1.4483e+00 -1.0482e+00 -4.0073e+00
46 0 +2.342365344e+01 -6.113634656e+01 -6.113634656e+01 +4.9309e+00 +1.3584e+00 -1.3453e+00 -2.6909e-01 +1.7418e+00 +1.2407e+00 -9.0651e-01 +1.2202e-01 +1.4710e+00 +9.7214e-01 +4.0150e+00 +1.6007e+00 -1.6552e+00 -2.2585e+00 -6.8798e-01 +3.7139e-01 -2.2889e+00 -1.1925e+00 +9.4486e-01 -1.1239e+00
52 0 +1.257531550e+01 -7.198468450e+01 -7.198468450e+01 +1.1840e+00 +1.9585e+00 +1.8427e+00 +2.7714e+00 -1.8282e+00 -1.4142e+00 -2.3364e+00 +5.6550e-01 +2.2059e+00 +1.7018e+00 +5.5330e-01 -4.2317e-01 -2.0725e+00 -1.2011e+00 +2.0576e-01 +9.6220e-01 +1.5401e-01 -1.1753e+00 +2.4552e-01 -9.1324e-02
259 0 +1.164021033e+01 -7.291978967e+01 -7.291978967e+01 +2.2212e+00 -1.0649e+00 -2.4994e+00 -4.5496e-01 -7.5686e-01 +1.7984e+00 -1.3754e+00 -7.0080e-01 +3.9079e-01 +1.2712e+00 +3.8332e-01 -1.8990e+00 +1.0841e+00 -2.0449e-01 -3.2596e+00 +3.5414e+00 +1.0237e-01 -1.3447e+00 +1.3842e-01 +5.6210e-01
303 0 +1.133139087e+01 -7.322860913e+01 -7.322860913e+01 +3.0644e+00 -3.1083e-01 -2.1403e+00 -3.9712e-01 +2.0646e-02 +1.6248e+00 -1.2295e+00 -4.4476e-01 +7.2692e-01 +1.1782e+00 +1.5134e+00 -8.1000e-01 +2.3168e-01 -8.4365e-01 -2.4594e+00 +2.5550e+00 -6.4174e-01 -1.2973e+00 +3.8936e-01 +3.7461e-02
458 0 +1.107878035e+01 -7.348121965e+01 -7.348121965e+01 +3.7543e+00 +7.7399e-01 -6.2748e-01 -5.2224e-01 +7.2212e-01 +1.2162e-01 -1.4165e+00 +7.6698e-01 +4.7203e-01 +6.4726e-01 +2.6797e+00 +9.1354e-01 -1.2392e+00 -1.7050e+00 -1.3770e+00 -4.6406e-02 -1.7883e+00 -1.5787e+00 +3.7478e-01 -4.0024e-01
557 0 +1.018072300e+01 -7.437927700e+01 -7.437927700e+01 +2.8685e+00 -9.4511e-02 -3.4192e-01 -1.1712e+00 -1.8295e-01 +7.0142e-02 -2.0488e+00 +1.0820e+00 -1.2510e-01 -1.7705e-01 +1.5163e+00 +5.5667e-01 -4.6283e-01 -1.7590e+00 -2.2599e+00 -4.4847e-01 -1.7799e+00 -1.3780e+00 +1.0785e-01 -2.1755e-01
708 0 +8.195084046e+00 -7.636491595e+01 -7.636491595e+01 +3.4913e+00 -1.0793e+00 -1.3463e+00 -6.4961e-01 -2.3586e-02 +1.5399e+00 -1.2197e+00 -8.1331e-02 -2.2637e-01 +5.2328e-02 +1.4087e+00 -4.5221e-01 +4.4263e-01 -1.1552e+00 -2.2880e+00 +9.4397e-01 -7.9275e-01 -1.9157e+00 +6.5236e-01 -8.8390e-01
% f evaluations | g evaluations | best noise-free fitness - Fopt (-2.602000000000e+01) + sum g_i+ | measured fitness | best measured fitness or single-digit g-values | x1 | x2...
1 0 +4.702669229e+01 +2.100669229e+01 +2.100669229e+01 +2.8982e+00 +2.7644e+00 -9.7315e-01 -1.8037e+00 -1.5424e+00 +2.4084e+00 -1.0710e+00 +2.8229e+00 -4.0907e+00 -2.0165e+00 +6.1675e-01 -1.6313e+00 +8.5879e-01 -8.6973e-01 -1.2724e+00 +3.8157e+00 +3.3746e+00 +4.1481e-01 +4.7868e+00 -1.7788e+00
3 0 +3.662672310e+01 +1.060672310e+01 +1.060672310e+01 +1.6774e+00 +4.7199e+00 +2.6165e+00 +5.3844e-01 -1.3251e+00 +3.2179e-01 +1.8385e+00 -2.0302e+00 +1.1312e+00 -2.2690e-01 -3.0415e+00 +1.3511e+00 -4.6858e-01 -2.7493e+00 +4.5634e+00 -1.8191e+00 +3.1457e+00 -1.7337e+00 -3.2882e+00 -4.0151e+00
10 0 +3.529888602e+01 +9.278886015e+00 +9.278886015e+00 +8.5447e-01 +2.4181e+00 +7.6522e-01 +3.7244e+00 +9.7712e-01 -1.4194e+00 +3.7969e+00 +9.3660e-01 -2.7977e+00 -1.8966e+00 -3.2795e+00 +3.4263e-01 +1.9809e+00 -3.6028e+00 -6.9284e-01 -1.8167e-01 -2.3374e+00 +2.3996e+00 -2.0424e+00 -1.9158e+00
13 0 +2.658206589e+01 +5.620658910e-01 +5.620658910e-01 +5.0677e-01 -7.4095e-01 -4.1085e-01 -2.2927e+00 -4.6180e+00 -1.5247e+00 +3.9488e+00 -1.2995e+00 +3.3538e+00 +1.4471e+00 -8.4336e-01 +1.0696e+00 +3.0187e+00 -1.7943e+00 -3.6125e-01 -2.4547e+00 +4.1696e+00 -1.6120e+00 +2.6509e+00 +1.0325e+00
56 0 +2.058662482e+01 -5.433375178e+00 -5.433375178e+00 +9.6349e-01 -1.8593e-01 +1.0708e+00 -6.5029e-01 -1.8658e+00 +1.6722e+00 +2.6805e+00 +2.1076e+00 -1.6986e+00 -1.7019e+00 -2.1304e+00 +2.8804e+00 -4.5889e-01 -3.9857e+00 -3.1083e+00 +1.0963e+00 -1.3873e+00 +1.8617e+00 +7.8151e-01 +4.7599e-01
102 0 +1.597376433e+01 -1.004623567e+01 -1.004623567e+01 +2.7892e-01 +3.9766e+00 +2.0449e+00 -3.5870e-01 -1.7827e-01 -5.1577e-01 +2.4218e+00 -2.4698e+00 +4.5523e-01 -7.4744e-01 -1.8746e+00 +1.1496e+00 -8.5072e-01 -1.2016e+00 +3.0570e+00 -3.8738e-01 +1.5859e+00 -1.7093e+00 -2.2470e+00 -3.7938e+00
104 0 +1.535335059e+01 -1.066664941e+01 -1.066664941e+01 +1.2879e+00 +4.0825e-01 +1.7722e+00 +1.5165e+00 -2.3105e+00 +2.3396e+00 +2.4696e+00 -2.4524e+00 +1.5503e+00 -7.5263e-01 -3.2452e+00 +2.2126e+00 +1.8768e+00 -8.7749e-01 +1.2278e+00 +5.8269e-01 +2.5441e+00 -1.1576e+00 -5.3523e-01 -2.0206e-01
152 0 +1.269443956e+01 -1.332556044e+01 -1.332556044e+01 +1.0552e+00 +1.8175e+00 +1.0075e+00 -9.6631e-01 -3.0752e+00 -6.5960e-01 +2.9601e+00 -1.6419e+00 +2.3125e+00 +6.6280e-01 -1.8732e+00 +1.2015e+00 +1.3849e+00 -2.2417e+00 +1.9460e+00 -2.1569e+00 +3.6899e+00 -1.3675e+00 -1.3166e-01 -1.3323e+00
208 0 +1.244482393e+01 -1.357517607e+01 -1.357517607e+01 +5.6695e-01 +2.9592e+00 -4.0658e-01 +9.5810e-01 +3.9829e-01 +1.9775e-02 +8.9070e-01 +8.0821e-01 +6.4789e-01 +9.4370e-01 -2.8698e+00 -1.6820e+00 +6.6362e-01 -1.0343e+00 +1.5947e+00 +1.2598e+00 -1.3916e+00 +2.0225e+00 -1.2495e+00 +2.4149e+00
252 0 +1.002847955e+01 -1.599152045e+01 -1.599152045e+01 -1.1150e+00 +2.0090e+00 +4.8139e-01 +1.9202e+00 -3.4709e+00 +9.3590e-01 -5.1011e-01 -9.4256e-01 +1.6924e-01 +1.0034e+00 -2.2565e+00 +2.2501e-01 +1.8747e+00 -3.4423e+00 +3.2541e-01 +5.6657e-01 -2.4720e-01 -1.7928e+00 +2.7200e+00 -5.7965e-01
507 0 +9.712158052e+00 -1.630784195e+01 -1.630784195e+01 +6.3645e-01 +1.2691e+00 +1.7308e+00 +1.4940e+00 +3.5068e-01 -1.8372e+00 +2.8235e+00 +8.7901e-01 -1.8637e-02 +6.4680e-01 -1.4623e+00 +4.9845e-01 -1.4202e+00 -3.0674e-01 -6.6221e-02 +1.1605e+00 -9.3549e-02 -2.5300e+00 -3.4264e-01 +1.0983e+00
553 0 +9.432719491e+00 -1.658728051e+01 -1.658728051e+01 +6.4502e-01 +8.3730e-01 +9.7873e-01 +9.0753e-01 -9.6286e-01 -1.0128e+00 +2.5521e+00 -1.1665e-01 +4.5088e-01 +6.4173e-01 -1.5142e+00 +5.0856e-01 -2.9742e-01 -1.3516e+00 -9.3767e-02 +2.7815e-01 +1.0961e+00 -1.9468e+00 +6.3942e-01 +5.6245e-01
610 0 +7.054681107e+00 -1.896531889e+01 -1.896531889e+01 +6.4502e-01 +8.3730e-01 +9.7873e-01 +2.1613e-01 -9.6286e-01 -1.0128e+00 +2.5521e+00 -1.1665e-01 +4.5088e-01 +6.4173e-01 -1.5142e+00 +5.0856e-01 -2.9742e-01 -1.3516e+00 -9.3767e-02 +2.7815e-01 +1.0961e+00 -1.9468e+00 +6.3942e-01 +5.6245e-01
% f evaluations | g evaluations | best noise-free fitness - Fopt (-3.015000000000e+01) + sum g_i+ | measured fitness | best measured fitness or single-digit g-values | x1 | x2...
1 0 +4.688000115e+01 +1.673000115e+01 +1.673000115e+01 +3.2104e+00 -3.5047e+00 -1.4338e+00 -3.6684e+00 -4.1352e+00 +7.3120e-02 +2.4262e+00 +3.5510e+00 +2.9674e+00 +1.4061e+00 +3.1783e+00 +7.2824e-01 -4.6916e+00 -3.0745e+00 +2.3625e+00 +4.3023e+00 +1.3973e+00 -2.1090e+00 +1.4572e-02 -2.2018e+00
7 0 +4.462973202e+01 +1.447973202e+01 +1.447973202e+01 -4.5374e+00 -2.6427e+00 -4.0068e+00 +6.6130e-01 -1.9919e-01 +7.8029e-01 -7.0606e-01 -3.4566e+00 +3.1870e+00 -4.0328e+00 -6.1841e-01 -2.6037e+00 +2.2129e+00 -1.9028e+00 +1.2262e+00 +1.0542e+00 -2.5504e+00 +3.7680e+00 -2.5644e+00 +3.4087e+00
11 0 +4.053940673e+01 +1.038940673e+01 +1.038940673e+01 -3.4513e+00 +3.7700e+00 +2.1950e+00 +1.1718e+00 -2.0108e+00 -2.9163e+00 -4.6415e-01 -3.8140e+00 -2.3400e+00 -1.6895e+00 -3.0922e+00 +3.9323e+00 -3.2263e+00 -2.5779e+00 -4.4205e+00 -1.8858e-01 +2.4772e+00 +1.2396e-01 +1.2834e+00 +3.1516e+00
15 0 +2.537992293e+01 -4.770077074e+00 -4.770077074e+00 +2.3946e+00 +3.3967e+00 +4.8055e+00 -9.5472e-01 -1.2264e+00 +2.8915e+00 +4.8261e-01 +3.2397e+00 -1.1543e+00 -2.8188e+00 +4.1048e-01 -2.4585e+00 -3.5427e+00 +2.7991e-01 +3.4305e+00 -3.8114e+00 -3.5910e+00 -2.0160e+00 -2.7112e-01 +1.0613e+00
25 0 +2.488948273e+01 -5.260517268e+00 -5.260517268e+00 -1.5849e+00 -3.2344e+00 +1.6606e+00 -2.2513e+00 +1.8664e+00 -4.9680e+00 +3.1948e+00 +1.1932e+00 -3.7270e+00 +1.5264e+00 -2.9617e-01 +2.2155e+00 +3.1962e+00 -1.4676e+00 -5.8922e-01 +3.3460e+00 -3.6081e+00 +1.7451e+00 +2.5198e+00 -2.5077e+00
53 0 +1.972019350e+01 -1.042980650e+01 -1.042980650e+01 -3.1306e+00 +2.5048e+00 -5.4188e-01 +2.3912e+00 +3.7276e+00 +2.8889e+00 +1.3627e-01 -2.3880e+00 +6.3143e-01 -9.7194e-01 -7.1184e-01 +1.5367e+00 -1.3213e+00 +1.1782e+00 -2.6925e+00 -6.9808e-01 -3.4774e+00 +3.8244e-01 -3.1157e-01 -2.0006e+00
57 0 +1.542369685e+01 -1.472630315e+01 -1.472630315e+01 +2.2037e+00 +3.8254e+00 +1.7724e+00 +4.1592e-01 -4.2516e-01 +1.1238e+00 +2.9573e-02 +3.6461e+00 -8.2268e-01 -1.7122e+00 +1.2179e+00 -1.4164e+00 -2.2848e+00 -3.8843e-01 +3.7862e+00 -3.3420e+00 -2.3383e+00 -4.5208e-01 +3.0208e-02 +2.3459e+00
59 0 +1.494122155e+01 -1.520877845e+01 -1.520877845e+01 -1.1520e+00 +1.6424e-01 +2.8205e+00 +1.0745e+00 +2.0329e-02 -3.3722e+00 +2.6770e+00 -1.6494e-01 -2.3766e+00 +1.1547e+00 -1.9268e+00 +5.3390e-01 +1.1881e+00 -2.4132e+00 -8.1358e-01 +2.9537e+00 -2.0078e+00 +1.8540e+00 +2.6876e+00 -3.2294e+00
102 0 +1.128792004e+01 -1.886207996e+01 -1.886207996e+01 -2.3334e+00 +1.8010e+00 +8.3890e-01 +2.0818e+00 +2.1705e+00 +5.4756e-01 +1.0943e+00 -1.6051e+00 -4.5768e-01 -1.6628e-01 -1.2849e+00 +1.0432e+00 -4.6666e-01 -2.7867e-01 -1.9743e+00 +7.0044e-01 -2.8070e+00 +9.6235e-01 +8.6699e-01 -2.5234e+00
107 0 +1.034455097e+01 -1.980544903e+01 -1.980544903e+01 -2.2507e-03 +2.2884e+00 +1.8407e-01 +2.1800e+00 +3.7377e-01 -2.6487e+00 +1.2219e+00 +1.4484e+00 -1.3197e+00 +7.9016e-01 -2.5287e-01 +4.5643e-01 +5.3643e-01 -2.1579e+00 +1.1829e+00 +7.7653e-01 -1.0828e+00 +2.1408e+00 +1.8486e+00 -1.7679e-01
209 0 +8.701925395e+00 -2.144807460e+01 -2.144807460e+01 -5.1441e-01 +2.2840e+00 +4.5870e-02 +2.2247e+00 +9.7269e-01 -1.6948e+00 +1.0095e+00 +7.9799e-01 -1.0183e+00 +5.1632e-01 -2.7861e-01 +7.0022e-01 +2.0437e-01 -1.5654e+00 +5.0351e-01 +4.7213e-01 -1.5348e+00 +1.8019e+00 +1.4684e+00 -4.7849e-01
552 0 +8.505775394e+00 -2.164422461e+01 -2.164422461e+01 -9.3579e-01 +9.7482e-01 -3.4015e-01 +1.2191e+00 +6.5111e-01 -4.9166e-01 -6.8168e-01 +7.9031e-01 +5.8809e-01 +1.5394e+00 -4.5739e-01 +1.7740e-02 +1.2655e+00 -1.1974e+00 +2.3164e+00 +7.2877e-01 +1.1656e-01 +1.6077e+00 +7.6721e-01 +4.3730e-01
% f evaluations | g evaluations | best noise-free fitness - Fopt (-1.000000000000e+03) + sum g_i+ | measured fitness | best measured fitness or single-digit g-values | x1 | x2...
1 0 +1.144968416e+02 -8.855031584e+02 -8.855031584e+02 +2.4902e+00 +4.4635e+00 -3.7295e+00 -2.3168e+00 +2.2757e+00 -3.8337e+00 +3.7245e+00 -3.6758e+00 +4.6723e+00 +4.4311e+00 -2.5980e+00 -4.9963e+00 -2.4380e+00 +4.6973e+00 -3.8344e+00 +1.4160e-01 -2.8614e+00 +3.1218e+00 +2.0478e+00 +2.9536e+00
2 0 +6.906696605e+01 -9.309330339e+02 -9.309330339e+02 -4.7422e+00 +3.8742e+00 +4.5916e+00 +1.5733e-01 -2.1972e-01 -1.9136e+00 -4.5621e+00 -6.1171e-01 -9.7042e-02 +3.0823e+00 -2.0311e+00 -3.6319e+00 -4.3091e+00 -4.7234e+00 -8.6419e-01 +3.6482e+00 -1.4892e+00 +4.0928e+00 -2.4341e+00 -4.0413e+00
3 0 +6.735340318e+01 -9.326465968e+02 -9.326465968e+02 -4.1850e+00 -4.9522e-01 +2.3590e+00 -3.2105e+00 +2.8582e+00 +3.3480e+00 +2.5707e+00 +1.7670e+00 -2.7577e+00 +3.5775e+00 +3.3833e+00 -2.5687e+00 +5.4405e-01 +2.5488e+00 -1.0284e+00 -4.6470e+00 +3.8759e+00 -4.9106e+00 -3.0801e-01 +2.1187e+00
4 0 +6.566862795e+01 -9.343313721e+02 -9.343313721e+02 -2.9604e+00 +8.6696e-01 +2.8221e+00 +4.8379e+00 -4.8334e+00 +2.4377e+00 +3.2638e+00 -1.4766e+00 +2.9618e+00 +7.4603e-01 +3.1901e+00 +8.1426e-01 -4.9437e+00 -2.4763e+00 +1.9672e+00 +1.8219e+00 -4.1082e+00 -2.4835e+00 +3.3006e+00 -3.1482e+00
6 0 +6.412653046e+01 -9.358734695e+02 -9.358734695e+02 +2.0350e+00 -1.7414e+00 +2.8500e+00 +2.1324e-01 +1.5874e-01 +1.3516e+00 -4.8446e+00 +4.2750e+00 +2.5867e+00 +1.0578e+00 +2.6946e+00 -3.3230e+00 +3.6024e+00 -6.6642e-01 +2.3606e+00 +1.8805e+00 +2.4666e+00 -3.9785e+00 +2.5830e+00 -4.6928e+00
7 0 +4.228505198e+01 -9.577149480e+02 -9.577149480e+02 +1.5894e+00 +4.4268e+00 +3.1709e+00 +3.6973e-01 +9.4119e-01 +3.4603e+00 -1.5231e+00 -4.1882e+00 -1.7005e+00 +3.7469e+00 +3.0522e+00 +2.5128e+00 -1.3166e-01 -3.2899e+00 +1.1596e+00 +3.1279e+00 +2.2952e+00 -4.6948e+00 -2.6100e+00 -1.4655e+00
21 0 +3.241750204e+01 -9.675824980e+02 -9.675824980e+02 -5.4292e-01 +4.5180e+00 +7.9811e-01 +4.9804e-01 +4.7266e+00 -3.2004e+00 +2.6071e+00 -1.4348e+00 +6.8810e-01 +1.3914e+00 +1.7650e+00 -1.1425e+00 -2.2333e-01 +2.6846e+00 +1.3491e+00 -3.4546e+00 -2.1475e+00 +3.4651e+00 -7.3894e-01 -4.3507e+00
24 0 +2.854169623e+01 -9.714583038e+02 -9.714583038e+02 -2.4235e+00 +2.3219e+00 +3.9994e+00 +3.2988e+00 -3.2998e+00 +4.1863e+00 +2.4457e+00 -2.0482e+00 -9.2675e-01 -1.0487e+00 -2.5952e+00 -9.8625e-01 -1.9512e+00 -3.1970e+00 +4.2513e+00 +2.4129e+00 +1.2124e-01 -1.4178e+00 +6.1697e-01 +7.9107e-01
33 0 +2.770515406e+01 -9.722948459e+02 -9.722948459e+02 -3.4199e-01 +1.5122e+00 -1.6426e+00 +1.6215e+00 +3.8904e+00 +3.8174e+00 -2.4774e+00 +6.9446e-02 +4.2364e+00 +3.3371e+00 -2.8716e+00 +2.5131e+00 -2.4767e+00 -6.7001e-01 +2.6844e+00 +1.7461e+00 +2.5448e+00 -2.3127e+00 +1.6396e+00 +2.8635e-01
37 0 +2.526623675e+01 -9.747337632e+02 -9.747337632e+02 -2.7057e+00 +3.7477e+00 -5.8819e-01 -7.8451e-01 +3.4451e-01 +1.4697e+00 -9.6871e-04 +1.1748e+00 -2.5622e+00 +6.9701e-01 +4.1859e+00 +2.8126e+00 -1.9279e+00 -3.5865e+00 +1.2775e+00 +2.4238e+00 -1.1243e-01 -2.0715e+00 -2.8442e+00 +1.6292e+00
52 0 +1.901032600e+01 -9.809896740e+02 -9.809896740e+02 +4.6912e-01 +2.0607e+00 +1.6036e+00 +3.8623e-01 +2.9334e+00 -1.4134e+00 -3.1827e-01 +8.0674e-01 +1.4334e+00 +1.2604e+00 +2.1299e+00 -1.9985e+00 +1.2785e+00 +1.3691e+00 +1.7462e+00 -1.3601e+00 -3.3610e-01 +5.4293e-01 +5.6517e-01 -4.4850e+00
105 0 +1.366499512e+01 -9.863350049e+02 -9.863350049e+02 +2.0659e+00 +9.0782e-02 +2.5284e+00 +5.0409e-01 -2.2439e-01 -7.0919e-01 +4.9445e-01 +2.5829e+00 +2.8924e+00 +1.4016e+00 +3.2138e+00 -1.2199e+00 +6.7318e-02 -3.2089e-01 -3.6770e-01 -1.2406e+00 +5.9003e-01 +5.6217e-01 +2.7685e-01 -1.7400e+00
108 0 +1.313951314e+01 -9.868604869e+02 -9.868604869e+02 +1.2319e+00 +2.3124e+00 -4.4583e-01 +6.2173e-01 -1.8109e+00 -1.0742e+00 -2.7379e+00 -5.4503e-01 +2.4501e-01 +1.7549e-01 +1.8894e+00 -2.4757e-01 +1.8380e+00 -3.0723e+00 +1.4322e+00 +3.0245e+00 -7.3947e-01 -6.4007e-01 -4.3537e-01 -6.2443e-01
158 0 +1.073161452e+01 -9.892683855e+02 -9.892683855e+02 -1.7922e+00 +8.2963e-01 +1.7792e+00 -2.5288e+00 -1.3861e+00 +2.0576e+00 -1.2033e+00 +1.7902e-02 -1.2836e+00 -2.1740e+00 +2.0498e+00 -2.0900e+00 -1.1743e-02 +1.5877e-02 -1.1784e+00 +1.9823e+00 +8.5803e-02 -7.7463e-01 +9.4004e-01 -2.9754e-01
363 0 +1.054104277e+01 -9.894589572e+02 -9.894589572e+02 -9.8451e-01 +1.0230e+00 +1.8664e+00 -1.1037e+00 +1.6076e-01 +7.7734e-01 -6.8153e-01 +2.1336e-01 +6.0608e-02 -8.1995e-01 +2.2175e+00 -2.0837e+00 +4.8879e-02 +6.1807e-01 -6.4596e-02 +8.4714e-01 +1.5759e-01 -2.8077e-01 +5.2594e-01 -9.8226e-01
502 0 +9.368410649e+00 -9.906315894e+02 -9.906315894e+02 -6.3396e-01 +2.2957e+00 +5.5733e-01 -1.8525e+00 -8.2819e-01 +4.1214e-01 -1.2727e-01 +6.5198e-01 -1.1312e+00 -1.2405e+00 +2.4932e+00 +5.6309e-01 -2.3131e+00 -3.1085e-01 +4.9063e-01 +2.5795e+00 -4.0804e-01 -1.3051e+00 -5.1532e-01 -5.5333e-01
506 0 +7.158637990e+00 -9.928413620e+02 -9.928413620e+02 -9.8558e-01 +1.8284e+00 +8.0911e-01 -1.2263e+00 -9.0831e-01 +7.0184e-01 +1.1242e-01 +4.5865e-01 -7.1806e-01 -1.0275e+00 +2.8279e+00 +5.0461e-01 -2.4804e+00 -4.3353e-01 +8.6463e-01 +2.7151e+00 +5.8990e-02 -1.3295e+00 -1.0749e+00 -1.9675e-01
% f evaluations | g evaluations | best noise-free fitness - Fopt (-9.243000000000e+02) + sum g_i+ | measured fitness | best measured fitness or single-digit g-values | x1 | x2...
1 0 +3.652238828e+01 -8.877776117e+02 -8.877776117e+02 +2.7150e+00 +3.2973e+00 +3.8766e-01 +3.6056e+00 -1.6730e+00 -4.1328e+00 -2.0346e+00 -2.4348e+00 -3.4290e+00 +2.7923e+00 +3.5576e+00 +1.9853e+00 +2.1706e+00 +1.2545e+00 -1.2694e+00 -3.7763e-01 +9.4862e-01 -3.2389e+00 -4.1878e+00 +1.1391e+00
14 0 +3.064272755e+01 -8.936572724e+02 -8.936572724e+02 -3.4099e+00 -1.7178e-01 -6.0188e-01 +1.5589e+00 -9.8121e-01 +4.2111e+00 +2.9794e-01 +1.3877e+00 -3.9545e+00 +2.9190e+00 +9.3416e-01 +9.6503e-01 +9.2032e-01 +4.0177e+00 -6.6695e-01 -7.2857e-01 +1.5758e-01 +2.7576e+00 +1.9151e+00 +4.5717e+00
15 0 +2.613649441e+01 -8.981635056e+02 -8.981635056e+02 +1.0604e+00 -4.5344e+00 +1.8371e+00 -2.2102e+00 -2.4113e+00 +4.1664e-01 -1.3570e+00 -9.2590e-01 -2.7293e+00 -1.1544e+00 +2.7554e+00 +1.9844e+00 +2.4680e+00 -3.7318e+00 -3.1249e+00 -4.0811e+00 -3.1118e-01 -3.1096e+00 -1.2233e+00 -3.7355e+00
34 0 +1.808369503e+01 -9.062163050e+02 -9.062163050e+02 -1.7959e+00 +2.1805e+00 +5.2048e-01 +2.2887e+00 +2.3312e+00 -5.9929e-01 -3.3449e-01 +7.8468e-01 +2.4475e-02 +1.4794e+00 -3.0008e+00 +2.0015e+00 -1.4484e+00 -1.8287e+00 +1.6770e+00 +1.2771e+00 -5.6389e-01 -1.6866e+00 -1.8696e+00 -3.1876e+00
52 0 +1.336024481e+01 -9.109397552e+02 -9.109397552e+02 -1.9157e+00 +2.0059e+00 +4.3716e-01 +2.2346e+00 +2.0853e+00 -2.4219e-01 -2.8754e-01 +8.2944e-01 -2.7090e-01 +1.5862e+00 -2.7087e+00 +1.9245e+00 -1.2726e+00 -1.3946e+00 +1.5030e+00 +1.1282e+00 -5.1033e-01 -1.3567e+00 -1.5886e+00 -2.6116e+00
110 0 +1.289260059e+01 -9.114073994e+02 -9.114073994e+02 -1.7959e+00 +2.1805e+00 +5.2048e-01 +2.2887e+00 +2.3312e+00 -5.9929e-01 -3.3449e-01 +7.8468e-01 +2.4475e-02 +1.4794e+00 -3.0008e+00 +2.0015e+00 -1.4484e+00 -1.8287e+00 +2.1555e-01 +1.2771e+00 -5.6389e-01 -1.6866e+00 -1.8696e+00 -3.1876e+00
255 0 +1.121302743e+01 -9.130869726e+02 -9.130869726e+02 +3.2885e-01 +6.6217e-01 +1.1080e+00 +1.4807e+00 +1.3759e+00 +8.5520e-01 +1.0001e+00 +4.9558e-01 -1.0039e+00 +3.5599e-01 -1.1569e+00 +5.1636e-02 -1.4918e+00 +9.8077e-01 +2.4155e+00 +1.0041e+00 +5.4882e-01 -1.8795e+00 +1.0098e+00 +5.4878e-02
258 0 +9.563458480e+00 -9.147365415e+02 -9.147365415e+02 +9.1485e-01 +2.0686e+00 +1.0998e+00 +2.7418e+00 +2.0619e+00 -4.6429e-01 +3.3157e-01 -2.7423e-01 -1.2818e+00 +2.2538e-02 -1.2091e-01 +6.7798e-01 +4.2759e-01 -1.0921e+00 -4.8067e-01 +1.4566e+00 -1.0971e+00 -8.4547e-03 -8.4071e-02 -6.9345e-01
354 0 +8.664565854e+00 -9.156354341e+02 -9.156354341e+02 +2.4883e-01 +2.0700e+00 +1.0988e+00 +2.5721e+00 +2.2066e+00 -4.8858e-01 +2.1666e-01 +1.0358e-01 -7.6974e-01 +4.0888e-01 -1.1089e+00 +1.0299e+00 -7.7570e-01 -1.2366e+00 +4.9740e-01 +1.4240e+00 -8.5629e-01 -8.3906e-01 -5.8806e-01 -1.5425e+00
657 0 +6.596429290e+00 -9.177035707e+02 -9.177035707e+02 -7.7503e-01 -1.2089e+00 +1.2715e+00 +2.9155e+00 +1.4912e+00 +7.1824e-01 -5.2638e-01 +1.1758e+00 +4.2233e-01 +2.3718e+00 -5.0153e-01 +3.5634e-01 -4.5011e-02 -1.4788e+00 +1.8018e-01 +1.5258e+00 +8.4320e-01 +4.9826e-01 +7.1460e-02 -1.3483e+00
1857 0 +5.846115398e+00 -9.184538846e+02 -9.184538846e+02 -3.3871e-01 +1.2340e+00 +1.0530e+00 +2.5737e+00 +2.0365e+00 -1.3268e-01 +2.0518e-03 +6.2843e-01 +4.9669e-02 +1.0872e+00 -1.6104e+00 +9.1009e-01 -5.6153e-01 -1.4151e+00 +5.8280e-01 +9.9982e-01 -4.4166e-01 -7.3466e-01 -6.1553e-01 -1.7018e+00
% f evaluations | g evaluations | best noise-free fitness - Fopt (-1.035000000000e+01) + sum g_i+ | measured fitness | best measured fitness or single-digit g-values | x1 | x2...
1 0 +5.526650791e+01 +4.491650791e+01 +4.491650791e+01 +1.3571e+00 +3.8174e+00 -4.5949e+00 +1.6022e+00 -2.9945e+00 +2.8553e+00 +4.7454e+00 +3.2341e+00 -4.4191e+00 -3.4803e+00 +7.7250e-01 -1.0544e-01 +4.5754e+00 +2.1198e+00 +9.6372e-01 -1.6200e+00 -2.9940e+00 -9.3948e-01 +1.7838e+00 -2.7046e+00
5 0 +4.286439593e+01 +3.251439593e+01 +3.251439593e+01 -2.6628e+00 +4.3332e+00 +6.4343e-02 +3.1302e+00 -3.9734e+00 -6.5768e-01 +7.6858e-01 +2.3415e+00 +2.6442e+00 -6.8438e-01 +1.8180e+00 +8.7955e-01 -1.5803e-01 +1.0011e+00 -4.5475e+00 -3.1333e-01 +3.7661e+00 -4.5982e+00 -1.3224e+00 +2.2806e+00
12 0 +3.538817316e+01 +2.503817316e+01 +2.503817316e+01 -1.2491e+00 +2.3552e+00 -1.1599e+00 +3.1438e+00 -4.0743e+00 -4.1087e+00 +3.5262e+00 -1.1207e+00 +5.1573e-01 +1.5026e+00 -2.0887e-01 +2.5091e+00 -2.8647e+00 +3.9619e+00 -2.1886e+00 -7.1796e-01 +7.9745e-01 -4.0972e+00 +2.8610e+00 +4.0447e-02
25 0 +3.402565414e+01 +2.367565414e+01 +2.367565414e+01 -8.9315e-01 -1.6103e+00 -1.5201e+00 +3.8405e+00 -4.2268e+00 +4.7917e+00 -2.1264e+00 +2.2919e+00 -4.1863e-01 +4.8761e+00 +3.5061e+00 +9.2063e-01 -4.2909e+00 +1.2789e+00 -1.4902e+00 +1.4001e+00 -4.4899e+00 -1.4026e+00 +1.4921e+00 -4.8392e+00
34 0 +3.384821541e+01 +2.349821541e+01 +2.349821541e+01 -4.6456e+00 +5.6215e-02 +2.0268e+00 +3.1615e+00 -1.4278e+00 +4.4642e-01 +2.2620e+00 +1.1193e+00 +3.0156e+00 -3.7201e-02 +1.8558e+00 -2.7150e-01 +1.6800e+00 +7.0559e-02 +2.6250e+00 -1.8018e+00 -7.7206e-01 -3.8128e+00 +2.0616e+00 +4.5783e+00
43 0 +3.234371551e+01 +2.199371551e+01 +2.199371551e+01 -3.1419e-01 -4.7435e+00 -1.5389e+00 -1.0931e+00 +1.2463e-01 -4.4748e+00 +4.7759e+00 +4.9787e+00 +1.6780e+00 +3.2743e-01 -4.1402e+00 +1.4778e-01 +4.4248e+00 +1.7657e+00 -4.6085e-01 -1.3812e-01 +7.8481e-01 +2.9622e+00 +1.0429e+00 -5.7264e-01
52 0 +1.868810651e+01 +8.338106513e+00 +8.338106513e+00 +9.3987e-02 -4.7724e+00 -1.7508e+00 -1.2545e+00 +1.6890e-02 -3.5481e+00 +3.6903e+00 +4.0602e+00 +2.0364e+00 +4.3454e-01 -3.2559e+00 +2.6453e-01 +3.2986e+00 +8.8738e-01 -6.2507e-01 -6.8356e-01 +1.0340e+00 +2.5438e+00 +1.0543e+00 -9.1780e-02
106 0 +1.527887835e+01 +4.928878350e+00 +4.928878350e+00 -2.5181e+00 -1.3186e+00 -1.8301e+00 -1.0940e+00 -2.2360e+00 -4.9845e-01 +2.8326e+00 +3.7138e+00 +2.7928e+00 +3.1392e-01 +2.1653e-01 +9.8019e-01 +2.8863e+00 +1.0385e+00 -8.2519e-01 +1.3261e-01 -2.0227e+00 -1.0806e+00 +1.3906e+00 -1.2641e+00
155 0 +1.513198871e+01 +4.781988713e+00 +4.781988713e+00 -2.3897e+00 -1.5757e+00 -1.6656e+00 -1.3535e+00 -1.6871e+00 -1.2262e-01 +2.5650e+00 +3.7135e+00 +2.5392e+00 -2.7415e-01 +1.4629e-01 +1.3617e+00 +2.1745e+00 +4.6018e-01 -3.5220e-01 -8.3433e-02 -2.2066e+00 -9.4557e-01 +1.0778e+00 -1.1644e+00
205 0 +1.365644092e+01 +3.306440918e+00 +3.306440918e+00 +7.6771e-02 -2.9081e+00 -3.6143e+00 -9.8897e-02 +2.2210e-01 +1.5384e+00 +1.3115e+00 -2.3779e+00 +1.8926e+00 +2.6838e+00 -5.5227e-01 +2.4163e+00 -3.2853e+00 -6.9615e-01 +1.0173e-01 +4.0572e-01 -4.6831e-01 -5.1342e-01 -1.7392e+00 +3.7299e-01
255 0 +1.273918972e+01 +2.389189719e+00 +2.389189719e+00 -2.5297e+00 +7.1317e-01 +7.9316e-01 +5.3752e-01 -2.8853e+00 -8.7854e-01 -4.6559e-01 +7.9710e-01 +3.0376e+00 -1.0501e+00 +6.9301e-01 +5.4113e-01 -4.8138e-01 +2.2731e+00 -9.0442e-01 +9.0139e-01 +1.7684e+00 -2.5978e+00 -1.0579e+00 +7.2382e-01
259 0 +1.074990627e+01 +3.999062682e-01 +3.999062682e-01 +1.1183e+00 -1.9342e+00 -1.9686e+00 -1.3965e+00 -7.9771e-01 +1.0900e+00 +1.2409e+00 -8.6079e-01 +2.3691e+00 +2.5094e+00 -4.8127e-01 +1.1005e+00 -1.3494e+00 -1.0609e+00 +2.7554e-01 -8.9543e-01 -4.0630e-01 -3.7106e-01 -8.0666e-01 +8.1237e-01
504 0 +1.025330680e+01 -9.669319601e-02 -9.669319601e-02 -1.9250e+00 -8.8786e-01 +5.3118e-02 -3.0399e-01 -1.4779e+00 -6.2479e-01 +4.7573e-01 +1.3053e+00 +2.3997e+00 -1.0933e+00 -2.5199e-01 +1.1908e+00 -5.3569e-01 +1.3551e+00 +8.4214e-02 +6.2912e-01 +4.9952e-01 -1.3571e+00 -1.0011e+00 +2.0327e-01
554 0 +8.260105298e+00 -2.089894702e+00 -2.089894702e+00 -1.0927e+00 -2.1510e+00 -7.2297e-01 -7.0300e-01 +4.3723e-02 -9.2335e-01 +1.8700e+00 +1.9243e+00 +1.6407e+00 -8.1569e-01 -1.2722e+00 +1.6258e+00 +6.5730e-02 +4.0676e-01 +5.2361e-01 +4.6398e-01 -1.8255e-01 -1.0301e-01 -7.4119e-01 -3.2334e-01
% f evaluations | g evaluations | best noise-free fitness - Fopt (-1.000000000000e+03) + sum g_i+ | measured fitness | best measured fitness or single-digit g-values | x1 | x2...
1 0 +4.786399437e+01 -9.521360056e+02 -9.521360056e+02 -4.0890e+00 +2.8687e-01 -2.4580e+00 -3.5214e+00 -4.9769e+00 +3.5634e+00 -5.0787e-02 +4.0665e+00 +8.4971e-01 -9.0031e-01 -6.7002e-01 -4.8919e+00 +4.5892e-01 +5.6940e-01 +5.1949e-01 -1.1201e+00 +2.9601e+00 +2.8094e+00 +3.7739e-01 +2.3643e+00
7 0 +3.530328258e+01 -9.646967174e+02 -9.646967174e+02 -1.5659e+00 +4.3409e+00 +8.7866e-01 -1.2278e+00 -2.4073e+00 -3.1599e+00 +1.9127e+00 +1.4506e+00 +1.5001e+00 +4.0283e+00 +1.3576e+00 +1.9353e+00 +6.4993e-01 -3.9957e+00 +3.7609e+00 -2.4629e+00 -4.1392e+00 -3.1965e-01 +2.3284e-01 +1.1804e+00
18 0 +2.282334505e+01 -9.771766550e+02 -9.771766550e+02 -1.1558e+00 -2.5485e+00 -6.9021e-01 -2.6042e+00 -2.7179e+00 -1.0426e+00 +2.9491e+00 -2.6161e+00 -2.7300e-01 +7.9075e-01 -2.4109e+00 -2.3606e-01 -1.4426e+00 +2.6079e-01 +4.4983e+00 +4.8251e+00 +3.7141e-01 -6.7652e-01 +3.7361e+00 -1.8949e+00
53 0 +1.549704983e+01 -9.845029502e+02 -9.845029502e+02 -3.5878e+00 -4.8158e-01 +8.2484e-02 +4.5918e-01 +9.4652e-01 -2.2309e+00 +2.1285e+00 +1.9952e+00 +2.5900e+00 -1.2802e+00 -3.1685e+00 +4.3581e-01 +2.1641e+00 -3.0783e+00 -1.6410e-01 -3.4176e+00 -1.5529e+00 -1.0108e+00 +1.6031e+00 -1.3632e+00
54 0 +1.034558911e+01 -9.896544109e+02 -9.896544109e+02 -1.5501e+00 +1.2935e+00 -2.1030e-01 -6.8987e-01 +6.2473e-01 -1.0191e-01 +3.2880e-01 +9.9813e-01 -1.8911e-01 +1.8373e+00 +6.2507e-02 +1.2983e+00 -4.1209e+00 +9.4377e-01 +6.4829e-01 +1.6301e+00 -2.5748e-01 -5.3123e-01 +1.4055e-01 -3.3118e+00
104 0 +9.888248607e+00 -9.901117514e+02 -9.901117514e+02 +2.2803e+00 +1.9303e+00 +5.7017e-01 -3.2296e-01 +1.4915e+00 -1.0260e+00 +1.0640e+00 -3.1637e+00 -2.1521e+00 -6.2293e-01 -1.0801e+00 -3.8894e-01 +5.6338e-01 +8.7472e-02 -4.7383e-01 +7.7974e-01 -2.0716e-01 +6.4764e-01 +1.9966e+00 +1.2462e+00
1455 0 +8.405232306e+00 -9.915947677e+02 -9.915947677e+02 -1.4871e+00 -4.7013e-02 +9.6578e-01 -1.9657e+00 -1.1754e+00 -1.7658e-01 +1.0643e+00 -3.1225e+00 -1.5570e+00 +1.2083e+00 +9.2857e-01 -2.7589e-01 -6.5657e-02 -2.5832e-01 -2.6283e-01 +1.0091e+00 +1.7359e+00 -4.9373e-01 -9.5803e-02 -3.3830e-01
% f evaluations | g evaluations | best noise-free fitness - Fopt (2.880000000000e+01) + sum g_i+ | measured fitness | best measured fitness or single-digit g-values | x1 | x2...
1 0 +1.166969713e+02 +1.454969713e+02 +1.454969713e+02 -4.8841e+00 -3.9316e+00 -4.7095e+00 +9.2525e-02 -4.0453e+00 +2.0849e-01 +3.3459e+00 +4.8305e+00 -2.4084e+00 -3.0158e+00 +6.3444e-01 -2.9394e+00 -4.1064e+00 -4.2252e+00 -4.7891e+00 +1.1990e+00 -4.8480e+00 -1.8909e+00 -2.3433e+00 +3.7384e+00
2 0 +8.518411884e+01 +1.139841188e+02 +1.139841188e+02 -2.8081e+00 +2.3090e+00 -4.5961e+00 -4.7201e+00 -1.4411e+00 +3.7546e+00 -1.1604e+00 -1.5012e+00 -3.9948e+00 +3.7641e+00 +1.0623e+00 +6.6966e-01 -4.1760e+00 -1.4100e+00 -3.1884e+00 +4.7228e+00 +1.1650e+00 +6.6616e-03 +3.8292e+00 +4.0120e+00
3 0 +2.526942346e+01 +5.406942346e+01 +5.406942346e+01 -1.1693e+00 +3.3084e+00 +1.6436e+00 +1.0593e+00 +4.0870e+00 -3.5892e+00 -3.2324e+00 -2.5740e+00 +3.2595e+00 +2.2307e+00 -3.9909e-01 -3.1041e+00 -8.8517e-02 -2.7215e+00 -4.0395e+00 -3.2371e+00 +2.0920e+00 -2.0903e+00 -3.9626e+00 -1.2275e+00
52 0 +2.257017235e+01 +5.137017235e+01 +5.137017235e+01 -9.4326e-01 +1.2791e+00 -8.0690e-01 -3.9339e+00 +6.9304e-01 +2.7989e+00 +4.7911e-01 +1.5367e+00 +1.1561e+00 +8.1300e-01 -1.1616e+00 -1.3612e+00 +2.2607e+00 -4.0590e+00 +7.5070e-01 -3.2804e-01 -1.6517e-01 +2.3226e+00 +4.1988e+00 -2.3759e+00
53 0 +2.089801478e+01 +4.969801478e+01 +4.969801478e+01 -1.1044e+00 +1.3482e+00 -7.7525e-01 -4.0026e+00 +8.2236e-01 +2.6230e+00 +5.9726e-01 +1.6929e+00 +1.0345e+00 +3.4510e-01 -1.0442e+00 -1.3332e+00 +2.0876e+00 -4.1308e+00 +9.3079e-01 -7.4043e-02 -2.5705e-01 +2.1212e+00 +4.2037e+00 -2.5554e+00
59 0 +1.963592431e+01 +4.843592431e+01 +4.843592431e+01 -1.7056e+00 +2.6386e+00 +2.5484e+00 +4.3131e-01 +4.1145e+00 -2.7771e+00 -1.1591e+00 -8.3268e-01 +3.0041e+00 +1.0386e+00 -1.8448e-01 -3.0821e+00 +1.6499e+00 -1.7201e+00 -3.7562e+00 -3.0852e+00 +2.4567e+00 -5.5882e-01 -2.9515e+00 -1.5056e+00
108 0 +1.490010269e+01 +4.370010269e+01 +4.370010269e+01 +1.0786e+00 +1.2437e-01 +9.0509e-01 -2.7145e+00 +1.2868e+00 +1.9270e+00 -1.0736e+00 +2.4596e+00 +1.7778e+00 +1.9700e+00 +8.5339e-01 -1.7094e+00 +5.7777e-01 -1.6505e+00 -4.6591e-01 -1.5827e+00 -1.1063e+00 +1.2200e+00 +1.1778e+00 -2.3487e+00
152 0 +1.315993112e+01 +4.195993112e+01 +4.195993112e+01 -1.2671e+00 +5.8482e-02 -2.2580e+00 -2.8867e+00 +2.4819e+00 +1.2821e+00 -8.8245e-02 +2.1142e+00 -8.2971e-01 -1.6629e+00 -2.7554e+00 +5.6303e-01 +8.7914e-01 -2.3246e+00 +3.2052e+00 -1.1482e+00 -2.0574e+00 +2.9316e+00 +3.8952e-01 -5.7109e-01
156 0 +1.253630469e+01 +4.133630469e+01 +4.133630469e+01 +2.2779e+00 -5.7548e-01 +1.7500e+00 -1.5398e+00 +8.7646e-01 +1.7768e+00 -1.9182e+00 +2.1318e+00 +1.8291e+00 +2.1787e+00 +1.9781e+00 -1.7712e+00 -4.1508e-01 -2.6184e-03 -1.0619e+00 -1.6724e+00 -1.1090e+00 +5.2287e-01 -3.2939e-01 -1.9348e+00
255 0 +1.193875211e+01 +4.073875211e+01 +4.073875211e+01 -2.0194e-01 -2.4887e-01 -1.2512e+00 -1.6355e+00 +1.0134e+00 +1.7326e+00 -5.6223e-01 +9.3466e-01 -7.0246e-01 -1.7124e+00 -1.2825e+00 +1.9351e-01 +1.5702e-01 -1.0616e+00 +2.3134e+00 -1.7400e-01 -1.1208e+00 +1.9204e+00 +2.1233e-01 -3.9097e-01
256 0 +1.082934234e+01 +3.962934234e+01 +3.962934234e+01 -1.4554e-01 -2.9011e-01 -1.2482e+00 -1.5662e+00 +9.8632e-01 +1.7228e+00 -5.8563e-01 +9.0883e-01 -7.4216e-01 -1.7376e+00 -1.2793e+00 +2.2484e-01 +8.7866e-02 -9.5062e-01 +2.3196e+00 -1.6401e-01 -1.1265e+00 +1.8747e+00 +1.2760e-01 -3.3154e-01
704 0 +1.049984794e+01 +3.929984794e+01 +3.929984794e+01 -1.3291e+00 +8.5770e-01 -6.4132e-01 -2.3616e+00 +2.0891e+00 +7.6235e-01 +2.0482e-01 +1.6340e+00 +4.8362e-01 -6.6826e-01 -1.6359e+00 -7.5094e-01 +1.6672e+00 -2.3470e+00 +1.2006e+00 -1.1003e+00 -5.0379e-01 +2.1926e+00 +8.4065e-01 -1.3390e+00
714 0 +1.022621802e+01 +3.902621802e+01 +3.902621802e+01 -9.1969e-01 +6.2169e-01 -1.5324e+00 -3.0944e+00 +1.5152e+00 +9.5572e-01 +2.6244e-01 +1.8934e+00 +5.7404e-02 -4.1753e-01 -2.0266e+00 -3.2784e-01 +5.7302e-01 -1.7632e+00 +1.9488e+00 -6.8063e-01 -1.1459e+00 +2.3258e+00 +2.2292e+00 -1.3739e+00
1405 0 +9.808641765e+00 +3.860864176e+01 +3.860864176e+01 -7.3638e-01 +3.1017e-01 -1.0583e+00 -2.2797e+00 +2.2987e+00 +1.1310e+00 +1.8914e-02 +1.9783e+00 -4.2186e-01 -1.3003e+00 -2.0729e+00 +1.5517e-01 +9.1135e-01 -2.2922e+00 +1.8265e+00 -9.4227e-01 -1.5897e+00 +2.6224e+00 +6.7190e-01 -1.9234e-01
1910 0 +9.017752184e+00 +3.781775218e+01 +3.781775218e+01 -1.2039e+00 +5.0806e-01 -1.6177e+00 -8.9559e-01 +1.9771e+00 +9.2012e-01 +1.3669e-01 +1.9315e+00 -1.4671e-01 -9.6148e-01 -1.7040e+00 -1.2579e-01 +7.5377e-01 -2.4515e+00 +2.2835e+00 -6.5201e-01 -1.3453e+00 +2.4800e+00 +1.4108e+00 -1.1744e+00
% f evaluations | g evaluations | best noise-free fitness - Fopt (3.534000000000e+01) + sum g_i+ | measured fitness | best measured fitness or single-digit g-values | x1 | x2...
1 0 +5.641145251e+01 +9.175145251e+01 +9.175145251e+01 -3.8562e-01 -8.3873e-01 -1.6753e+00 +4.9597e+00 +4.5576e+00 -4.4611e+00 -2.5756e+00 +3.6499e+00 -5.7427e-01 -2.2487e+00 +2.7291e+00 -2.4057e+00 -5.6113e-01 -3.6160e+00 -4.2495e-01 -1.8224e+00 +1.4431e+00 +2.6801e+00 -4.1710e+00 -2.2293e+00
4 0 +3.510189080e+01 +7.044189080e+01 +7.044189080e+01 -2.7216e+00 -1.0967e+00 -1.0692e+00 +2.5029e+00 -2.2229e+00 -4.3655e+00 +1.9650e-01 -2.5637e+00 +3.3263e-01 -1.8863e+00 -4.8722e+00 +2.4343e+00 +1.6994e+00 -2.3272e+00 +1.7168e+00 +2.0378e+00 -3.3263e+00 +1.4227e-01 +2.4540e+00 -3.2008e+00
17 0 +3.409566395e+01 +6.943566395e+01 +6.943566395e+01 -2.3091e+00 +1.6591e+00 +2.1294e+00 -4.0814e+00 +3.5383e-01 -2.0330e+00 -1.1173e+00 -3.5005e+00 -3.4634e+00 -4.3643e+00 -8.4315e-01 -6.9787e-01 -2.3786e+00 -3.6910e+00 -3.9197e+00 -6.5958e-01 +3.6769e+00 +1.2962e+00 -3.5945e+00 +6.3242e-01
24 0 +2.831963996e+01 +6.365963996e+01 +6.365963996e+01 -6.7826e-01 +4.0565e+00 -2.4891e+00 -2.2425e+00 -6.2803e-01 +3.6462e+00 +2.3933e+00 +3.7560e+00 -1.7185e+00 -7.3006e-01 +3.7173e-01 +3.8886e+00 -1.5637e+00 -1.3755e+00 +3.1047e+00 +5.8095e-01 +4.2796e-01 +3.9344e-01 +1.4338e+00 +3.4816e+00
52 0 +2.331096340e+01 +5.865096340e+01 +5.865096340e+01 -1.7413e+00 +2.4368e+00 -6.3018e-01 +2.9543e+00 -1.2531e+00 +5.5903e-01 -7.5729e-01 -3.0263e+00 -1.5161e+00 -1.2288e+00 -4.8506e+00 -8.8453e-01 -6.4411e-01 +6.8776e-01 -1.4014e+00 +1.4096e+00 +1.7561e+00 -1.5802e+00 +2.8890e+00 +7.4244e-01
53 0 +1.395555435e+01 +4.929555435e+01 +4.929555435e+01 -2.2293e+00 +6.7767e-01 -8.4873e-01 +2.7296e+00 -1.7359e+00 -1.8926e+00 -2.8246e-01 -2.7960e+00 -5.9575e-01 -1.5561e+00 -4.8614e+00 +7.6771e-01 +5.2256e-01 -8.1318e-01 +1.5097e-01 +1.7223e+00 -7.7412e-01 -7.2270e-01 +2.6724e+00 -1.2207e+00
153 0 +1.300913475e+01 +4.834913475e+01 +4.834913475e+01 +3.2820e-01 +1.4252e+00 -3.5074e+00 -1.8713e+00 +2.2225e+00 +1.1569e+00 +3.3695e+00 +3.2833e-01 -1.4531e+00 +2.6225e+00 +5.3388e-01 +2.3381e+00 -1.2355e+00 +1.2398e-01 +1.7319e+00 +5.3210e-01 +2.6274e+00 +5.2335e-01 +3.8252e-01 +6.3915e-01
158 0 +1.153311095e+01 +4.687311095e+01 +4.687311095e+01 +7.0360e-01 +3.9030e+00 -1.9925e+00 -3.6594e-01 -7.6783e-01 +1.3213e+00 +1.5237e+00 +8.9335e-01 -9.0919e-01 +1.0397e+00 +9.4569e-01 +2.6705e+00 -6.6610e-01 +8.9325e-01 +2.4573e+00 -8.1471e-01 +1.5278e+00 +2.4988e-01 +7.6912e-01 +2.4064e+00
202 0 +8.576592656e+00 +4.391659266e+01 +4.391659266e+01 -2.1066e+00 +1.4463e+00 -1.6632e+00 -1.6665e-01 +1.3711e-01 +1.2317e+00 +1.7090e+00 +1.3188e+00 -5.8987e-01 -1.4462e+00 -1.4097e+00 +1.7802e+00 +5.7531e-01 +5.3189e-01 +3.2016e+00 +1.1438e-01 +5.8171e-01 +5.2630e-01 +3.5783e-01 +8.1527e-01
1112 0 +8.014611381e+00 +4.335461138e+01 +4.335461138e+01 -1.5235e+00 +1.6568e+00 -1.5522e+00 +5.1358e-01 -8.0874e-01 +3.5599e-01 +1.0282e+00 -2.6007e-01 -8.9421e-01 -7.6151e-01 -2.4251e+00 +1.8864e+00 -1.9759e-01 -1.1501e+00 +5.2211e-01 +1.1654e+00 -1.1179e-01 -7.9196e-02 +7.3314e-01 +5.9258e-01
1310 0 +7.225990553e+00 +4.256599055e+01 +4.256599055e+01 +8.0579e-01 +4.8617e-01 -3.9412e-01 +1.0632e+00 -6.0101e-01 +1.8780e+00 +4.2909e-01 -6.9333e-02 -8.3610e-01 -2.6423e-01 -8.7911e-03 +9.9219e-01 -6.5422e-01 -3.3511e-02 +1.1209e+00 -1.1519e+00 +3.7621e-01 -1.2393e-01 +1.3138e+00 +2.1795e+00
