% f evaluations | g evaluations | best noise-free fitness - Fopt (6.870000000000e+00) + sum g_i+ | measured fitness | best measured fitness or single-digit g-values | x1 | x2...
1 0 +3.410017131e+01 +4.097017131e+01 +4.097017131e+01 +3.9326e+00 -2.6131e+00 -8.7311e-01 -2.8799e+00 -5.8258e-02 -2.0922e+00 +1.2429e+00 +2.8152e+00 +1.4983e+00 +4.6939e+00
2 0 +6.761025955e+00 +1.363102595e+01 +1.363102595e+01 +3.9544e+00 +4.8142e+00 -8.3270e-01 +2.5203e+00 -1.4634e-01 -2.0700e+00 +8.3122e-01 +1.7454e+00 -1.8566e+00 -2.5801e+00
9 0 +6.734577850e+00 +1.360457785e+01 +1.360457785e+01 +4.8003e-01 -2.6998e+00 -3.3000e+00 -1.9345e+00 -1.1541e+00 +4.7862e+00 +1.8093e+00 -5.0150e-01 -1.8265e+00 +1.0530e+00
23 0 +5.956949318e+00 +1.282694932e+01 +1.282694932e+01 -3.8479e+00 -1.0545e+00 -2.3843e+00 +3.8181e+00 +3.4661e+00 -1.6704e+00 -8.0850e-01 +3.3361e+00 -3.2267e+00 -4.4079e+00
55 0 +3.754246397e+00 +1.062424640e+01 +1.062424640e+01 -1.7483e+00 -2.8122e+00 +1.8043e+00 +3.6834e+00 +1.3170e+00 -2.7495e-01 +3.9606e+00 +4.2151e+00 -5.2334e-01 +7.2547e-01
% f evaluations | g evaluations | best noise-free fitness - Fopt (1.000000000000e-02) + sum g_i+ | measured fitness | best measured fitness or single-digit g-values | x1 | x2...
1 0 +3.192630153e+01 +3.193630153e+01 +3.193630153e+01 +7.5649e-01 -1.2123e+00 +2.9932e+00 +1.6366e+00 +4.3623e+00 +1.8443e+00 -3.2488e+00 +3.1415e+00 -4.1579e+00 -4.6363e+00
2 0 +1.125300789e+01 +1.126300789e+01 +1.126300789e+01 +4.6000e+00 +3.7960e+00 +8.5605e-01 -4.9847e+00 +2.3142e-01 -1.5076e+00 +9.6576e-01 +4.6448e+00 -4.4024e+00 +1.0317e+00
6 0 +6.926581652e+00 +6.936581652e+00 +6.936581652e+00 +3.0302e+00 -3.0621e+00 -2.5918e+00 -4.4400e+00 -1.0821e+00 +9.4449e-01 +2.4553e-01 -1.0445e+00 -2.4797e-01 -2.2376e+00
10 0 +6.318651588e+00 +6.328651588e+00 +6.328651588e+00 -2.8007e-01 -4.5847e+00 -3.2185e+00 +1.0673e+00 -4.8457e+00 +3.8702e+00 -5.6039e-01 -3.1086e+00 -3.9246e+00 -4.9189e+00
19 0 +6.065128560e+00 +6.075128560e+00 +6.075128560e+00 +8.1621e-01 -1.2081e-01 -2.8413e+00 +3.6525e+00 -3.4470e+00 -1.3977e+00 +2.5518e+00 -1.8690e+00 -1.0874e+00 +6.1400e-01
314 0 +6.013377337e+00 +6.023377337e+00 +6.023377337e+00 -1.1792e-01 -5.7066e-01 -1.2279e+00 -2.9558e-01 +1.0841e-01 +4.0569e+00 +3.9098e+00 +4.1480e+00 -8.5735e-01 -4.8207e+00
713 0 +5.428440310e+00 +5.438440310e+00 +5.438440310e+00 -1.1792e-01 -3.8758e-01 -1.2279e+00 -4.7146e-02 +4.7666e-01 +4.0569e+00 +7.4909e-01 +4.1480e+00 -8.5735e-01 -4.8207e+00
% f evaluations | g evaluations | best noise-free fitness - Fopt (-1.306100000000e+02) + sum g_i+ | measured fitness | best measured fitness or single-digit g-values | x1 | x2...
1 0 +2.144844761e+01 -1.091615524e+02 -1.091615524e+02 -1.6767e+00 +3.8827e+00 -2.8164e+00 +2.2097e-01 -2.3444e+00 -2.1788e+00 -7.3173e-01 +6.8268e-01 +4.9223e-01 +2.0560e+00
2 0 +1.781349763e+01 -1.127965024e+02 -1.127965024e+02 -3.0429e+00 +4.9125e+00 -1.9203e+00 -5.6066e-01 -2.8352e-01 +5.4577e-01 +2.1082e+00 -4.7067e+00 +2.9485e+00 +6.2713e-02
3 0 +1.529728937e+01 -1.153127106e+02 -1.153127106e+02 -1.0637e+00 +4.2234e-01 +5.0827e-01 -2.0380e+00 -2.4694e+00 -4.5602e+00 +2.7382e+00 -2.7775e+00 -2.9735e+00 -2.1786e+00
6 0 +7.428786559e+00 -1.231812134e+02 -1.231812134e+02 -1.1754e-01 +1.7256e+00 -3.8123e+00 +9.0390e-01 +2.7216e+00 -2.7558e+00 +6.9071e-01 -3.2892e+00 -3.8134e+00 -3.6444e+00
9 0 +6.261703351e+00 -1.243482966e+02 -1.243482966e+02 +1.9667e+00 -2.8127e+00 +2.0251e+00 -2.4410e+00 +1.2362e+00 +1.3372e-01 +2.6423e+00 -4.0043e+00 -6.1561e-01 -4.2422e+00
20 0 +4.941500307e+00 -1.256684997e+02 -1.256684997e+02 -2.8595e+00 +2.6064e+00 +4.5861e+00 -4.9764e+00 -7.9003e-01 +1.6962e+00 -7.2917e-01 -2.0891e+00 +4.8983e+00 +4.1683e+00
25 0 +3.981121229e+00 -1.266288788e+02 -1.266288788e+02 +2.3868e+00 -3.7630e+00 -4.4073e+00 -4.3272e+00 +1.1495e+00 +1.2630e+00 -4.5392e+00 -4.1048e+00 -5.0433e-01 -3.6738e+00
41 0 +3.494935982e+00 -1.271150640e+02 -1.271150640e+02 +8.8743e-01 -1.3458e+00 -2.7165e+00 +3.4425e+00 +1.6448e+00 -6.9136e-01 +1.9946e+00 +4.1953e+00 +2.4884e+00 -1.1843e+00
% f evaluations | g evaluations | best noise-free fitness - Fopt (-2.231200000000e+02) + sum g_i+ | measured fitness | best measured fitness or single-digit g-values | x1 | x2...
1 0 +1.760246955e+01 -2.055175304e+02 -2.055175304e+02 +1.6303e+00 +2.5506e+00 +8.4417e-01 +2.7123e+00 +3.9965e+00 -2.5074e+00 +1.5871e+00 -8.6176e-01 +7.9672e-01 -2.0174e+00
3 0 +5.868984339e+00 -2.172510157e+02 -2.172510157e+02 -4.0864e+00 +2.8581e-01 +1.7843e+00 -1.6281e+00 +4.2535e+00 -2.7326e-01 -3.4657e+00 +3.0491e+00 +3.2882e+00 -3.7003e+00
37 0 +4.746097035e+00 -2.183739030e+02 -2.183739030e+02 +7.8441e-01 +3.5601e+00 -2.8647e+00 -4.7743e-01 +1.7990e+00 -3.0829e-01 +1.1885e+00 +1.4268e+00 -3.1826e+00 +6.5575e-01
% f evaluations | g evaluations | best noise-free fitness - Fopt (-4.443000000000e+01) + sum g_i+ | measured fitness | best measured fitness or single-digit g-values | x1 | x2...
1 0 +5.222974933e+00 -3.920702507e+01 -3.920702507e+01 +4.2093e+00 +3.1923e+00 +4.3320e+00 +1.1324e+00 -3.3977e+00 -3.6226e+00 -2.5492e+00 +3.0966e+00 -3.5050e+00 -1.6051e+00
164 0 +4.916317907e+00 -3.951368209e+01 -3.951368209e+01 +4.2927e+00 -1.2922e+00 +4.8501e+00 +1.3558e+00 -3.0480e+00 +4.9402e+00 +2.9240e+00 +1.6716e+00 -3.5548e+00 -4.6740e+00
513 0 +4.877902297e+00 -3.955209770e+01 -3.955209770e+01 -3.8053e+00 -1.1552e+00 +1.1643e-02 -2.5537e+00 -8.8724e-01 +3.6465e+00 +3.5990e+00 +1.0374e+00 +2.0778e+00 -5.3479e-02
% f evaluations | g evaluations | best noise-free fitness - Fopt (2.557800000000e+02) + sum g_i+ | measured fitness | best measured fitness or single-digit g-values | x1 | x2...
1 0 +2.094036656e+01 +2.767203666e+02 +2.767203666e+02 -1.6066e+00 -3.0403e-01 -2.2746e+00 +2.9803e+00 -1.9078e+00 -2.9801e+00 -7.1177e-01 -3.4706e+00 +4.5943e+00 +4.0930e+00
2 0 +1.453331988e+01 +2.703133199e+02 +2.703133199e+02 +1.8379e+00 +4.7483e+00 -4.4843e+00 +2.6550e+00 +5.8033e-01 -6.6916e-01 -2.6287e+00 +3.0120e+00 +2.4574e+00 -3.5936e+00
3 0 +9.558423502e+00 +2.653384235e+02 +2.653384235e+02 +2.4599e+00 +1.7192e+00 +1.4547e+00 -2.1132e+00 -3.5963e+00 +2.1420e+00 -1.7990e+00 +1.5429e+00 -5.7816e-01 -2.9832e+00
16 0 +9.029151544e+00 +2.648091515e+02 +2.648091515e+02 -4.7600e+00 -4.7406e+00 -2.6379e+00 -3.3829e+00 +3.3786e+00 -1.9435e+00 +3.4243e+00 -2.6167e+00 +2.3048e+00 -4.9311e+00
20 0 +8.749602778e+00 +2.645296028e+02 +2.645296028e+02 -2.9525e+00 +8.1118e-01 -3.6719e+00 +2.7587e-01 +4.9335e+00 +3.9539e+00 +3.6875e+00 +2.5667e+00 -4.7507e+00 -1.5151e+00
25 0 +7.783415341e+00 +2.635634153e+02 +2.635634153e+02 -2.7264e+00 +4.5327e+00 +3.9567e+00 +3.3791e+00 +4.2607e+00 +6.6648e-01 +2.2003e+00 -1.5563e-01 -1.1834e-01 +4.0061e+00
31 0 +6.214235244e+00 +2.619942352e+02 +2.619942352e+02 -6.1959e-01 +9.8446e-01 -4.8126e+00 +3.2756e+00 -2.3463e+00 +3.9404e+00 +2.7200e+00 +3.2029e+00 +4.0494e+00 +1.9140e+00
34 0 +4.193892115e+00 +2.599738921e+02 +2.599738921e+02 -3.7829e+00 +3.6889e+00 +2.5847e+00 -3.1610e+00 -4.0072e-01 +1.4398e+00 +1.5295e+00 +3.6508e+00 +4.8844e+00 -3.8092e+00
514 0 +3.165350475e+00 +2.589453505e+02 +2.589453505e+02 +1.0729e+00 +2.7503e+00 -1.7102e+00 +7.6026e-01 -1.6253e+00 -2.6742e+00 -7.2118e-01 -5.5361e-01 -5.8417e-01 -2.1475e+00
% f evaluations | g evaluations | best noise-free fitness - Fopt (1.000000000000e+03) + sum g_i+ | measured fitness | best measured fitness or single-digit g-values | x1 | x2...
1 0 +1.557020987e+01 +1.015570210e+03 +1.015570210e+03 +4.3890e+00 -2.1472e+00 -1.6141e+00 +1.5715e+00 +3.9028e+00 -2.2931e+00 -3.6389e+00 -9.8329e-01 -2.9079e+00 -1.3786e+00
2 0 +1.031410563e+01 +1.010314106e+03 +1.010314106e+03 +1.1774e+00 -4.1298e+00 +2.9357e+00 -3.3185e+00 +2.7056e-01 +1.2301e+00 -4.1381e+00 -2.4928e+00 -2.7652e+00 +4.9453e+00
5 0 +7.958877360e+00 +1.007958877e+03 +1.007958877e+03 +7.0034e-01 -3.6137e+00 +2.4464e+00 +5.3963e-01 -2.6391e+00 -3.7736e+00 +4.8184e+00 -3.4918e+00 +9.8322e-01 +1.7271e-01
12 0 +7.896515627e+00 +1.007896516e+03 +1.007896516e+03 -4.4590e+00 -3.8584e+00 -2.0163e-01 -2.3516e+00 +3.7921e+00 -6.3906e-01 +2.4405e+00 +3.2897e-01 +2.2418e-02 -4.1052e+00
16 0 +6.822119733e+00 +1.006822120e+03 +1.006822120e+03 -6.7198e-01 -4.1498e+00 -4.6441e+00 +4.9461e+00 -1.0780e+00 -2.4629e+00 -4.1432e-01 +2.9079e+00 -1.6836e-01 -1.3506e+00
17 0 +6.401482244e+00 +1.006401482e+03 +1.006401482e+03 -3.1409e+00 -3.8114e+00 +2.1044e+00 -4.5089e+00 -1.6274e-01 +3.7960e+00 +3.2552e+00 +3.8040e+00 +1.2508e+00 -4.3460e+00
34 0 +6.236709702e+00 +1.006236710e+03 +1.006236710e+03 -4.5226e+00 -3.1774e+00 +2.9080e+00 -4.5041e+00 +9.1517e-02 +4.0200e+00 -1.2547e+00 -1.4006e+00 +2.5414e+00 -1.2122e+00
45 0 +5.705136488e+00 +1.005705136e+03 +1.005705136e+03 -1.4867e+00 -2.9730e+00 +5.7290e-01 -1.0563e+00 +1.5890e+00 +2.7715e+00 -1.3090e+00 -4.8456e+00 -3.0518e+00 +8.9332e-01
207 0 +3.273859132e+00 +1.003273859e+03 +1.003273859e+03 +8.0278e-01 +3.0889e-01 -2.3948e+00 -1.1470e+00 +3.5335e+00 -2.7168e+00 +5.6931e-01 -2.4486e+00 +3.2797e+00 +3.6869e+00
263 0 +3.149314002e+00 +1.003149314e+03 +1.003149314e+03 +8.4152e-01 -3.9738e-02 -2.4473e+00 -1.3544e+00 +3.2805e+00 -5.2224e-01 +3.7870e-02 -2.4486e+00 +3.0737e+00 +2.8819e+00
% f evaluations | g evaluations | best noise-free fitness - Fopt (-1.869500000000e+02) + sum g_i+ | measured fitness | best measured fitness or single-digit g-values | x1 | x2...
1 0 +7.636438092e+00 -1.793135619e+02 -1.793135619e+02 -2.7209e+00 -4.9725e+00 +1.8482e+00 -7.7361e-01 -4.0868e-01 -2.9000e-01 +1.0099e-01 -3.4042e+00 -3.2425e+00 -3.4888e-01
7 0 +3.625654654e+00 -1.833243453e+02 -1.833243453e+02 +4.1485e+00 +8.8343e-02 +2.8904e+00 +4.8135e-01 -3.3217e+00 -3.3499e-01 +1.2377e+00 -3.0536e+00 -7.8690e-01 -3.7793e+00
% f evaluations | g evaluations | best noise-free fitness - Fopt (5.859500000000e+02) + sum g_i+ | measured fitness | best measured fitness or single-digit g-values | x1 | x2...
1 0 +1.795058676e+01 +6.039005868e+02 +6.039005868e+02 +1.9813e+00 -4.0693e+00 -1.7009e+00 +1.5870e+00 -2.0522e+00 +3.0589e+00 +1.7535e+00 +3.9933e+00 +1.7446e+00 +4.9488e+00
3 0 +1.579402460e+01 +6.017440246e+02 +6.017440246e+02 +1.8391e+00 +1.5018e+00 -2.5696e+00 +3.3855e+00 +4.4490e-01 +1.6269e+00 +3.5423e+00 +1.0544e-01 -2.8702e+00 +4.9133e+00
4 0 +1.303613540e+01 +5.989861354e+02 +5.989861354e+02 +2.9658e+00 -8.5030e-01 -3.8270e+00 -8.6772e-01 +2.0671e+00 -4.0328e+00 +4.8316e+00 +2.9617e+00 +4.1517e+00 +3.6167e+00
6 0 +1.018399348e+01 +5.961339935e+02 +5.961339935e+02 +1.3713e+00 -4.6375e+00 -1.7013e+00 -3.3353e+00 -4.6860e+00 -2.2464e-01 -4.7637e+00 -3.4483e+00 +1.8799e+00 +3.1951e-02
8 0 +9.584408165e+00 +5.955344082e+02 +5.955344082e+02 +8.1210e-01 +2.5610e+00 -2.1706e+00 -3.9383e+00 -4.0331e+00 -3.1101e-01 +1.5314e+00 -4.8554e+00 +2.3237e+00 -4.7828e+00
19 0 +5.381408305e+00 +5.913314083e+02 +5.913314083e+02 +4.1219e+00 +2.5703e+00 +2.1920e+00 -4.1731e+00 +2.3584e+00 -2.3342e+00 +4.6383e+00 -7.1362e-01 +3.1405e+00 +4.6917e+00
23 0 +5.302165341e+00 +5.912521653e+02 +5.912521653e+02 +1.0682e+00 -1.1887e+00 +2.1649e+00 +1.8651e+00 -2.5629e+00 +3.1087e-01 +3.2907e+00 +1.8885e+00 +1.8853e+00 -3.8031e+00
62 0 +5.019085488e+00 +5.909690855e+02 +5.909690855e+02 +1.0682e+00 -1.1887e+00 +2.1649e+00 +1.8651e+00 -2.5629e+00 +3.1087e-01 +3.2907e+00 +1.8885e+00 +1.8853e+00 -3.1050e+00
559 0 +3.965198713e+00 +5.899151987e+02 +5.899151987e+02 +2.6384e+00 -4.3325e+00 -2.1893e-01 -6.7734e-01 -1.3757e-01 -7.1613e-01 +9.8645e-01 +5.7309e-01 -4.2200e+00 -3.4611e+00
% f evaluations | g evaluations | best noise-free fitness - Fopt (2.871600000000e+02) + sum g_i+ | measured fitness | best measured fitness or single-digit g-values | x1 | x2...
1 0 +2.851717669e+01 +3.156771767e+02 +3.156771767e+02 +2.7168e+00 -5.4845e-01 +5.6094e-02 -2.8017e+00 +3.5516e+00 -1.5253e+00 -1.1619e+00 -9.6623e-02 +1.0879e+00 +1.4317e+00
2 0 +1.254007624e+01 +2.997000762e+02 +2.997000762e+02 +4.2283e+00 -2.2895e+00 -2.2947e-01 +1.2595e+00 +2.4388e+00 +1.9101e+00 +1.1244e+00 -3.0125e+00 -5.7067e-01 +5.1686e-01
11 0 +6.024064486e+00 +2.931840645e+02 +2.931840645e+02 +3.6823e+00 +4.3465e+00 +4.5855e+00 +2.4040e+00 +4.7614e+00 -8.4272e-01 -3.1586e+00 +3.3626e+00 -3.0872e+00 +2.9530e+00
39 0 +4.252128002e+00 +2.914121280e+02 +2.914121280e+02 -1.7159e+00 +3.3979e-01 +4.2846e+00 -4.0894e+00 +3.8705e+00 -2.6015e+00 +3.7239e+00 -3.5866e+00 +2.0258e+00 -4.3203e+00
310 0 +2.422109838e+00 +2.895821098e+02 +2.895821098e+02 -1.7762e+00 -9.8105e-02 +1.3445e+00 +1.8032e+00 +2.3852e+00 -2.0939e+00 +7.4973e-02 -1.9639e+00 +3.5374e-01 +1.5436e+00
% f evaluations | g evaluations | best noise-free fitness - Fopt (-3.943800000000e+02) + sum g_i+ | measured fitness | best measured fitness or single-digit g-values | x1 | x2...
1 0 +1.102980322e+01 -3.833501968e+02 -3.833501968e+02 +4.1827e+00 -1.3723e+00 +2.6855e+00 +1.8356e+00 +1.8866e+00 +1.1983e-01 +4.9311e-02 -3.8096e+00 +1.6790e+00 -4.5113e+00
6 0 +6.256801431e+00 -3.881231986e+02 -3.881231986e+02 +4.0527e+00 +4.4630e+00 -2.9525e+00 +3.6245e+00 +1.0060e+00 +2.3477e+00 +3.5849e+00 +2.8125e+00 -1.6608e+00 -3.6508e+00
8 0 +3.843132823e+00 -3.905368672e+02 -3.905368672e+02 -2.7295e+00 -3.3056e+00 +1.9012e+00 -4.8135e+00 -1.1519e+00 +2.9954e+00 +4.4588e+00 +4.0357e+00 -3.7562e+00 +4.4915e+00
361 0 +3.664226447e+00 -3.907157736e+02 -3.907157736e+02 -2.5720e+00 -1.7643e+00 -3.0065e+00 -4.0487e+00 -4.0824e+00 -2.7261e+00 -5.9941e-01 -2.3287e+00 +2.6089e+00 +3.8706e+00
612 0 +3.500829983e+00 -3.908791700e+02 -3.908791700e+02 -6.9569e-01 -7.7247e-01 +3.4398e+00 +1.5870e+00 -1.8221e-01 +7.9918e-01 -3.4832e+00 +1.6922e+00 -1.5564e-01 +2.8269e+00
% f evaluations | g evaluations | best noise-free fitness - Fopt (5.443000000000e+01) + sum g_i+ | measured fitness | best measured fitness or single-digit g-values | x1 | x2...
1 0 +1.972462142e+01 +7.415462142e+01 +7.415462142e+01 -1.9737e+00 +3.8014e+00 +3.2614e+00 -2.5710e+00 +3.6141e-01 +1.1784e+00 +4.0969e+00 -1.1364e+00 -3.3270e+00 +1.5224e+00
2 0 +1.471029924e+01 +6.914029924e+01 +6.914029924e+01 +6.5107e-02 -3.6629e+00 -3.5784e+00 +1.0977e+00 +4.5664e+00 +3.6167e+00 +3.9351e+00 -6.2771e-01 -2.5076e+00 +2.8335e+00
11 0 +1.412113849e+01 +6.855113849e+01 +6.855113849e+01 -4.3093e+00 -2.2555e+00 +3.9184e+00 -2.0598e+00 +1.3640e+00 -3.2739e+00 +3.5389e-01 -2.7055e+00 -1.3055e-02 +1.4361e+00
12 0 +1.152657712e+01 +6.595657712e+01 +6.595657712e+01 -3.7188e+00 -3.3853e+00 -3.0270e+00 -2.1538e+00 +1.9880e+00 +4.4982e+00 +2.7338e+00 -4.0123e+00 -4.3650e-01 +3.6416e+00
13 0 +1.052233873e+01 +6.495233873e+01 +6.495233873e+01 +2.4168e+00 -1.8960e+00 +4.0117e+00 -1.3997e+00 +4.1450e-01 +3.3138e+00 +3.7489e+00 +4.2756e+00 -1.2281e+00 +3.3010e+00
18 0 +8.166300316e+00 +6.259630032e+01 +6.259630032e+01 +4.8599e+00 -2.0448e+00 -1.4573e+00 -9.9424e-01 +9.7457e-01 +1.7972e+00 +1.1705e+00 +2.8777e+00 -1.7937e+00 -1.0225e+00
29 0 +8.031307893e+00 +6.246130789e+01 +6.246130789e+01 -3.5285e+00 +4.3279e+00 -3.8116e+00 +3.2777e+00 -3.7600e+00 +2.6690e-01 -2.5677e-01 +1.3580e+00 +3.9922e+00 -4.8757e+00
103 0 +5.597550167e+00 +6.002755017e+01 +6.002755017e+01 -1.1152e+00 -4.7104e-01 -4.4230e+00 +1.5191e+00 +4.6634e+00 -2.0795e+00 -1.2390e-01 -3.2606e+00 +1.8682e-02 -8.4228e-01
352 0 +4.518783353e+00 +5.894878335e+01 +5.894878335e+01 -5.3204e-01 +2.6630e+00 -1.3469e+00 +9.2403e-01 +1.5949e+00 -8.0554e-01 -2.8570e+00 -3.1103e+00 -2.8816e-01 +1.3645e+00
411 0 +4.096859832e+00 +5.852685983e+01 +5.852685983e+01 -2.6010e+00 -5.9854e-01 -4.6673e+00 +1.7436e+00 +4.4207e+00 -2.4597e+00 -1.7645e+00 -1.6442e-01 +1.8494e-01 -1.8102e+00
% f evaluations | g evaluations | best noise-free fitness - Fopt (1.396900000000e+02) + sum g_i+ | measured fitness | best measured fitness or single-digit g-values | x1 | x2...
1 0 +3.649869403e+01 +1.761886940e+02 +1.761886940e+02 -2.6495e+00 -3.0946e+00 +1.6407e+00 -9.3703e-01 -1.9790e+00 -4.8085e+00 -1.5547e+00 -2.4672e+00 -7.4373e-02 +3.3916e+00
2 0 +1.534032569e+01 +1.550303257e+02 +1.550303257e+02 +2.3644e+00 +3.4225e+00 +1.7287e+00 +3.7593e+00 -3.8171e+00 -4.4160e+00 -2.6620e+00 -6.8339e-01 +2.9054e+00 -9.6723e-01
5 0 +1.027010350e+01 +1.499601035e+02 +1.499601035e+02 +1.0669e+00 +6.3522e-01 +4.2734e+00 -1.3970e+00 +8.9405e-01 -2.0918e+00 -1.9533e+00 -2.1824e+00 -4.0625e+00 +1.6536e+00
6 0 +5.480215384e+00 +1.451702154e+02 +1.451702154e+02 -3.9018e+00 +3.3191e+00 +2.4958e+00 -4.5935e+00 +4.1856e-01 -2.3375e+00 +3.0791e+00 +2.5788e+00 -1.8178e+00 -8.7644e-01
7 0 +3.003235923e+00 +1.426932359e+02 +1.426932359e+02 -4.6408e-01 -3.8859e-01 -1.6881e+00 +3.8685e+00 +1.6712e+00 +1.8226e-01 +4.7478e+00 -1.2468e+00 -1.0334e+00 +1.8159e+00
60 0 +2.757428752e+00 +1.424474288e+02 +1.424474288e+02 -4.0296e+00 +2.5133e+00 +2.7384e+00 +5.0886e-01 +2.9868e+00 +4.4127e+00 -2.6743e+00 +4.3899e-01 +3.8987e+00 +3.2820e+00
% f evaluations | g evaluations | best noise-free fitness - Fopt (-5.794000000000e+01) + sum g_i+ | measured fitness | best measured fitness or single-digit g-values | x1 | x2...
1 0 +1.815297105e+01 -3.978702895e+01 -3.978702895e+01 +2.1391e+00 -4.3957e-01 +4.8687e+00 +2.0965e+00 +2.5998e+00 +2.7380e+00 -8.1500e-01 -1.3470e+00 -1.2699e+00 +1.7797e-01
3 0 +9.793360363e+00 -4.814663964e+01 -4.814663964e+01 -3.7276e+00 +1.1232e+00 +8.9496e-01 +1.7324e+00 +3.3484e+00 +4.9474e+00 -2.2325e+00 -1.5576e+00 +2.8936e+00 -2.9692e+00
9 0 +6.717050701e+00 -5.122294930e+01 -5.122294930e+01 -4.4062e+00 -1.5142e+00 +2.3593e-01 +1.9474e+00 +1.6835e+00 +3.8431e+00 +2.4361e+00 +2.1897e+00 -1.7926e+00 +2.6537e+00
28 0 +6.546763774e+00 -5.139323623e+01 -5.139323623e+01 -3.0709e+00 -2.4599e+00 +2.2873e+00 +1.7241e+00 +1.7805e+00 -2.2300e+00 +2.8735e+00 +2.9642e+00 +1.2082e+00 +6.3904e-01
41 0 +5.489876735e+00 -5.245012326e+01 -5.245012326e+01 +3.8448e+00 -5.3792e-01 +1.6723e-01 -2.3143e+00 -3.1211e+00 -1.9721e-01 +2.1142e+00 -3.9876e+00 -3.0428e+00 -1.3553e-01
50 0 +5.120598398e+00 -5.281940160e+01 -5.281940160e+01 +2.1691e+00 -1.6843e+00 +4.6136e-01 -3.2025e+00 -3.4778e+00 +7.2690e-01 -4.3916e+00 +3.0681e+00 -2.9177e+00 -4.5169e+00
64 0 +3.630016472e+00 -5.430998353e+01 -5.430998353e+01 -1.9531e+00 +4.8076e+00 -2.1957e+00 +6.0324e-01 +1.3280e+00 +4.7061e+00 -4.7698e+00 +8.7891e-01 +3.0735e+00 -1.0136e+00
% f evaluations | g evaluations | best noise-free fitness - Fopt (1.253900000000e+02) + sum g_i+ | measured fitness | best measured fitness or single-digit g-values | x1 | x2...
1 0 +2.448047452e+01 +1.498704745e+02 +1.498704745e+02 -4.4348e+00 -1.4025e+00 +1.8768e+00 -4.3635e+00 -1.9797e+00 -4.3026e+00 -2.6564e+00 -1.1085e+00 -2.6668e+00 -2.3412e+00
2 0 +1.655135111e+01 +1.419413511e+02 +1.419413511e+02 -3.9161e+00 -2.2653e+00 -2.3603e+00 -9.3021e-01 -1.1401e+00 -4.6843e+00 +1.1772e+00 -1.1326e+00 +1.1251e+00 -4.3578e+00
3 0 +1.487445076e+01 +1.402644508e+02 +1.402644508e+02 +4.7731e+00 -2.6666e+00 +2.9923e+00 +6.2327e-01 -1.1274e+00 +1.0673e+00 +9.3624e-01 -1.9893e+00 -2.3525e+00 +2.5610e+00
9 0 +8.346394202e+00 +1.337363942e+02 +1.337363942e+02 -3.7000e+00 -7.1940e-01 +4.7742e+00 -3.7021e+00 +1.2801e+00 +2.9779e+00 -3.0635e+00 -4.6844e-01 -1.2893e-01 -3.4613e+00
12 0 +2.963682876e+00 +1.283536829e+02 +1.283536829e+02 -1.1276e+00 +1.0652e+00 +3.9973e+00 -2.8951e-01 -3.4931e+00 -2.8116e+00 +2.7289e+00 +2.8822e+00 +3.8545e+00 -3.0747e+00
