% f evaluations | g evaluations | best noise-free fitness - Fopt (1.491500000000e+02) + sum g_i+ | measured fitness | best measured fitness or single-digit g-values | x1 | x2...
1 0 +7.083464986e+05 +7.084956486e+05 +7.084956486e+05 +3.1570e+00 +3.8253e+00 -4.9196e+00 +4.2811e+00 -3.6342e+00 +4.3883e+00 +2.1824e+00 +4.5086e+00 -5.4127e-01 -4.7466e+00 -2.7444e+00 -2.6021e+00 -1.5995e+00 -2.7459e+00 -2.9558e+00 +4.1084e+00 -3.7699e+00 -1.1340e+00 +1.7921e+00 +9.5870e-02
4 0 +4.277545374e+05 +4.279036874e+05 +4.279036874e+05 +7.3757e-01 +4.6377e+00 -4.9273e-01 -1.9232e+00 +8.6813e-01 -9.5257e-02 -1.9909e-01 -3.4252e+00 -2.2540e+00 -1.5461e+00 -3.2790e+00 -1.7276e+00 -1.7310e+00 -4.2151e+00 -5.1797e-01 +1.4693e+00 +1.8104e+00 -3.3806e+00 +4.0285e+00 -3.4279e+00
7 0 +3.448446783e+05 +3.449938283e+05 +3.449938283e+05 -2.6035e+00 -4.4716e+00 -2.3521e+00 +1.0634e+00 -2.4242e+00 +8.8643e-01 +4.7394e+00 -2.1399e+00 -3.4305e+00 -4.9506e-01 +2.6154e+00 -9.2438e-01 +3.6805e-01 -4.8529e-01 +9.6037e-02 +2.6962e+00 +2.4941e+00 -3.3937e+00 +1.0501e+00 +6.9667e-01
8 0 +3.116709314e+05 +3.118200814e+05 +3.118200814e+05 +1.7421e+00 -3.6048e+00 -4.9347e+00 -1.1205e-02 +6.2595e-02 +9.4284e-01 +1.4060e+00 +3.2527e+00 -4.0861e+00 -2.5409e+00 +1.1120e+00 +8.2167e-01 -3.7921e+00 -6.5334e-01 -4.8092e-01 -1.0779e+00 -2.8643e+00 +2.4274e+00 +8.4611e-01 -4.1846e+00
12 0 +2.062468500e+05 +2.063960000e+05 +2.063960000e+05 +2.1344e+00 -2.1354e+00 -1.0839e+00 +2.6607e+00 -4.1088e+00 -4.1930e+00 +1.4969e+00 +3.8371e+00 -1.7756e+00 -1.3329e+00 -1.3079e+00 +5.8035e-01 +1.0315e+00 +1.4464e+00 -2.2680e-01 -1.6775e+00 +3.2028e+00 -3.3714e+00 -3.3191e+00 +3.6915e+00
14 0 +1.788512035e+05 +1.790003535e+05 +1.790003535e+05 -3.7444e+00 -4.7087e+00 -1.2565e+00 -2.2678e+00 +7.4877e-01 -2.5780e+00 -4.4739e+00 +1.7471e+00 -1.3177e+00 -4.2511e+00 -2.6195e+00 +3.7166e+00 +3.0576e+00 -1.0451e+00 -3.1799e+00 +2.3117e+00 +9.7308e-01 +3.6962e+00 +8.1157e-01 +1.7818e-01
56 0 +1.233372621e+05 +1.234864121e+05 +1.234864121e+05 -1.4381e+00 -4.1979e+00 -4.6423e-01 -1.0317e-01 +1.1978e+00 -1.5907e+00 -4.2431e+00 +8.4723e-01 -1.0438e+00 -3.1738e+00 -2.6809e+00 +4.0634e+00 +3.3532e+00 -1.7664e+00 -2.2127e+00 +1.7463e+00 -1.0350e+00 +1.5739e+00 -1.0070e+00 -8.1010e-01
102 0 +3.443656592e+04 +3.458571592e+04 +3.458571592e+04 -1.1139e+00 -5.8551e-01 -1.8245e+00 +9.6654e-01 -1.2167e+00 +1.4223e+00 -1.1070e+00 -5.4397e-01 -2.5629e+00 +2.0928e+00 -2.0142e+00 +3.6636e-01 -7.8624e-01 -1.6162e-01 -7.7520e-02 +1.4003e+00 -1.2908e+00 +1.1642e+00 -1.6089e+00 +6.9306e-01
103 0 +2.981532756e+04 +2.996447756e+04 +2.996447756e+04 -9.9037e-01 -6.3786e-01 -1.7031e+00 +7.7133e-01 -7.6058e-01 +1.0071e+00 -1.5282e+00 -1.1156e+00 -2.4889e+00 +1.6256e+00 -2.1431e+00 -2.7438e-01 -1.3757e+00 -4.7227e-01 -8.0992e-01 +9.5287e-01 -9.4291e-01 +1.3202e+00 -1.2533e+00 +9.4193e-01
204 0 +2.391495336e+04 +2.406410336e+04 +2.406410336e+04 -5.7658e-01 -2.9566e-01 -1.2083e+00 +5.9254e-01 -8.6331e-01 +8.6260e-01 -1.1798e+00 -3.9163e-01 -2.0044e+00 +1.4759e+00 -2.2839e+00 +3.9693e-01 -9.4024e-01 +2.2103e-01 -4.1423e-01 +9.8361e-01 -1.6038e+00 +1.0142e+00 -1.4943e+00 +2.8300e-01
358 0 +1.514679855e+04 +1.529594855e+04 +1.529594855e+04 -2.6576e+00 +3.0734e-01 -1.5940e+00 -2.2456e-01 -2.4576e+00 -3.8636e-01 -7.3743e-01 +1.0802e+00 +5.1004e-01 -1.2560e+00 -1.5231e+00 +7.3786e-01 +3.5675e+00 +1.2593e-01 -3.4779e-01 -3.0123e-01 +1.0226e+00 -3.0092e-02 -2.3344e-01 -2.2023e+00
411 0 +8.733436506e+03 +8.882586506e+03 +8.882586506e+03 -2.6576e+00 +3.0734e-01 -1.5940e+00 -2.2456e-01 -2.4576e+00 -3.8636e-01 -7.3743e-01 +1.1484e-01 +5.1004e-01 -1.2560e+00 -1.5231e+00 +7.3786e-01 +3.5675e+00 +1.2593e-01 -3.4779e-01 -3.0123e-01 +1.0226e+00 -3.0092e-02 -2.3344e-01 -2.2023e+00
% f evaluations | g evaluations | best noise-free fitness - Fopt (-1.000000000000e+03) + sum g_i+ | measured fitness | best measured fitness or single-digit g-values | x1 | x2...
1 0 +4.349640017e+05 +4.339640017e+05 +4.339640017e+05 -1.7972e+00 -3.2771e-01 +1.2983e+00 +2.2822e+00 -4.9293e+00 +2.9123e+00 -7.5368e-01 -2.8542e+00 +4.7070e-01 +2.8030e+00 +2.5483e+00 +3.4768e+00 -3.8811e+00 -7.5830e-01 +1.6942e+00 +6.2280e-01 +4.5777e+00 -3.5967e-01 +3.8171e+00 +2.5568e+00
6 0 +3.862329836e+05 +3.852329836e+05 +3.852329836e+05 -2.7557e+00 +2.4694e+00 -1.1832e+00 +9.8117e-01 -4.9405e+00 +1.1688e+00 -3.7300e-01 -7.8637e-01 +2.4244e+00 +4.2148e+00 +4.9356e+00 -3.5443e+00 -2.8506e+00 -3.0264e+00 +4.5068e+00 +4.0003e+00 -8.6600e-01 -2.9073e+00 -8.6000e-01 +4.1289e+00
7 0 +2.086146598e+05 +2.076146598e+05 +2.076146598e+05 -2.0349e+00 -1.6707e+00 +3.6690e+00 -6.2706e-01 -3.0433e+00 +1.6655e+00 -4.6382e+00 -3.8269e+00 +2.8426e+00 -7.8970e-01 +1.8412e+00 +2.2997e+00 -8.4906e-01 +1.1712e+00 -2.4735e+00 -4.7001e+00 -1.0607e+00 +7.5125e-01 -3.0669e+00 +7.4383e-01
52 0 +1.315909417e+05 +1.305909417e+05 +1.305909417e+05 -1.6596e+00 -2.0049e-01 -2.6117e+00 +2.7048e+00 -1.6614e+00 -3.3842e+00 +1.1341e+00 -1.9209e+00 -1.2232e+00 +1.2304e+00 +1.5327e+00 -3.6101e+00 -3.2575e-01 -1.1848e+00 +2.1976e+00 -2.6688e+00 -2.6934e+00 -2.0026e+00 -2.5919e+00 -9.5175e-01
102 0 +6.287301870e+04 +6.187301870e+04 +6.187301870e+04 -6.4869e-01 -4.3780e-01 -1.0630e+00 +8.6246e-02 -2.4097e+00 -5.1569e-01 +8.5142e-02 -5.0184e-01 +7.4290e-01 -1.2899e+00 -1.3327e+00 +1.3282e-01 -8.6520e-01 -6.7675e-01 -1.3788e+00 +7.3777e-01 +1.0179e+00 -3.5630e-01 +6.2796e-01 +2.9808e+00
% f evaluations | g evaluations | best noise-free fitness - Fopt (9.862000000000e+01) + sum g_i+ | measured fitness | best measured fitness or single-digit g-values | x1 | x2...
1 0 +1.145787683e+06 +1.145886303e+06 +1.145886303e+06 +7.0751e-01 -1.2821e-01 -1.8843e+00 +4.1794e+00 -1.1379e+00 +4.8608e+00 -1.3179e+00 -4.5703e+00 -4.6807e+00 +2.6850e+00 +1.9072e+00 +1.5136e-01 +4.5048e+00 +3.0560e+00 -2.8265e+00 +4.7723e+00 -3.4738e+00 -8.3958e-01 -3.1414e+00 -2.0733e+00
2 0 +8.047980094e+05 +8.048966294e+05 +8.048966294e+05 +3.0918e+00 +1.9085e+00 -8.0932e-01 +1.0634e+00 +1.1622e+00 -4.2597e+00 -4.6888e+00 +3.5134e+00 +2.1246e+00 -1.9042e+00 +2.2495e+00 +3.2709e+00 -2.1157e+00 +5.0138e-01 -1.1009e+00 +2.6066e+00 +4.9972e-01 +1.8886e+00 +2.9413e-01 -3.5248e+00
3 0 +4.114577261e+05 +4.115563461e+05 +4.115563461e+05 -4.5544e+00 +3.9825e-01 +3.1118e+00 +2.2801e+00 -3.2190e-01 -2.2417e-01 +1.1838e+00 -2.5722e+00 +9.5278e-01 +1.6141e+00 -1.5326e+00 -8.4628e-01 -2.1933e+00 +2.2496e+00 +4.7278e-01 +6.5133e-01 +1.2435e+00 -4.5348e+00 -1.0999e+00 -4.2446e+00
36 0 +3.166221576e+05 +3.167207776e+05 +3.167207776e+05 -2.0267e+00 +1.1387e+00 +5.0356e-01 -3.2290e+00 +3.6714e+00 +7.4066e-01 -4.9490e+00 -3.7642e+00 +1.7104e+00 +4.6484e+00 -1.8486e-01 +7.7075e-01 -1.9968e+00 -1.4098e+00 -7.0015e-01 +2.1935e+00 +3.9363e+00 -9.3530e-01 +6.0408e-01 +1.3156e-01
52 0 +1.629591854e+05 +1.630578054e+05 +1.630578054e+05 -1.0472e+00 -6.5833e-01 +4.2901e-01 +1.4079e-01 +7.3846e-01 -5.1523e-01 -1.5801e+00 -1.1094e+00 +1.5855e+00 -2.5987e-01 +1.9075e+00 -1.8446e+00 +8.5573e-02 -2.5284e+00 +4.0810e-01 -1.0809e+00 -1.7255e+00 -1.2395e+00 -3.6015e+00 +2.7407e+00
154 0 +1.571840881e+05 +1.572827081e+05 +1.572827081e+05 -1.5882e+00 +1.8157e-01 +1.1753e+00 +8.1970e-02 +1.0957e+00 -1.1138e+00 -1.0610e+00 -1.6910e+00 +1.6236e+00 -1.0436e+00 +1.5450e+00 -1.1145e+00 -7.2809e-01 -1.6867e+00 -2.7998e-01 -1.2206e+00 -2.4237e+00 -2.1992e-01 -3.4038e+00 +2.3943e+00
356 0 +1.295201947e+05 +1.296188147e+05 +1.296188147e+05 +2.4951e-02 +1.8498e-01 +1.2526e-01 -8.5037e-01 +8.3757e-01 +8.9766e-01 +1.2132e-01 -5.3636e-01 +1.2917e+00 -7.1978e-01 -1.5460e+00 +1.5752e+00 +4.5501e-01 -2.3826e-01 -1.0614e+00 -8.3511e-02 -1.4552e+00 +1.1286e+00 +1.4529e+00 -1.0996e+00
703 0 +1.280258600e+05 +1.281244800e+05 +1.281244800e+05 +9.1235e-02 -2.4721e-01 -1.9549e-01 -1.1466e+00 +9.5610e-01 +9.4203e-01 -3.9962e-01 -1.4146e+00 +1.4352e+00 +3.7306e-02 -1.5749e+00 +1.6600e+00 +5.8556e-01 -5.9259e-01 -1.2955e+00 +3.0889e-01 -9.9739e-01 +5.9272e-01 +1.6187e+00 -1.0873e+00
712 0 +9.585259956e+04 +9.595121956e+04 +9.595121956e+04 -1.4530e+00 +2.6073e-01 +1.1963e+00 +1.4611e-01 +1.1008e+00 -1.3684e+00 -9.7342e-01 -2.1464e+00 +1.1191e+00 -1.0680e+00 +1.7478e+00 -1.1411e+00 -8.2168e-01 -1.7202e+00 -4.7557e-01 -1.4176e+00 -2.5517e+00 -2.2965e-01 -7.2053e-01 +2.5871e+00
764 0 +9.419673167e+04 +9.429535167e+04 +9.429535167e+04 -1.4530e+00 +2.6073e-01 +1.1963e+00 +1.4611e-01 +1.1008e+00 -5.3616e-01 -9.7342e-01 -2.1464e+00 +1.1191e+00 -1.0680e+00 +1.7478e+00 -1.1411e+00 -8.2168e-01 -1.7202e+00 -4.7557e-01 -1.4176e+00 -2.5517e+00 -2.2965e-01 -7.2053e-01 +2.5871e+00
956 0 +9.175062648e+04 +9.184924648e+04 +9.184924648e+04 -1.6464e+00 +4.7245e-01 +7.6825e-01 -9.8107e-01 +1.9315e+00 -4.5287e-01 -2.4074e+00 -2.6308e+00 +1.3754e+00 +9.4498e-01 +1.0074e+00 -3.9742e-01 -1.1369e+00 -1.4317e+00 -3.9322e-01 -9.4252e-02 -2.3972e-01 -5.8060e-01 -7.9060e-01 +1.7250e+00
1011 0 +8.284850581e+04 +8.294712581e+04 +8.294712581e+04 -1.3339e+00 +7.7163e-01 +1.9128e+00 -3.6211e-01 +7.2217e-01 -5.1423e-01 -9.6996e-01 -1.5993e-01 +4.3581e-01 -1.7134e+00 +1.0257e-01 -1.1386e-01 -1.2231e+00 -5.5448e-01 -1.1494e-01 -3.4960e-01 -9.0448e-01 +9.8045e-01 +3.1444e-01 +1.0969e+00
% f evaluations | g evaluations | best noise-free fitness - Fopt (-4.715000000000e+01) + sum g_i+ | measured fitness | best measured fitness or single-digit g-values | x1 | x2...
1 0 +6.710771114e+05 +6.710299614e+05 +6.710299614e+05 -1.0230e+00 +1.9839e+00 -3.6327e+00 +1.3492e+00 +8.9864e-01 +2.0434e+00 +1.1437e+00 +2.6966e+00 +3.5020e+00 +2.8330e+00 -4.6975e+00 -1.4695e+00 +9.1733e-01 -9.9840e-01 +1.2595e-01 -3.0595e+00 +3.7839e+00 +8.9628e-01 -1.3671e+00 -1.7356e+00
2 0 +6.579024828e+05 +6.578553328e+05 +6.578553328e+05 -1.8037e+00 +4.2633e+00 -3.4222e+00 -2.3221e+00 +3.3166e+00 +2.1823e+00 +6.3406e-01 +3.3849e+00 +3.1168e+00 -3.8537e+00 -3.8093e-01 -4.1209e-01 +8.1828e-01 -1.2813e+00 -4.2082e+00 -2.0373e+00 +3.9270e+00 -2.0799e+00 -4.3759e+00 -2.0839e-01
6 0 +2.746300692e+05 +2.745829192e+05 +2.745829192e+05 -2.1514e+00 +2.4856e+00 +2.5909e+00 -6.2796e-01 +1.4038e+00 +2.7919e+00 +2.9468e+00 -2.4975e+00 -3.6509e+00 -2.7088e+00 -2.7364e+00 +4.3954e-01 -6.2230e-01 -2.3812e+00 -5.7932e-01 +2.1026e+00 +8.9242e-01 -2.1992e+00 +3.0102e+00 -2.4242e+00
54 0 +1.873875953e+05 +1.873404453e+05 +1.873404453e+05 +1.3469e+00 -1.0328e+00 +3.3342e-01 -2.4009e+00 +1.2440e+00 -2.4697e+00 -1.9207e+00 -4.7460e-01 +1.2183e+00 -1.6573e+00 +2.2709e+00 +1.6806e+00 -1.1687e+00 -3.1621e+00 -5.7932e-02 -4.2262e-01 +3.3124e+00 -1.9860e+00 -5.8487e-01 +6.6642e-01
55 0 +1.013904242e+05 +1.013432742e+05 +1.013432742e+05 -4.9806e-01 +8.2274e-01 +1.5240e+00 -1.4659e+00 +1.3283e+00 +3.0517e-01 +6.4633e-01 -1.5414e+00 -1.3496e+00 -2.2118e+00 -3.6989e-01 +1.0261e+00 -8.8054e-01 -2.7503e+00 -3.3290e-01 +9.0912e-01 +2.0362e+00 -2.0984e+00 +1.3111e+00 -9.6352e-01
261 0 +9.902008153e+04 +9.897293153e+04 +9.897293153e+04 -4.9806e-01 +8.2274e-01 +1.5240e+00 -1.4659e+00 +1.3283e+00 +3.0517e-01 +6.4633e-01 -1.5414e+00 -1.3496e+00 -2.2118e+00 -3.6989e-01 +1.0261e+00 -8.8054e-01 -2.7503e+00 -3.3290e-01 +2.9058e-01 +2.0362e+00 -2.0984e+00 +1.3111e+00 -9.6352e-01
459 0 +9.614764465e+04 +9.610049465e+04 +9.610049465e+04 +2.3759e-01 +2.2359e+00 +5.1344e-01 -1.4283e+00 +1.8023e+00 -4.8214e-01 -7.7097e-01 -2.2917e+00 -2.8788e+00 +6.8242e-01 -4.8760e-01 +2.9405e-01 -1.8783e+00 -2.0023e+00 +1.1745e+00 -3.8935e-01 +1.2897e+00 -2.1926e+00 +1.4009e+00 -2.3482e-01
502 0 +8.091562350e+04 +8.086847350e+04 +8.086847350e+04 +6.8575e-01 +2.1483e+00 +1.5945e+00 -1.1558e+00 +5.9243e-01 +7.2562e-01 -5.0110e-01 -2.5919e+00 -2.1990e+00 -5.2535e-01 -6.6584e-01 -1.0333e-01 -1.7744e+00 -6.0379e-01 +1.5927e+00 +7.2131e-01 +1.2203e+00 -2.1541e+00 +3.2949e-01 -1.3673e+00
713 0 +7.431994373e+04 +7.427279373e+04 +7.427279373e+04 +6.8575e-01 +2.1483e+00 +1.5945e+00 -1.1558e+00 +5.9243e-01 +5.7072e-01 -5.0110e-01 -2.5919e+00 -2.1990e+00 -5.2535e-01 -6.6584e-01 -1.0333e-01 -1.0988e+00 -6.0379e-01 +1.5927e+00 +7.2131e-01 +1.2203e+00 -2.1541e+00 +3.2949e-01 -1.3673e+00
814 0 +7.283922341e+04 +7.279207341e+04 +7.279207341e+04 +2.3531e-01 +7.4401e-01 +1.7527e+00 -1.0720e+00 +7.2125e-01 +9.2337e-01 +4.6311e-02 -2.5769e+00 -2.4295e+00 -8.7200e-01 -9.9457e-01 -1.7145e-02 -1.5915e+00 -8.8598e-01 +1.2479e+00 +9.4061e-01 +1.1682e+00 -2.1612e+00 +7.5509e-01 -1.5351e+00
862 0 +6.911740675e+04 +6.907025675e+04 +6.907025675e+04 +6.8575e-01 +2.1483e+00 +1.5945e+00 -1.1558e+00 +5.9243e-01 +5.7072e-01 -5.0110e-01 -2.5919e+00 -2.1990e+00 -5.2535e-01 -6.6584e-01 -1.0333e-01 -1.0694e+00 -6.0379e-01 +1.5927e+00 +7.2131e-01 +8.4360e-01 -2.1541e+00 +3.2949e-01 -1.3673e+00
% f evaluations | g evaluations | best noise-free fitness - Fopt (3.752000000000e+01) + sum g_i+ | measured fitness | best measured fitness or single-digit g-values | x1 | x2...
1 0 +4.278824167e+05 +4.279199367e+05 +4.279199367e+05 +2.4599e+00 +2.7075e+00 +3.1021e-01 -2.3353e+00 -3.2705e-01 -3.8983e+00 +3.7026e+00 +1.7818e+00 -2.9110e+00 +2.6813e-01 -4.6522e+00 +2.1470e+00 +3.6743e+00 +3.6706e+00 -9.6772e-01 +1.6333e+00 -3.2812e+00 +4.6939e-01 +1.4677e+00 +2.6695e+00
3 0 +2.422018010e+05 +2.422393210e+05 +2.422393210e+05 +2.7349e+00 -4.5766e+00 -9.8158e-01 -4.3662e+00 +4.7422e+00 -3.0897e+00 -8.0028e-01 -3.0868e+00 +1.2993e+00 +1.3847e+00 -1.0962e-01 +6.6281e-01 +2.5544e+00 +4.7805e+00 -1.7464e+00 -4.1389e+00 -1.4171e-01 +2.4209e+00 -7.9126e-01 +4.0732e+00
19 0 +2.247303363e+05 +2.247678563e+05 +2.247678563e+05 +1.8317e+00 -5.5552e-01 +2.5484e+00 -3.7835e+00 +3.1642e+00 +4.8279e+00 -7.9278e-01 -1.6902e+00 -4.0231e+00 -2.2143e+00 +2.0800e+00 -1.4084e-01 +1.9736e+00 -5.9159e-01 -3.8689e+00 +1.0639e+00 +2.4792e+00 -8.8362e-01 +1.5279e+00 -2.1811e+00
52 0 +2.144348976e+05 +2.144724176e+05 +2.144724176e+05 +3.4834e+00 -3.9080e+00 +4.1306e+00 +2.4175e+00 +4.7311e+00 -3.6901e+00 -3.2803e-01 +1.2507e+00 -3.7460e+00 -1.2908e+00 +3.4237e+00 -2.4363e+00 +1.0779e-01 -1.7190e+00 -1.1714e+00 +7.9907e-01 +3.1349e-01 -6.0424e-01 +7.8025e-01 +1.1338e+00
53 0 +1.784438415e+05 +1.784813615e+05 +1.784813615e+05 +2.8295e+00 -4.4921e+00 -3.3503e-01 -3.5082e+00 +4.7408e+00 -3.1656e+00 -7.4055e-01 -2.5383e+00 +6.6121e-01 +1.0464e+00 +3.3724e-01 +2.7086e-01 +2.2450e+00 +3.9585e+00 -1.6737e+00 -3.5144e+00 -8.4142e-02 +2.0383e+00 -5.9251e-01 +3.7015e+00
54 0 +1.688176773e+05 +1.688551973e+05 +1.688551973e+05 -1.0102e+00 +1.5889e+00 -1.7812e+00 +1.8006e+00 +1.0360e+00 +1.7197e+00 -7.4818e-02 -8.8768e-01 +3.6292e-01 -1.6533e+00 -2.2763e+00 -1.5779e+00 +8.8603e-01 +4.5122e-01 -1.4925e+00 -9.4399e-01 +6.4358e-01 -3.6838e-01 +7.6976e-01 -4.2039e-01
155 0 +1.614054966e+05 +1.614430166e+05 +1.614430166e+05 +9.0987e-01 -6.8070e-01 +2.3458e+00 -3.0804e+00 +1.8741e+00 +4.8536e+00 -5.7987e-01 -1.3324e+00 -2.5745e+00 -2.0485e+00 +9.8818e-01 -4.3133e-01 +9.4826e-01 -7.0156e-01 -2.9970e+00 +9.0233e-01 +2.5150e+00 -1.5384e+00 +1.7676e+00 -2.5724e+00
156 0 +6.980844614e+04 +6.984596614e+04 +6.984596614e+04 -1.0557e-01 -1.6392e-01 +2.2711e+00 -2.6229e+00 +5.0133e-01 +1.0476e+00 +2.7798e+00 -6.4887e-01 +1.4892e-01 -5.7791e-01 -1.8382e+00 -4.1982e-01 +3.1657e+00 -4.4620e-01 +3.6702e-02 -3.7798e+00 -2.0613e+00 -1.7632e+00 +1.7158e+00 -2.4515e-01
157 0 +4.517598830e+04 +4.521350830e+04 +4.521350830e+04 +1.4547e+00 -2.1920e+00 +1.0066e+00 -3.0488e+00 +2.5172e+00 -9.8998e-01 +8.3667e-01 -1.6778e+00 +3.7126e-01 +3.8502e-01 -9.2898e-01 +8.2955e-02 +2.4922e+00 +1.5958e+00 -8.7819e-01 -3.4780e+00 -1.1871e+00 +1.8212e-01 +5.0087e-01 +1.6304e+00
306 0 +4.464009908e+04 +4.467761908e+04 +4.467761908e+04 +1.5422e+00 -2.2170e+00 +1.0331e+00 -2.8874e+00 +2.5339e+00 -9.6619e-01 +7.2946e-01 -1.6882e+00 +3.0162e-01 +3.8477e-01 -8.4046e-01 +1.2756e-01 -2.5501e-02 +1.4520e+00 -8.4549e-01 -3.3609e+00 -1.1750e+00 +2.0263e-01 +4.8848e-01 +1.5596e+00
409 0 +4.126720051e+04 +4.130472051e+04 +4.130472051e+04 +5.0110e-01 -1.7984e+00 +1.1165e+00 -2.4194e+00 +1.2088e+00 +3.1327e-01 +7.1906e-01 -1.2784e+00 +1.0370e+00 +1.9436e-03 -1.4971e+00 -2.9259e-01 +1.2261e+00 +9.9304e-01 -5.5322e-01 -2.6648e+00 -3.4383e-01 -7.8727e-01 +9.9521e-01 +3.5564e-01
% f evaluations | g evaluations | best noise-free fitness - Fopt (6.740000000000e+00) + sum g_i+ | measured fitness | best measured fitness or single-digit g-values | x1 | x2...
1 0 +1.160580750e+06 +1.160587490e+06 +1.160587490e+06 +9.7516e-02 -7.7260e-01 +4.3484e+00 -4.6072e+00 -3.7576e+00 -3.8714e+00 -8.7191e-01 +7.1956e-01 -1.0777e+00 +4.2173e+00 -1.5053e+00 -1.8588e+00 +6.5881e-01 -1.3876e+00 +3.5576e+00 -4.8054e+00 +4.5380e+00 -2.5413e+00 -3.9775e-01 +9.1762e-01
2 0 +8.425447765e+05 +8.425515165e+05 +8.425515165e+05 -2.5203e+00 -2.2661e+00 -3.2914e+00 -4.5297e+00 +2.2629e+00 -1.9896e+00 +2.7905e+00 -3.3676e+00 +4.9063e+00 +3.8564e+00 +3.4734e+00 -1.2487e-01 +9.1604e-02 -1.0276e+00 +4.4447e+00 +8.0433e-01 +2.1184e+00 -3.6487e+00 +1.9939e+00 -3.7368e+00
3 0 +5.717931385e+05 +5.717998785e+05 +5.717998785e+05 +3.2146e-01 +4.8253e+00 +3.8417e+00 -9.2932e-01 +2.3827e+00 -2.6997e+00 -3.9915e+00 +1.7691e+00 +4.1081e+00 +5.6436e-01 +4.0625e+00 -1.8013e+00 +2.0099e+00 -1.6832e+00 +4.6818e+00 -4.2325e+00 +1.7457e+00 +9.7356e-01 -1.4630e+00 +6.8951e-01
5 0 +3.368322728e+05 +3.368390128e+05 +3.368390128e+05 -6.6573e-01 -8.0644e-01 -3.0264e+00 +2.7233e+00 +3.4196e+00 -2.5559e+00 -4.1318e+00 -2.1443e+00 +3.2477e+00 -3.0783e+00 +1.0158e+00 -2.3578e-01 -1.2986e+00 -3.2101e+00 +2.9461e+00 -2.9444e+00 -4.2332e+00 +1.6357e+00 -1.2340e+00 -4.7797e+00
19 0 +3.124920683e+05 +3.124988083e+05 +3.124988083e+05 -2.9557e-02 -8.7710e-02 +2.1357e+00 -3.2857e+00 +1.5367e+00 -2.2426e+00 -3.3140e+00 -1.5439e+00 -4.1354e+00 +9.3301e-01 +4.0662e-01 -4.5104e+00 +6.0025e-01 +9.3744e-01 +4.7247e+00 -4.7360e+00 -7.9967e-01 +1.9005e-01 -4.7397e+00 +3.1641e+00
31 0 +1.681198777e+05 +1.681266177e+05 +1.681266177e+05 -4.9628e+00 -3.8108e-01 -4.6667e+00 +3.0438e+00 -2.3503e+00 +7.6046e-01 -5.9677e-01 +2.6614e+00 -7.2885e-01 -3.2973e+00 -5.0078e-01 -4.1109e+00 +2.6350e+00 -1.1446e+00 -2.0487e+00 +1.2643e+00 -2.0847e+00 -2.9908e+00 +3.5099e+00 +1.3613e-01
102 0 +1.097544922e+05 +1.097612322e+05 +1.097612322e+05 +1.2799e-01 -1.6413e+00 +5.4963e-01 -1.8358e+00 +9.5035e-01 -1.4118e+00 -1.3161e+00 -2.0735e+00 -2.7049e+00 -1.9562e-01 +4.6498e-01 -1.4964e+00 +1.3508e+00 +4.1443e-01 +2.8821e+00 -3.4049e+00 -9.2228e-02 +1.2865e-01 -3.5184e+00 +1.3320e+00
158 0 +1.076217382e+05 +1.076284782e+05 +1.076284782e+05 -1.9390e+00 +5.5449e-01 -1.7932e+00 -1.8915e+00 -1.1847e+00 -1.5612e-01 -2.3084e+00 -1.6713e+00 -2.6655e+00 +1.7013e+00 -2.0451e+00 -6.9787e-01 -2.3380e-01 +7.0905e-01 +4.0477e-01 -1.1447e+00 -4.6044e-01 +1.5983e+00 -1.8225e+00 -1.3268e+00
159 0 +9.355795667e+04 +9.356469667e+04 +9.356469667e+04 -1.6720e+00 +2.7084e-01 -1.4905e+00 -1.8843e+00 -9.0889e-01 -3.1834e-01 -2.1802e+00 -1.7232e+00 -2.6706e+00 +1.4562e+00 -1.7208e+00 -8.0103e-01 -2.9097e-02 +6.7099e-01 +7.2479e-01 -1.4367e+00 -4.1287e-01 +1.4085e+00 -2.0415e+00 -9.8337e-01
256 0 +4.808533970e+04 +4.809207970e+04 +4.809207970e+04 -3.7634e+00 -1.4348e-01 -3.5091e+00 +1.2477e+00 -1.8249e+00 +3.6727e-01 -1.1739e+00 +1.0633e+00 -1.4366e+00 -1.5648e+00 -9.4545e-01 -2.9046e+00 +1.6640e+00 -4.8286e-01 -1.0379e+00 +2.7991e-01 -1.4754e+00 -1.3874e+00 +1.4866e+00 -2.7189e-01
257 0 +2.906475540e+04 +2.907149540e+04 +2.907149540e+04 -2.8714e+00 +3.3236e-02 -2.6482e+00 -8.8176e-02 -1.4342e+00 +7.4848e-02 -1.6031e+00 -1.2519e-01 -1.9629e+00 -2.7630e-01 -1.2762e+00 -2.0074e+00 +9.4188e-01 +9.2739e-03 -2.8605e-01 -4.5223e-01 -1.0222e+00 -1.9492e-01 -1.8222e-02 -5.7535e-01
303 0 +2.719142010e+04 +2.719816010e+04 +2.719816010e+04 -2.8671e+00 -7.3210e-02 -2.7957e+00 -2.2335e-02 -1.3652e+00 +2.2936e-01 -1.5384e+00 -9.2991e-02 -1.7407e+00 -3.9464e-01 -1.2211e+00 -1.9791e+00 +9.5627e-01 -2.9271e-02 -5.3377e-01 -4.8260e-01 -1.2110e+00 -3.6990e-01 +1.0076e-01 -6.3847e-01
307 0 +2.684948009e+04 +2.685622009e+04 +2.685622009e+04 -2.2868e+00 -9.1828e-02 -2.5682e+00 -8.1156e-02 -1.2568e+00 +2.7677e-01 -8.4157e-01 -5.3258e-01 -1.8872e+00 -2.7294e-02 -5.3104e-01 -2.0964e+00 +8.9406e-01 -5.0107e-01 -3.7385e-01 -6.7267e-01 -9.1530e-01 +2.5390e-01 +4.9882e-01 -1.7580e-02
407 0 +2.416411284e+04 +2.417085284e+04 +2.417085284e+04 -2.5021e+00 -7.6722e-01 -2.1903e+00 -2.7424e-01 -8.8833e-01 +1.4838e+00 -8.2176e-01 +4.2595e-01 -2.6457e-01 -5.5605e-01 -4.8426e-01 -6.1774e-01 +5.3678e-01 -7.7287e-02 -1.5219e+00 -7.3071e-01 -2.1676e+00 -3.6145e-01 +9.2745e-01 -9.7573e-01
% f evaluations | g evaluations | best noise-free fitness - Fopt (-1.897900000000e+02) + sum g_i+ | measured fitness | best measured fitness or single-digit g-values | x1 | x2...
1 0 +5.513946761e+05 +5.512048861e+05 +5.512048861e+05 -4.1121e+00 -3.8932e+00 -4.3929e+00 +4.2665e+00 -1.1446e+00 +4.9900e+00 +1.4419e-01 +1.2044e-01 +1.4869e+00 -1.5590e+00 +2.9161e+00 -2.8584e+00 -9.8063e-01 +2.4206e+00 +2.1502e+00 +9.7905e-02 -5.0824e-02 +3.1630e+00 +8.4032e-01 +2.9626e+00
3 0 +4.581265547e+05 +4.579367647e+05 +4.579367647e+05 +2.3124e+00 -2.0551e+00 -3.5104e+00 -2.6668e+00 +3.2142e+00 -4.9514e+00 +1.4144e+00 +5.3179e-01 +3.7989e+00 -4.5201e-01 -9.4087e-01 -4.2605e+00 +3.6740e+00 +3.6962e+00 +1.0654e+00 -6.9093e-01 -4.5067e+00 +2.9061e+00 +1.6148e+00 +3.8857e+00
6 0 +4.062287883e+05 +4.060389983e+05 +4.060389983e+05 +2.4857e+00 -4.7058e+00 +3.8549e+00 -2.9287e-01 +3.4164e+00 +1.3719e+00 +1.1050e-01 -4.0794e+00 +3.6140e+00 -3.7574e+00 -4.7772e+00 -1.1945e+00 +4.3721e+00 +2.8331e+00 -1.7944e+00 -2.3754e-01 -1.0671e+00 +2.8689e+00 -1.0077e+00 +4.2066e+00
11 0 +2.744983484e+05 +2.743085584e+05 +2.743085584e+05 +9.6602e-01 +3.1818e+00 +1.0025e+00 -2.1978e+00 -1.1615e+00 +4.4220e+00 +2.3822e+00 -2.2507e+00 +2.0357e+00 +3.5280e+00 +3.8011e+00 +1.3329e+00 +4.9592e+00 +2.4115e+00 +2.5909e+00 -3.7103e+00 -6.4905e-01 +4.7264e-01 -4.0622e+00 -2.7062e+00
18 0 +2.207570965e+05 +2.205673065e+05 +2.205673065e+05 +1.7433e-01 +1.6941e+00 -3.6333e+00 +2.8214e+00 +5.7493e-01 -1.8672e+00 +8.2281e-01 -1.3768e+00 -1.9644e+00 +1.7544e+00 -1.2077e+00 +3.4419e+00 -6.4626e-01 -4.1338e+00 +3.3298e+00 -3.8995e+00 +1.4774e-01 +2.1405e+00 -2.5591e+00 -2.7555e+00
41 0 +1.815657602e+05 +1.813759702e+05 +1.813759702e+05 +1.2449e+00 +3.3510e+00 -8.5975e-01 -3.9778e+00 -1.9315e+00 -2.6201e+00 +4.2662e+00 -1.3294e+00 -3.2240e+00 +1.7607e+00 -2.0225e+00 -2.9651e+00 +1.1733e+00 +1.2209e+00 +3.5184e+00 -1.2687e+00 +3.5181e+00 -7.6825e-01 -1.7988e+00 +4.5480e+00
52 0 +8.341441026e+04 +8.322462026e+04 +8.322462026e+04 -4.5128e-01 +1.0604e+00 +1.1299e+00 -2.5316e+00 -7.5980e-01 -1.5339e+00 +4.1597e+00 -7.5299e-01 -1.8863e+00 +8.1037e-01 -9.3548e-01 -1.0644e+00 -8.7497e-01 -1.5169e-01 +4.0098e+00 +2.6071e-01 +3.4371e+00 +1.0806e+00 -1.7813e+00 +3.4979e+00
56 0 +6.934926518e+04 +6.915947518e+04 +6.915947518e+04 -6.2583e-01 +4.0874e+00 +1.9115e+00 -3.2355e+00 -1.1933e+00 +1.8183e+00 -6.6471e-01 +1.8432e+00 -1.9504e+00 +2.5032e+00 +1.4232e+00 -1.7732e+00 -2.7098e-01 -5.3642e-01 +2.7477e+00 -2.1430e+00 +7.6519e-01 +1.0595e+00 +1.2434e+00 +1.8607e+00
57 0 +6.464562114e+04 +6.445583114e+04 +6.445583114e+04 -7.1316e-02 +3.8691e+00 +1.0901e+00 -3.4555e+00 -1.4121e+00 +5.0268e-01 +7.9688e-01 +9.0278e-01 -2.3279e+00 +2.2831e+00 +4.0186e-01 -2.1265e+00 +1.5714e-01 -1.5536e-02 +2.9761e+00 -1.8838e+00 +1.5812e+00 +5.1772e-01 +3.4169e-01 +2.6572e+00
103 0 +6.341506318e+04 +6.322527318e+04 +6.322527318e+04 -1.7344e-01 +3.9093e+00 +1.2414e+00 -3.4150e+00 -1.3718e+00 +7.4497e-01 +5.2770e-01 +1.0760e+00 -2.2584e+00 +2.3236e+00 +5.8997e-01 -2.0614e+00 +7.8291e-02 -1.1147e-01 +2.9341e+00 -1.9316e+00 +1.4309e+00 +6.1750e-01 +5.0776e-01 +2.5105e+00
107 0 +3.783292744e+04 +3.764313744e+04 +3.764313744e+04 -5.3140e-01 +7.8007e-01 +8.0002e-01 -2.0040e+00 -4.6067e-01 -2.0928e+00 +3.1868e+00 -3.2550e-01 -1.2399e+00 +7.7844e-01 -1.0227e+00 -5.1784e-01 -1.1887e+00 +5.0124e-01 +2.7423e+00 -1.5269e-01 +3.2351e+00 +6.6997e-01 -8.7259e-01 +2.8221e+00
158 0 +3.320187510e+04 +3.301208510e+04 +3.301208510e+04 -3.4452e-01 +2.8480e+00 +7.9153e-01 -2.5217e+00 -8.3791e-01 -5.3250e-01 +1.7742e-01 +1.1724e+00 -1.3391e+00 +1.9097e+00 +1.0226e-01 -1.1158e+00 -5.5840e-01 +7.1458e-01 +1.5764e+00 -1.9204e+00 +1.6669e+00 +2.0593e-01 +1.1069e+00 +1.8888e+00
205 0 +3.129310481e+04 +3.110331481e+04 +3.110331481e+04 -3.7328e-01 +2.8773e+00 +5.8916e-01 -2.5017e+00 -9.8232e-01 -6.6231e-01 +2.6247e-01 +9.3248e-01 -1.4945e+00 +1.8363e+00 +7.2377e-03 -1.1115e+00 -4.2128e-01 +6.6600e-01 +1.6616e+00 -1.9177e+00 +1.5823e+00 +9.6148e-02 +8.2096e-01 +1.8527e+00
206 0 +1.695347276e+04 +1.676368276e+04 +1.676368276e+04 -4.0839e-01 +2.1256e+00 +8.2474e-01 -1.8486e+00 -3.1828e-01 -4.4708e-01 +6.7336e-01 +4.2742e-01 -8.3253e-01 +1.2024e+00 +5.7970e-01 -6.2686e-01 -4.5740e-01 +3.9564e-01 +1.5731e+00 -1.3819e+00 +1.8297e+00 +6.2744e-01 +3.6440e-01 +1.5350e+00
% f evaluations | g evaluations | best noise-free fitness - Fopt (-2.774000000000e+01) + sum g_i+ | measured fitness | best measured fitness or single-digit g-values | x1 | x2...
1 0 +5.612919516e+05 +5.612642116e+05 +5.612642116e+05 -1.4402e+00 -7.3657e-01 +4.6696e+00 -3.7562e+00 -7.9517e-01 +4.3686e+00 -4.8904e+00 -5.5194e-03 -4.8740e+00 -1.3977e+00 +5.4997e-01 -3.3855e+00 -2.9269e+00 +2.3505e+00 -3.0261e+00 +4.7708e+00 -5.1172e-01 +4.4625e+00 +2.9108e-01 -3.9042e-01
3 0 +1.689306854e+05 +1.689029454e+05 +1.689029454e+05 -1.2162e-01 -2.2274e+00 +2.5116e+00 +1.7934e+00 +6.5169e-01 +2.2956e+00 +1.0554e+00 +2.2504e+00 -4.2775e+00 -3.9729e+00 +1.4363e+00 -4.4893e+00 -6.1812e-01 -6.4577e-01 +1.4801e+00 +4.5136e+00 -3.1118e+00 +1.9338e+00 +2.6409e+00 -1.4717e+00
54 0 +1.313043568e+05 +1.312766168e+05 +1.312766168e+05 -8.9809e-01 -7.8600e-01 +1.7547e+00 +1.3565e+00 -2.9692e+00 +3.3154e+00 -3.7523e+00 -3.2358e-01 -3.2649e+00 -1.3358e+00 -9.3739e-01 -8.6121e-03 -1.5787e+00 +2.5720e+00 +1.0773e+00 +3.5087e+00 +1.8637e+00 -1.8098e+00 +4.0905e+00 -1.3394e+00
57 0 +1.247373505e+05 +1.247096105e+05 +1.247096105e+05 +2.2647e+00 -5.3056e-02 +1.6366e+00 +2.4345e+00 +9.8741e-01 +1.0789e+00 +2.3168e+00 -4.3208e+00 -2.7887e+00 -6.0417e-01 -3.2183e+00 +3.2501e+00 +5.3991e-01 +3.6052e+00 +9.5131e-01 +3.1383e+00 -7.0136e-01 -1.0619e+00 +1.9611e+00 -1.0320e+00
155 0 +1.101669948e+05 +1.101392548e+05 +1.101392548e+05 +1.4435e+00 -1.4224e+00 +6.1896e-01 +2.8293e+00 +1.7616e+00 +2.1294e+00 +2.7265e+00 -1.7716e+00 -8.4251e-01 +9.7315e-01 -1.6288e+00 +1.6599e+00 +1.1123e+00 +2.3976e+00 +1.9117e+00 +2.7897e+00 +9.0109e-01 -1.9992e+00 +1.0311e+00 -1.0001e+00
204 0 +6.240731006e+04 +6.237957006e+04 +6.237957006e+04 +1.4458e+00 -1.5488e+00 +1.5374e+00 +5.3512e-01 -7.4741e-01 +9.0301e-01 -2.4327e+00 -1.5857e-01 -2.9065e+00 -2.2535e+00 -3.4679e-01 +1.0151e+00 -2.1082e+00 +3.4856e+00 -2.0619e-01 +2.5411e+00 +1.7737e+00 -3.8610e-01 +5.2159e-01 -1.1905e+00
205 0 +5.863603835e+04 +5.860829835e+04 +5.860829835e+04 +2.0902e+00 -1.5269e+00 +1.2628e+00 +3.0605e-01 +3.7015e-01 +1.6088e-02 -1.5223e+00 +1.3118e-01 -2.4192e+00 -2.7210e+00 -8.6295e-02 +1.2047e+00 -2.4399e+00 +3.5255e+00 -5.5636e-01 +1.6622e+00 +1.6213e+00 +5.2348e-01 -8.6557e-01 -8.5967e-01
304 0 +5.556878342e+04 +5.554104342e+04 +5.554104342e+04 +8.6265e-01 -2.1352e+00 +9.4225e-01 +1.2937e+00 +1.5861e+00 +1.5677e+00 +1.3342e+00 +1.7114e+00 -1.7487e+00 -1.2248e+00 +5.6735e-01 -1.1510e+00 -3.3113e-01 +2.8378e-01 +1.6561e+00 +2.3208e+00 +4.9843e-01 +4.5773e-01 -4.9220e-01 -8.7479e-01
603 0 +3.228018590e+04 +3.225244590e+04 +3.225244590e+04 -8.1900e-02 -1.2315e+00 +5.1730e-01 +1.8144e+00 +1.3269e+00 +1.3498e+00 -9.6699e-01 +4.6592e-01 -3.6021e+00 -2.5204e+00 -2.0561e-01 -1.9255e+00 -1.7300e+00 +1.3741e+00 +4.9763e-01 +2.9168e+00 -1.7471e+00 +1.5340e+00 +3.1540e-01 -1.4380e+00
% f evaluations | g evaluations | best noise-free fitness - Fopt (6.930000000000e+00) + sum g_i+ | measured fitness | best measured fitness or single-digit g-values | x1 | x2...
1 0 +2.829168642e+05 +2.829237942e+05 +2.829237942e+05 +1.6464e+00 -4.6110e+00 +2.9835e+00 +8.4514e-01 +4.0793e+00 +4.5643e+00 +7.0543e-01 -2.3220e+00 -4.1924e+00 +6.0760e-01 -3.9519e+00 -2.3762e+00 -1.3080e+00 -4.4478e-01 -7.5057e-01 -1.8052e+00 +3.8609e-01 -4.1053e+00 -5.2827e-01 -4.5602e+00
19 0 +1.696852994e+05 +1.696922294e+05 +1.696922294e+05 +1.9388e+00 +4.4425e+00 -2.8762e+00 -1.2142e+00 +1.3860e+00 -2.8011e+00 -2.3094e+00 +4.2743e+00 +2.2937e+00 +4.2046e+00 -3.1631e+00 +1.1779e+00 -2.6402e+00 +4.3463e+00 -3.6594e+00 -2.0821e+00 -1.3379e+00 -4.6053e+00 +7.8496e-01 +3.4633e+00
56 0 +9.767293001e+04 +9.767986001e+04 +9.767986001e+04 +1.9056e+00 +3.4144e+00 -2.2108e+00 -9.8030e-01 +1.6919e+00 -1.9647e+00 -1.9670e+00 +3.5252e+00 +1.5572e+00 +3.7961e+00 -3.2526e+00 +7.7425e-01 -2.4889e+00 +3.8022e+00 -3.3290e+00 -2.0507e+00 -1.1422e+00 -4.5486e+00 +6.3583e-01 +2.5521e+00
102 0 +8.419740846e+04 +8.420433846e+04 +8.420433846e+04 +2.3788e+00 +2.3819e+00 -1.0403e+00 -2.2814e+00 +1.9123e+00 -2.5480e+00 -9.4647e-01 +3.1428e+00 +9.5460e-01 -1.1521e+00 -1.6174e+00 -1.8990e+00 -8.5284e-01 +2.7169e+00 -4.1590e+00 -2.6784e+00 +2.7128e+00 -4.0637e+00 +2.2154e+00 -4.0699e-01
103 0 +6.306417332e+04 +6.307110332e+04 +6.307110332e+04 +2.1151e+00 +2.9572e+00 -1.6925e+00 -1.5565e+00 +1.7895e+00 -2.2230e+00 -1.5151e+00 +3.3559e+00 +1.2903e+00 +1.6049e+00 -2.5285e+00 -4.0956e-01 -1.7644e+00 +3.3216e+00 -3.6966e+00 -2.3286e+00 +5.6493e-01 -4.3338e+00 +1.3353e+00 +1.2417e+00
109 0 +5.897479329e+04 +5.898172329e+04 +5.898172329e+04 +1.7594e+00 +3.7315e+00 -2.1793e+00 -1.0441e+00 +1.2698e+00 -5.7014e-01 -1.5378e+00 +3.7797e+00 +1.4585e+00 +2.3035e+00 -1.6035e+00 +1.1093e-01 -1.6585e+00 +2.6395e+00 -2.2277e+00 -2.2986e+00 -1.7006e+00 -3.0054e+00 +1.0480e+00 +2.3772e+00
209 0 +5.457960490e+04 +5.458653490e+04 +5.458653490e+04 +2.3884e+00 +2.3517e+00 -1.6646e+00 -1.0950e+00 +2.0246e+00 -1.7680e-01 -9.8989e-01 +3.3794e+00 +1.5122e+00 +5.4181e-01 -2.1429e-01 +7.9015e-02 -1.1505e+00 +2.4130e+00 -1.0313e+00 -2.1072e+00 -1.2923e+00 -2.7857e+00 +1.2649e+00 +1.9668e+00
307 0 +5.076682929e+04 +5.077375929e+04 +5.077375929e+04 +2.5162e-01 +3.6417e+00 -2.1247e+00 -1.0923e+00 +1.2834e+00 -6.3051e-01 -1.4764e+00 +3.7350e+00 +1.4631e+00 +2.1486e+00 -1.4976e+00 +6.5454e-02 -1.5959e+00 +2.6459e+00 -2.2583e+00 -2.2905e+00 -1.5341e+00 -3.0264e+00 +1.0732e+00 +2.2911e+00
502 0 +4.694637676e+04 +4.695330676e+04 +4.695330676e+04 +1.3788e+00 +3.1759e+00 -2.0720e+00 -8.4445e-01 +7.2356e-01 -8.3600e-01 -8.8165e-01 +2.4786e+00 +1.8956e+00 +2.9559e+00 -1.6998e+00 +1.1597e+00 -3.2579e-01 +2.0271e+00 -2.6707e+00 -1.5880e+00 +1.8919e-01 -2.1696e+00 -1.7065e-01 +2.1729e+00
603 0 +4.556418678e+04 +4.557111678e+04 +4.557111678e+04 +1.9567e+00 +1.9935e+00 -2.0576e+00 -1.0097e+00 +1.4850e+00 -1.0030e+00 -1.2665e+00 +3.2434e+00 +1.6935e+00 +2.2680e+00 -1.4601e+00 +7.3086e-01 -1.2635e+00 +2.7636e+00 -2.1819e+00 -1.9084e+00 -8.2861e-01 -3.0646e+00 +5.9750e-01 +2.3778e+00
1462 0 +4.438289504e+04 +4.438982504e+04 +4.438982504e+04 +1.8160e+00 +2.6724e+00 -2.3137e+00 -9.6560e-01 +3.4133e-01 -1.4277e+00 -1.0626e+00 +2.9027e+00 +1.7073e+00 +3.1416e+00 -9.7447e-01 +1.2922e+00 -8.8174e-01 +2.4857e+00 -3.1321e+00 -1.8384e+00 +1.7056e-01 -2.5913e+00 +2.7078e-01 +2.0139e+00
% f evaluations | g evaluations | best noise-free fitness - Fopt (-4.456000000000e+01) + sum g_i+ | measured fitness | best measured fitness or single-digit g-values | x1 | x2...
1 0 +7.896569732e+05 +7.896124132e+05 +7.896124132e+05 -3.3031e+00 +3.0279e+00 +7.0279e-01 -1.5779e+00 +5.5210e-01 +1.6522e+00 -4.8541e+00 -4.3556e+00 -1.6611e+00 -4.4748e+00 +2.6358e+00 +3.8073e+00 -9.1871e-01 -4.8583e+00 -3.0963e+00 +3.3543e+00 +3.9417e+00 +2.6253e+00 +3.9100e+00 -4.1857e+00
2 0 +3.116417192e+05 +3.115971592e+05 +3.115971592e+05 +1.2741e+00 +1.3629e+00 -1.4218e+00 -4.3568e+00 +5.0267e-01 +1.1760e-01 +4.2756e+00 -3.9767e-01 +2.3553e+00 -1.2374e+00 +4.5171e-01 +2.2436e+00 +8.4004e-01 -1.9048e+00 -2.1374e+00 -3.4719e+00 -1.7062e+00 +1.4778e+00 +1.4732e+00 -6.7254e-02
10 0 +2.172087731e+05 +2.171642131e+05 +2.171642131e+05 +4.5976e+00 +2.7420e+00 +4.5277e-01 -3.0938e+00 -2.7061e+00 +2.6313e+00 +1.9768e+00 +4.4326e+00 -7.5746e-01 +1.6671e+00 -2.8875e+00 +6.1083e-01 +4.8155e+00 +2.1752e-03 -3.5346e+00 -7.4433e-01 +2.7118e+00 -4.2031e+00 -2.6270e+00 +4.5698e+00
52 0 +1.743104293e+05 +1.742658693e+05 +1.742658693e+05 -4.1183e+00 +2.3002e-01 +1.7420e-01 -1.1774e+00 -6.4505e-01 +2.0451e+00 +1.4973e+00 +3.4313e+00 -1.9077e+00 +7.9149e-01 -2.5698e+00 +3.7435e+00 +2.5262e+00 -2.5611e+00 -1.9840e+00 -2.4125e+00 +1.6234e+00 -1.4501e+00 -2.9681e+00 +1.1992e+00
53 0 +1.432094983e+05 +1.431649383e+05 +1.431649383e+05 -2.9233e+00 -3.3597e+00 -3.9535e-02 +1.9921e+00 -2.1183e+00 -8.7631e-02 +3.1324e+00 +2.2409e+00 -2.3033e+00 -1.5820e+00 +2.2337e+00 +1.7875e+00 +2.4902e+00 +2.0848e+00 +1.6730e-01 -3.4073e+00 -1.5222e+00 -8.3538e-02 -2.0270e+00 +2.7943e+00
56 0 +7.228237873e+04 +7.223781873e+04 +7.223781873e+04 -2.2595e-01 +3.5404e-01 -3.7122e-01 +2.5973e+00 +5.5232e-01 +2.0954e+00 -1.2884e+00 -9.2645e-01 -1.5542e+00 -1.0948e+00 -6.8530e-01 -2.5632e+00 +2.9256e+00 -1.8175e+00 -3.5307e-01 -1.9494e-01 -2.2919e+00 -1.5125e+00 -7.4871e-01 -3.1668e+00
362 0 +7.013995873e+04 +7.009539873e+04 +7.009539873e+04 -2.2595e-01 +3.5404e-01 -3.7122e-01 +2.5973e+00 +5.5232e-01 +2.0954e+00 -1.2884e+00 -9.2645e-01 -1.5542e+00 -1.0948e+00 -6.8530e-01 -7.6963e-01 +2.9256e+00 -1.8175e+00 -3.5307e-01 -1.9494e-01 -2.2919e+00 -1.5125e+00 -7.4871e-01 -3.1668e+00
402 0 +6.596266836e+04 +6.591810836e+04 +6.591810836e+04 +1.7667e+00 +7.8431e-02 +5.4708e-02 -1.4565e+00 -2.5664e+00 +6.3469e-01 +3.0459e-01 -7.6096e-02 +4.8970e-01 +6.0746e-01 -1.2054e-01 -4.6311e-01 +2.1395e+00 -9.9320e-01 +8.9046e-01 -2.9628e-02 +2.0532e-01 -2.7554e+00 -7.8559e-01 +3.7406e+00
408 0 +5.670189218e+04 +5.665733218e+04 +5.665733218e+04 +2.8841e+00 +7.1264e-01 +3.1206e-01 -2.2993e+00 -9.0813e-01 +2.9145e+00 +2.9148e-01 +2.5465e+00 -2.2876e-01 +1.2847e+00 -6.2226e-01 -7.0809e-01 +3.3273e+00 -4.1893e-02 -3.4684e+00 -1.6215e+00 +1.6849e+00 -3.9007e+00 -1.6083e+00 +2.8614e+00
456 0 +4.820052721e+04 +4.815596721e+04 +4.815596721e+04 +2.3495e+00 +4.0229e-01 +1.8382e-01 -1.9088e+00 -1.7363e+00 +1.7637e+00 +2.4528e-01 +1.2544e+00 +1.0771e-01 +9.2704e-01 -3.5830e-01 -6.1695e-01 +2.7289e+00 -4.9168e-01 -1.2997e+00 -8.6235e-01 +9.4896e-01 -3.3449e+00 -1.1616e+00 +3.2934e+00
857 0 +4.710483244e+04 +4.706027244e+04 +4.706027244e+04 +9.6862e-01 +9.4541e-01 -1.6716e-01 +1.1879e+00 -2.5465e-01 +2.2281e+00 -4.7976e-01 +4.0073e-01 -1.3569e+00 -4.1081e-01 -1.2307e+00 -1.7772e+00 +3.3937e+00 -1.3669e+00 -1.1410e+00 -3.3100e-01 -1.0527e+00 -2.1789e+00 -1.2139e+00 -1.2508e+00
% f evaluations | g evaluations | best noise-free fitness - Fopt (1.000000000000e+03) + sum g_i+ | measured fitness | best measured fitness or single-digit g-values | x1 | x2...
1 0 +1.500557151e+06 +1.501557151e+06 +1.501557151e+06 +2.1523e+00 +2.2432e+00 +4.6343e-01 -2.4164e+00 -1.4901e+00 -9.5413e-01 -4.7794e+00 -3.4232e+00 -7.1928e-01 +4.9896e+00 +1.0404e+00 +4.8243e+00 +4.9543e+00 -4.0378e+00 +1.8019e+00 +4.1241e+00 -4.0877e+00 +2.4331e+00 -4.1107e+00 -2.2970e+00
2 0 +6.251222508e+05 +6.261222508e+05 +6.261222508e+05 +2.4872e+00 -4.1015e+00 -4.8400e+00 -2.3857e+00 -2.6347e+00 +3.1916e+00 -3.5641e+00 +5.5440e-01 +2.4791e+00 -2.9205e+00 -2.9032e+00 -3.1292e+00 +1.8696e+00 -6.1945e-01 -1.5356e+00 -1.1311e+00 +4.1487e+00 -8.8683e-01 -3.3977e+00 +2.2886e+00
3 0 +5.462698905e+05 +5.472698905e+05 +5.472698905e+05 +3.2231e-01 -2.0269e+00 +1.4814e+00 -3.7831e+00 +9.4797e-01 +1.5105e+00 +4.5735e+00 -2.6797e+00 +3.2758e+00 -4.5391e+00 -7.2864e-01 +1.1943e+00 -2.6652e+00 +1.2340e-01 +3.0630e+00 +2.5018e+00 -1.9947e+00 +2.4683e+00 -4.6170e+00 +2.8217e-01
14 0 +3.198463531e+05 +3.208463531e+05 +3.208463531e+05 -1.1217e+00 -3.4421e+00 +7.6858e-01 -4.9385e+00 -4.3326e-01 -3.4241e+00 -3.2716e+00 -2.4071e+00 +3.9843e-01 -1.9893e+00 +2.1873e-01 +8.4055e-01 -2.4925e+00 +1.8900e-01 -2.5669e+00 +4.7293e+00 -1.0515e+00 +4.3833e+00 -2.3021e+00 +1.1894e+00
21 0 +2.846771975e+05 +2.856771975e+05 +2.856771975e+05 +9.5808e-01 -4.5879e+00 +1.2704e+00 -3.1725e+00 +4.9244e-02 +1.3065e+00 +2.6850e+00 +1.3927e+00 +2.4167e+00 -4.4460e-01 +1.2226e+00 +2.0739e+00 -8.6983e-01 -7.2904e-01 -2.8522e+00 -1.9634e+00 -3.0238e+00 -2.3769e+00 -3.3657e+00 +2.4012e+00
52 0 +2.787900447e+05 +2.797900447e+05 +2.797900447e+05 +1.4725e+00 -1.5513e+00 +3.4142e+00 -3.8036e+00 +1.6286e-01 +1.1384e+00 -3.8228e-01 -3.0781e+00 -4.6649e+00 -4.4850e+00 +2.5487e+00 -4.4901e+00 +1.8180e+00 -2.4574e+00 +4.0631e+00 +1.3320e+00 -3.0099e+00 +3.7805e+00 +2.1665e+00 +3.5064e+00
54 0 +2.718701750e+05 +2.728701750e+05 +2.728701750e+05 -9.7294e-01 -2.8652e+00 -2.2076e+00 -4.1504e+00 -2.6862e-01 -9.3982e-01 -5.0439e-01 +3.0152e+00 +1.7840e+00 -1.6993e+00 -2.4590e+00 +1.6784e+00 -4.1760e+00 +2.0606e+00 +2.2438e+00 +1.9477e+00 +1.0586e+00 +1.6241e-01 +2.7946e-01 +1.6352e+00
55 0 +1.873768139e+05 +1.883768139e+05 +1.883768139e+05 -1.0682e+00 -3.2348e+00 -3.0084e-01 -4.6553e+00 -3.7410e-01 -2.5314e+00 -2.2773e+00 -4.5874e-01 +8.9631e-01 -1.8851e+00 -7.4345e-01 +1.1416e+00 -3.0974e+00 +8.6149e-01 -8.3832e-01 +3.7298e+00 -2.9327e-01 +2.8666e+00 -1.3745e+00 +1.3496e+00
104 0 +1.537176361e+05 +1.547176361e+05 +1.547176361e+05 +2.2485e-01 -4.0983e+00 +7.0183e-01 -3.7090e+00 -1.0395e-01 -8.2257e-02 +8.8936e-01 +7.2275e-01 +1.8665e+00 -9.6584e-01 +5.1114e-01 +1.7365e+00 -1.6759e+00 -1.5349e-01 -2.1235e+00 +9.6708e-02 -2.0358e+00 -4.7951e-01 -2.6451e+00 +2.0206e+00
105 0 +1.240894838e+05 +1.250894838e+05 +1.250894838e+05 -3.3500e-01 -3.7245e+00 +2.6772e-01 -4.1187e+00 -2.2091e-01 -1.1426e+00 -4.8165e-01 +2.1122e-01 +1.4465e+00 -1.3638e+00 -3.2038e-02 +1.4789e+00 -2.2914e+00 +2.8595e-01 -1.5671e+00 +1.6697e+00 -1.2813e+00 +9.6920e-01 -2.0950e+00 +1.7301e+00
154 0 +9.982738812e+04 +1.008273881e+05 +1.008273881e+05 +5.5847e-01 -3.0842e-01 +1.3130e+00 -2.8051e+00 -1.2940e+00 -1.0563e-01 +1.2147e+00 -1.9660e+00 -2.7534e+00 -1.2055e+00 +2.3409e+00 -2.8074e+00 +3.3099e-02 -2.8929e+00 +2.7184e+00 +1.0605e+00 -1.5663e+00 +2.4694e+00 +9.3436e-01 +3.0244e+00
914 0 +8.978396310e+04 +9.078396310e+04 +9.078396310e+04 +9.3261e-02 -1.2754e+00 +2.0016e+00 -2.2671e+00 -2.0960e-01 +1.1832e+00 +1.4278e-02 -1.1279e+00 -1.9423e-01 -6.0750e-01 +1.3200e+00 +9.4808e-01 +6.8791e-01 -1.6308e+00 +1.3375e-01 +5.1928e-01 -1.4967e+00 +1.4309e-01 -2.0397e+00 +1.5066e+00
% f evaluations | g evaluations | best noise-free fitness - Fopt (-6.797100000000e+02) + sum g_i+ | measured fitness | best measured fitness or single-digit g-values | x1 | x2...
1 0 +2.096327547e+05 +2.089530447e+05 +2.089530447e+05 -4.6261e+00 -1.1903e+00 +3.2295e+00 +2.2450e+00 -1.0081e+00 +4.8921e+00 -3.8508e-01 +2.4589e+00 -1.2902e+00 -1.6633e+00 -2.7449e+00 -1.5364e+00 -4.2914e+00 +1.7731e+00 -1.6941e+00 -9.3163e-01 -4.9632e+00 +1.2973e+00 +4.3306e+00 -8.5571e-01
4 0 +1.261080172e+05 +1.254283072e+05 +1.254283072e+05 +1.5396e+00 -2.3886e+00 +3.2301e+00 -4.8215e+00 +1.0723e+00 -1.8058e-02 +3.9478e+00 +1.8229e+00 +3.3622e-03 -5.5147e-01 -3.1093e+00 -2.4379e+00 +1.1743e-01 +1.3815e+00 -2.4469e+00 -5.3756e-01 +9.0980e-01 -4.1468e+00 +3.6758e+00 +1.5808e+00
53 0 +7.424424496e+04 +7.356453496e+04 +7.356453496e+04 +2.3324e+00 -2.1511e+00 +7.0037e-01 -2.7919e+00 -8.0072e-01 -9.4905e-03 +3.5379e+00 +1.9075e+00 +3.6222e-01 -1.0431e+00 -1.9714e+00 -4.1385e-01 -1.5164e+00 +1.6388e+00 -1.5511e+00 -5.1983e-02 +1.4952e+00 -2.4863e+00 +8.7755e-01 +2.0483e-01
108 0 +4.964880771e+04 +4.896909771e+04 +4.896909771e+04 +7.1135e-01 -8.9235e-01 +7.9850e-01 -1.3853e+00 +2.9914e-02 -1.5458e+00 +1.5128e+00 +8.2051e-01 -7.8660e-01 -1.1316e+00 -2.5305e+00 +6.4862e-01 +3.5127e-01 +6.9518e-01 -4.6574e-01 +1.0102e+00 -6.1696e-01 -8.2168e-01 +5.6199e-01 +1.8434e+00
663 0 +3.156158544e+04 +3.088187544e+04 +3.088187544e+04 +1.9390e-01 -6.9746e-01 -4.4448e-01 -1.9995e+00 +4.6349e-02 +5.2595e-01 +7.6279e-01 +1.4430e+00 -5.9135e-01 -1.3752e+00 -1.0980e+00 +5.7946e-01 -5.4525e-01 +1.0066e+00 -4.5156e-01 +1.3002e+00 +2.4004e-02 -2.7907e-01 +2.0464e+00 +8.3904e-01
% f evaluations | g evaluations | best noise-free fitness - Fopt (1.000000000000e+03) + sum g_i+ | measured fitness | best measured fitness or single-digit g-values | x1 | x2...
1 0 +5.209952698e+05 +5.219952698e+05 +5.219952698e+05 +8.7842e-01 +1.5536e+00 -3.6628e+00 -4.4710e+00 -4.8426e+00 -3.9349e+00 +4.2364e+00 -4.0962e+00 +1.6002e+00 +4.1161e+00 -1.3558e+00 +1.2954e+00 +4.3594e+00 +1.5026e+00 -3.3938e+00 -2.0728e+00 +1.9652e+00 -2.1285e+00 +9.6047e-01 +2.7039e-01
2 0 +3.420129669e+05 +3.430129669e+05 +3.430129669e+05 +3.3364e+00 +2.1497e+00 +1.5456e+00 -3.8189e+00 +9.5242e-02 +4.1143e+00 -4.7008e-01 +4.8979e-01 -9.5915e-01 -1.9444e+00 -2.9513e+00 -4.6224e+00 -1.1665e-01 -1.6625e+00 -2.7253e+00 -3.4982e-01 +3.2691e-01 -4.9267e+00 +8.4845e-01 +4.4857e+00
10 0 +2.522405002e+05 +2.532405002e+05 +2.532405002e+05 -2.4926e+00 +1.5327e+00 -2.6567e+00 +4.1895e+00 +6.8470e-01 -3.7173e+00 +1.9915e+00 +3.3091e+00 -1.5948e+00 -3.9988e+00 +3.9518e+00 +1.4125e+00 +1.1117e+00 -1.7340e+00 -2.6981e+00 -4.7893e+00 -2.3198e+00 +1.8341e+00 -1.0150e+00 -2.4290e-01
34 0 +2.165949019e+05 +2.175949019e+05 +2.175949019e+05 -1.7138e+00 -3.3231e+00 +2.7367e+00 +3.3464e+00 +2.8874e+00 +9.5410e-01 -1.9338e+00 -1.0738e+00 +6.9105e-01 -1.2717e+00 +1.1494e+00 -2.6500e+00 -3.5087e+00 -4.4356e+00 -2.1410e+00 +2.6958e+00 -2.2423e+00 -1.3978e+00 -2.3580e+00 -2.7075e+00
38 0 +1.772475449e+05 +1.782475449e+05 +1.782475449e+05 -4.7355e+00 -9.8144e-01 -1.6272e+00 +1.4521e+00 -3.4968e+00 +4.9575e+00 -3.9992e+00 -1.0373e-01 -1.9888e+00 +1.8514e+00 -6.0121e-01 -4.3663e+00 +3.3129e+00 -8.2326e-01 +3.3830e+00 -2.0746e+00 -1.9519e+00 -3.2428e+00 +3.8105e+00 +4.3903e+00
39 0 +1.502840154e+05 +1.512840154e+05 +1.512840154e+05 -1.7984e+00 -1.9716e+00 +1.5555e+00 +3.0018e-01 -3.0935e-01 -2.0995e+00 -3.6271e+00 -2.3149e+00 -1.8663e+00 +3.3151e+00 -1.6315e+00 -1.5641e+00 +2.6139e+00 +2.8232e-01 -3.8449e+00 -2.4003e+00 -6.2486e-01 -1.6185e+00 +2.4970e+00 +3.4185e+00
52 0 +6.572295712e+04 +6.672295712e+04 +6.672295712e+04 -4.5333e+00 -2.0901e+00 +5.3641e-01 +2.2578e+00 +1.4118e+00 +1.9133e+00 +1.9495e+00 -3.8174e+00 +5.6904e-01 -7.0246e-01 +7.1728e-01 -3.3120e+00 -9.9909e-01 +9.4479e-01 +1.9796e+00 +1.0763e+00 -5.6132e-02 +6.3632e-01 +5.1178e-01 +1.8957e+00
53 0 +6.341833110e+04 +6.441833110e+04 +6.441833110e+04 -4.4779e+00 -2.3301e+00 +1.6218e-01 +2.3487e+00 +1.7198e+00 +1.5297e+00 +1.8855e+00 -3.8497e+00 +9.5493e-01 -5.3151e-01 +9.9748e-01 -3.1495e+00 -5.9464e-01 +8.9840e-01 +2.0661e+00 +1.0176e+00 +2.3874e-01 +1.1628e+00 +1.7640e-01 +1.8970e+00
54 0 +4.978689354e+04 +5.078689354e+04 +5.078689354e+04 -2.9102e+00 -2.3959e+00 +1.0089e+00 +2.5964e+00 +3.5966e-01 +2.5392e+00 -2.7516e+00 -6.8970e-01 -3.6999e-01 -3.5153e-02 +4.5626e-01 -3.3296e+00 -8.0780e-01 -3.0053e+00 +4.6129e-02 +8.0705e-01 -2.1273e+00 -2.1283e+00 +8.4302e-02 +1.0279e-01
55 0 +4.658503681e+04 +4.758503681e+04 +4.758503681e+04 -3.5391e+00 -1.9086e+00 +1.0066e-01 +2.2021e+00 -9.6909e-01 +3.3724e+00 -3.1814e+00 -4.8781e-01 -9.2775e-01 +6.1484e-01 +9.1908e-02 -3.6868e+00 +6.1198e-01 -2.2535e+00 +1.1958e+00 -1.8582e-01 -2.0669e+00 -2.5123e+00 +1.3682e+00 +1.5801e+00
104 0 +3.926356687e+04 +4.026356687e+04 +4.026356687e+04 -3.1985e+00 -2.3416e+00 +9.2498e-01 +2.5362e+00 +5.4656e-01 +2.4280e+00 -1.9164e+00 -1.2453e+00 -2.0318e-01 -1.5370e-01 +5.0263e-01 -3.3264e+00 -8.4178e-01 -2.3036e+00 +3.8961e-01 +8.5489e-01 -1.7594e+00 -1.6372e+00 +1.6024e-01 +4.2130e-01
107 0 +3.675423787e+04 +3.775423787e+04 +3.775423787e+04 -3.6299e+00 -1.9251e+00 +1.4045e-01 +2.2072e+00 -7.5172e-01 +3.2392e+00 -2.7130e+00 -7.9178e-01 -7.9109e-01 +4.9458e-01 +1.4900e-01 -3.6525e+00 +4.6489e-01 -1.9615e+00 +1.2674e+00 -7.0586e-02 -1.8833e+00 -2.2248e+00 +1.2900e+00 +1.6089e+00
1860 0 +3.375568288e+04 +3.475568288e+04 +3.475568288e+04 -1.4575e+00 -1.4026e+00 +5.1052e-01 +1.0154e+00 -2.7446e-01 -3.6494e-02 -1.4784e+00 -1.9313e+00 -1.5978e+00 +1.4852e+00 -1.0565e+00 -1.9777e+00 +8.8174e-01 +4.6217e-01 -1.9144e+00 -6.1178e-01 -9.6750e-01 -1.6504e+00 +1.9915e+00 +2.2682e+00
% f evaluations | g evaluations | best noise-free fitness - Fopt (1.007000000000e+01) + sum g_i+ | measured fitness | best measured fitness or single-digit g-values | x1 | x2...
1 0 +4.380875893e+05 +4.380976593e+05 +4.380976593e+05 +4.0590e+00 +7.2893e-01 -1.6695e+00 -2.1664e+00 -4.3583e+00 -4.6566e+00 +3.6301e+00 -4.8736e+00 +2.4849e+00 -3.8694e+00 -3.5208e+00 -2.9042e+00 +2.2634e+00 +1.8520e+00 -2.8060e+00 -3.1785e-01 +2.6308e+00 -3.8074e+00 -3.3602e+00 -1.2571e+00
13 0 +2.400703843e+05 +2.400804543e+05 +2.400804543e+05 +2.8553e-01 +1.2259e+00 -2.2776e+00 -1.4217e+00 -4.9373e+00 -4.4108e+00 -3.3428e+00 -3.6806e+00 +1.5769e-02 -4.2189e-01 -2.7895e+00 -2.1694e+00 +6.5030e-01 +2.9105e+00 +8.6750e-01 -2.1242e+00 +4.8467e-01 -1.0027e+00 -3.7692e+00 -3.8360e+00
43 0 +1.376893150e+05 +1.376993850e+05 +1.376993850e+05 -4.2716e+00 -4.5790e+00 -4.3662e+00 -3.9567e+00 +1.0577e+00 -2.5871e+00 -4.2249e+00 +3.8335e+00 -3.0097e+00 -4.5554e+00 -4.3493e+00 +4.8784e-01 +6.1397e-01 +2.3502e+00 +1.7496e-01 +2.2429e-01 -4.9021e-01 +3.3235e+00 -2.1669e+00 +1.1906e+00
53 0 +5.794587661e+04 +5.795594661e+04 +5.795594661e+04 -3.0456e+00 -3.5074e+00 -3.2686e+00 -3.1839e+00 +1.0232e+00 -2.3850e+00 -3.2302e+00 +3.1226e+00 -2.6524e+00 -4.1431e+00 -3.7463e+00 -1.0299e-01 -2.5535e-02 +2.5354e+00 +4.1052e-01 +7.1362e-01 -6.0509e-01 +2.6835e+00 -1.8048e+00 +5.8832e-01
108 0 +3.344228186e+04 +3.345235186e+04 +3.345235186e+04 -1.5191e+00 -2.9561e+00 -2.9754e+00 -3.5098e+00 +1.4241e+00 -2.5825e+00 -1.9123e+00 +2.7452e+00 -2.5433e+00 -3.5316e+00 -2.7085e+00 +1.5264e+00 -4.6897e-01 +5.2672e-01 -7.8894e-02 -3.4442e-01 -3.5996e-01 +8.5135e-01 -1.9395e+00 +2.0018e-02
156 0 +1.915138238e+04 +1.916145238e+04 +1.916145238e+04 +2.2782e-01 -2.0076e+00 -2.7090e+00 -1.3660e+00 +8.0262e-01 -1.3722e+00 -9.7744e-01 +2.0610e+00 -6.9906e-01 -1.3167e+00 -4.9200e-01 +1.1605e+00 -2.2075e-01 +5.3867e-01 -1.0222e+00 +2.1463e-01 +9.1673e-01 +1.4822e+00 -9.8849e-01 -5.9510e-01
507 0 +1.682600423e+04 +1.683607423e+04 +1.683607423e+04 -2.5794e+00 -7.0903e-01 -1.3778e+00 -1.1812e+00 -5.2357e-01 -1.1961e+00 +1.0852e-01 +1.5472e+00 -2.0615e+00 -2.9448e+00 -3.0623e-01 +2.0965e-01 -9.1273e-01 +1.5737e+00 +7.9061e-01 +8.4892e-01 +5.7775e-01 +5.1198e-01 -1.0194e+00 +1.6154e+00
1357 0 +1.659577196e+04 +1.660584196e+04 +1.660584196e+04 -2.2165e+00 -7.5484e-01 -1.8083e+00 -2.0340e+00 +5.6649e-01 -1.5563e+00 -9.4456e-02 +1.0534e+00 -1.5813e+00 -3.0026e+00 -6.8161e-01 +3.2682e-01 -3.1274e-01 +1.3526e+00 +7.1297e-01 +1.3366e-01 -5.4509e-01 +8.0228e-01 -1.1138e+00 +9.9412e-01
1611 0 +1.524400827e+04 +1.525407827e+04 +1.525407827e+04 -2.2165e+00 -7.5484e-01 -1.8083e+00 -2.0340e+00 +5.6649e-01 -1.5563e+00 -9.4456e-02 +1.0534e+00 -1.5813e+00 -1.0645e+00 -6.8161e-01 +3.2682e-01 -3.1274e-01 +1.3526e+00 +7.1297e-01 +1.3366e-01 -5.4509e-01 +8.0228e-01 -1.1138e+00 +9.9412e-01
1811 0 +1.367647000e+04 +1.368654000e+04 +1.368654000e+04 -2.2165e+00 -7.5484e-01 -1.8083e+00 -2.0340e+00 +5.6649e-01 -5.3896e-01 -9.4456e-02 +1.0534e+00 -1.5813e+00 -1.0645e+00 -6.8161e-01 +3.2682e-01 -3.1274e-01 +1.3526e+00 +7.1297e-01 +1.3366e-01 -5.4509e-01 +8.0228e-01 -1.1138e+00 +9.9412e-01
% f evaluations | g evaluations | best noise-free fitness - Fopt (-7.540000000000e+00) + sum g_i+ | measured fitness | best measured fitness or single-digit g-values | x1 | x2...
1 0 +6.022530714e+05 +6.022455314e+05 +6.022455314e+05 +1.1819e+00 -8.4995e-01 -1.9680e+00 +4.9117e+00 -4.3455e+00 -3.7737e+00 +3.0448e+00 +1.7679e+00 +2.1519e+00 -3.2274e+00 +4.0401e+00 -4.2477e+00 +2.4367e+00 +1.3714e+00 -8.5984e-01 +7.6598e-01 +4.3301e+00 -4.4208e+00 -4.4575e+00 -2.8308e+00
2 0 +5.011639415e+05 +5.011564015e+05 +5.011564015e+05 -1.8387e+00 +1.7190e+00 +3.2871e+00 +2.2394e+00 -4.5628e+00 +3.6058e+00 -4.2591e+00 -4.0996e+00 -2.0121e+00 -3.3727e+00 -6.7383e-02 +4.2223e+00 +1.3852e+00 -1.1374e-01 +2.9115e+00 -8.1886e-01 -2.3304e-02 -4.8746e+00 +3.5421e+00 -2.9790e+00
3 0 +2.687480370e+05 +2.687404970e+05 +2.687404970e+05 +5.4531e-01 -6.0274e-01 -1.2525e+00 +6.8757e-01 -4.6577e-01 -3.7729e+00 -1.6040e+00 +2.0563e+00 +2.8554e-01 -2.1512e+00 +2.0667e+00 +3.7494e+00 +4.8779e+00 +2.0287e+00 +4.4299e+00 -1.6546e+00 +1.6886e+00 -8.9252e-01 -4.2021e+00 -1.6917e+00
12 0 +2.325071469e+05 +2.324996069e+05 +2.324996069e+05 +6.0936e-01 -3.2332e+00 +3.1399e+00 -4.0212e+00 -1.1848e+00 +4.9336e+00 -3.6094e+00 -2.9397e-01 -4.4282e+00 +2.1899e+00 +1.3213e+00 -5.0858e-01 -2.3703e+00 +9.0309e-01 -3.4834e+00 -3.1361e-01 -3.5284e-01 -3.1739e+00 +5.1794e-01 -1.3018e+00
27 0 +1.529960223e+05 +1.529884823e+05 +1.529884823e+05 +3.1676e+00 -1.1963e+00 +4.4597e+00 -3.3333e+00 +1.2068e+00 +1.5229e+00 +3.5086e-01 -1.0959e+00 +4.2291e+00 -2.5873e+00 -3.1525e+00 -3.7556e+00 +4.9620e-01 -3.2503e+00 +1.3911e+00 -1.7750e+00 -1.9631e-01 -1.2444e+00 -4.1811e+00 +2.4480e+00
59 0 +1.228002192e+05 +1.227926792e+05 +1.227926792e+05 +2.8607e+00 -1.4608e+00 +4.4463e+00 -3.4713e+00 +1.6120e+00 +1.0636e+00 +4.8229e-01 -1.0226e+00 +3.9351e+00 -2.7993e+00 -2.9327e+00 -2.7637e+00 +8.5966e-01 -2.7166e+00 +1.3525e+00 -1.2568e+00 +3.3776e-01 -1.5817e+00 -4.1413e+00 +2.6927e+00
102 0 +5.729888433e+04 +5.729134433e+04 +5.729134433e+04 +6.6838e-01 -3.2673e+00 -1.7437e+00 -1.3301e+00 -4.1283e-03 +1.3431e+00 -2.1303e+00 -2.1403e+00 +8.6911e-01 -3.1150e+00 -3.8573e-01 +4.7001e-01 +2.6631e+00 -2.0734e+00 +1.9330e+00 -3.7447e-01 +2.3698e+00 -2.5257e+00 -1.7393e+00 +9.4379e-01
103 0 +5.295369480e+04 +5.294615480e+04 +5.294615480e+04 -6.2217e-01 -3.0235e+00 -1.1077e+00 -1.4885e+00 +1.1212e+00 +1.5746e+00 -2.6449e+00 -1.9276e+00 +2.8620e-01 -3.5199e+00 +8.8073e-01 +3.5822e-01 +2.9797e+00 -2.8610e+00 +2.4041e+00 -1.3140e+00 +3.1326e+00 -2.7842e+00 -1.8790e+00 +5.6629e-01
155 0 +3.920288658e+04 +3.919534658e+04 +3.919534658e+04 +3.9311e-01 -2.5340e+00 +3.8385e-01 -1.9827e+00 +1.1442e+00 +1.5607e+00 -1.8423e+00 -1.7048e+00 +1.3425e+00 -3.2701e+00 -1.9980e-01 -7.4389e-01 +2.3143e+00 -2.9653e+00 +2.1327e+00 -1.4375e+00 +2.2407e+00 -2.3717e+00 -2.4957e+00 +1.0704e+00
205 0 +3.031425066e+04 +3.030671066e+04 +3.030671066e+04 +1.1367e+00 -1.3641e-02 +3.9840e+00 -1.0726e+00 -1.1338e+00 +2.3679e+00 -1.5193e+00 -2.3144e+00 +1.6972e+00 -2.9059e+00 -1.9010e+00 -1.7220e-01 +8.5684e-01 -1.9779e+00 +2.0079e+00 -1.3871e+00 -1.2613e-01 -2.7171e+00 -1.0480e+00 +2.4641e-01
207 0 +1.711755306e+04 +1.711001306e+04 +1.711001306e+04 +7.3302e-01 +5.4438e-01 +1.2269e+00 -5.1394e-01 +2.2172e+00 +1.3884e+00 -3.7835e-01 -7.5829e-01 +1.7600e-02 -3.6041e+00 +3.9979e-01 +6.8317e-02 +3.0700e+00 -1.1273e+00 +2.0062e+00 -1.7906e+00 +2.7474e+00 -2.1559e+00 -2.6807e+00 +5.8304e-01
303 0 +1.672808706e+04 +1.672054706e+04 +1.672054706e+04 +7.2035e-01 +5.0741e-01 +1.1148e+00 -3.7184e-01 +2.2276e+00 +1.3264e+00 -3.2353e-01 -7.6620e-01 -3.3715e-02 -3.6013e+00 +3.8547e-01 -8.5146e-02 +3.0401e+00 -1.1003e+00 +1.8623e+00 -1.8142e+00 +2.5360e+00 -2.2025e+00 -2.7432e+00 +5.0453e-01
