% f evaluations | g evaluations | best noise-free fitness - Fopt (-4.620900000000e+02) + sum g_i+ | measured fitness | best measured fitness or single-digit g-values | x1 | x2...
1 0 +3.131510415e+03 +2.669420415e+03 +2.669420415e+03 +2.3642e+00 +1.0688e+00 -3.0049e+00 +2.2939e-02 +4.1454e+00 -3.1540e+00 +6.5772e-02 +1.4579e+00 +2.1090e+00 -1.5000e-01 +1.6300e+00 +2.3245e+00 +2.8121e+00 -3.3432e+00 +7.1073e-01 +2.8785e+00 +2.0538e+00 +3.7985e-01 +1.2434e+00 +2.1143e+00
2 0 +1.773836151e+03 +1.311746151e+03 +1.311746151e+03 +1.2776e+00 +1.9574e+00 -1.8874e+00 -9.9101e-01 +2.0584e+00 -2.4629e+00 +1.5589e+00 -4.7319e-01 +1.5434e+00 -2.4739e-02 +1.7469e+00 +9.8190e-01 +2.8967e+00 -2.0550e+00 -6.8604e-01 +1.8444e+00 +2.1014e+00 +9.5987e-01 -2.7537e-01 -8.9641e-02
3 0 +1.303312279e+03 +8.412222787e+02 +8.412222787e+02 +7.6405e-01 +2.4686e+00 -1.1131e+00 -1.2944e+00 +1.0529e+00 -2.1240e+00 +2.2886e+00 -1.5364e+00 +1.0632e+00 -8.9211e-02 +1.6900e+00 +1.6049e-01 +2.8885e+00 -1.5075e+00 -1.4479e+00 +1.1730e+00 +1.8047e+00 +1.4037e+00 -8.8051e-01 -1.0648e+00
6 0 +1.286915107e+03 +8.248251065e+02 +8.248251065e+02 -1.6262e-01 +2.3151e+00 -1.4169e+00 -1.3835e+00 +2.2917e+00 -8.7833e-01 +1.3230e+00 -5.1205e-01 +4.0511e-01 +2.6011e-01 +1.2696e+00 -1.8548e-01 +2.4506e+00 -9.5037e-01 +1.2861e-02 +1.3770e+00 +2.3533e+00 +1.5199e+00 -1.0512e+00 -8.0421e-01
10 0 +9.994382187e+02 +5.373482187e+02 +5.373482187e+02 +2.4097e-01 +2.3641e+00 -1.3129e+00 -1.3371e+00 +1.8030e+00 -1.4103e+00 +1.7056e+00 -9.0923e-01 +6.9520e-01 +1.1572e-01 +1.4474e+00 -1.5897e-02 +2.6343e+00 -1.2002e+00 -5.7616e-01 +1.0090e-01 +2.1324e+00 +1.4579e+00 -9.6152e-01 -8.8410e-01
15 0 +9.239222349e+02 +4.618322349e+02 +4.618322349e+02 +2.4097e-01 +2.3641e+00 -1.3129e+00 -1.3371e+00 +1.8030e+00 -1.4103e+00 +1.7056e+00 -9.0923e-01 +6.9520e-01 +1.1572e-01 +1.4474e+00 -1.5897e-02 +2.6343e+00 -1.2002e+00 -5.7616e-01 +1.0090e-01 +1.4227e-01 +1.4579e+00 -9.6152e-01 -8.8410e-01
26 0 +8.830168069e+02 +4.209268069e+02 +4.209268069e+02 +1.9716e-01 +7.3403e-01 -1.3096e+00 -1.3415e+00 +1.8645e+00 -1.3508e+00 +1.6577e+00 -8.5551e-01 +6.6505e-01 +1.3312e-01 +1.3724e+00 -3.0503e-02 +1.7992e-02 -1.1740e+00 -5.1221e-01 +2.3118e-01 +3.6552e-01 +1.4621e+00 -9.5412e-01 -7.9837e-01
27 0 +8.682178534e+02 +4.061278534e+02 +4.061278534e+02 +1.7284e-01 +1.2306e+00 -1.3086e+00 -1.3441e+00 +1.8983e+00 -1.3179e+00 +1.6313e+00 -8.2758e-01 +6.4843e-01 +1.4281e-01 +1.3074e+00 -3.8605e-02 +8.0884e-01 -1.1594e+00 -4.7313e-01 +3.0761e-01 +4.9622e-01 +1.0193e+00 -9.6314e-01 -8.1302e-01
% f evaluations | g evaluations | best noise-free fitness - Fopt (7.766000000000e+01) + sum g_i+ | measured fitness | best measured fitness or single-digit g-values | x1 | x2...
1 0 +1.022588953e+03 +1.100248953e+03 +1.100248953e+03 +1.4746e+00 +1.6800e+00 +3.6285e+00 +1.0822e+00 -1.0515e+00 +2.8796e+00 -6.3453e-01 +1.0352e+00 +1.9654e+00 -3.4302e+00 +1.1758e+00 +2.1144e+00 +7.5132e-01 -1.2464e+00 +9.9261e-01 +1.6978e+00 -1.0954e+00 +1.2971e+00 -7.7366e-02 -6.9695e-01
3 0 +8.861232506e+02 +9.637832506e+02 +9.637832506e+02 +1.2900e+00 +1.8557e+00 +2.7332e+00 +1.7722e+00 -1.0210e+00 +2.5536e+00 +9.0262e-02 +1.0038e+00 +1.2917e+00 -2.9765e+00 +1.6702e+00 +3.5672e-01 +1.6228e+00 -3.7313e-02 -2.7946e-01 +1.6959e+00 -1.1677e+00 +7.4202e-01 +3.4541e-01 +7.3056e-02
17 0 +7.379914751e+02 +8.156514751e+02 +8.156514751e+02 +7.5387e-01 +1.5369e+00 +1.9519e+00 +3.6324e-01 +3.1508e-01 +1.5353e+00 -4.9617e-01 +9.1518e-01 +1.3217e+00 -1.8255e+00 +1.4089e+00 +6.9077e-01 +8.9442e-01 -5.9449e-01 +7.1760e-01 +2.4550e-01 -1.2450e+00 +3.7375e-01 -2.7598e-01 -1.0552e+00
% f evaluations | g evaluations | best noise-free fitness - Fopt (1.156800000000e+02) + sum g_i+ | measured fitness | best measured fitness or single-digit g-values | x1 | x2...
1 0 +2.329352169e+03 +2.445032169e+03 +2.445032169e+03 +7.9935e-01 +2.9401e+00 +3.0861e+00 -2.9134e+00 -6.2177e-01 -8.4328e-02 -8.3046e-01 -1.9843e+00 +1.7511e+00 +1.2269e-01 +1.5817e-01 +2.9015e+00 +7.9369e-01 -1.2076e+00 +9.2137e-01 -2.3795e+00 -1.4188e+00 +2.1490e+00 -2.4394e-01 +4.1794e+00
2 0 +1.022458161e+03 +1.138138161e+03 +1.138138161e+03 -1.7793e+00 +1.7062e+00 +3.2512e+00 -1.3839e+00 +4.2071e-01 +1.2818e+00 -2.3890e-01 +1.8365e+00 -1.4874e+00 -6.4598e-01 -1.5357e+00 -7.1732e-01 +5.5576e-01 +6.3769e-02 -3.1423e+00 +1.5592e-01 +1.9563e+00 +5.1190e-01 -1.6642e+00 -2.4750e-01
6 0 +9.997597907e+02 +1.115439791e+03 +1.115439791e+03 -7.5869e-01 +2.1019e+00 +3.2212e+00 -1.9977e+00 +2.7493e-02 +6.5504e-01 -4.0358e-01 +4.2248e-01 -3.0221e-01 -2.8106e-01 -8.6326e-01 +7.6465e-01 +5.9508e-01 -3.4340e-01 -1.6269e+00 -8.8272e-01 +6.4505e-01 +1.1585e+00 -1.0736e+00 +1.4732e+00
9 0 +9.431633856e+02 +1.058843386e+03 +1.058843386e+03 -7.8914e-01 +2.0607e+00 +3.2466e+00 -1.9491e+00 -4.8761e-02 +6.2874e-01 -3.4004e-01 +5.1201e-01 -2.9663e-01 -3.3252e-01 -8.5929e-01 +7.7661e-01 +6.3954e-01 -3.2204e-01 -1.5753e+00 -9.3816e-01 +7.1542e-01 +1.1405e+00 -1.1138e+00 +2.8673e-01
10 0 +9.326363690e+02 +1.048316369e+03 +1.048316369e+03 -1.2320e+00 +2.0815e+00 +3.1730e+00 -1.8663e+00 +4.8065e-01 +9.5862e-01 -5.3691e-01 +9.1254e-01 -8.9495e-01 -2.7299e-01 -1.2198e+00 +2.0743e-02 +3.8226e-01 -1.4364e-01 -3.3739e-01 -2.9048e-01 +1.0872e+00 +8.5228e-01 -1.2388e+00 +7.5143e-01
24 0 +9.072673299e+02 +1.022947330e+03 +1.022947330e+03 -9.3427e-01 +1.9110e+00 +1.4638e+00 -4.8348e-01 +1.9561e-01 +5.9178e-01 -4.5304e-01 +6.0429e-01 -5.2211e-01 -2.7807e-01 -9.9554e-01 +4.8867e-01 +5.1613e-01 -2.6929e-01 -1.1485e+00 -6.6300e-01 +8.0909e-01 +1.0449e+00 -9.1988e-01 +1.2054e+00
28 0 +8.449955918e+02 +9.606755918e+02 +9.606755918e+02 -9.3427e-01 +1.9110e+00 +1.4638e+00 -4.8348e-01 +1.9561e-01 +5.9178e-01 -4.5304e-01 +6.0429e-01 -5.2211e-01 -2.7807e-01 -9.9554e-01 +4.8867e-01 +5.1613e-01 -2.6929e-01 -1.1485e+00 -6.6300e-01 +8.0909e-01 +1.0449e+00 -9.1988e-01 +6.6241e-01
40 0 +8.021407967e+02 +9.178207967e+02 +9.178207967e+02 -9.3427e-01 +1.6817e+00 +1.3486e+00 -4.8348e-01 +1.9561e-01 +5.9178e-01 -4.5304e-01 +6.0429e-01 -4.6963e-01 -2.7807e-01 -5.2333e-01 +4.8867e-01 +5.1613e-01 -2.6929e-01 -3.5473e-01 -6.6300e-01 +7.8670e-01 +1.0449e+00 -3.4714e-01 +6.1248e-01
% f evaluations | g evaluations | best noise-free fitness - Fopt (-3.710000000000e+00) + sum g_i+ | measured fitness | best measured fitness or single-digit g-values | x1 | x2...
1 0 +9.729834509e+02 +9.692734509e+02 +9.692734509e+02 -8.4414e-01 -4.4193e+00 +4.1394e-01 -2.6121e+00 +7.1899e-01 -2.2881e+00 -7.1301e-01 +2.4931e-02 -4.6864e-01 -1.8979e+00 -5.2128e-01 -2.6307e+00 +7.9455e-01 +5.9297e-01 -6.3429e-02 +1.7250e-01 -1.0237e+00 +3.0546e-01 +6.0470e-01 -9.2071e-01
% f evaluations | g evaluations | best noise-free fitness - Fopt (1.321800000000e+02) + sum g_i+ | measured fitness | best measured fitness or single-digit g-values | x1 | x2...
1 0 +9.158471510e+02 +1.048027151e+03 +1.048027151e+03 -1.5082e+00 -3.7118e+00 -8.4621e-01 -1.1930e+00 +1.8262e+00 +5.2612e-01 -7.8533e-01 -1.3376e+00 +1.0912e+00 +3.1512e+00 -1.9127e-01 +3.9931e+00 -1.8457e-01 +7.4273e-01 +5.2339e-01 -1.7460e+00 -1.8617e-02 +2.0927e+00 +1.5373e+00 -1.2818e-01
2 0 +7.501232143e+02 +8.823032143e+02 +8.823032143e+02 -2.6321e+00 -1.3843e+00 -1.0666e+00 +3.9883e-01 +3.8500e-01 +6.6365e-01 -3.3312e-01 -1.3315e+00 +1.8051e+00 +7.9581e-01 -5.7155e-01 +1.7078e+00 -1.2437e+00 -1.3950e+00 +6.0635e-01 -1.3059e+00 +2.9734e-01 +2.8021e+00 +5.7241e-01 +4.7159e-01
4 0 +6.631196587e+02 +7.952996587e+02 +7.952996587e+02 -1.2410e+00 -1.1206e+00 -1.0007e+00 -5.9928e-01 +3.4844e-01 +9.4867e-01 -5.9400e-01 -3.6334e-01 +8.0623e-02 +2.0155e+00 +1.0461e-01 +2.3326e+00 +2.2882e-02 +2.2436e-01 -2.2415e-01 -1.6278e+00 +5.8422e-01 +7.6460e-01 +5.2842e-01 +4.3311e-01
12 0 +6.579299004e+02 +7.901099004e+02 +7.901099004e+02 -1.5374e+00 -4.9300e-01 -1.0531e+00 -2.3954e-01 -1.9944e-02 +9.4942e-01 -6.1307e-01 -5.0121e-01 +5.3246e-01 +1.5257e+00 +4.5938e-02 +1.6973e+00 -2.0492e-01 -1.9041e-01 -3.0365e-02 -1.2943e+00 +4.3505e-01 +1.3007e+00 +3.9396e-01 +1.6083e-01
14 0 +6.446088294e+02 +7.767888294e+02 +7.767888294e+02 -1.6572e+00 -2.3420e-01 -1.0742e+00 -1.4091e-01 -1.8849e-01 +3.3386e-01 -6.3164e-01 -4.9371e-01 +5.8294e-01 +1.3235e+00 +3.7723e-02 +1.8084e+00 -2.1980e-01 -2.8602e-01 -1.2485e-02 -1.1998e+00 +4.4359e-01 +1.4288e+00 +1.2297e-02 +4.4123e-01
% f evaluations | g evaluations | best noise-free fitness - Fopt (-3.930000000000e+01) + sum g_i+ | measured fitness | best measured fitness or single-digit g-values | x1 | x2...
1 0 +1.297511489e+03 +1.258211489e+03 +1.258211489e+03 -3.7601e+00 +1.5764e+00 +3.9703e-01 -2.8168e+00 -2.8899e+00 -1.2750e+00 -9.3545e-01 -3.4806e+00 +5.1911e-01 -8.6913e-01 +2.5815e+00 -8.7289e-01 -2.7580e+00 -4.4019e-01 -6.7590e-01 -1.4648e+00 +6.7510e-01 +4.7301e-01 -1.1004e+00 +5.4231e-01
2 0 +1.048303904e+03 +1.009003904e+03 +1.009003904e+03 -1.7492e+00 +1.6162e+00 +9.9160e-01 -1.5634e+00 -1.8730e+00 -2.2276e+00 -3.7445e-01 -3.1097e+00 +7.1089e-01 -1.2996e+00 +7.6367e-01 -3.6589e-01 -2.5652e+00 -1.1923e+00 -1.2928e+00 +1.3247e-01 +1.7992e+00 +3.7841e-01 +1.0751e-02 +3.3618e-01
4 0 +9.780338893e+02 +9.387338893e+02 +9.387338893e+02 -4.9860e-01 +2.2269e+00 +4.5355e-01 -1.5629e-01 -1.5943e+00 -2.7132e+00 -1.4022e+00 -2.9501e+00 +1.3393e+00 -8.6767e-01 +4.3876e-01 -6.0782e-01 -1.9696e+00 -1.2023e+00 -1.0557e+00 +1.9871e-01 +1.3449e+00 -3.9688e-01 +1.0061e+00 -3.0057e-02
9 0 +8.525388099e+02 +8.132388099e+02 +8.132388099e+02 -7.2224e-01 +1.3062e+00 +9.9120e-01 -1.4460e+00 -1.8911e+00 -1.0148e+00 +1.6562e-01 -2.5453e+00 +7.4954e-01 -1.1052e+00 +1.4272e+00 -8.4920e-01 -1.9182e+00 -7.8665e-01 -7.5396e-01 -1.6325e-01 +1.2579e+00 +7.0712e-01 -8.0597e-01 -1.9897e-01
10 0 +8.323029355e+02 +7.930029355e+02 +7.930029355e+02 -7.2224e-01 +1.3062e+00 +9.9120e-01 -1.4460e+00 -1.8911e+00 -1.0148e+00 +1.6562e-01 -2.5453e+00 +7.4954e-01 -1.1052e+00 +1.4272e+00 -8.4920e-01 -8.2956e-01 -7.8665e-01 -7.5396e-01 -1.6325e-01 +1.2579e+00 +7.0712e-01 -8.0597e-01 -1.9897e-01
13 0 +8.148378440e+02 +7.755378440e+02 +7.755378440e+02 -7.2224e-01 +1.3062e+00 +9.9120e-01 -1.4460e+00 -1.8911e+00 -1.0148e+00 +1.6562e-01 -2.5453e+00 +7.4954e-01 -1.1052e+00 +6.1811e-01 -8.4920e-01 -1.1802e+00 -7.8665e-01 -7.5396e-01 -1.6325e-01 +1.2579e+00 +7.0712e-01 -8.0597e-01 -1.9897e-01
% f evaluations | g evaluations | best noise-free fitness - Fopt (4.296000000000e+01) + sum g_i+ | measured fitness | best measured fitness or single-digit g-values | x1 | x2...
1 0 +9.749723406e+02 +1.017932341e+03 +1.017932341e+03 -7.6970e-01 -1.8527e+00 -3.1006e+00 +7.1006e-01 +3.4139e+00 -2.5313e+00 +2.5126e+00 +1.0757e+00 -2.4198e+00 -3.3056e+00 -1.6099e+00 -1.3031e-01 -1.0723e+00 +1.6735e+00 +1.4492e+00 +4.9186e-01 +1.1071e+00 +1.0798e+00 +5.1132e-01 +4.9944e-01
2 0 +6.109749016e+02 +6.539349016e+02 +6.539349016e+02 -9.2213e-01 +2.9165e-01 -2.1401e+00 -1.2536e+00 +2.2676e+00 -1.0403e+00 -1.2240e+00 +8.4974e-01 +4.1407e-01 -2.0858e+00 +1.0311e+00 +1.7122e+00 -6.3596e-01 +1.3007e-02 -1.9920e-01 +7.6251e-01 -3.4353e-02 +3.2521e-01 -4.3273e-01 +1.1132e+00
% f evaluations | g evaluations | best noise-free fitness - Fopt (2.842200000000e+02) + sum g_i+ | measured fitness | best measured fitness or single-digit g-values | x1 | x2...
1 0 +1.672205233e+03 +1.956425233e+03 +1.956425233e+03 -3.2420e-01 -3.3554e-01 -3.2302e-01 +3.6139e+00 -3.2875e+00 -1.1008e-01 +3.2587e+00 +1.9894e+00 -3.2323e+00 +1.1973e+00 -6.3804e-01 +1.8607e-02 +1.5217e+00 -1.4086e+00 -4.3469e-01 -1.0199e+00 -1.1405e+00 -4.5301e-01 -3.2592e-01 +1.7266e+00
4 0 +1.074097288e+03 +1.358317288e+03 +1.358317288e+03 +1.4808e+00 +2.7363e-01 +1.2684e+00 -3.4041e-01 -3.3424e+00 -4.5464e-01 +7.1386e-01 +5.9626e-01 -1.0453e+00 +1.2641e+00 -2.6934e-01 -7.3115e-01 -7.7244e-01 -2.3511e+00 -1.4303e+00 +1.5968e+00 +4.7643e-01 +5.6759e-01 -4.6222e-01 +2.8471e-01
9 0 +1.027529196e+03 +1.311749196e+03 +1.311749196e+03 +1.6922e-02 +1.0815e+00 +1.1614e+00 +1.9081e-01 -2.9993e+00 -1.1388e-02 +1.3094e+00 +1.1673e+00 -2.2022e+00 +1.1666e+00 -2.4153e-01 -3.2453e-02 -2.7603e-02 -5.3519e-01 -9.9243e-01 +1.5115e-01 -3.0734e-01 -3.5741e-01 -7.9786e-01 +4.1108e-01
12 0 +1.017872280e+03 +1.302092280e+03 +1.302092280e+03 -1.4495e-01 +1.3246e+00 +7.0294e-01 +4.6823e-01 -2.8268e+00 +1.9114e-03 +9.9548e-01 +1.0970e+00 -2.4249e+00 +1.0451e+00 -3.5785e-01 +2.7218e-01 -1.8266e-02 -1.5737e-01 -9.0077e-01 +1.2841e-01 -1.2503e-01 -5.4667e-01 -1.3119e-02 +2.2935e-01
% f evaluations | g evaluations | best noise-free fitness - Fopt (-3.217000000000e+01) + sum g_i+ | measured fitness | best measured fitness or single-digit g-values | x1 | x2...
1 0 +1.783153923e+03 +1.750983923e+03 +1.750983923e+03 -2.4928e-01 -1.9876e+00 +3.2846e+00 +8.9021e-01 +2.6583e+00 -1.1386e+00 -9.5435e-01 -1.4787e+00 +2.0647e+00 -1.9809e+00 +9.7257e-01 -2.0829e+00 +3.6385e-01 -2.9891e-01 -9.2867e-01 +1.5426e-01 +1.0350e+00 +2.2397e+00 -1.3920e-01 +2.9096e+00
2 0 +1.649037340e+03 +1.616867340e+03 +1.616867340e+03 -4.5782e-01 +6.2930e-01 +7.1840e-01 -7.3827e-01 +2.9877e+00 -2.2876e+00 -6.0860e-01 -3.8921e-01 +2.2676e+00 +5.5038e-01 -7.5866e-01 -3.1301e+00 -9.2899e-02 +2.4959e-01 +4.1478e-01 +8.8340e-01 +3.2335e-01 +1.7413e+00 +1.4320e+00 +1.0618e+00
4 0 +1.102072720e+03 +1.069902720e+03 +1.069902720e+03 +7.5850e-01 +6.3242e-03 +2.4375e+00 +1.2769e+00 +1.4385e+00 +9.1850e-01 -8.2803e-01 -1.2774e+00 +1.5315e+00 -7.9946e-01 -1.6144e-01 -2.0456e+00 +3.9300e-01 +1.1118e+00 +9.1486e-01 +1.7013e+00 +2.3858e-01 +3.2604e-01 +4.8676e-01 -2.5307e-01
8 0 +1.077936404e+03 +1.045766404e+03 +1.045766404e+03 +3.5881e-01 +6.3971e-01 +1.9794e+00 +6.9426e-01 +1.3050e+00 +4.4760e-01 -4.9345e-01 -5.5011e-01 +1.4241e+00 -3.4490e-01 +9.2788e-02 -1.9396e+00 +4.6505e-01 +6.7823e-01 +7.1449e-01 +1.7457e+00 +3.4207e-01 +3.7929e-01 +8.3976e-01 -3.3348e-01
11 0 +1.053981787e+03 +1.021811787e+03 +1.021811787e+03 +3.4735e-01 +6.7884e-01 +1.9879e+00 +6.7223e-01 +1.2922e+00 +4.5909e-01 -4.5162e-01 -5.1590e-01 +1.4330e+00 -3.4313e-01 +1.2819e-01 -9.4623e-01 +4.7686e-01 +6.7684e-01 +7.0414e-01 +1.7704e+00 +3.7539e-01 +3.8793e-01 +8.5282e-01 -3.4908e-01
14 0 +1.043496859e+03 +1.011326859e+03 +1.011326859e+03 +3.5544e-01 +6.6373e-01 +1.9833e+00 +6.7494e-01 +1.3023e+00 +4.4667e-01 -4.6767e-01 -5.3063e-01 +1.4407e+00 -3.4157e-01 +1.1059e-01 -1.0254e+00 +4.6667e-01 +6.8427e-01 +7.0623e-01 +1.7611e+00 +3.6517e-01 +3.9485e-01 +8.1497e-01 -3.3432e-01
19 0 +8.024656131e+02 +7.702956131e+02 +7.702956131e+02 +3.7362e-01 +6.3093e-01 +1.9787e+00 +6.8731e-01 +1.1471e+00 +4.3340e-01 -4.9804e-01 -5.6399e-01 +1.4539e+00 -3.4518e-01 +7.8988e-02 -1.1707e+00 +4.4954e-01 +7.0166e-01 +6.9220e-01 +4.5387e-04 +3.4714e-01 +4.0481e-01 +8.1929e-01 -3.0984e-01
22 0 +7.893942936e+02 +7.572242936e+02 +7.572242936e+02 +3.5311e-01 +6.6812e-01 +1.9848e+00 +6.7437e-01 +1.2933e+00 +4.5075e-01 -4.6284e-01 -4.4834e-01 +1.4383e+00 -3.4226e-01 +1.1594e-01 -1.0014e+00 +4.6980e-01 +6.8215e-01 +7.0499e-01 +3.4575e-01 +3.6828e-01 +3.9267e-01 +8.2893e-01 -3.3887e-01
% f evaluations | g evaluations | best noise-free fitness - Fopt (-5.858000000000e+01) + sum g_i+ | measured fitness | best measured fitness or single-digit g-values | x1 | x2...
1 0 +9.338802292e+02 +8.753002292e+02 +8.753002292e+02 -1.3939e-02 +6.5157e-01 -1.6211e+00 +1.0987e+00 -7.0420e-01 +9.9499e-02 +1.4074e-01 +1.0012e+00 -4.1225e-01 -4.8357e+00 +1.0790e+00 +5.0847e-01 +7.5703e-01 -1.1122e+00 -5.1597e-01 +7.8339e-01 +6.5314e-02 -1.4297e+00 -1.3536e+00 +1.9298e-01
2 0 +8.865455037e+02 +8.279655037e+02 +8.279655037e+02 +2.4717e-01 -7.8585e-02 -1.8052e+00 +1.4829e-01 -9.3770e-01 +5.0129e-01 -1.6274e-01 +1.5727e+00 +2.3365e-01 -3.1220e+00 +1.6316e+00 +5.8345e-01 +7.8079e-01 +1.6720e-01 -2.6620e-01 +1.3859e+00 +9.6230e-01 -8.6047e-01 -1.3127e+00 +2.2113e-01
3 0 +8.161708998e+02 +7.575908998e+02 +7.575908998e+02 -8.6731e-01 +8.8335e-01 -8.6043e-01 +1.5514e+00 -2.0663e-01 +1.3270e-01 +8.1115e-02 +6.8653e-01 +2.8533e-01 -3.4029e+00 +4.2772e-01 +4.7217e-01 -3.4962e-01 -1.5896e+00 -6.7306e-01 +3.8388e-01 -6.5512e-01 -1.0792e+00 -3.7635e-01 +3.9902e-01
6 0 +7.761448491e+02 +7.175648491e+02 +7.175648491e+02 -1.2422e+00 +8.3392e-01 -9.4660e-01 +4.8055e-01 -1.0242e+00 +9.2973e-01 +6.2507e-01 +1.9447e+00 +4.9719e-01 -5.8259e-02 +2.1655e+00 -6.4766e-01 +1.3560e+00 +6.8830e-01 -1.4003e-01 +5.8179e-01 +3.9959e-01 -6.6471e-01 -3.4482e-01 -1.8339e-01
14 0 +7.550828527e+02 +6.965028527e+02 +6.965028527e+02 -5.7976e-01 +5.3123e-01 -1.2888e+00 +5.7935e-01 -8.6089e-01 +5.9778e-01 +2.4963e-01 +1.5624e+00 +2.7648e-01 -1.1557e+00 +1.1772e+00 +1.4289e-02 +8.9917e-01 +5.2905e-02 -2.8938e-01 +8.3542e-01 +4.0924e-01 -8.0450e-01 -7.7650e-01 +5.9008e-02
39 0 +7.357588313e+02 +6.771788313e+02 +6.771788313e+02 -7.2853e-01 +5.5339e-01 -9.8527e-01 +4.7441e-01 -9.2783e-01 +7.1846e-01 +9.1076e-02 +7.0862e-01 +3.7958e-01 -2.3770e-01 +5.5872e-01 -1.5787e-01 +1.0353e+00 +3.1363e-01 -2.2804e-01 +2.2269e-01 +4.8188e-01 -1.1236e-01 -6.4800e-01 -8.6234e-03
% f evaluations | g evaluations | best noise-free fitness - Fopt (-6.049200000000e+02) + sum g_i+ | measured fitness | best measured fitness or single-digit g-values | x1 | x2...
1 0 +1.272486467e+03 +6.675664674e+02 +6.675664674e+02 -1.4317e+00 -8.3070e-01 +1.0491e+00 +4.1005e+00 +2.3536e+00 -2.2833e-01 +1.1161e+00 +2.7795e+00 +7.4620e-01 -8.0841e-01 +2.0151e+00 +1.8531e-01 -4.1517e+00 +9.7794e-01 +1.4218e-01 -1.9659e+00 +3.8812e+00 -1.7761e+00 +6.2645e-01 -7.7461e-01
2 0 +1.029529322e+03 +4.246093220e+02 +4.246093220e+02 -1.2261e+00 -3.3700e-01 +5.4347e-01 +3.6712e+00 +2.4014e+00 -2.1003e-01 +1.0263e+00 +2.2873e+00 +5.9769e-01 -7.1615e-01 +1.7472e+00 +1.8947e-01 -3.3895e+00 +1.1528e+00 -2.9033e-01 -1.6190e+00 +3.4377e+00 -1.4540e+00 +9.3727e-01 -3.5454e-01
3 0 +9.286243341e+02 +3.237043341e+02 +3.237043341e+02 -1.5110e+00 +3.4818e+00 -9.2999e-01 +1.9029e+00 +1.9149e+00 +1.4162e+00 -4.1087e-01 -1.7557e+00 +1.0646e+00 -1.2293e+00 -1.2428e-01 -4.3738e-02 +1.2077e-01 -1.6566e-01 -2.3285e+00 -7.0501e-01 +1.1591e+00 +5.5666e-01 +9.5839e-01 +1.8411e+00
4 0 +8.839144448e+02 +2.789944448e+02 +2.789944448e+02 -7.6699e-01 +1.4041e+00 -6.0479e-01 +9.8331e-01 +5.8004e-01 -4.3394e-01 +4.8577e-01 -1.8480e+00 +4.2535e-01 -1.5349e+00 +1.7816e+00 +7.3289e-01 +2.7089e-01 -2.4220e+00 -1.2367e+00 +1.0621e+00 +2.0709e+00 +2.6838e-01 -4.0337e-01 +8.3714e-02
5 0 +8.001070999e+02 +1.951870999e+02 +1.951870999e+02 -1.8551e+00 +8.3349e-01 +4.6089e-01 +2.0872e+00 +1.6220e+00 -5.5013e-02 +5.6285e-02 -1.3673e-01 +1.0440e+00 -1.3677e+00 +1.4073e+00 +3.7775e-01 -1.6497e+00 -1.4385e+00 -7.7459e-01 -7.5900e-01 +2.6678e+00 -6.9048e-01 +3.3829e-02 +2.4347e-02
6 0 +7.805058196e+02 +1.755858196e+02 +1.755858196e+02 -1.9722e+00 +9.7440e-01 +2.1837e-02 +1.1225e+00 +1.9780e+00 -5.7794e-01 -3.3956e-01 -5.2708e-01 +8.9983e-01 -1.1723e+00 +1.1126e+00 +4.8375e-01 -6.8608e-01 -1.5204e+00 -1.2371e+00 -3.3985e-01 +2.1644e+00 -5.9955e-01 +5.9622e-01 +4.7512e-01
11 0 +7.272762150e+02 +1.223562150e+02 +1.223562150e+02 -1.8023e+00 +9.5955e-01 +3.6363e-02 +1.2474e+00 +1.8829e+00 -5.2038e-01 -2.3790e-01 -5.1053e-01 +5.4297e-01 -1.1993e+00 +1.1846e+00 +4.8260e-01 -7.6784e-01 -1.5119e+00 -1.1800e+00 -3.2561e-01 +2.2260e+00 -4.9108e-01 +5.0268e-01 +4.0071e-01
12 0 +6.513092195e+02 +4.638921950e+01 +4.638921950e+01 -1.9652e+00 +9.7681e-01 +3.5746e-02 +1.1609e+00 +1.9595e+00 -5.5284e-01 -3.2415e-01 -5.2114e-01 +9.0564e-01 -1.1820e+00 +1.1225e+00 +4.7939e-01 -7.1730e-01 -1.5210e+00 -1.2219e+00 -3.5261e-01 +2.0458e-01 -5.9770e-01 +3.7510e-01 +4.5994e-01
20 0 +6.186529488e+02 +1.373294879e+01 +1.373294879e+01 -1.8610e+00 +9.5672e-01 +4.5789e-02 +1.2952e+00 +3.0885e-01 -4.9532e-01 -2.0546e-01 -5.0384e-01 +4.5359e-01 -7.9524e-01 +1.2072e+00 +4.8052e-01 -8.0163e-01 -1.5099e+00 -1.1591e+00 -3.2718e-01 +2.5011e-01 -5.7205e-01 +4.6839e-01 +3.7536e-01
38 0 +6.034611507e+02 -1.458849292e+00 -1.458849292e+00 -1.7018e+00 +9.5560e-01 +4.6401e-02 +1.2842e+00 +4.7215e-01 -3.0256e-01 -2.1267e-01 -5.0350e-01 +4.8949e-01 -7.9715e-01 +1.1981e+00 +4.3743e-01 -5.0005e-01 -3.0186e-01 -1.1631e+00 -3.2926e-01 +2.8239e-01 -4.7238e-01 +1.1695e-01 +3.8196e-01
40 0 +5.962322155e+02 -8.687784529e+00 -8.687784529e+00 -1.7018e+00 +9.5560e-01 +4.6401e-02 +1.2842e+00 +4.7215e-01 -3.0256e-01 -2.1267e-01 -5.0350e-01 +4.8949e-01 -7.9715e-01 +1.1981e+00 +4.3743e-01 -4.0239e-01 -3.0186e-01 -1.1631e+00 -3.2926e-01 +2.8239e-01 -4.7238e-01 +1.1695e-01 +3.8196e-01
% f evaluations | g evaluations | best noise-free fitness - Fopt (1.337000000000e+02) + sum g_i+ | measured fitness | best measured fitness or single-digit g-values | x1 | x2...
1 0 +6.266446783e+02 +7.603446783e+02 +7.603446783e+02 +3.0332e+00 +6.1009e-01 -4.8542e-01 -3.8295e+00 -1.1873e+00 -2.6894e-01 -2.8010e+00 +1.1580e+00 -2.7846e+00 -2.1963e+00 +3.5512e+00 +3.2107e-02 -7.2184e-01 -1.3204e+00 +1.8668e+00 -2.3952e+00 +2.4865e+00 +1.3728e-01 +6.4116e-02 +1.4313e+00
19 0 +5.826579180e+02 +7.163579180e+02 +7.163579180e+02 +1.1197e+00 +9.9321e-02 +1.8572e-01 -1.6147e+00 -2.0403e+00 -1.0485e-01 -2.4150e+00 +3.8905e-01 -6.3084e-01 -1.3638e+00 +9.3657e-01 +3.6525e-01 -7.7631e-01 -8.7365e-01 +9.5169e-01 +1.8716e-02 +1.1432e-01 +5.7331e-02 -3.4415e-01 +1.1972e-01
21 0 +5.444499603e+02 +6.781499603e+02 +6.781499603e+02 +1.1004e+00 +8.7068e-02 +1.3310e-01 -1.5413e+00 -2.0098e+00 -1.4605e-01 -2.4173e+00 +4.5455e-01 -2.9800e-01 -1.3519e+00 +9.7168e-01 +4.1832e-01 -6.9406e-01 -8.5406e-01 +9.9176e-01 -1.8350e-02 +4.0636e-02 +1.3336e-02 -2.4504e-01 +2.4093e-01
30 0 +5.360219123e+02 +6.697219123e+02 +6.697219123e+02 +1.0934e+00 +8.2694e-02 +1.1421e-01 -1.5149e+00 -1.9989e+00 -1.6090e-01 -2.4182e+00 +4.7810e-01 -3.2792e-01 -3.6783e-01 +9.8435e-01 +4.3741e-01 -6.6441e-01 -8.2445e-01 +1.0062e+00 -3.1732e-02 +1.0274e-01 +5.3882e-03 -2.0956e-01 +2.4542e-01
34 0 +5.183825613e+02 +6.520825613e+02 +6.520825613e+02 +1.1004e+00 +8.7068e-02 +1.3310e-01 -1.5413e+00 -2.0098e+00 -1.1454e-01 -2.4173e+00 +4.5455e-01 -2.9800e-01 -1.5979e-01 +9.7168e-01 +4.1832e-01 -6.9406e-01 -7.4985e-02 +9.9176e-01 -1.8350e-02 +4.0636e-02 +1.3336e-02 -2.4504e-01 +2.4093e-01
38 0 +4.840351203e+02 +6.177351203e+02 +6.177351203e+02 +1.0858e+00 +7.7913e-02 +9.3569e-02 -1.4860e+00 -1.4079e+00 -1.7660e-01 -1.7333e-01 +5.0384e-01 -3.6064e-01 -5.9526e-01 +9.9820e-01 +4.5829e-01 -6.3199e-01 -7.9208e-01 +1.0220e+00 -4.6362e-02 +1.7062e-01 -2.5232e-03 -1.7076e-01 +2.5034e-01
% f evaluations | g evaluations | best noise-free fitness - Fopt (-2.098000000000e+01) + sum g_i+ | measured fitness | best measured fitness or single-digit g-values | x1 | x2...
1 0 +1.789132725e+03 +1.768152725e+03 +1.768152725e+03 -2.2431e+00 -1.5337e+00 -2.3991e+00 -6.1709e-02 -6.0251e-01 -1.9911e+00 +9.2672e-01 -6.8734e-01 -4.2382e+00 +3.1260e+00 +3.4440e-01 +8.6466e-01 +9.6357e-01 -4.4601e-01 -3.1160e+00 +1.3709e+00 -2.0402e-01 +1.3526e+00 +3.5850e-02 -5.2465e-01
2 0 +1.515437190e+03 +1.494457190e+03 +1.494457190e+03 -1.3839e+00 -1.6640e+00 -1.3307e+00 +9.1124e-01 +1.1794e-01 -2.3007e+00 +8.1245e-01 +9.6290e-01 -2.8165e+00 +2.2576e+00 -2.1014e-01 +6.2477e-01 +2.0446e+00 -1.0292e+00 -2.2604e+00 +6.1831e-01 -4.7239e-01 +1.1416e+00 -3.3474e-01 +1.0996e+00
4 0 +1.341213863e+03 +1.320233863e+03 +1.320233863e+03 -1.1301e+00 -1.4174e+00 -1.3878e+00 +9.4162e-02 +2.8716e-01 -1.9393e+00 +8.4012e-01 +1.0091e+00 -2.6820e+00 +2.2955e+00 -6.0440e-01 +4.0780e-01 +2.0946e+00 -1.0501e+00 -1.8259e+00 +1.9566e-01 -5.0186e-01 +9.3599e-01 +1.5127e-01 +6.9379e-01
6 0 +1.054496653e+03 +1.033516653e+03 +1.033516653e+03 -2.1547e-01 -7.4374e-01 -7.2777e-01 -1.6687e+00 +4.3523e-01 -1.7948e+00 +2.6955e-01 -1.7904e+00 -1.3066e+00 +2.1456e+00 +8.5673e-02 +1.3153e-02 +9.8059e-01 -1.2947e-01 -2.6504e-01 -1.3395e-01 +1.0355e+00 +9.2989e-02 +8.5440e-01 +8.6614e-01
13 0 +1.038964107e+03 +1.017984107e+03 +1.017984107e+03 -5.5398e-01 -9.9270e-01 -9.7271e-01 -1.0173e+00 +3.8073e-01 -1.8035e+00 +4.8122e-01 -7.5468e-01 -1.8157e+00 +2.2015e+00 -1.6987e-01 +1.5907e-01 +4.6220e-01 -4.7055e-01 -8.4242e-01 -1.1960e-02 +4.6645e-01 +4.0500e-01 +5.9481e-01 +8.0194e-01
% f evaluations | g evaluations | best noise-free fitness - Fopt (1.353300000000e+02) + sum g_i+ | measured fitness | best measured fitness or single-digit g-values | x1 | x2...
1 0 +9.678218380e+02 +1.103151838e+03 +1.103151838e+03 +8.4242e-01 -4.2464e+00 +5.9415e-01 -4.4422e-01 +1.6403e+00 +2.4162e+00 +1.1776e+00 -3.5826e+00 -6.9329e-01 +3.8512e-01 -1.1661e+00 +1.0543e+00 -1.3815e-02 +3.0056e+00 -1.4561e+00 -1.4829e+00 -1.7629e+00 +5.9388e-01 -5.3490e-01 -2.3671e-01
2 0 +9.278549799e+02 +1.063184980e+03 +1.063184980e+03 +9.5020e-01 -3.8318e+00 +3.1210e-01 -5.4103e-01 +1.6069e+00 +2.0020e+00 +9.2680e-01 -3.2486e+00 -7.9283e-01 +3.5954e-01 -1.1654e+00 +1.2022e+00 +5.4210e-02 +2.5170e+00 -1.3721e+00 -1.0920e+00 -1.6412e+00 +7.6242e-01 -4.3475e-01 -2.4067e-01
3 0 +8.952469184e+02 +1.030576918e+03 +1.030576918e+03 +4.3612e-01 -3.0843e+00 +4.2635e-01 -7.1021e-01 +1.5998e+00 +1.4983e+00 +5.4259e-01 -2.9844e+00 -7.5539e-01 +2.9746e-01 -1.0830e+00 +1.3737e+00 -1.8097e-01 +2.5107e+00 -6.8441e-01 -1.0424e+00 -1.2486e+00 +5.6553e-01 -5.3847e-01 +1.2992e-01
10 0 +8.876655944e+02 +1.022995594e+03 +1.022995594e+03 +1.5705e+00 +6.3738e-01 -1.1504e+00 -1.9857e-01 +5.2528e-01 -2.8821e-01 -6.0574e-01 -1.3861e+00 -1.7049e+00 +7.0812e-01 -3.3399e-01 +1.4100e+00 +3.1652e-01 -4.8350e-01 -3.1211e-01 +1.3252e+00 +1.7017e-01 +2.1277e-01 -1.6002e-01 -7.3868e-01
11 0 +8.542618918e+02 +9.895918918e+02 +9.895918918e+02 +1.3005e+00 +4.1664e-01 -9.8324e-01 -4.1133e-01 +6.7927e-01 -3.9864e-01 -6.6676e-01 -1.3405e+00 -1.5794e+00 +5.8692e-01 -5.5201e-01 +1.3994e+00 +2.8229e-01 -4.8087e-01 -1.8963e-01 +1.2599e+00 -6.0578e-02 +4.1579e-01 -2.1667e-01 -4.5205e-01
% f evaluations | g evaluations | best noise-free fitness - Fopt (4.066000000000e+01) + sum g_i+ | measured fitness | best measured fitness or single-digit g-values | x1 | x2...
1 0 +9.927975271e+02 +1.033457527e+03 +1.033457527e+03 +4.8907e-01 +3.0363e+00 +1.8600e+00 -1.6870e+00 +3.0672e+00 -1.0874e+00 -1.0656e+00 -3.4968e+00 +7.9317e-01 -1.5627e+00 -2.3449e-01 -1.2263e+00 -1.1899e+00 -4.7742e-02 -7.6134e-01 -2.7143e+00 +8.9809e-01 -1.1052e+00 -7.3677e-01 -4.6327e-01
3 0 +9.780591520e+02 +1.018719152e+03 +1.018719152e+03 +8.7502e-01 +2.6415e+00 +1.4950e+00 -1.6454e+00 +2.9555e+00 -1.1287e+00 -1.3957e+00 -3.2788e+00 +8.8474e-01 -1.2444e+00 -3.0414e-01 -7.2955e-01 -6.6966e-01 -3.1371e-01 -1.0960e+00 -2.7980e+00 +5.9360e-01 -8.7651e-01 -7.0164e-01 -2.5141e-01
5 0 +5.685246846e+02 +6.091846846e+02 +6.091846846e+02 -1.9304e-02 +1.1388e+00 -4.3881e-01 -1.0036e+00 +7.9097e-01 -6.9630e-01 -1.1299e+00 -1.3478e+00 +2.0426e+00 +8.7979e-02 +7.7035e-02 -3.9526e-01 -1.4587e+00 +7.9042e-01 +9.5769e-01 -5.2084e-01 -3.0668e-01 +1.0404e-01 +4.2959e-01 +4.8286e-01
