% f evaluations | g evaluations | best noise-free fitness - Fopt (4.078000000000e+01) + sum g_i+ | measured fitness | best measured fitness or single-digit g-values | x1 | x2...
1 0 +8.613550464e+01 +1.269155046e+02 +1.269155046e+02 +4.8239e+00 +1.8324e+00 +3.0065e+00 -2.4964e+00 -1.6012e+00 -4.2655e+00 -3.3393e+00 +3.5929e-01 -2.8082e+00 -1.1591e+00 +2.3519e+00 -4.6457e+00 -1.9324e+00 -1.2506e+00 -4.6141e+00 +4.1418e+00 -8.4329e-01 -3.1876e+00 -4.3979e+00 +2.6630e+00
2 0 +8.565583524e+01 +1.264358352e+02 +1.264358352e+02 +7.2673e-02 +4.9907e+00 -2.7572e+00 +2.2430e+00 +3.1476e+00 -1.6068e+00 -4.5608e+00 -4.5798e+00 +3.1822e+00 -4.1775e+00 -1.8713e+00 -4.2127e+00 -4.7992e-01 +1.1236e+00 -2.6233e+00 -3.0599e+00 -2.2268e+00 +3.7992e+00 +4.2664e+00 -5.3877e-02
6 0 +8.295470782e+01 +1.237347078e+02 +1.237347078e+02 +5.3841e-01 +5.0346e-01 -2.8676e+00 -2.1651e+00 +1.0475e+00 +4.8425e+00 +3.5754e+00 -7.8382e-01 +4.1817e-01 -2.4451e+00 +3.3982e+00 -3.2212e+00 +6.1245e-01 +1.9225e+00 -5.0505e-01 -8.1867e-02 +1.8805e+00 -3.1312e+00 +2.9595e+00 -3.0671e+00
% f evaluations | g evaluations | best noise-free fitness - Fopt (-1.600000000000e+00) + sum g_i+ | measured fitness | best measured fitness or single-digit g-values | x1 | x2...
1 0 +8.576560379e+01 +8.416560379e+01 +8.416560379e+01 -4.2968e+00 -1.7102e+00 -3.1691e+00 -9.6907e-01 +1.5684e+00 -2.8689e+00 -4.8410e+00 -4.7951e+00 +7.3289e-01 +5.2955e-01 -4.3264e+00 +5.1223e-01 +4.7727e+00 -1.1879e+00 -1.4485e+00 +1.1199e+00 +3.7988e+00 -3.6668e+00 +4.6125e+00 -1.8743e+00
2 0 +8.124288141e+01 +7.964288141e+01 +7.964288141e+01 +1.3983e+00 -9.4151e-01 -1.7301e+00 +1.2051e-01 +1.9403e+00 +2.4413e+00 +3.3159e+00 +2.2904e+00 +2.7083e+00 +5.0059e-01 +3.7259e+00 +1.4930e+00 -1.7770e+00 +4.7582e+00 -2.9123e+00 +1.2402e+00 +9.4926e-01 +5.4259e-02 -3.4423e+00 -1.6135e+00
% f evaluations | g evaluations | best noise-free fitness - Fopt (-3.708400000000e+02) + sum g_i+ | measured fitness | best measured fitness or single-digit g-values | x1 | x2...
1 0 +8.363990955e+01 -2.872000905e+02 -2.872000905e+02 -1.7298e+00 +3.4213e+00 -2.1857e+00 -1.4378e-01 -3.4914e+00 +9.0227e-01 +1.9675e+00 -1.1989e+00 +4.0772e+00 -2.6823e-01 +3.1960e+00 +1.8243e+00 +1.5368e+00 +9.6706e-01 +1.3756e+00 +1.3419e+00 +4.2883e-01 +3.0114e+00 +4.4435e+00 +2.5282e+00
4 0 +8.025053269e+01 -2.905894673e+02 -2.905894673e+02 -4.9542e+00 -6.8038e-01 +2.7243e+00 -3.4067e+00 +1.6917e+00 -3.3052e+00 -3.5284e+00 +2.6783e+00 -1.0574e+00 +1.4938e+00 -3.3593e+00 +4.5106e+00 +1.7681e+00 +4.9474e-01 -4.2417e+00 +1.6504e+00 -2.8373e+00 -2.4158e+00 -1.0834e+00 -1.8076e+00
6 0 +7.932865572e+01 -2.915113443e+02 -2.915113443e+02 +3.9339e+00 +3.9178e+00 +2.6924e+00 -2.5004e+00 -2.3614e-01 -7.5379e-01 +2.5343e+00 +1.8843e-02 -1.4626e+00 -8.2536e-01 -3.7852e+00 -3.9780e+00 -2.2737e+00 +3.9685e-01 +3.7059e-01 -1.7409e+00 +4.2635e+00 -4.5666e+00 +2.3151e+00 +1.6110e+00
28 0 +7.688333931e+01 -2.939566607e+02 -2.939566607e+02 +2.0509e+00 +2.0624e+00 -2.8032e+00 -3.5094e+00 +5.0910e-01 +3.7787e+00 -1.5156e+00 +4.9873e+00 +1.0814e+00 -8.5479e-01 +7.6195e-01 +5.7115e-01 -2.3891e+00 +3.7589e+00 -8.8427e-01 +2.2195e+00 +6.8654e-01 +2.0379e+00 -3.6779e+00 +6.3429e-01
% f evaluations | g evaluations | best noise-free fitness - Fopt (-3.256000000000e+01) + sum g_i+ | measured fitness | best measured fitness or single-digit g-values | x1 | x2...
1 0 +8.458280202e+01 +5.202280202e+01 +5.202280202e+01 +1.6810e+00 -2.0767e+00 +3.3057e+00 +3.7514e-01 +3.4318e-01 -3.0030e+00 +7.9710e-01 +4.2494e+00 -4.9064e-01 +1.7985e+00 -1.0487e-01 -4.4046e+00 +3.8404e+00 +6.7295e-01 +5.5531e-01 -2.9386e+00 -4.7471e+00 +3.4175e+00 +2.6347e+00 +3.0165e+00
3 0 +8.273722133e+01 +5.017722133e+01 +5.017722133e+01 +2.7077e-01 -1.2810e+00 +2.2222e-01 +4.2651e+00 +1.9223e+00 +1.3316e+00 +1.9193e+00 +2.9582e-01 -2.3542e-02 -3.1611e+00 +4.9672e+00 -4.0246e-01 -4.3247e+00 -3.1938e+00 -3.2700e+00 -3.6234e-01 +1.8048e+00 -2.9522e+00 -2.3555e+00 +3.2765e+00
4 0 +8.016952310e+01 +4.760952310e+01 +4.760952310e+01 -4.8180e+00 +2.2704e+00 -3.2222e+00 -4.0279e+00 +1.4249e+00 -2.7313e+00 -3.3440e+00 -9.5722e-01 +2.1652e+00 -4.6594e+00 -3.6356e+00 +3.1923e+00 -2.5733e+00 +3.6221e+00 -2.7975e+00 +3.1239e+00 -3.4244e+00 +9.0077e-01 -2.1752e-01 +3.6616e+00
37 0 +7.847220692e+01 +4.591220692e+01 +4.591220692e+01 +4.6043e+00 -7.0594e-01 -4.0345e-01 +4.3148e-01 +2.7461e+00 +1.8936e+00 +1.5017e+00 +9.2842e-01 +3.5267e+00 +4.0668e+00 +1.6217e+00 +1.1449e+00 -4.6251e+00 +1.8836e-01 -1.5965e+00 +6.2641e-01 +9.5057e-01 -4.8044e+00 -4.1117e+00 +2.0364e+00
% f evaluations | g evaluations | best noise-free fitness - Fopt (5.154000000000e+02) + sum g_i+ | measured fitness | best measured fitness or single-digit g-values | x1 | x2...
1 0 +8.556718932e+01 +6.009671893e+02 +6.009671893e+02 +2.9147e+00 +1.7197e+00 -4.8545e+00 +1.4285e+00 +4.1728e+00 -2.4407e+00 +1.4409e+00 -1.5605e+00 -4.9054e+00 +9.6948e-01 -4.5670e+00 +3.2308e+00 -2.5963e+00 -1.9340e+00 +2.3482e-01 -3.9880e+00 +3.9943e+00 +1.3360e+00 +3.4346e+00 -4.3904e+00
2 0 +8.466756339e+01 +6.000675634e+02 +6.000675634e+02 -1.1317e+00 +4.6896e+00 +2.9866e+00 +2.0822e+00 -6.7685e-01 +2.6646e+00 +3.3815e+00 +5.9260e-01 -1.4425e+00 -4.8224e+00 +3.4626e+00 +3.4569e+00 -1.7413e+00 -2.5054e+00 +3.8008e+00 +4.5633e-01 -1.6165e+00 +4.2989e+00 -1.8819e+00 -1.3626e+00
3 0 +8.093853320e+01 +5.963385332e+02 +5.963385332e+02 +1.5530e+00 -1.9862e+00 -2.0166e+00 +9.0348e-01 +1.0387e+00 +3.0522e+00 +2.2224e+00 +2.8933e+00 +2.1542e-01 -3.8945e+00 +4.9526e+00 +3.5920e+00 -2.1654e+00 -2.9312e+00 +1.6165e+00 +3.8064e+00 +4.1676e-01 -1.4003e+00 -2.9410e+00 +4.4124e+00
% f evaluations | g evaluations | best noise-free fitness - Fopt (-8.628000000000e+01) + sum g_i+ | measured fitness | best measured fitness or single-digit g-values | x1 | x2...
1 0 +8.575807111e+01 -5.219288924e-01 -5.219288924e-01 -9.8877e-01 -3.3724e+00 -2.6588e+00 -4.5711e+00 -3.8067e+00 +4.5174e+00 -6.8172e-01 +2.0459e+00 +2.7093e+00 -2.9085e+00 +3.8154e+00 -1.6413e+00 -5.3092e-01 -4.6838e+00 +8.3103e-01 -1.4103e+00 +2.3520e+00 -1.7104e-01 -4.0268e+00 -3.6852e+00
3 0 +8.437257815e+01 -1.907421855e+00 -1.907421855e+00 -1.3725e+00 +1.5141e+00 -3.4686e+00 -2.6353e-01 +1.3608e+00 +7.5517e-01 -2.7562e+00 -1.8987e+00 +5.0531e-01 -2.5512e+00 -2.9036e-01 +3.5418e+00 -2.2748e+00 +1.1727e+00 -3.8516e+00 -2.2589e+00 +2.8779e+00 +3.5646e+00 +4.3409e+00 -8.9002e-01
7 0 +8.178074335e+01 -4.499256647e+00 -4.499256647e+00 +1.3963e+00 -9.2926e-01 +2.3073e+00 +1.7556e+00 -4.4244e-01 +6.4298e-01 +3.5028e+00 +1.8306e+00 +4.3575e+00 -2.2700e-01 -5.1616e-01 -1.0794e-01 -2.8685e+00 +8.8562e-01 -4.8434e+00 +1.1800e+00 +3.5242e+00 -1.6119e+00 +4.1833e+00 +8.6713e-01
% f evaluations | g evaluations | best noise-free fitness - Fopt (2.224000000000e+01) + sum g_i+ | measured fitness | best measured fitness or single-digit g-values | x1 | x2...
1 0 +8.634902292e+01 +1.085890229e+02 +1.085890229e+02 +6.2934e-01 -1.7288e+00 +1.7544e+00 -3.9653e+00 +1.8938e+00 -4.8895e+00 +1.7385e+00 +1.1666e+00 -4.2145e+00 +1.1069e+00 -4.6187e+00 +4.4516e+00 -3.7519e+00 -3.6045e+00 +3.0998e+00 +1.9616e+00 +1.3747e+00 -2.9697e+00 +3.9407e+00 +4.3020e+00
2 0 +8.609517601e+01 +1.083351760e+02 +1.083351760e+02 -3.9823e+00 +4.7251e+00 -3.9395e+00 -4.0577e+00 -4.9272e+00 +3.4544e+00 +1.2928e+00 -2.6525e+00 -1.5726e+00 -4.6186e+00 -3.4904e+00 +6.1304e-01 -3.8095e+00 -2.8966e+00 +2.6006e+00 -3.1637e+00 -8.9579e-01 -2.6730e+00 +2.5137e+00 -2.5821e+00
5 0 +8.425021170e+01 +1.064902117e+02 +1.064902117e+02 +4.8802e+00 -2.6442e+00 +9.4327e-01 +3.5232e+00 -1.8551e+00 -4.7329e+00 +3.0397e+00 -2.6614e+00 -4.9333e+00 +1.1596e+00 -3.8449e+00 -3.1225e+00 +2.2820e+00 +1.8402e-01 -4.0491e+00 -7.7804e-01 +1.1324e+00 -2.0397e+00 -4.6306e+00 -1.8086e+00
7 0 +8.218068668e+01 +1.044206867e+02 +1.044206867e+02 +1.1929e+00 -9.8671e-01 +2.9058e-01 +2.3658e+00 +1.8587e+00 -1.5513e+00 +3.4028e+00 -1.0398e+00 +1.3459e+00 +3.0963e+00 -1.7449e+00 +1.1527e+00 +8.5972e-01 +3.2707e+00 -2.0783e-01 +1.2923e+00 +1.8006e+00 -1.7555e+00 -4.5968e-02 +2.5560e+00
8 0 +7.971903463e+01 +1.019590346e+02 +1.019590346e+02 +8.9876e-01 -3.6165e+00 +2.3598e+00 -1.7466e+00 -1.1748e+00 -3.3001e+00 -4.1032e+00 -3.5161e+00 -1.9675e+00 +4.1211e+00 -1.6131e+00 +6.5642e-01 -2.6090e+00 -9.8183e-01 -3.0510e+00 -3.3791e+00 +1.1554e+00 -1.1046e+00 +4.2305e+00 -1.9213e+00
40 0 +7.922669421e+01 +1.014666942e+02 +1.014666942e+02 +1.9841e-01 -2.5783e+00 -6.2813e-01 -3.8056e+00 -4.9631e+00 -2.5940e+00 -3.5160e+00 -2.0554e+00 +1.3988e-01 -1.5902e+00 +1.4882e+00 -1.9903e+00 -3.2376e+00 +4.9289e+00 +8.5087e-01 -9.5372e-01 +2.5821e+00 +4.5334e+00 +6.7491e-01 -4.0872e+00
% f evaluations | g evaluations | best noise-free fitness - Fopt (-2.301000000000e+01) + sum g_i+ | measured fitness | best measured fitness or single-digit g-values | x1 | x2...
1 0 +8.567844958e+01 +6.266844958e+01 +6.266844958e+01 -4.0682e+00 -2.3147e+00 +1.6320e-01 +1.6083e+00 +4.2563e+00 +4.0803e+00 -1.6989e+00 +1.4960e+00 -4.2875e+00 +2.8316e+00 +5.0408e-01 -3.7928e+00 -4.1328e+00 -2.4372e+00 +3.0327e+00 +4.8256e+00 +2.6524e+00 -1.5620e+00 -4.4652e+00 -9.1861e-01
4 0 +8.439431146e+01 +6.138431146e+01 +6.138431146e+01 +4.1770e+00 -1.4330e+00 -1.2765e+00 -7.1675e-01 -1.8386e+00 -2.8841e-01 +2.9749e+00 -2.4426e+00 -3.0030e+00 -1.2808e+00 -1.6264e+00 -4.1966e+00 +2.2259e-01 +1.1272e+00 +1.7343e+00 -4.1148e+00 +3.5326e+00 +3.4562e+00 -5.5921e-01 +1.8477e+00
5 0 +8.204815003e+01 +5.903815003e+01 +5.903815003e+01 +1.2554e+00 -3.7037e+00 -4.1988e+00 +1.5418e+00 -1.1216e+00 -2.2231e+00 -3.2161e+00 -1.2663e+00 +2.8788e+00 -8.5352e-01 -4.5396e+00 -1.1621e+00 +1.0841e+00 -1.9526e+00 -2.8422e+00 +1.4232e+00 -3.9577e+00 +1.9693e+00 +1.2779e+00 +2.4356e+00
13 0 +7.576786230e+01 +5.275786230e+01 +5.275786230e+01 +3.5217e+00 +3.2582e+00 -1.9535e+00 +3.0369e+00 +3.6927e+00 +1.1993e+00 -2.9574e+00 +1.7978e+00 -2.7830e+00 +4.2699e+00 -1.1402e+00 -4.1996e-01 +1.1788e+00 +2.2724e+00 +4.0471e+00 -8.7060e-01 +4.3161e+00 -3.0017e+00 -7.7889e-01 +4.8301e+00
% f evaluations | g evaluations | best noise-free fitness - Fopt (-3.323700000000e+02) + sum g_i+ | measured fitness | best measured fitness or single-digit g-values | x1 | x2...
1 0 +8.263305814e+01 -2.497369419e+02 -2.497369419e+02 -2.8834e-03 +2.1193e+00 -4.9630e+00 +4.6544e+00 -1.9369e+00 +2.9227e+00 +5.9241e-01 +6.5114e-01 +1.8457e+00 -2.4916e+00 +3.7229e+00 +3.7019e-01 +2.9871e-01 +3.4411e+00 -3.9476e+00 -4.8542e+00 +4.9858e+00 +8.0852e-01 +8.3646e-01 +4.7103e+00
16 0 +8.009221256e+01 -2.522777874e+02 -2.522777874e+02 -1.7210e+00 -4.6240e+00 -2.5990e+00 +8.9534e-01 +3.6668e+00 -2.9821e+00 -6.8021e-01 -1.3043e+00 +2.3814e+00 +3.4133e+00 +2.9305e+00 -1.0413e+00 -2.0598e+00 +3.2410e+00 +3.4109e+00 +3.3165e+00 -2.6296e+00 -7.6166e-01 -9.6484e-01 +9.0262e-01
% f evaluations | g evaluations | best noise-free fitness - Fopt (-1.231300000000e+02) + sum g_i+ | measured fitness | best measured fitness or single-digit g-values | x1 | x2...
1 0 +8.545954986e+01 -3.767045014e+01 -3.767045014e+01 -4.3493e+00 -4.7536e-01 -3.7366e+00 -3.4891e+00 +4.1703e+00 -3.4725e+00 +1.3074e+00 +2.5063e+00 +4.3753e-01 +3.5695e+00 -2.7189e+00 -4.7863e+00 -1.9027e+00 +1.1231e-01 +5.9143e-02 +3.8610e-01 +2.5529e+00 +2.2083e+00 -2.2933e+00 +6.3193e-01
2 0 +8.328726098e+01 -3.984273902e+01 -3.984273902e+01 +4.8926e+00 -9.1982e-01 -1.1636e+00 -8.7449e-01 +2.2783e+00 -4.9037e+00 +4.1914e+00 -2.7959e+00 +4.1737e+00 -3.7340e+00 +3.2552e+00 +4.3610e+00 -4.9121e-01 -4.3608e+00 +2.3444e+00 +3.8931e+00 -3.3684e+00 +3.1189e+00 -2.2268e+00 -1.7938e+00
10 0 +8.234352714e+01 -4.078647286e+01 -4.078647286e+01 +4.3332e+00 +8.9289e-01 +1.4875e+00 -1.8654e+00 +5.5824e-01 -4.7512e+00 +4.5375e-02 -1.2262e+00 -2.7083e+00 -8.3737e-01 -1.3554e+00 -1.0665e+00 -2.5698e+00 +2.4197e+00 +3.6236e+00 -1.9967e-01 +1.8039e+00 -1.1684e+00 +3.1114e+00 +1.2776e-01
22 0 +7.663102475e+01 -4.649897525e+01 -4.649897525e+01 +3.1010e+00 -3.4687e+00 +1.2926e+00 -1.0441e+00 +3.1114e+00 +1.2343e+00 +4.0885e-01 -1.8275e+00 -3.6469e+00 -3.4233e+00 -1.9740e+00 +2.7586e-01 -2.5801e-01 +3.3753e+00 +3.9252e+00 +3.8615e-01 +9.3405e-01 +2.3314e-01 -4.1170e+00 -4.5350e+00
% f evaluations | g evaluations | best noise-free fitness - Fopt (-1.537900000000e+02) + sum g_i+ | measured fitness | best measured fitness or single-digit g-values | x1 | x2...
1 0 +8.464324155e+01 -6.914675845e+01 -6.914675845e+01 +4.4618e+00 +6.1394e-01 -1.3678e+00 +2.1665e+00 -4.2604e+00 +3.1193e+00 -3.0773e+00 +1.7480e+00 -3.8928e+00 +3.3819e+00 -7.8533e-01 -4.0680e+00 -8.2474e-01 +2.5142e+00 +3.5848e+00 +1.6015e-01 +5.1136e-01 -6.1578e-01 +2.0319e+00 -3.5913e+00
8 0 +8.463596121e+01 -6.915403879e+01 -6.915403879e+01 -2.9947e+00 +3.7931e+00 -1.5724e+00 +2.0828e+00 +2.3960e+00 +1.7891e+00 +4.6376e+00 -3.7643e+00 +2.9167e+00 -1.3089e+00 +1.9386e+00 -1.5493e+00 +2.1495e+00 +1.0051e+00 +4.8212e+00 +9.1321e-02 -4.3747e+00 +2.5475e+00 -3.1424e+00 -3.1573e+00
24 0 +8.011349360e+01 -7.367650640e+01 -7.367650640e+01 -4.4253e-01 -2.4244e+00 +4.1327e+00 -1.7241e+00 -1.4154e+00 +1.0131e+00 -5.9836e-01 +4.9705e-01 +2.4423e+00 -3.1346e+00 +2.7682e+00 +3.2708e+00 -1.5161e+00 +6.4372e-01 +1.4377e+00 +1.3929e+00 -2.1507e+00 -3.9660e-02 -1.7572e+00 -2.6347e+00
39 0 +7.897567292e+01 -7.481432708e+01 -7.481432708e+01 +8.0121e-01 -3.4018e+00 -4.0867e+00 -1.9716e+00 -4.1633e+00 -3.9671e+00 +1.5843e+00 +2.8362e+00 +4.6753e+00 +7.1255e-01 +4.9105e+00 -1.2329e+00 +8.3853e-01 +1.2953e+00 -5.9786e-01 +4.9111e+00 -3.6252e-01 +3.6130e+00 +1.8258e+00 -1.5363e+00
% f evaluations | g evaluations | best noise-free fitness - Fopt (-4.860000000000e+01) + sum g_i+ | measured fitness | best measured fitness or single-digit g-values | x1 | x2...
1 0 +8.568714255e+01 +3.708714255e+01 +3.708714255e+01 +7.9208e-01 -3.5664e+00 +8.6555e-02 -2.5430e+00 +3.9128e+00 -4.1290e+00 -3.6860e+00 -1.8731e+00 +2.4864e+00 -9.0998e-02 +6.8473e-01 +1.3260e+00 +1.9590e+00 +1.8184e-01 -3.7710e+00 +2.8355e+00 +8.9452e-01 +4.2909e+00 -3.8017e+00 -8.0720e-01
2 0 +8.255299914e+01 +3.395299914e+01 +3.395299914e+01 +3.3778e+00 +1.5449e+00 -1.8834e+00 +4.9274e+00 +2.6379e+00 +4.0479e+00 -2.0717e+00 +6.3063e-01 +9.5409e-01 -1.0131e+00 +9.0940e-01 -4.2306e+00 +2.7774e+00 +4.0412e+00 -3.5542e+00 -2.8651e+00 -1.9429e+00 -2.3149e+00 -2.1046e-01 +1.9252e+00
15 0 +8.016284110e+01 +3.156284110e+01 +3.156284110e+01 -7.4798e-02 -1.6289e+00 +1.2858e+00 -4.2293e+00 -2.2402e+00 -3.9795e+00 +2.7490e+00 -2.9008e+00 -2.6133e+00 +3.4304e-01 -3.5622e+00 +3.0672e+00 +1.7256e+00 -1.4589e+00 -3.1228e+00 +1.7303e+00 +2.4890e+00 -4.5353e+00 -2.3151e+00 +1.2092e+00
% f evaluations | g evaluations | best noise-free fitness - Fopt (2.770000000000e+01) + sum g_i+ | measured fitness | best measured fitness or single-digit g-values | x1 | x2...
1 0 +8.246732751e+01 +1.101673275e+02 +1.101673275e+02 -1.6612e-02 -4.2846e+00 -1.5175e+00 +3.3513e+00 -1.3646e+00 +3.6062e+00 +1.5044e+00 -3.7633e+00 -3.8608e-01 +2.0221e+00 -7.3683e-01 -1.1150e+00 -2.4988e+00 -1.5076e+00 -7.7246e-01 -3.1585e+00 -2.4824e+00 +2.0113e+00 -6.7630e-01 +6.8141e-01
11 0 +8.100526678e+01 +1.087052668e+02 +1.087052668e+02 -2.1158e+00 +2.5192e+00 +1.8098e-01 +3.2908e+00 -2.7676e+00 -2.1422e+00 +1.2962e+00 -1.2460e+00 +4.4518e+00 +3.9965e-01 -5.5466e-01 -3.6779e+00 +3.8167e+00 +5.8381e-01 +5.4887e-01 -6.2074e-01 -2.6369e+00 -1.9388e+00 -1.8317e-01 +4.3406e+00
22 0 +7.928357108e+01 +1.069835711e+02 +1.069835711e+02 +1.6168e+00 -4.2280e-01 -2.4184e+00 -1.0678e-01 -6.7629e-01 +1.7321e+00 -9.9816e-01 +3.6772e+00 -4.1079e+00 -3.6171e+00 -1.4105e+00 +4.6915e+00 +3.0287e+00 -9.8409e-01 -7.8608e-01 -2.3900e+00 +2.9123e+00 +1.1644e+00 -3.7479e+00 +3.8755e+00
23 0 +7.734174706e+01 +1.050417471e+02 +1.050417471e+02 -2.9692e+00 +7.6769e-01 +1.1581e+00 -4.8686e+00 +3.3885e+00 +3.3579e-01 -2.2830e+00 -2.9421e+00 -1.7528e+00 -4.0935e+00 +2.0548e+00 -4.1065e+00 -8.5305e-02 -1.9865e+00 +1.9583e+00 -2.7536e+00 +3.0368e-01 +2.0407e+00 -3.9810e+00 +4.0339e+00
% f evaluations | g evaluations | best noise-free fitness - Fopt (2.993000000000e+01) + sum g_i+ | measured fitness | best measured fitness or single-digit g-values | x1 | x2...
1 0 +8.543480760e+01 +1.153648076e+02 +1.153648076e+02 -3.3826e+00 +2.1316e+00 +4.0230e+00 +2.0268e+00 +2.8053e+00 -3.5483e+00 +1.5632e+00 -1.6830e+00 +1.8237e+00 -2.0594e+00 -2.2785e+00 +4.8641e+00 -3.5289e+00 +2.9521e+00 +4.4406e+00 +9.2007e-02 -1.3427e+00 +2.5694e+00 -4.8980e-01 -1.3391e+00
2 0 +8.403997064e+01 +1.139699706e+02 +1.139699706e+02 +4.4832e+00 -3.1620e+00 +4.8851e+00 -2.3607e+00 +1.8632e+00 +5.8183e-01 -4.7396e+00 +4.8506e+00 -2.5389e+00 -2.4932e+00 -4.7213e+00 -1.1240e+00 -1.9904e+00 -4.3180e+00 -3.7085e+00 +4.1872e+00 -3.7514e+00 +2.2938e+00 +2.6039e-01 -4.0149e+00
6 0 +8.173935648e+01 +1.116693565e+02 +1.116693565e+02 -3.4764e+00 -1.9668e+00 -3.3123e+00 -2.7807e+00 +1.3058e+00 +1.4158e+00 +3.5471e+00 +2.4253e+00 -1.5261e+00 -4.2769e-01 -1.6334e-01 +7.6037e-01 +1.4707e+00 +1.8330e+00 +1.4082e+00 -4.4481e-01 -9.6249e-02 +1.1827e+00 +3.0254e+00 +1.3285e+00
20 0 +8.046165354e+01 +1.103916535e+02 +1.103916535e+02 -4.1597e+00 -6.1828e-02 +9.6028e-02 +1.2231e+00 +2.9562e+00 -4.2576e+00 +3.8380e+00 +2.6739e-01 -1.1894e+00 +7.7858e-01 +4.1492e+00 -2.8887e+00 -3.2388e-01 -1.9227e+00 +2.9747e+00 +9.5241e-01 +1.9115e-01 -1.4566e+00 +1.2660e+00 +3.5315e-01
22 0 +7.839326098e+01 +1.083232610e+02 +1.083232610e+02 -1.3998e+00 -2.8582e+00 -4.8739e+00 +3.9283e+00 +5.2762e-01 +2.0830e+00 -8.1019e-01 +3.2110e+00 -3.7503e+00 +3.7998e+00 +2.8074e+00 +2.2149e+00 -1.3513e+00 -1.7062e-03 +1.6742e+00 +2.3241e+00 -9.1091e-01 -3.7244e+00 +4.4966e-01 +4.0094e+00
% f evaluations | g evaluations | best noise-free fitness - Fopt (-1.983000000000e+01) + sum g_i+ | measured fitness | best measured fitness or single-digit g-values | x1 | x2...
1 0 +8.224929495e+01 +6.241929495e+01 +6.241929495e+01 -3.2386e+00 +4.2293e+00 -5.5018e-01 -1.3646e+00 +3.9099e+00 +1.4615e+00 -1.3961e+00 -1.2721e+00 +9.6814e-01 +2.5623e+00 +2.8146e+00 +3.2787e+00 +9.9859e-01 +1.6651e+00 -4.3973e-02 -3.1598e+00 -1.2573e+00 -1.3949e+00 -1.8964e+00 -3.4852e+00
2 0 +8.036668174e+01 +6.053668174e+01 +6.053668174e+01 -4.3075e+00 -4.7168e+00 -2.2182e+00 +1.5958e+00 +2.5366e+00 -8.9870e-01 +1.7679e+00 -3.8238e+00 +1.1293e+00 -1.3316e+00 -4.0348e+00 +4.5634e+00 +2.7813e+00 +1.9771e+00 -1.0702e+00 -1.6553e+00 +2.9239e+00 -3.6888e+00 -2.3197e+00 -2.6973e+00
37 0 +7.497997433e+01 +5.514997433e+01 +5.514997433e+01 +4.0017e+00 +1.4712e+00 -2.2713e+00 +8.1747e-01 +1.0060e+00 -3.8546e+00 +4.7491e+00 -4.2784e+00 +2.6352e+00 +4.1291e+00 -2.0707e+00 +2.0434e+00 -3.1352e+00 +4.0184e+00 +1.4063e+00 +7.7561e-01 +2.4884e-01 +6.4902e-01 -6.9388e-01 +1.3743e+00
