% f evaluations | g evaluations | best noise-free fitness - Fopt (7.948000000000e+01) + sum g_i+ | measured fitness | best measured fitness or single-digit g-values | x1 | x2...
1 0 +2.253655248e+02 +3.048455248e+02 +3.048455248e+02 +2.5343e+00 -3.3301e+00 +2.2942e+00 -4.0835e+00 -3.7675e+00 -3.2465e+00 +1.1052e+00 +4.1629e+00 +1.0615e+00 +2.4485e+00 +4.0827e+00 +1.9290e+00 +4.2209e-02 +2.9308e+00 +3.3063e+00 +1.8884e+00 +4.2380e+00 -2.0644e+00 +3.8546e+00 +2.3567e+00
2 0 +1.620923409e+02 +2.415723409e+02 +2.415723409e+02 -4.6417e+00 +4.7657e-01 -1.6659e+00 +3.3289e+00 +2.3851e+00 -8.6893e-01 -2.2786e+00 +6.6746e-01 +1.8676e+00 -9.9255e-01 -4.7837e-01 +7.2084e-01 +1.3299e+00 -6.3829e-01 -7.5142e-02 +1.2134e+00 +1.1422e+00 -3.6317e-01 -3.9031e+00 +1.4469e+00
8 0 +1.245716979e+02 +2.040516979e+02 +2.040516979e+02 -1.9707e+00 +3.1144e+00 -3.5656e+00 +5.3247e-01 -5.1982e-01 +1.4719e+00 -3.1763e+00 -1.2653e+00 -1.3732e+00 +1.1367e-01 -5.6996e-02 +1.4395e+00 +2.6700e+00 +8.8360e-01 -1.0316e+00 +4.1053e+00 +4.0832e+00 -2.0861e+00 +1.3811e+00 +2.1848e+00
52 0 +1.169041877e+02 +1.963841877e+02 +1.963841877e+02 -1.1716e+00 +6.0722e-01 +2.0186e+00 +1.9016e+00 -2.2447e+00 +2.8182e+00 +3.9752e+00 +2.6042e+00 +2.3501e+00 -7.3407e-01 -2.3373e+00 -6.9327e-01 -1.0425e+00 +2.8870e+00 +1.2094e+00 -1.6973e+00 -2.2216e-01 -3.5870e+00 +6.1595e-01 +4.3250e-01
152 0 +9.818847062e+01 +1.776684706e+02 +1.776684706e+02 -1.5344e+00 +2.1578e+00 -2.6364e+00 +4.1393e-02 -9.6561e-01 +1.6489e+00 -1.8830e+00 -1.2964e+00 -1.0048e+00 +3.6224e-01 +1.2062e-01 +1.4567e+00 +1.8375e+00 +9.9228e-01 -1.1816e-01 +3.7099e+00 +3.5800e+00 -1.3903e+00 +8.3670e-01 +1.1011e+00
154 0 +9.343031439e+01 +1.729103144e+02 +1.729103144e+02 -8.2609e-01 +1.7989e+00 -1.7798e+00 +1.1807e+00 -9.6520e-02 +3.7542e-01 -1.6369e+00 -2.0597e+00 +1.2395e+00 -1.6119e+00 +7.3642e-01 +1.1243e+00 +5.6169e-01 +2.2032e-01 +6.7685e-01 +1.9331e+00 +3.9063e+00 -1.6904e+00 +7.2591e-01 +8.4146e-03
204 0 +9.130510137e+01 +1.707851014e+02 +1.707851014e+02 -6.0215e-01 +1.3352e+00 -1.3177e+00 +9.7283e-01 -2.8898e-01 +4.3063e-01 -1.0154e+00 -2.0919e+00 +1.4662e+00 -1.5385e+00 +8.3506e-01 +1.1249e+00 +1.3611e-01 +2.5445e-01 +1.1300e+00 +1.7042e+00 +3.6741e+00 -1.3658e+00 +4.6411e-01 -5.3260e-01
205 0 +8.828441767e+01 +1.677644177e+02 +1.677644177e+02 -7.6111e-01 +1.4754e+00 -1.5425e+00 +8.1402e-01 -4.0435e-01 +6.3835e-01 -1.1633e+00 -1.9563e+00 +1.0449e+00 -1.2145e+00 +7.1325e-01 +1.1815e+00 +4.2619e-01 +3.8025e-01 +9.1721e-01 +2.0462e+00 +3.6581e+00 -1.3700e+00 +5.2764e-01 -2.5405e-01
254 0 +7.649618425e+01 +1.559761843e+02 +1.559761843e+02 -8.2119e-01 +1.3484e+00 -1.0213e+00 +9.7321e-01 -6.7372e-01 +9.5741e-01 -4.1119e-01 -1.2888e+00 +1.2359e+00 -1.1441e+00 +2.6674e-01 +9.0707e-01 +2.1121e-01 +7.4716e-01 +9.5998e-01 +1.4983e+00 +3.0901e+00 -1.6945e+00 +5.4057e-01 -1.5356e-01
354 0 +6.539542043e+01 +1.448754204e+02 +1.448754204e+02 -1.3468e+00 +1.7244e+00 -6.6023e-01 +1.2799e+00 -1.2548e+00 +1.9178e+00 +4.1990e-01 +4.0929e-01 +8.0094e-01 -5.6979e-01 -9.8964e-01 +3.9098e-01 +5.8492e-01 +1.7086e+00 +2.9965e-01 +1.0335e+00 +2.0432e+00 -2.7211e+00 +9.1460e-01 +1.0038e+00
711 0 +6.384678117e+01 +1.433267812e+02 +1.433267812e+02 -1.3468e+00 +1.7244e+00 -6.6023e-01 +1.2799e+00 -1.2548e+00 +1.9178e+00 +4.1990e-01 +4.0929e-01 +8.0094e-01 -5.6979e-01 -9.8964e-01 +3.9098e-01 +5.8492e-01 +1.2072e+00 +2.9965e-01 +1.0335e+00 +2.0432e+00 -2.7211e+00 +9.1460e-01 +1.0038e+00
813 0 +6.203115640e+01 +1.415111564e+02 +1.415111564e+02 -1.3468e+00 +1.7244e+00 -6.6023e-01 +1.2799e+00 -1.2548e+00 +1.9178e+00 +4.1990e-01 +4.0929e-01 +8.0094e-01 -5.6979e-01 -9.8964e-01 +3.9098e-01 +5.8492e-01 +1.7086e+00 +2.9965e-01 +1.0335e+00 +1.0310e+00 -2.7211e+00 +9.1460e-01 +1.0038e+00
911 0 +5.767408194e+01 +1.371540819e+02 +1.371540819e+02 -1.3468e+00 +4.0663e-01 -6.6023e-01 +1.2799e+00 -1.2548e+00 +1.9178e+00 +4.1990e-01 +4.0929e-01 +8.0094e-01 -5.6979e-01 -9.8964e-01 +3.9098e-01 +5.8492e-01 +1.0787e+00 +2.9965e-01 +1.0335e+00 +2.0432e+00 -2.7211e+00 +9.1460e-01 +1.0038e+00
1160 0 +5.754338723e+01 +1.370233872e+02 +1.370233872e+02 -1.3427e+00 +4.5519e-01 -6.6766e-01 +1.2783e+00 -1.2460e+00 +1.9060e+00 +2.8187e-02 +3.8969e-01 +8.0369e-01 -5.7722e-01 -9.7599e-01 +3.9704e-01 +5.8489e-01 +1.0902e+00 +3.0278e-01 +1.0414e+00 +2.0365e+00 -2.7123e+00 +9.1287e-01 +9.9570e-01
1410 0 +5.366724413e+01 +1.331472441e+02 +1.331472441e+02 -1.3427e+00 +4.6774e-01 -6.6767e-01 +1.2783e+00 -1.2460e+00 +1.9060e+00 +2.0860e-01 +3.8966e-01 +8.0369e-01 -5.7724e-01 -9.7596e-01 +3.9705e-01 +5.8489e-01 +1.0961e+00 +3.0279e-01 +1.0414e+00 +6.8476e-01 -2.7123e+00 +9.1286e-01 +9.9569e-01
1563 0 +5.043641363e+01 +1.299164136e+02 +1.299164136e+02 -3.4136e-01 +4.5350e-01 -6.6740e-01 +1.2784e+00 -1.2463e+00 +1.6883e+00 +4.1777e-02 +3.9037e-01 +8.0105e-01 -5.7697e-01 -9.7646e-01 +3.9683e-01 +5.8489e-01 +1.0898e+00 +3.0267e-01 +1.0411e+00 +4.7847e-01 -2.7126e+00 +9.1293e-01 +9.9598e-01
1853 0 +5.006448979e+01 +1.295444898e+02 +1.295444898e+02 -4.9064e-01 +4.5512e-01 -6.6537e-01 +1.2784e+00 -1.2463e+00 +1.4107e+00 +5.9374e-02 +3.9027e-01 +8.0144e-01 -5.7701e-01 -9.7639e-01 +3.9687e-01 +5.8489e-01 +1.0905e+00 +3.0269e-01 +1.0412e+00 +5.0276e-01 -2.7125e+00 +9.1292e-01 +9.9594e-01
1964 0 +4.662941096e+01 +1.261094110e+02 +1.261094110e+02 -5.7768e-01 +4.5563e-01 -6.6744e-01 +1.2784e+00 -1.2463e+00 +1.7141e+00 +6.5727e-02 +3.9026e-01 +1.7936e-02 -5.6453e-01 -9.7638e-01 +3.9681e-01 +5.8489e-01 +1.3241e-01 +3.0269e-01 +1.0412e+00 +6.6230e-01 -2.7125e+00 +9.1291e-01 +9.9593e-01
% f evaluations | g evaluations | best noise-free fitness - Fopt (3.944800000000e+02) + sum g_i+ | measured fitness | best measured fitness or single-digit g-values | x1 | x2...
1 0 +3.054416495e+02 +6.999216495e+02 +6.999216495e+02 -1.3463e+00 +2.3963e+00 -3.3259e+00 -2.6510e+00 -3.0672e-01 -2.4728e+00 +1.3118e+00 -3.0962e-01 +4.7726e+00 -4.3856e+00 -2.3277e+00 -4.1849e+00 -4.3996e+00 +5.4719e-01 -9.2551e-01 -3.8908e+00 +1.2297e+00 -4.1047e+00 +3.9092e+00 +2.4075e+00
2 0 +2.889887908e+02 +6.834687908e+02 +6.834687908e+02 -3.9103e+00 -4.7812e+00 -2.2047e+00 -7.9174e-01 +4.4716e+00 -2.4401e-01 +6.6717e-01 +2.0862e+00 -1.5981e+00 -2.6069e+00 +2.7297e+00 -3.5613e+00 -3.5199e+00 -4.3510e-01 +3.0816e+00 -4.7780e+00 -4.7636e+00 +2.6130e+00 -9.7308e-02 -4.1303e+00
6 0 +2.561308902e+02 +6.506108902e+02 +6.506108902e+02 +2.3820e+00 +1.8985e+00 +2.6136e-01 -8.3957e-02 -2.3601e+00 -1.5678e+00 +2.9102e+00 +1.3408e+00 +1.1033e+00 +3.6180e+00 -5.0636e-01 -2.5226e+00 +4.9983e+00 +1.2382e+00 -4.5172e+00 +3.0595e+00 -3.9025e+00 -3.4977e+00 -2.7680e+00 -4.5940e+00
17 0 +2.364841827e+02 +6.309641827e+02 +6.309641827e+02 -3.1616e+00 -3.4186e+00 +4.1651e+00 +6.4128e-01 +6.2362e-01 +1.8854e-01 -2.7700e+00 +4.0126e-01 -2.2186e-01 -1.7599e+00 +3.1369e+00 -3.4755e+00 -1.8985e+00 +1.5379e-01 +1.6953e+00 +5.4307e-01 +1.1059e+00 -1.4724e+00 -1.1705e+00 +3.4978e+00
26 0 +2.150972966e+02 +6.095772966e+02 +6.095772966e+02 -4.7834e+00 -1.7403e+00 -3.6004e+00 +3.2340e+00 -1.0781e+00 -2.0405e+00 -2.2665e+00 -3.4786e+00 +4.9512e+00 +3.5077e-01 +1.8902e+00 +1.6350e+00 -4.4519e+00 -2.5971e+00 -3.9800e+00 +4.7109e-01 -3.8712e+00 +4.0802e+00 -8.6771e-01 +1.2699e-01
54 0 +1.821055985e+02 +5.765855985e+02 +5.765855985e+02 -2.6833e+00 -6.7231e-01 -1.9562e+00 +2.5083e+00 -1.3723e+00 -1.8928e+00 -1.0262e+00 -2.1010e+00 +3.1773e+00 -5.7281e-01 +1.8714e+00 +1.8092e+00 -4.0649e+00 -3.0873e+00 -3.6569e+00 +6.1645e-01 -3.8871e+00 +3.6534e+00 -1.8771e+00 +4.8396e-01
102 0 +1.513879300e+02 +5.458679300e+02 +5.458679300e+02 -2.4043e+00 -1.1860e+00 -2.3377e+00 +2.4385e+00 -1.8789e+00 -2.1398e+00 -1.2395e+00 -1.4257e+00 +1.7539e+00 -1.1481e+00 +1.6947e+00 +1.2299e+00 -3.6294e+00 -2.3439e+00 -2.3746e+00 -3.0697e-01 -3.6322e+00 +2.7238e+00 -1.3227e+00 +3.6524e-01
207 0 +1.432800680e+02 +5.377600680e+02 +5.377600680e+02 -1.5719e+00 -1.0470e+00 -1.9438e+00 +2.1673e+00 -2.1956e+00 -2.1964e+00 -9.1585e-01 -6.6369e-01 +5.3726e-01 -1.7128e+00 +1.6138e+00 +1.0311e+00 -3.3070e+00 -2.1865e+00 -1.7090e+00 -6.5396e-01 -3.5185e+00 +2.1688e+00 -1.4172e+00 +4.3712e-01
357 0 +1.381174555e+02 +5.325974555e+02 +5.325974555e+02 -1.4541e+00 -1.5168e+00 -2.3373e+00 +2.1459e+00 -2.5911e+00 -2.4037e+00 -1.1500e+00 -1.8984e-01 -5.2243e-01 -2.1292e+00 +1.4711e+00 +5.5715e-01 -2.9761e+00 -1.5612e+00 -6.8966e-01 -1.4094e+00 -3.3157e+00 +1.4429e+00 -9.2073e-01 +3.2179e-01
460 0 +1.378760928e+02 +5.323560928e+02 +5.323560928e+02 -1.6107e+00 -8.4049e-01 -1.7036e+00 +2.2991e+00 -1.9573e+00 -2.0943e+00 -9.0972e-01 -7.9843e-01 +1.0248e+00 -1.5963e+00 +1.7282e+00 +1.0664e+00 -3.3838e+00 -2.4297e+00 -2.1442e+00 -2.1914e-01 -3.3880e+00 +1.1477e+00 -1.4588e+00 +5.5121e-01
563 0 +1.300648230e+02 +5.245448230e+02 +5.245448230e+02 -1.5783e+00 -8.8959e-01 -1.7441e+00 +2.2789e+00 -8.2970e-02 -2.1199e+00 -9.1915e-01 -7.3349e-01 +8.7461e-01 -1.6506e+00 +1.7055e+00 +1.0243e+00 -3.3452e+00 -2.3589e+00 -2.0151e+00 -3.2143e-01 -3.3826e+00 +1.2200e+00 -1.4172e+00 +5.3431e-01
910 0 +1.284889893e+02 +5.229689893e+02 +5.229689893e+02 -1.5783e+00 -8.8959e-01 -1.7441e+00 +2.2789e+00 -8.2970e-02 -2.1199e+00 -9.1915e-01 -7.3349e-01 +8.7461e-01 -1.6506e+00 +1.7055e+00 +1.0243e+00 -3.3452e+00 -2.3589e+00 -2.0151e+00 -3.2143e-01 -3.3826e+00 +1.2200e+00 -7.5526e-01 +5.3431e-01
914 0 +1.244439882e+02 +5.189239882e+02 +5.189239882e+02 -1.4967e+00 -1.3220e+00 -2.1545e+00 +2.1883e+00 -2.1742e+00 -2.3150e+00 -1.0793e+00 -3.6295e-01 -8.1518e-02 -1.9773e+00 +1.5444e+00 +7.0405e-01 -3.0928e+00 -8.0449e-01 -1.1058e+00 -1.0690e+00 -3.3376e+00 +1.3707e+00 -1.0763e+00 +3.8752e-01
1010 0 +1.201722184e+02 +5.146522184e+02 +5.146522184e+02 -1.4967e+00 -1.3220e+00 -2.1545e+00 +2.1883e+00 -1.3611e+00 -2.3150e+00 -1.0793e+00 -3.6295e-01 -8.1518e-02 -1.9773e+00 +1.5444e+00 +7.0405e-01 -3.0928e+00 -8.0449e-01 -1.1058e+00 -1.0690e+00 -3.3376e+00 +1.3707e+00 -1.0763e+00 +3.8752e-01
1012 0 +1.099546823e+02 +5.044346823e+02 +5.044346823e+02 -1.5783e+00 -8.8959e-01 -1.7441e+00 +2.2789e+00 -8.2970e-02 -2.1199e+00 -9.1915e-01 -7.3349e-01 +8.7461e-01 -1.6506e+00 +1.7055e+00 +1.0243e+00 -3.3452e+00 -4.0825e-01 -2.0151e+00 -3.2143e-01 -3.3826e+00 +1.2200e+00 -1.4172e+00 +5.3431e-01
1211 0 +1.082122973e+02 +5.026922973e+02 +5.026922973e+02 -1.5783e+00 -8.8959e-01 -1.7441e+00 +2.2789e+00 -8.2970e-02 -2.1199e+00 -9.1915e-01 -7.3349e-01 +2.7722e-01 -1.6506e+00 +1.7055e+00 +1.0243e+00 -3.3452e+00 -4.0825e-01 -2.0151e+00 -3.2143e-01 -3.3826e+00 +1.2200e+00 -1.4172e+00 +5.3431e-01
1461 0 +1.028505285e+02 +4.973305285e+02 +4.973305285e+02 -1.5783e+00 -8.8959e-01 -1.7441e+00 +2.2789e+00 -8.2970e-02 -2.1199e+00 -2.5415e-01 -7.3349e-01 +2.7722e-01 -1.6506e+00 +1.7055e+00 +1.0243e+00 -3.3452e+00 -4.0825e-01 -2.0151e+00 -3.2143e-01 -3.3826e+00 +1.2200e+00 -1.4172e+00 +5.3431e-01
1613 0 +1.019951930e+02 +4.964751930e+02 +4.964751930e+02 -1.5769e+00 -8.9786e-01 -1.7520e+00 +2.2773e+00 -1.2243e-01 -2.1236e+00 -9.2227e-01 -7.2357e-01 +5.6846e-01 -1.6567e+00 +1.7025e+00 +1.0148e+00 -1.6118e+00 -1.1556e+00 -1.9225e+00 -3.3560e-01 -3.0898e+00 +1.2225e+00 -1.4107e+00 +5.3150e-01
1764 0 +8.740172009e+01 +4.818817201e+02 +4.818817201e+02 -1.5783e+00 -8.8959e-01 -1.7441e+00 +2.2789e+00 -8.2985e-02 -2.1199e+00 -6.9865e-01 -7.3225e-01 +3.0677e-01 -1.6506e+00 +1.7055e+00 +1.0243e+00 -7.0061e-01 -4.0895e-01 -2.0151e+00 -3.2143e-01 -3.3826e+00 +1.2200e+00 -1.4172e+00 +5.3431e-01
1912 0 +8.463257976e+01 +4.791125798e+02 +4.791125798e+02 -1.5783e+00 -8.8959e-01 -1.7441e+00 +2.2789e+00 -8.2985e-02 -2.1199e+00 -6.9865e-01 -7.3225e-01 +3.0677e-01 -1.6506e+00 +1.7055e+00 +1.0243e+00 -7.0061e-01 -6.3442e-02 -2.0151e+00 -3.2143e-01 -3.3826e+00 +1.2200e+00 -1.4172e+00 +5.3431e-01
% f evaluations | g evaluations | best noise-free fitness - Fopt (-2.471100000000e+02) + sum g_i+ | measured fitness | best measured fitness or single-digit g-values | x1 | x2...
1 0 +2.496235037e+02 +2.513503723e+00 +2.513503723e+00 +8.3006e-01 -1.4059e+00 -1.8318e+00 +2.4840e+00 -4.8269e-01 +1.3056e+00 -4.8844e-01 -2.7094e+00 -4.1388e+00 -2.3762e+00 -2.6085e+00 +1.8332e+00 +4.5107e+00 -3.2423e+00 -1.1152e+00 -2.1472e+00 +3.6927e+00 -5.6896e-01 -3.4995e+00 -2.5955e+00
3 0 +1.712402307e+02 -7.586976928e+01 -7.586976928e+01 -3.4828e+00 -1.7511e+00 +5.6242e-01 +2.6295e-01 -1.0484e+00 -3.8559e+00 +2.3710e+00 -3.7995e+00 +2.8967e+00 +3.2380e+00 +4.5793e+00 +3.1702e+00 -2.4985e+00 -5.4821e-01 -3.1469e+00 -2.1610e+00 +3.5874e+00 -3.9236e-01 +2.9563e+00 +8.5549e-01
8 0 +1.670568712e+02 -8.005312882e+01 -8.005312882e+01 -2.2035e-01 +1.4334e+00 -3.1775e+00 -4.0512e+00 -1.8563e+00 -1.2158e+00 +2.3602e+00 +2.5991e+00 +3.0417e+00 +2.1620e+00 -4.9318e+00 +2.1446e+00 +1.9670e+00 +1.2417e+00 +2.3664e+00 -1.0095e-01 +9.0017e-01 -3.0668e+00 -7.6076e-01 -2.7186e-01
11 0 +1.361077411e+02 -1.110022589e+02 -1.110022589e+02 +2.0444e+00 -2.6975e+00 +3.5394e+00 -3.7466e+00 -4.3353e+00 +1.7259e+00 +2.3957e+00 -3.9877e+00 -3.6440e+00 +1.5879e+00 +4.6086e+00 +7.7138e-01 -2.0743e+00 +4.4142e+00 +1.8524e+00 +9.6578e-01 +4.8970e-01 -1.3873e+00 +1.5140e+00 -1.7286e+00
52 0 +1.200744265e+02 -1.270355735e+02 -1.270355735e+02 -3.3816e+00 +2.4175e-01 -2.9343e+00 -2.0859e+00 -3.4048e+00 -1.6447e+00 +2.2964e+00 +1.1737e+00 +2.8291e+00 +3.0272e+00 +2.4773e+00 +2.9485e+00 +2.4004e-01 -1.8429e+00 +1.4762e+00 +3.6467e+00 +3.9436e+00 -4.6901e+00 +2.1923e-01 +2.1519e+00
106 0 +1.004643333e+02 -1.466456667e+02 -1.466456667e+02 -2.0077e+00 -1.3991e+00 +3.2010e-01 -2.1645e+00 -3.6174e+00 +1.1515e+00 +2.1007e+00 -4.7442e+00 -2.3307e+00 -1.2750e-01 +3.6937e+00 -2.9057e+00 -1.5909e+00 -1.5246e+00 +3.1717e+00 -6.2743e-01 +1.1747e+00 +3.2211e+00 -3.7688e-01 +2.5230e+00
107 0 +9.715432191e+01 -1.499556781e+02 -1.499556781e+02 +8.2939e-01 -2.3082e+00 +2.5741e+00 -3.2722e+00 -4.1200e+00 +1.5537e+00 +2.3072e+00 -4.2145e+00 -3.2502e+00 +1.0736e+00 +4.3343e+00 -3.3116e-01 -1.9293e+00 +2.6336e+00 +2.2480e+00 +4.8807e-01 +6.9510e-01 -5.5040e-03 +9.4706e-01 -4.5378e-01
109 0 +9.339471414e+01 -1.537152859e+02 -1.537152859e+02 -1.4371e+00 -1.3732e+00 +7.7652e-01 -1.3850e+00 -1.9296e+00 +6.9040e-01 +4.9049e-01 -3.9300e+00 -3.1221e+00 +1.3776e+00 +2.7808e+00 -1.7217e+00 -1.8670e+00 -1.4801e+00 +2.1295e+00 +8.8879e-03 +4.4577e-01 +9.9769e-01 +1.1990e-01 +1.6417e+00
156 0 +8.278400003e+01 -1.643260000e+02 -1.643260000e+02 -2.6682e-01 -1.9569e+00 +1.7032e+00 -2.8442e+00 -3.9258e+00 +1.3983e+00 +2.2274e+00 -4.4192e+00 -2.8949e+00 +6.0950e-01 +4.0868e+00 -1.3259e+00 -1.7986e+00 +1.0269e+00 +2.6049e+00 +5.7059e-02 +8.8042e-01 +1.2412e+00 +4.3551e-01 +6.9639e-01
158 0 +6.385334843e+01 -1.832566516e+02 -1.832566516e+02 -2.0446e+00 -5.6782e-01 -1.1855e+00 -2.4625e+00 -3.6319e+00 -6.2924e-01 +2.2998e+00 -5.3695e-01 +8.9902e-01 +2.4070e+00 +3.0669e+00 +1.9072e+00 -4.4871e-01 -4.2171e-01 +1.7212e+00 +2.6439e+00 +2.9123e+00 -3.2028e+00 +4.5031e-01 +1.3246e+00
159 0 +5.548689137e+01 -1.916231086e+02 -1.916231086e+02 -5.0753e-01 -1.4986e+00 +8.2527e-01 -2.8956e+00 -3.8930e+00 +5.3826e-01 +2.3038e+00 -2.5038e+00 -1.3201e+00 +1.6938e+00 +3.7447e+00 +7.1008e-01 -1.2406e+00 +1.2123e+00 +2.0029e+00 +1.4909e+00 +1.7265e+00 -1.4928e+00 +7.1598e-01 +3.7349e-01
360 0 +5.411369167e+01 -1.929963083e+02 -1.929963083e+02 -5.0753e-01 -1.4986e+00 +8.2527e-01 -2.8956e+00 -3.8930e+00 +5.3826e-01 +2.3038e+00 -2.5038e+00 -1.3201e+00 +1.6938e+00 +3.7447e+00 +7.1008e-01 -1.2406e+00 +1.2123e+00 +2.0029e+00 +1.4909e+00 +1.7265e+00 -7.9583e-01 +7.1598e-01 +3.7349e-01
611 0 +5.283377759e+01 -1.942762224e+02 -1.942762224e+02 -5.0753e-01 -1.4986e+00 +8.2527e-01 -2.8956e+00 -3.8930e+00 +5.3826e-01 +2.3038e+00 -2.5038e+00 -2.1102e-02 +1.6938e+00 +3.7447e+00 +7.1008e-01 -1.2406e+00 +1.2123e+00 +2.0029e+00 +1.4909e+00 +1.7265e+00 -9.8541e-01 +7.1598e-01 +3.7329e-01
811 0 +5.221787856e+01 -1.948921214e+02 -1.948921214e+02 -5.0753e-01 -1.4986e+00 +8.2527e-01 -2.8956e+00 -3.8930e+00 +5.3826e-01 +2.3038e+00 -2.5038e+00 -1.3201e+00 +1.6938e+00 +2.0628e+00 +7.1008e-01 -1.2406e+00 +1.2123e+00 +2.0029e+00 +1.4909e+00 +1.7265e+00 -8.2120e-01 +7.1598e-01 +3.7312e-01
860 0 +4.872057629e+01 -1.983894237e+02 -1.983894237e+02 -5.0753e-01 -1.4986e+00 +8.2527e-01 -2.8956e+00 -3.8930e+00 +5.3826e-01 +2.3038e+00 -2.5038e+00 -1.3201e+00 +1.6938e+00 +3.7447e+00 +7.1008e-01 -4.9086e-01 +1.2123e+00 +2.0029e+00 +1.4909e+00 +1.7265e+00 -8.9646e-01 +7.1598e-01 +3.7349e-01
1210 0 +4.757029327e+01 -1.995397067e+02 -1.995397067e+02 -5.0753e-01 -1.4986e+00 +8.2527e-01 -2.8956e+00 -3.8930e+00 +5.3826e-01 +2.3038e+00 -2.5038e+00 -7.1106e-01 +1.6938e+00 +3.7447e+00 +7.1008e-01 -4.9086e-01 +1.2123e+00 +2.0029e+00 +1.4909e+00 +1.7265e+00 -8.9646e-01 +7.1598e-01 +3.7349e-01
1461 0 +4.536716918e+01 -2.017428308e+02 -2.017428308e+02 -5.0753e-01 -2.0734e-01 +6.0127e-01 -2.8956e+00 -3.8930e+00 +5.3826e-01 +2.3038e+00 -2.5038e+00 -9.2010e-01 +1.6938e+00 +3.6353e+00 +7.1008e-01 -6.8606e-01 +1.2122e+00 +2.0029e+00 +1.4909e+00 +1.7265e+00 -7.5235e-01 +7.1598e-01 +3.7342e-01
1764 0 +4.465085857e+01 -2.024591414e+02 -2.024591414e+02 -5.0753e-01 -1.4986e+00 +6.4763e-01 -2.8956e+00 -3.8930e+00 +5.3826e-01 +2.3038e+00 -2.5038e+00 -1.0169e+00 +1.6938e+00 +3.7438e+00 +7.1008e-01 -8.9010e-02 +1.2123e+00 +2.0029e+00 +1.4909e+00 +1.7265e+00 -5.4793e-01 +7.1598e-01 +3.7349e-01
% f evaluations | g evaluations | best noise-free fitness - Fopt (-1.520400000000e+02) + sum g_i+ | measured fitness | best measured fitness or single-digit g-values | x1 | x2...
1 0 +3.599322353e+02 +2.078922353e+02 +2.078922353e+02 +3.8883e+00 -1.3392e+00 -6.0056e-01 +4.6090e+00 +7.5249e-01 -3.2252e+00 +3.1037e+00 +1.9323e-01 -3.1028e+00 -3.4026e+00 -4.4585e+00 +4.0374e+00 -8.8916e-01 -4.6360e+00 -1.9973e+00 +1.4992e+00 -4.8068e+00 +3.7171e+00 +4.0160e+00 +3.5607e+00
2 0 +2.371118577e+02 +8.507185769e+01 +8.507185769e+01 +6.2698e-02 -2.7869e+00 +2.0056e+00 -3.1950e+00 -1.3093e+00 -1.1932e+00 -4.9651e+00 +1.6459e+00 +3.9635e+00 +4.9681e+00 -4.7161e+00 +3.0997e+00 -2.7205e+00 +1.1955e+00 -1.3900e+00 -2.8955e+00 +3.8374e+00 -9.5689e-01 -8.1703e-01 +1.7493e-01
3 0 +2.235997649e+02 +7.155976487e+01 +7.155976487e+01 -2.8577e+00 -4.2355e+00 +3.3142e+00 +2.3940e+00 -2.4514e+00 -8.0021e-03 -1.0405e-01 +9.4732e-01 +5.9008e-01 +2.9406e+00 -2.0415e+00 -1.9236e+00 -3.2746e+00 -4.4183e+00 +1.0294e+00 +4.9488e+00 +1.1410e+00 -3.2742e+00 +7.8952e-01 +2.2909e+00
7 0 +1.840727654e+02 +3.203276538e+01 +3.203276538e+01 +3.4186e+00 +4.4951e+00 -3.8656e+00 +2.2288e+00 +3.8166e+00 +2.9232e+00 -5.7701e-01 +2.1843e+00 +4.4034e+00 +1.4496e+00 -5.8974e-01 -1.6076e+00 +2.9658e+00 +4.2094e+00 +1.2651e+00 -3.7888e+00 +7.9240e-01 -3.7680e+00 -3.4137e+00 -1.2607e+00
8 0 +1.716351502e+02 +1.959515020e+01 +1.959515020e+01 +3.1657e+00 -9.0414e-01 -2.1658e+00 +2.5961e+00 -9.1485e-01 -4.1853e+00 +3.2536e+00 -9.1614e-01 -3.7412e+00 +2.9298e+00 -1.8449e+00 +1.3200e+00 +1.3212e+00 +4.8814e+00 -2.8935e+00 +1.8597e-01 -8.1519e-01 +8.7478e-02 -4.3986e-01 +5.5282e-01
26 0 +1.613048261e+02 +9.264826107e+00 +9.264826107e+00 -2.1650e+00 +4.4239e+00 -2.2207e+00 +2.1788e+00 +3.5357e+00 +1.7572e+00 +3.9493e+00 -4.1633e+00 -3.1962e+00 +1.1459e+00 -2.4998e+00 +1.2599e-01 -1.3081e+00 -5.7508e-01 +1.2142e-01 +4.2859e+00 +4.1190e+00 +3.6915e+00 -4.2705e+00 +3.3075e+00
55 0 +1.499769902e+02 -2.063009830e+00 -2.063009830e+00 -1.8999e+00 +4.1590e+00 -2.2180e+00 +2.1995e+00 +3.3145e+00 +1.4617e+00 +3.9148e+00 -4.0019e+00 -3.2233e+00 +1.2346e+00 -2.4673e+00 +1.8535e-01 -1.1774e+00 -3.0381e-01 -2.8472e-02 +4.0821e+00 +3.8737e+00 +3.5123e+00 -4.0801e+00 +3.1705e+00
105 0 +1.420012714e+02 -1.003872859e+01 -1.003872859e+01 -6.7325e-01 +2.8637e-01 -1.7455e+00 -2.3376e+00 -1.9145e+00 -3.3926e+00 -5.6655e-01 +5.7566e-01 +9.5052e-01 +2.8517e+00 -1.4609e+00 +3.8654e-01 -1.6688e+00 +2.0895e-01 +1.0418e+00 -3.1590e+00 -1.5285e+00 +2.8553e+00 -1.3869e-01 +2.2621e+00
154 0 +9.576313856e+01 -5.627686144e+01 -5.627686144e+01 -1.6740e+00 +3.0623e+00 -2.0643e+00 +6.9245e-01 +1.7420e+00 +6.2391e-02 +2.4632e+00 -2.6037e+00 -1.8315e+00 +1.7073e+00 -2.1579e+00 +2.1174e-01 -1.4268e+00 -3.1706e-01 +4.2433e-01 +1.8358e+00 +2.2604e+00 +3.4163e+00 -2.9107e+00 +2.9634e+00
155 0 +8.916513498e+01 -6.287486502e+01 -6.287486502e+01 -1.1642e+00 +1.6480e+00 -1.9019e+00 -8.5128e-01 -1.2087e-01 -1.6978e+00 +9.1963e-01 -9.8393e-01 -4.1416e-01 +2.2903e+00 -1.8028e+00 +3.0079e-01 -1.5501e+00 -4.9072e-02 +7.3893e-01 -7.0886e-01 +3.3007e-01 +3.1305e+00 -1.4985e+00 +2.6061e+00
204 0 +8.453641318e+01 -6.750358682e+01 -6.750358682e+01 -1.3199e+00 +2.0800e+00 -1.9515e+00 -3.7981e-01 +4.4808e-01 -1.1602e+00 +1.3910e+00 -1.4786e+00 -8.4703e-01 +2.1123e+00 -1.9113e+00 +2.7360e-01 -1.5124e+00 -1.3092e-01 +6.4285e-01 +6.8308e-02 +9.1962e-01 +3.2178e+00 -1.9298e+00 +2.7152e+00
404 0 +8.179951238e+01 -7.024048762e+01 -7.024048762e+01 -1.6507e+00 +2.3656e+00 -1.8553e+00 +3.2824e-01 +1.4517e+00 -5.5364e-01 +2.0932e+00 -2.2864e+00 -1.5488e+00 +1.6480e+00 -1.8157e+00 -1.0959e-01 -1.3439e+00 +1.7955e-02 +7.1946e-01 +8.8059e-01 +1.7469e+00 +2.7448e+00 -2.1020e+00 +2.4993e+00
414 0 +7.984216587e+01 -7.219783413e+01 -7.219783413e+01 -1.8487e+00 +2.6826e+00 -1.8443e+00 +8.1996e-01 +2.0999e+00 -6.6762e-02 +2.5827e+00 -2.8262e+00 -4.4435e-01 +1.3899e+00 -1.8338e+00 -2.6379e-01 -1.2634e+00 +3.2490e-02 +7.0045e-01 +1.5607e+00 +2.3404e+00 +2.6138e+00 -2.3771e+00 +2.4735e+00
556 0 +7.536057603e+01 -7.667942397e+01 -7.667942397e+01 -1.5464e+00 +2.3381e+00 -1.9056e+00 +1.3414e-01 +1.1557e+00 -6.9181e-01 +1.1913e+00 -2.0559e+00 -6.7453e-01 +1.8028e+00 -1.8781e+00 +4.3393e-02 -1.4058e+00 -6.0917e-02 +6.6752e-01 +7.0761e-01 +1.5283e+00 +2.9590e+00 -2.1214e+00 +2.6117e+00
760 0 +7.355126041e+01 -7.848873959e+01 -7.848873959e+01 -6.0244e-01 +2.4244e+00 -1.8902e+00 +3.0600e-01 +1.3923e+00 -5.3518e-01 +1.5400e+00 -2.2489e+00 -6.1685e-01 +1.6994e+00 -1.8670e+00 -3.3584e-02 -1.3701e+00 -3.7510e-02 +6.7577e-01 +9.2139e-01 +1.7318e+00 +2.8725e+00 -2.1855e+00 +2.5770e+00
862 0 +6.879012998e+01 -8.324987002e+01 -8.324987002e+01 -1.6222e+00 +2.4244e+00 -1.8902e+00 +3.0600e-01 +1.3923e+00 -5.3518e-01 +1.5400e+00 -2.2489e+00 -6.1685e-01 +1.6994e+00 -1.8670e+00 -3.3584e-02 -1.3701e+00 -3.7510e-02 +6.7577e-01 +9.2139e-01 +1.7318e+00 +6.6967e-01 -2.1855e+00 +2.5770e+00
1212 0 +6.646450081e+01 -8.557549919e+01 -8.557549919e+01 -1.5844e+00 +2.3813e+00 -1.8979e+00 +2.2023e-01 +1.2742e+00 -6.1335e-01 +1.1096e+00 -8.6390e-01 -6.4564e-01 +1.7510e+00 -1.0118e+00 +4.8355e-03 -1.3879e+00 -4.9192e-02 +6.7165e-01 +8.1469e-01 +1.6302e+00 +1.8123e+00 -2.1535e+00 +2.5943e+00
1263 0 +6.572133267e+01 -8.631866733e+01 -8.631866733e+01 -1.6083e+00 +2.4086e+00 -1.8930e+00 +2.7456e-01 +1.3490e+00 -5.6383e-01 +1.3822e+00 -2.2136e+00 -6.2740e-01 +1.7183e+00 -1.8690e+00 -1.9500e-02 -1.3766e+00 -4.1792e-02 +6.7426e-01 +8.8227e-01 +1.6945e+00 +1.2380e+00 -5.1392e-01 +2.5834e+00
1464 0 +6.379896796e+01 -8.824103204e+01 -8.824103204e+01 -1.6072e+00 +2.4074e+00 -1.8933e+00 +2.7208e-01 +1.3456e+00 -5.6609e-01 +1.3698e+00 -1.5717e+00 -6.2823e-01 +1.7198e+00 -1.8199e+00 -1.8392e-02 -1.3771e+00 -4.2129e-02 +6.7414e-01 +8.7920e-01 +1.6916e+00 +2.0609e-01 -1.1582e+00 +2.5839e+00
1510 0 +6.148048059e+01 -9.055951941e+01 -9.055951941e+01 -1.6067e+00 +2.3889e+00 -1.8934e+00 +2.7098e-01 +1.3441e+00 -5.5185e-01 +2.1728e-01 -2.2059e+00 -6.2860e-01 +1.7204e+00 -1.8025e+00 -1.7899e-02 -1.3774e+00 -4.2279e-02 +6.7409e-01 +8.7783e-01 +1.6903e+00 +2.8673e-01 -1.2280e+00 +2.5841e+00
1807 0 +6.025532360e+01 -9.178467640e+01 -9.178467640e+01 -1.0870e+00 +2.2519e+00 -1.8934e+00 +2.7032e-01 +1.3432e+00 -5.6751e-01 +8.2048e-02 -1.3364e+00 -6.2892e-01 +1.7208e+00 -1.6649e+00 -1.7612e-02 -1.3775e+00 -4.2362e-02 +6.7407e-01 +8.7700e-01 +1.6895e+00 +6.5344e-01 -2.1297e+00 +2.5842e+00
1912 0 +5.802954218e+01 -9.401045782e+01 -9.401045782e+01 -1.1028e+00 +2.2563e+00 -1.8934e+00 +2.7036e-01 +1.3432e+00 -5.6723e-01 +1.0173e-01 -1.3541e+00 -2.0882e-02 +1.7208e+00 -1.6693e+00 -1.7628e-02 -1.3775e+00 -4.2358e-02 +6.7407e-01 +8.7704e-01 +1.6896e+00 +6.4123e-01 -2.1014e+00 +2.5842e+00
% f evaluations | g evaluations | best noise-free fitness - Fopt (-2.525000000000e+01) + sum g_i+ | measured fitness | best measured fitness or single-digit g-values | x1 | x2...
1 0 +1.900532419e+02 +1.648032419e+02 +1.648032419e+02 +3.9020e+00 -2.5961e+00 -4.5560e+00 +2.2884e-02 -7.5790e-01 +3.8061e+00 +3.1650e+00 -3.8033e+00 +3.7187e+00 -3.1868e+00 +1.1515e-01 -2.4707e+00 +1.5813e+00 -2.0829e+00 -2.3011e+00 +4.6097e+00 -2.7803e+00 -1.8970e+00 +3.1415e+00 -5.1474e-01
7 0 +1.865232674e+02 +1.612732674e+02 +1.612732674e+02 -1.4036e+00 +1.7236e+00 -1.6376e+00 +2.3053e-01 -4.6059e+00 +1.4413e+00 +6.0114e-01 -3.6472e+00 +1.7805e+00 +7.6327e-02 +2.5113e-01 +2.6273e+00 -3.7655e+00 -2.6749e+00 +2.5373e-01 -4.3146e+00 -4.0797e+00 -2.5185e+00 -1.1809e+00 -4.5967e+00
19 0 +1.651893869e+02 +1.399393869e+02 +1.399393869e+02 -1.4497e+00 -2.5036e+00 -3.8386e+00 -2.4964e+00 -2.1389e+00 -1.0575e+00 +8.1258e-01 +1.7431e+00 +3.5705e+00 -1.7087e+00 +1.2891e+00 +2.8890e+00 +5.5396e-01 -2.3149e+00 +1.6544e+00 +1.7808e+00 -4.8830e+00 +2.9418e-01 +4.2072e+00 +1.2437e+00
22 0 +1.177425086e+02 +9.249250856e+01 +9.249250856e+01 -1.0448e+00 -2.0834e+00 -3.6074e+00 -4.4452e+00 +2.5828e+00 +3.6864e+00 -2.4555e+00 +1.9550e+00 -7.4324e-01 -2.3917e+00 +2.2496e+00 +8.1416e-01 -4.1971e+00 +4.5419e-01 +1.0767e+00 +6.7466e-01 +2.9012e+00 +2.3623e+00 -3.5223e+00 -1.4390e+00
102 0 +1.075027964e+02 +8.225279645e+01 +8.225279645e+01 -8.1180e-01 -1.1344e+00 -3.4512e+00 +3.9101e-02 -5.4988e-01 +1.6105e+00 +2.1600e+00 +7.2728e-01 +1.9784e+00 -8.0768e-01 +3.5321e+00 +1.7323e+00 -4.2705e-01 -1.5935e+00 +2.1317e+00 +3.6025e-01 -8.2263e-01 +2.0909e+00 +1.0720e+00 -3.5459e+00
103 0 +1.047552207e+02 +7.950522066e+01 +7.950522066e+01 -3.3850e-01 -6.6436e-01 -3.5907e+00 +9.2729e-01 -1.6822e-01 +1.3646e+00 +2.3995e+00 +1.3359e+00 +1.3687e+00 -1.0179e+00 +3.1318e+00 +1.3600e+00 -1.1345e+00 -7.3613e-01 +1.5691e+00 +8.4392e-02 -7.0783e-01 +2.2985e+00 +1.6969e+00 -3.3047e+00
105 0 +1.014525422e+02 +7.620254222e+01 +7.620254222e+01 -1.0351e+00 -1.7542e+00 -3.4687e+00 -3.9686e+00 +2.0285e+00 +3.4712e+00 -2.1418e+00 +1.5631e+00 -5.5673e-01 -2.1991e+00 +2.0934e+00 +9.3684e-01 -4.1564e+00 +2.5026e-01 +9.9296e-01 +2.8100e-01 +2.3348e+00 +2.0108e+00 -3.2352e+00 -1.6886e+00
106 0 +8.973516587e+01 +6.448516587e+01 +6.448516587e+01 -1.2547e+00 +1.4378e-01 -2.4551e+00 -1.7098e+00 -1.6227e+00 +2.3730e+00 -6.6731e-01 -1.3224e+00 +7.3319e-01 -9.4785e-01 +1.0805e+00 +1.8749e+00 -3.9446e+00 -1.3764e+00 +5.9526e-01 -2.2442e+00 -1.1827e+00 -4.9302e-01 -2.1525e+00 -3.2863e+00
107 0 +7.804007391e+01 +5.279007391e+01 +5.279007391e+01 -1.1937e+00 -5.0355e-01 -2.7900e+00 -2.5048e+00 -4.0037e-01 +2.7547e+00 -1.1870e+00 -3.6985e-01 +3.0407e-01 -1.3675e+00 +1.4203e+00 +1.5666e+00 -4.0180e+00 -8.4433e-01 +7.3519e-01 -1.3958e+00 +4.2758e-03 +3.3689e-01 -2.5506e+00 -2.7494e+00
156 0 +7.680589950e+01 +5.155589950e+01 +5.155589950e+01 -7.6092e-01 -1.3253e+00 -3.5167e+00 -2.0417e+00 +1.1639e+00 +2.6421e+00 -3.5439e-01 +1.4737e+00 +2.0109e-01 -1.7342e+00 +2.5021e+00 +1.1034e+00 -2.9670e+00 -1.3797e-01 +1.2197e+00 +2.0362e-01 +1.1373e+00 +2.1240e+00 -1.2940e+00 -2.3247e+00
202 0 +6.462139348e+01 +3.937139348e+01 +3.937139348e+01 +1.1751e-01 +1.5748e-01 -3.4436e+00 -1.2193e+00 -5.5437e-01 +6.4309e-01 +6.0917e-01 +3.4477e-01 -5.3232e-01 -2.0793e+00 +1.9282e+00 +2.9940e-01 -1.4463e+00 -1.4677e-01 +8.7354e-01 -1.0972e+00 -1.5931e+00 -2.0974e-01 -1.2187e+00 -3.0042e+00
203 0 +6.203057733e+01 +3.678057733e+01 +3.678057733e+01 -4.8457e-02 -1.2267e-01 -3.4574e+00 -1.3747e+00 -2.2972e-01 +1.0208e+00 +4.2712e-01 +5.5806e-01 -3.9376e-01 -2.0141e+00 +2.0366e+00 +4.5131e-01 -1.7336e+00 -1.4511e-01 +9.3895e-01 -8.5145e-01 -1.0773e+00 +2.3119e-01 -1.2330e+00 -2.8758e+00
458 0 +6.163454776e+01 +3.638454776e+01 +3.638454776e+01 -2.8277e-01 -3.1027e-01 -3.3800e+00 -1.5819e+00 -8.6655e-02 +1.4188e+00 +1.3591e-01 +5.4846e-01 -2.2636e-01 -1.8995e+00 +2.0170e+00 +6.6185e-01 -2.1421e+00 -2.4290e-01 +9.4466e-01 -7.8650e-01 -6.7747e-01 +4.8179e-01 -1.3953e+00 -2.7958e+00
614 0 +5.799673098e+01 +3.274673098e+01 +3.274673098e+01 -5.8139e-02 -1.3901e-01 -9.8037e-01 -1.3837e+00 -2.1078e-01 +1.0428e+00 +4.1650e-01 +5.7050e-01 -3.8567e-01 -2.0103e+00 +2.0429e+00 +4.6017e-01 -1.7504e+00 -1.4501e-01 +9.4276e-01 -8.3711e-01 -1.0472e+00 +2.5692e-01 -1.2338e+00 -2.8683e+00
706 0 +5.743328960e+01 +3.218328960e+01 +3.218328960e+01 -1.2600e-01 -1.6066e-01 -1.6255e+00 -1.4507e+00 -2.2232e-01 +9.9137e-01 +3.2065e-01 +5.1411e-01 -3.4448e-01 -1.9718e+00 +2.0056e+00 +5.2629e-01 -1.8859e+00 -1.8686e-01 +9.3030e-01 -8.7069e-01 -9.8455e-01 +2.6145e-01 -1.3126e+00 -2.8613e+00
1011 0 +5.592217434e+01 +3.067217434e+01 +3.067217434e+01 -1.2573e-01 -1.6164e-01 -1.6951e+00 -1.4537e+00 -2.2282e-01 +9.7620e-01 +3.1637e-01 +5.1161e-01 -2.5334e-01 -1.9701e+00 +2.0039e+00 +5.2924e-01 -1.8920e+00 -1.8872e-01 +9.2975e-01 -8.7217e-01 -9.8174e-01 +2.6167e-01 -9.1324e-01 -2.8610e+00
1160 0 +5.458187671e+01 +2.933187671e+01 +2.933187671e+01 -1.2502e-01 -1.6426e-01 -1.7969e+00 -1.4617e+00 -2.2415e-01 +9.3555e-01 +3.0492e-01 +1.4892e-01 -2.4755e-01 -1.9655e+00 +1.9995e+00 +5.3714e-01 -1.9081e+00 -1.9021e-01 +9.2827e-01 -8.7614e-01 -9.7421e-01 +2.6227e-01 -1.0376e+00 -2.8601e+00
1363 0 +5.266622092e+01 +2.741622092e+01 +2.741622092e+01 -1.2479e-01 -1.6507e-01 -1.8149e+00 -1.4642e+00 -2.2456e-01 +9.2293e-01 +3.0137e-01 +5.0284e-01 -2.0358e-01 -1.9641e+00 +1.9981e+00 +5.3959e-01 -1.9132e+00 -1.7905e-01 +9.2782e-01 -8.7737e-01 -9.7187e-01 +2.6245e-01 -8.1782e-01 -1.6220e+00
1604 0 +5.241405347e+01 +2.716405347e+01 +2.716405347e+01 -1.2703e-01 -1.6365e-01 -1.8015e+00 -1.4596e+00 -2.2272e-01 +9.4748e-01 +3.0800e-01 +5.0638e-01 -2.9547e-01 -1.9668e+00 +2.0008e+00 +5.3502e-01 -1.9038e+00 -1.8605e-01 +9.2871e-01 -8.7328e-01 -9.7606e-01 +2.5280e-01 -5.6692e-01 -7.9372e-01
% f evaluations | g evaluations | best noise-free fitness - Fopt (1.830100000000e+02) + sum g_i+ | measured fitness | best measured fitness or single-digit g-values | x1 | x2...
1 0 +4.437510335e+02 +6.267610335e+02 +6.267610335e+02 +1.5099e+00 -2.4192e+00 +3.4204e+00 +4.1050e+00 -4.9201e+00 -1.8643e+00 +2.7950e+00 -4.3291e+00 -3.4987e+00 +5.3642e-01 -3.4176e+00 -2.9399e+00 -3.8479e+00 +7.1498e-01 -2.3768e+00 -2.4048e+00 +2.5233e+00 -4.7653e+00 +1.4646e-01 +4.8241e+00
3 0 +2.727697496e+02 +4.557797496e+02 +4.557797496e+02 -1.2405e+00 +2.0058e-02 +4.3500e+00 -3.2780e+00 -2.4561e+00 -2.5451e+00 +1.1116e+00 -7.8057e-01 -2.4792e+00 -3.7202e+00 -4.9956e+00 +2.7649e+00 +1.5518e+00 -1.7352e-01 +3.7538e+00 +5.8960e-01 -1.3640e-01 +1.2845e+00 -2.1427e+00 -2.1577e+00
7 0 +1.817550963e+02 +3.647650963e+02 +3.647650963e+02 +6.5297e-01 -4.0462e+00 -3.5722e-01 +4.4755e-01 -2.3517e+00 +2.8559e+00 +2.5443e+00 +2.4091e+00 +4.3379e+00 -3.2546e+00 +8.4095e-02 +9.6006e-01 -3.2500e-01 -2.6095e+00 +5.3185e-01 +4.1036e+00 -2.8852e-01 -9.0889e-01 -3.4802e-01 +3.6354e+00
52 0 +1.717240410e+02 +3.547340410e+02 +3.547340410e+02 +1.3513e+00 -2.3982e+00 +6.0804e-01 +2.7054e+00 -2.1868e+00 +5.8836e-01 -7.6733e-01 +1.8846e-01 +2.7140e+00 -1.0961e+00 +2.1701e+00 +3.0949e+00 -8.1584e-01 +1.5530e+00 -1.1626e+00 +4.4288e+00 -2.5744e+00 +7.4518e-01 +2.0938e-01 +9.1179e-01
53 0 +1.558045325e+02 +3.388145325e+02 +3.388145325e+02 +1.0266e+00 -3.1643e+00 +1.5928e-01 +1.6557e+00 -2.2635e+00 +1.6425e+00 +7.7229e-01 +1.2209e+00 +3.4690e+00 -2.0996e+00 +1.2003e+00 +2.1024e+00 -5.8765e-01 -3.8218e-01 -3.7483e-01 +4.2776e+00 -1.5117e+00 -2.3804e-02 -4.9759e-02 +2.1780e+00
56 0 +1.242434547e+02 +3.072534547e+02 +3.072534547e+02 -8.2727e-01 -1.9162e+00 +2.8222e-01 +2.1379e-01 -2.3772e-01 +3.0783e+00 +2.9787e-01 +3.2288e+00 +7.1521e-01 -2.7955e+00 -7.2492e-01 -5.2424e-01 -7.4638e-01 -3.5776e+00 -8.8035e-02 +4.1236e+00 +1.1921e-01 -2.1411e+00 -1.7286e-01 +6.9684e-01
103 0 +1.100994087e+02 +2.931094087e+02 +2.931094087e+02 -1.3517e+00 -1.4497e+00 -2.3652e-01 -2.4974e-01 -6.1306e-02 +3.1667e+00 -1.5479e-01 +2.8869e+00 +2.3748e-02 -2.4395e+00 -3.8056e-01 -7.3909e-01 -2.3362e-01 -2.8892e+00 +5.3742e-01 +4.0014e+00 +1.4171e-01 -2.3696e+00 +1.7017e-01 +2.9793e-01
252 0 +1.087236960e+02 +2.917336960e+02 +2.917336960e+02 -9.5430e-01 -1.7362e+00 -1.7038e-01 +6.8655e-02 -4.2928e-01 +2.9120e+00 +1.1965e-04 +2.6085e+00 +5.9943e-01 -2.3827e+00 -1.1640e-01 -2.6429e-01 -2.8383e-01 -2.4703e+00 +3.8499e-01 +4.0476e+00 -1.3457e-01 -1.9776e+00 +1.3342e-01 +6.1209e-01
308 0 +1.045049461e+02 +2.875149461e+02 +2.875149461e+02 -7.7210e-01 -1.8414e+00 -7.5362e-01 +3.7444e-02 -4.7488e-01 +2.1005e+00 -9.5384e-01 +1.8652e+00 +8.4737e-01 -2.5393e+00 -1.1512e+00 -1.2796e+00 -2.2889e-01 -1.9439e+00 +4.5170e-02 +2.9826e+00 -8.0950e-01 -2.1900e+00 +2.6671e-01 -5.3604e-02
460 0 +1.012449936e+02 +2.842549936e+02 +2.842549936e+02 -1.3062e+00 -1.4805e+00 -2.7573e-01 -2.2677e-01 -9.4072e-02 +1.2737e-02 -2.1521e-01 +2.8081e+00 +8.8477e-02 -2.4469e+00 -4.3844e-01 -7.7873e-01 -2.3342e-01 -2.8157e+00 +4.9937e-01 +3.9239e+00 +6.8249e-02 -2.3546e+00 +1.7740e-01 +2.7217e-01
560 0 +9.979839983e+01 +2.828083998e+02 +2.828083998e+02 -7.7210e-01 -1.8414e+00 -7.5362e-01 +3.7444e-02 -4.7488e-01 +2.1005e+00 -9.5384e-01 +1.8652e+00 +8.4737e-01 -2.5393e+00 -1.6852e-01 -1.2796e+00 -2.2889e-01 -1.9439e+00 +4.5170e-02 +2.9826e+00 -6.5539e-01 -2.1900e+00 +2.6671e-01 -5.3604e-02
761 0 +9.434136742e+01 +2.773513674e+02 +2.773513674e+02 -8.8673e-01 -1.3263e+00 -6.5105e-01 -1.9266e-02 -3.9314e-01 +1.6524e+00 -7.9531e-01 +2.0676e+00 +6.8449e-01 -2.5195e+00 -2.2645e-01 -1.1721e+00 -2.2986e-01 -2.1310e+00 +1.4266e-01 +3.1847e+00 -5.0008e-01 -2.2253e+00 +2.4754e-01 +1.6320e-02
1163 0 +8.493372826e+01 +2.679437283e+02 +2.679437283e+02 -8.8890e-01 -6.9006e-02 -6.4911e-01 -2.0338e-02 -3.9160e-01 +1.6439e+00 -7.9231e-01 +2.0714e+00 +6.8141e-01 -2.5191e+00 -2.2755e-01 -1.1701e+00 -2.2988e-01 -2.1346e+00 +1.4450e-01 +3.1885e+00 -4.9714e-01 -2.2260e+00 +2.2494e-01 +1.7641e-02
1961 0 +8.301106117e+01 +2.660210612e+02 +2.660210612e+02 -8.8756e-01 -7.2682e-02 -6.4898e-01 -1.1091e-02 -3.9282e-01 +1.6882e+00 -7.9194e-01 +2.0704e+00 +6.8335e-01 -2.5190e+00 -2.5380e-01 -6.0229e-01 -2.2950e-01 -2.1331e+00 +1.4395e-01 +3.1885e+00 -5.0035e-01 -1.9303e+00 +2.4708e-01 +1.8580e-02
% f evaluations | g evaluations | best noise-free fitness - Fopt (1.835200000000e+02) + sum g_i+ | measured fitness | best measured fitness or single-digit g-values | x1 | x2...
1 0 +2.811888389e+02 +4.647088389e+02 +4.647088389e+02 +3.9941e+00 -2.7000e+00 +1.2821e+00 +3.1999e+00 -1.7106e+00 -3.7034e+00 +4.7725e+00 +2.0237e+00 +1.4498e+00 -5.8446e-01 -3.8660e-01 -3.1835e+00 +8.8044e-02 -2.8070e+00 +4.1623e+00 +2.9061e+00 +8.0383e-01 -3.8877e+00 +4.8778e+00 +8.9694e-01
7 0 +2.497179390e+02 +4.332379390e+02 +4.332379390e+02 -1.8328e+00 -2.7802e+00 +4.1896e-01 +4.1243e+00 -1.9773e+00 -3.8863e+00 -4.0733e-01 +4.5524e-01 -2.6095e+00 -4.7891e+00 +2.8735e+00 -1.2406e+00 +6.1215e-01 -2.7257e+00 -2.8591e+00 +4.6638e+00 +3.1150e+00 -3.8752e+00 -4.8372e+00 -1.5765e+00
14 0 +2.409794013e+02 +4.244994013e+02 +4.244994013e+02 +3.2892e+00 -8.0780e-02 -9.9441e-01 -1.8844e+00 +2.0064e+00 +3.0629e+00 -4.3526e+00 +1.1962e+00 +3.0367e+00 -3.6692e+00 -1.8108e+00 +3.6263e+00 +1.2624e+00 -7.5961e-01 -3.9703e+00 -3.9290e+00 +2.9471e+00 +4.4060e+00 -1.3107e-01 -1.9584e+00
20 0 +1.598774908e+02 +3.433974908e+02 +3.433974908e+02 -3.5305e+00 -1.7691e+00 +4.2846e+00 +8.2193e-02 -5.7022e-01 -6.9509e-01 +2.1842e+00 +1.9940e+00 -1.6746e+00 +4.0943e+00 -1.9920e+00 +6.6999e-01 -1.6094e+00 -7.9830e-01 -1.8201e-01 +2.0921e+00 -1.6033e+00 +9.3440e-01 -4.4845e+00 -5.3955e-01
52 0 +1.354798351e+02 +3.189998351e+02 +3.189998351e+02 -1.5560e+00 -2.0081e+00 -1.0520e+00 +4.2905e+00 -1.4860e-01 +8.3178e-01 +5.1547e-01 +1.4199e+00 -7.1463e-02 -3.1733e-01 +3.7210e+00 +1.4575e+00 -2.0727e+00 +1.3686e-01 -1.7716e-01 +2.2638e+00 +7.5122e-01 -1.2736e+00 -4.5599e+00 -1.3194e+00
103 0 +1.223589233e+02 +3.058789233e+02 +3.058789233e+02 -1.4338e+00 -3.9029e+00 -3.5205e+00 +1.9697e+00 -9.8578e-01 +9.6932e-02 +2.6020e+00 -2.8214e-01 +6.8981e-01 -2.0133e+00 -1.9248e+00 +2.0457e+00 -2.5494e+00 -1.4586e+00 +4.3142e-01 -2.2688e+00 +2.3289e+00 -1.0196e+00 -2.1694e+00 +2.6152e+00
104 0 +1.169277998e+02 +3.004477998e+02 +3.004477998e+02 -2.4655e+00 -2.9879e+00 -2.9949e+00 +4.0262e+00 +1.0910e-01 +1.1117e+00 +1.8298e+00 -3.3304e-01 +7.3813e-01 -2.1832e+00 +2.6473e-01 +2.7988e+00 -2.9466e+00 -5.8282e-01 -2.4544e-01 -1.0150e+00 +1.7639e+00 -2.9157e-01 -3.0985e+00 +4.4832e-01
204 0 +1.070576065e+02 +2.905776065e+02 +2.905776065e+02 -2.4701e+00 -3.5706e+00 -2.1980e+00 +2.8043e+00 -3.6967e-01 +1.3844e+00 +1.4088e+00 +8.9855e-01 +7.9094e-01 -1.5292e+00 -8.7865e-01 +2.3961e+00 -2.5764e+00 -7.2881e-01 -1.1037e+00 -1.8551e+00 +1.8805e+00 -5.8216e-01 -2.5143e+00 +1.4296e+00
264 0 +1.041163825e+02 +2.876363825e+02 +2.876363825e+02 -2.4293e+00 -3.1991e+00 -3.2931e+00 +3.4543e+00 -3.2029e-02 +9.0577e-01 +2.3579e+00 -7.6670e-01 +1.1647e+00 -2.5177e+00 -1.0836e+00 +2.7775e+00 -2.7123e+00 -9.4046e-01 -4.8710e-01 -2.3356e-01 +2.1905e+00 -3.0495e-01 -2.4211e+00 +1.0825e+00
352 0 +9.536942022e+01 +2.788894202e+02 +2.788894202e+02 -1.0297e+00 -2.5590e+00 -2.1165e+00 +1.9100e+00 +7.9198e-01 +1.4760e+00 +8.9197e-01 +1.1068e+00 +2.7449e-01 -1.3318e+00 -1.0346e-01 +2.9471e+00 -1.3026e+00 -1.4034e+00 -1.7594e+00 -8.2994e-01 +3.4952e-02 -8.3215e-01 -5.3969e-01 +5.8760e-01
760 0 +9.204282004e+01 +2.755628200e+02 +2.755628200e+02 -1.7946e-01 -2.8127e+00 -1.9859e+00 +2.2017e+00 +4.9507e-01 +1.4134e+00 +1.1104e+00 +9.2058e-01 +4.4874e-01 -1.4635e+00 -3.4421e-01 +2.8236e+00 -1.6636e+00 -1.2356e+00 -1.5336e+00 -9.8705e-01 +5.7206e-01 -7.4202e-01 -1.0733e+00 +7.9965e-01
864 0 +8.897171619e+01 +2.724917162e+02 +2.724917162e+02 -1.6097e+00 -2.9348e+00 -1.9438e+00 +2.3312e+00 +3.5321e-01 +1.3891e+00 +1.2024e+00 +8.5093e-01 +5.2607e-01 -1.5148e+00 -4.5411e-01 +2.7621e+00 -1.8306e+00 -1.1551e+00 -1.4346e+00 -1.0770e+00 +8.1922e-01 -7.0285e-01 -1.2207e+00 +2.5816e-01
1210 0 +8.558703252e+01 +2.691070325e+02 +2.691070325e+02 -1.6097e+00 -2.9348e+00 -1.9438e+00 +1.9255e+00 +3.5321e-01 +1.3891e+00 +1.2024e+00 +8.5093e-01 +5.2607e-01 -1.5148e+00 -4.5411e-01 +2.7621e+00 -1.8306e+00 -1.1551e+00 -1.4346e+00 -1.0770e+00 +8.1922e-01 -7.0285e-01 -1.2207e+00 +2.5816e-01
1260 0 +8.417409086e+01 +2.676940909e+02 +2.676940909e+02 -4.2777e-01 -2.8424e+00 -1.9757e+00 +2.2332e+00 +4.6055e-01 +1.4075e+00 +1.1328e+00 +9.0363e-01 +4.6756e-01 -1.4760e+00 -3.2852e-02 +2.8086e+00 -1.7042e+00 -1.2160e+00 -1.5095e+00 -3.0703e-02 +6.3221e-01 -7.3249e-01 -1.1092e+00 +6.6789e-01
1312 0 +8.029841658e+01 +2.638184166e+02 +2.638184166e+02 -1.1140e+00 -2.9165e+00 -1.9499e+00 +1.2508e+00 +3.7463e-01 +1.3929e+00 +1.1889e+00 +8.6108e-01 +5.1417e-01 -1.5069e+00 -4.3746e-01 +2.7712e+00 -1.8055e+00 -1.1672e+00 -1.4496e+00 -1.0629e+00 +7.8203e-01 -7.0857e-01 -1.1987e+00 +3.4031e-01
1811 0 +7.839022709e+01 +2.619102271e+02 +2.619102271e+02 -8.3885e-01 -2.8863e+00 -1.9604e+00 +1.7221e+00 +4.0968e-01 +1.3988e+00 +1.1660e+00 +8.7844e-01 +4.9509e-01 -7.0651e-01 -2.6918e-01 +2.7864e+00 -1.7642e+00 -1.1871e+00 -1.4674e+00 -4.1382e-01 +7.2091e-01 -7.1833e-01 -1.1622e+00 +4.7393e-01
2011 0 +7.625508567e+01 +2.597750857e+02 +2.597750857e+02 -9.3253e-01 -2.8923e+00 -1.9584e+00 +1.4827e+00 +4.0274e-01 +1.3976e+00 +1.1705e+00 +8.7506e-01 +4.9888e-01 -1.4968e+00 -2.9772e-01 +2.7835e+00 -1.7724e+00 -1.1832e+00 -1.4692e+00 -6.4304e-01 +7.3299e-01 -7.1643e-01 -1.1694e+00 +1.9890e-02
% f evaluations | g evaluations | best noise-free fitness - Fopt (-5.938400000000e+02) + sum g_i+ | measured fitness | best measured fitness or single-digit g-values | x1 | x2...
1 0 +2.077587965e+02 -3.860812035e+02 -3.860812035e+02 +2.1840e+00 +2.5695e+00 -7.6408e-01 +1.0169e+00 +1.6733e+00 +1.5960e+00 -3.9369e+00 -1.3693e+00 +2.3954e+00 -3.7319e-01 -2.3088e+00 -3.8009e+00 +3.2876e+00 +2.2250e+00 +1.8434e+00 +8.8436e-01 +4.1155e+00 -1.3640e+00 +4.5740e+00 -2.8108e+00
2 0 +1.835133109e+02 -4.103266891e+02 -4.103266891e+02 -1.7064e+00 -2.9630e+00 +2.7839e+00 +2.8174e+00 +2.1341e+00 +1.5805e+00 +9.7234e-01 +1.7863e+00 +2.6028e+00 -3.2070e+00 +2.6398e+00 -5.9297e-01 +8.6992e-01 -4.1603e+00 -2.6082e+00 +4.2952e+00 -5.7434e-01 -3.1416e-01 +1.7171e+00 +3.4297e+00
15 0 +1.667557317e+02 -4.270842683e+02 -4.270842683e+02 -1.7248e+00 +4.7114e+00 +5.6295e-01 +2.9514e+00 -4.5168e+00 -1.9176e-01 -1.7790e+00 -3.3346e-01 +3.0811e+00 +4.3008e+00 +4.9212e+00 +6.5539e-01 +1.2764e+00 -2.9030e+00 -4.7180e-01 +1.2348e+00 -1.1833e+00 -7.9376e-01 +2.7114e+00 -1.8107e-01
32 0 +1.506663378e+02 -4.431736622e+02 -4.431736622e+02 -4.9471e+00 -1.6016e+00 -3.1638e+00 +3.6248e+00 -5.0370e-01 +4.5962e-01 -3.7382e+00 -2.4835e+00 -3.5184e+00 +2.8771e+00 +4.9191e+00 +3.1983e+00 -2.5164e+00 +4.2878e+00 +2.1280e+00 +1.3522e+00 +7.7069e-02 +2.1817e+00 -2.3075e+00 +9.7512e-01
41 0 +1.195814259e+02 -4.742585741e+02 -4.742585741e+02 -1.0683e+00 -1.7305e-01 -1.2519e+00 +2.5317e+00 +1.2845e+00 -6.8355e-01 -1.1467e+00 -1.8882e+00 +1.5603e+00 +2.4092e+00 -6.1215e-01 -3.2156e+00 +2.7561e-01 -2.6182e+00 +2.5869e+00 +6.5209e-02 -2.8187e+00 -3.6348e+00 -2.7065e+00 +3.2121e+00
59 0 +9.076997935e+01 -5.030700207e+02 -5.030700207e+02 +4.6297e-02 +3.5395e-01 -1.5162e+00 +1.6248e+00 +9.0455e-01 +5.6487e-01 -7.4433e-01 -1.2290e+00 +7.5551e-01 +1.1401e+00 -2.1494e-01 -2.2199e+00 -4.1381e-01 -1.9949e+00 +2.6722e+00 +8.5268e-01 -2.0000e+00 -3.1208e+00 -1.3346e+00 +1.6051e+00
103 0 +7.171760550e+01 -5.221223945e+02 -5.221223945e+02 -7.1067e-01 +1.3893e-01 -6.9034e-01 +5.4397e-01 +4.9883e-01 -6.5531e-02 -6.7918e-01 -1.5133e+00 -2.4270e-01 +4.5577e-01 +6.0441e-01 -2.4054e+00 -1.0126e+00 -1.0352e+00 +2.6877e+00 +6.7361e-01 -1.7036e+00 -2.5002e+00 -9.8613e-01 +7.4877e-01
204 0 +6.817605117e+01 -5.256639488e+02 -5.256639488e+02 -1.1258e+00 -5.4105e-02 -1.2299e+00 +2.2773e+00 -1.1730e+00 +2.4896e-01 -1.2450e+00 -1.7228e+00 -1.8665e-01 +1.9316e+00 -1.2589e-01 -7.7522e-01 -1.3053e+00 +1.8058e-01 +9.0972e-01 +1.5602e+00 -5.3102e-01 -1.5335e+00 -5.4159e-01 +1.0620e+00
206 0 +6.123755074e+01 -5.326024493e+02 -5.326024493e+02 -1.4112e+00 +6.4408e-01 -6.9027e-01 +1.2000e+00 -4.0243e-01 -4.8370e-02 -6.3636e-01 -1.3345e+00 -5.0089e-01 +9.9547e-01 +1.8171e-01 -2.1722e+00 -1.5284e+00 -2.9385e-01 +1.6521e+00 +8.1332e-01 -1.3878e+00 -1.7419e+00 -5.0200e-01 +1.1114e+00
404 0 +5.965553039e+01 -5.341844696e+02 -5.341844696e+02 -1.5161e+00 +5.9765e-02 -6.8534e-01 +1.2856e+00 -9.2849e-01 -6.6107e-02 -9.9270e-01 -1.6390e+00 -5.7805e-01 +1.2040e+00 +3.3604e-01 -1.5322e+00 -1.5880e+00 +2.6446e-01 +1.3737e+00 +1.0500e+00 -8.0486e-01 -1.4125e+00 -3.9916e-01 +7.7583e-01
561 0 +5.860909076e+01 -5.352309092e+02 -5.352309092e+02 -1.5161e+00 +5.9765e-02 -6.8534e-01 +1.2856e+00 -9.2849e-01 -6.6107e-02 -9.9270e-01 -1.6390e+00 -5.7805e-01 +1.2040e+00 +3.3604e-01 -1.5322e+00 -1.5880e+00 +2.6446e-01 +1.3737e+00 +1.0500e+00 -1.2647e-01 -1.4125e+00 -3.9916e-01 +7.7583e-01
860 0 +5.740154953e+01 -5.364384505e+02 -5.364384505e+02 -1.4112e+00 +3.6967e-01 -6.9027e-01 +1.2000e+00 -4.0243e-01 -4.8370e-02 -6.3636e-01 -1.3345e+00 -5.0089e-01 +9.9547e-01 +1.8171e-01 -2.1722e+00 -1.5284e+00 -2.9385e-01 +1.3921e+00 +8.1332e-01 -1.4948e-01 -1.7419e+00 -5.0200e-01 +1.1114e+00
861 0 +5.468549058e+01 -5.391545094e+02 -5.391545094e+02 -1.4112e+00 +3.6967e-01 -6.9027e-01 +1.2000e+00 -4.0243e-01 -4.8370e-02 -6.3636e-01 -1.3345e+00 -5.0089e-01 +9.9547e-01 +1.8171e-01 -2.1722e+00 -1.5284e+00 -2.9385e-01 +9.1558e-02 +8.1332e-01 -1.4948e-01 -1.7419e+00 -5.0200e-01 +1.1114e+00
1610 0 +5.360440754e+01 -5.402355925e+02 -5.402355925e+02 -1.4112e+00 +3.6967e-01 -6.9027e-01 +1.2000e+00 -6.4572e-02 -4.8370e-02 -6.3636e-01 -1.3345e+00 -5.0089e-01 +9.9547e-01 +1.8171e-01 -2.1722e+00 -1.5284e+00 -2.9385e-01 +9.1558e-02 +8.1332e-01 -1.4948e-01 -1.7419e+00 -5.0200e-01 +1.1114e+00
% f evaluations | g evaluations | best noise-free fitness - Fopt (-1.000000000000e+03) + sum g_i+ | measured fitness | best measured fitness or single-digit g-values | x1 | x2...
1 0 +3.003038594e+02 -6.996961406e+02 -6.996961406e+02 -8.6680e-01 +1.5487e+00 +1.4731e+00 -4.0889e+00 -2.5552e+00 +3.4919e+00 -4.8383e+00 -3.9241e-01 +3.4640e+00 -2.6885e+00 -1.5342e+00 -6.2397e-01 -3.7676e+00 -2.6697e+00 -3.3524e-01 +7.9861e-01 -4.1406e+00 +7.7059e-01 -1.9716e+00 +1.7846e+00
4 0 +2.467733075e+02 -7.532266925e+02 -7.532266925e+02 -3.4924e+00 -8.5545e-01 +3.8480e+00 +2.4672e+00 -3.3733e+00 -2.7033e+00 +2.3901e+00 +9.1303e-01 +4.1978e+00 -2.5960e-01 -2.5029e+00 -6.2687e-01 +4.9991e+00 +2.7068e+00 +2.7125e+00 +3.1849e+00 +4.8338e+00 -1.4095e+00 +3.6608e+00 -3.4538e+00
5 0 +1.788367355e+02 -8.211632645e+02 -8.211632645e+02 +4.2737e+00 +6.4504e-01 -2.5501e+00 -2.3496e+00 +1.2208e+00 +2.3445e+00 +1.3181e+00 -1.4018e+00 +9.5910e-02 +8.0968e-01 -1.5852e+00 -3.3083e+00 +3.0451e+00 -8.3411e-03 +3.3117e+00 +3.9430e+00 -3.0582e+00 -1.8138e+00 -2.4213e+00 -2.7842e+00
13 0 +1.224422692e+02 -8.775577308e+02 -8.775577308e+02 -3.7669e+00 +2.0790e+00 -3.3487e+00 -1.2455e+00 -1.1852e+00 +2.9184e+00 +3.1303e+00 +2.0547e+00 -2.3518e+00 -2.2234e-02 -1.0647e+00 +2.3735e+00 -4.7434e+00 +4.9323e+00 -4.9762e+00 +3.2109e+00 +3.2825e+00 -1.9035e+00 -1.0191e+00 -1.3381e+00
102 0 +1.172990508e+02 -8.827009492e+02 -8.827009492e+02 -2.1172e-01 -5.2687e-01 -1.8867e+00 -1.4460e+00 +2.3265e+00 +8.4004e-01 +2.1545e+00 -9.1021e-02 +7.2653e-01 +3.8168e-01 +1.4569e+00 -3.1812e+00 -2.5511e+00 +2.1662e+00 +4.1639e-01 -1.4192e+00 +2.3660e+00 -2.1147e+00 +7.6278e-01 +3.2664e-02
155 0 +8.769524869e+01 -9.123047513e+02 -9.123047513e+02 -2.7252e+00 +1.8362e+00 -3.0458e+00 -1.3261e+00 -7.1637e-01 +2.8126e+00 +2.8648e+00 +1.4824e+00 -1.9907e+00 +1.0289e-01 -1.2150e+00 +1.5755e+00 -3.6013e+00 +4.1417e+00 -3.8463e+00 +3.2350e+00 +2.2939e+00 -1.5687e+00 -1.1658e+00 -1.5546e+00
202 0 +7.994551524e+01 -9.200544848e+02 -9.200544848e+02 -1.3186e+00 +1.2029e-01 -2.3365e+00 -1.4879e+00 +1.4643e+00 +1.5353e+00 +2.2838e+00 +2.1838e-01 -4.2167e-01 +2.1077e-01 +4.4797e-01 -1.5336e+00 -3.0608e+00 +2.8348e+00 -1.3449e+00 +2.0450e-01 +2.4771e+00 -1.6226e+00 +1.9153e-01 -5.9096e-01
203 0 +7.231113741e+01 -9.276888626e+02 -9.276888626e+02 -2.2551e+00 +6.9357e-01 -2.6578e+00 -1.5103e+00 +6.4018e-01 +2.2539e+00 +2.4793e+00 +4.1619e-01 -1.4037e+00 +1.4860e-01 -5.4646e-01 -8.9485e-02 -3.5005e+00 +3.4169e+00 -2.9057e+00 +1.7031e+00 +2.5858e+00 -1.1098e+00 -2.5351e-01 -1.2175e+00
256 0 +6.950241794e+01 -9.304975821e+02 -9.304975821e+02 -2.0053e+00 +4.3972e-01 -2.5343e+00 -1.5704e+00 +9.6859e-01 +2.1710e+00 +2.3535e+00 +7.3948e-02 -1.2816e+00 +1.8064e-01 -5.1979e-01 -5.0354e-01 -3.2663e+00 +3.1353e+00 -2.5880e+00 +1.5035e+00 +2.4424e+00 -8.9077e-01 -1.2448e-01 -1.2458e+00
357 0 +6.794621326e+01 -9.320537867e+02 -9.320537867e+02 -2.0227e+00 +3.3110e-01 -2.4956e+00 -1.6489e+00 +1.0816e+00 +2.3129e+00 +2.2702e+00 -2.6449e-01 -1.4651e+00 +1.9776e-01 -8.2025e-01 -5.1078e-01 -3.1362e+00 +2.9968e+00 -2.7336e+00 +1.7678e+00 +2.3092e+00 -4.6070e-01 -1.2057e-01 -1.4885e+00
503 0 +5.545500618e+01 -9.445449938e+02 -9.445449938e+02 -1.8833e+00 +4.1498e-01 -2.6984e+00 -9.3417e-01 +1.3725e+00 +2.1042e+00 +2.3390e+00 +1.4962e-01 -1.3094e+00 +4.2456e-01 -6.0695e-01 -5.6268e-01 -2.5808e+00 +2.2891e+00 -2.5531e+00 +1.6860e+00 +1.6282e+00 -5.3719e-01 +3.5588e-01 -9.9969e-01
763 0 +5.484843193e+01 -9.451515681e+02 -9.451515681e+02 -2.0227e+00 +3.3110e-01 -2.4956e+00 -1.6489e+00 +1.0816e+00 +2.3129e+00 +2.2702e+00 -2.6449e-01 -1.4651e+00 +1.9776e-01 -8.2025e-01 -5.1078e-01 -1.8940e-01 +2.9968e+00 -2.7336e+00 +3.6248e-01 +2.3092e+00 -4.6070e-01 -1.2057e-01 -1.4885e+00
806 0 +5.369472718e+01 -9.463052728e+02 -9.463052728e+02 -2.0023e+00 +3.4338e-01 -2.5253e+00 -1.5443e+00 +1.1242e+00 +2.2824e+00 +2.2803e+00 -2.0389e-01 -1.4423e+00 +2.3095e-01 -7.8903e-01 -5.1838e-01 -5.3935e-01 +2.8933e+00 -2.7072e+00 +5.5616e-01 +2.2095e+00 -4.7190e-01 -5.0845e-02 -1.4170e+00
1014 0 +5.211400438e+01 -9.478859956e+02 -9.478859956e+02 -1.9601e+00 +3.6878e-01 -2.5867e+00 -1.3278e+00 +1.2123e+00 +1.4959e+00 +2.3011e+00 -7.8465e-02 -1.3952e+00 +2.9964e-01 -7.2443e-01 -5.3409e-01 -1.2636e+00 +2.6789e+00 -2.6525e+00 +9.5701e-01 +2.0033e+00 -4.9506e-01 +9.3457e-02 -1.6314e-01
1113 0 +4.979005335e+01 -9.502099467e+02 -9.502099467e+02 -1.9601e+00 +3.6878e-01 -2.5867e+00 -1.3278e+00 +1.2123e+00 +2.2192e+00 +2.3011e+00 -7.8465e-02 -1.3952e+00 +2.9964e-01 -7.2443e-01 -5.3409e-01 -6.2157e-01 +2.6789e+00 -2.6525e+00 +9.5701e-01 +2.0033e+00 -4.9506e-01 +9.3457e-02 -1.6314e-01
1454 0 +4.834600402e+01 -9.516539960e+02 -9.516539960e+02 -1.9606e+00 +3.6843e-01 -2.5856e+00 -1.3180e+00 +1.2110e+00 +2.2201e+00 +2.3008e+00 -7.3922e-02 -1.3958e+00 +2.9869e-01 -7.2533e-01 -5.3388e-01 -6.5058e-01 +2.0164e+00 -2.6533e+00 +9.5188e-01 +2.0062e+00 -4.9474e-01 +9.1449e-02 -2.2756e-01
1507 0 +4.779452976e+01 -9.522054702e+02 -9.522054702e+02 -1.9614e+00 +3.6797e-01 -2.5842e+00 -1.3053e+00 +1.2095e+00 +2.2212e+00 +2.3004e+00 -6.8083e-02 -1.3967e+00 +2.9746e-01 -7.2648e-01 -5.3359e-01 -6.8787e-01 +1.1649e+00 -2.6543e+00 +9.4528e-01 +2.0099e+00 -4.9433e-01 +8.8868e-02 -3.1034e-01
1963 0 +4.635151071e+01 -9.536484893e+02 -9.536484893e+02 -1.9613e+00 +3.6803e-01 -2.5844e+00 -1.3069e+00 +1.2097e+00 +2.2211e+00 +2.3005e+00 -6.8838e-02 -1.3965e+00 +2.9762e-01 -7.2633e-01 -5.3363e-01 -6.8299e-01 +1.2750e+00 -1.7251e+00 +9.4613e-01 +2.0094e+00 -4.9438e-01 +8.9202e-02 -2.9964e-01
% f evaluations | g evaluations | best noise-free fitness - Fopt (-2.531000000000e+01) + sum g_i+ | measured fitness | best measured fitness or single-digit g-values | x1 | x2...
1 0 +1.673404232e+02 +1.420304232e+02 +1.420304232e+02 +9.0325e-01 +4.6728e-01 -2.8501e+00 +8.2658e-01 +4.3747e-01 +3.6472e+00 +2.6123e-01 -1.4892e+00 -2.1958e+00 +6.1166e-01 -1.4761e+00 +8.5393e-01 -7.3492e-01 -4.9775e+00 +1.0853e+00 -4.4136e+00 -1.6574e+00 -1.1628e+00 -2.5073e+00 -2.2371e+00
12 0 +1.199228342e+02 +9.461283419e+01 +9.461283419e+01 +1.7618e+00 +1.4053e+00 -1.5465e+00 +3.5403e+00 +3.9190e+00 -1.3549e+00 -4.2761e+00 -2.3352e+00 -4.7910e+00 -8.1235e-01 +1.5592e+00 -3.7947e+00 +2.2406e+00 +2.4516e+00 -1.5221e+00 -2.0631e+00 -4.7389e+00 +4.1939e+00 +2.3220e+00 -1.4960e+00
55 0 +1.105776570e+02 +8.526765699e+01 +8.526765699e+01 +3.2698e+00 +2.3057e-02 -3.2448e+00 +3.4215e+00 +3.4095e+00 +2.3544e-01 -1.8738e+00 -1.0193e+00 -2.6614e+00 -3.4336e+00 +3.9452e+00 +2.7666e-01 -7.5600e-01 +1.8718e+00 +1.1268e+00 -2.1443e+00 -9.9674e-01 -4.1982e+00 +2.5024e+00 +2.9603e+00
58 0 +9.835490118e+01 +7.304490118e+01 +7.304490118e+01 +1.3912e+00 +1.3095e+00 -1.4344e+00 +3.4400e+00 +3.6909e+00 -9.9027e-01 -3.5271e+00 -2.2770e+00 -4.0617e+00 -6.1029e-01 +1.5878e+00 -3.2221e+00 +2.0098e+00 +2.0257e+00 -1.1278e+00 -1.5305e+00 -4.5104e+00 +3.4395e+00 +1.8977e+00 -1.4971e+00
155 0 +9.375173102e+01 +6.844173102e+01 +6.844173102e+01 +6.8929e-01 +1.7091e-01 -1.8887e-01 +1.6058e+00 +2.3145e+00 -1.3664e-01 -7.3126e-01 -2.5872e+00 -1.9952e+00 -2.9900e-01 +1.7754e+00 -2.2344e+00 +5.4771e-01 +1.2335e+00 +1.8217e+00 +1.1221e-01 -1.7492e+00 +1.6044e+00 -1.2104e-02 -6.2546e-01
156 0 +8.729264497e+01 +6.198264497e+01 +6.198264497e+01 -1.1977e-01 +5.0889e-01 -5.3438e-01 +2.3263e+00 +2.3562e+00 +5.6662e-01 -1.0304e+00 -2.2200e+00 -7.9405e-01 +1.8308e-01 +1.7616e+00 -9.2861e-01 +6.2941e-01 +2.9517e-01 +1.4238e+00 +9.1317e-01 -2.5810e+00 +1.8888e-01 -3.0636e-01 -1.1270e+00
202 0 +7.711162255e+01 +5.180162255e+01 +5.180162255e+01 +8.4157e-01 -2.5753e-01 -7.5223e-02 +1.0089e+00 +1.6080e+00 +5.2322e-01 -1.6077e+00 -1.6190e+00 -7.9602e-01 -7.0959e-01 +1.1569e+00 -1.3669e+00 +4.0036e-01 +7.0724e-01 +7.5276e-01 +8.3048e-02 -2.9913e+00 -2.0380e-02 +1.9389e-01 -1.3936e-01
206 0 +7.308598916e+01 +4.777598916e+01 +4.777598916e+01 +1.7903e+00 +7.5547e-01 -2.1017e+00 +3.5860e+00 +3.5698e+00 -6.2741e-01 -3.1218e+00 -2.0119e+00 -3.7159e+00 -1.5622e+00 +2.4581e+00 -2.2318e+00 +1.0062e+00 +1.9738e+00 -5.1184e-01 -1.7559e+00 -3.4435e+00 +7.1066e-01 +2.0908e+00 +7.6761e-02
314 0 +7.176197306e+01 +4.645197306e+01 +4.645197306e+01 +6.6486e-01 -1.0120e-01 -1.6581e-01 +1.2726e+00 +1.7711e+00 +5.0639e-01 -1.5028e+00 -1.7591e+00 -8.4207e-01 -5.3546e-01 +1.2863e+00 -2.3073e-01 +4.5115e-01 +6.5278e-01 +9.0081e-01 +2.2905e-01 -2.8840e+00 +7.7378e-02 +1.0241e-01 -3.3678e-01
406 0 +6.741517194e+01 +4.210517194e+01 +4.210517194e+01 +1.6337e+00 +6.3633e-01 -1.8325e+00 +3.2643e+00 +3.3196e+00 -4.6973e-01 -2.8966e+00 -1.9767e+00 -3.3162e+00 -1.4194e+00 +2.2951e+00 -1.9535e+00 +9.2900e-01 +1.7901e+00 -3.1537e-01 -1.4798e+00 -3.3657e+00 +6.2259e-01 +1.8143e+00 +1.9248e-02
408 0 +6.169082961e+01 +3.638082961e+01 +3.638082961e+01 +1.0738e+00 +2.2726e-01 -8.6040e-01 +2.1181e+00 +2.4305e+00 +8.3279e-02 -2.0998e+00 -1.8529e+00 -1.9021e+00 -8.9622e-01 +1.6959e+00 -9.9464e-01 +6.8351e-01 +1.1337e+00 +3.6633e-01 -4.9286e-01 -3.1161e+00 +3.5883e-01 +8.3174e-01 -2.2159e-01
455 0 +6.130014167e+01 +3.599014167e+01 +3.599014167e+01 +1.1263e+00 +2.6941e-01 -9.4952e-01 +2.2266e+00 +2.5151e+00 +2.8993e-02 -2.1764e+00 -1.8650e+00 -2.0381e+00 -9.4251e-01 +1.7485e+00 -1.0926e+00 +7.1333e-01 +1.1954e+00 +2.9776e-01 -5.8548e-01 -3.1459e+00 +3.9494e-01 +9.2531e-01 -2.0681e-01
713 0 +5.843870498e+01 +3.312870498e+01 +3.312870498e+01 +1.2259e+00 +3.2201e-01 -1.0548e+00 +2.3495e+00 +2.6130e+00 -3.0245e-02 -2.2957e+00 -1.8211e+00 -2.1955e+00 -1.0258e+00 +1.8606e+00 -1.2663e+00 +7.2558e-01 +1.3076e+00 +1.5240e-01 -6.9090e-01 -3.1812e+00 +3.5648e-01 +1.9958e-01 -1.3584e-01
863 0 +5.563209025e+01 +3.032209025e+01 +3.032209025e+01 +1.2259e+00 +3.2201e-01 -1.0548e+00 +2.3495e+00 +2.6130e+00 -3.0245e-02 -2.2957e+00 -1.8211e+00 -2.1955e+00 -1.0258e+00 +1.8606e+00 -2.9058e-01 +7.2558e-01 +1.3076e+00 +1.5240e-01 -6.9090e-01 -3.1812e+00 +3.5648e-01 +1.1237e+00 -1.3584e-01
1064 0 +5.459913361e+01 +2.928913361e+01 +2.928913361e+01 +1.2484e+00 +3.4852e-01 -1.0262e+00 +2.4053e+00 +2.6572e+00 -6.2036e-02 -2.3342e+00 -1.8342e+00 -2.2696e+00 -1.0417e+00 +1.8747e+00 -5.5991e-01 +7.5425e-01 +1.3345e+00 +1.3394e-01 -7.3844e-01 -3.2069e+00 +4.0265e-01 +5.9009e-01 -1.4690e-01
1362 0 +5.333003910e+01 +2.802003910e+01 +2.802003910e+01 +1.2253e+00 +3.2391e-01 -1.0567e+00 +2.3529e+00 +2.6159e+00 -3.3449e-02 -2.2970e+00 -1.7779e+00 -2.2017e+00 -7.9412e-01 +1.8562e+00 -1.0486e-01 +7.3087e-01 +1.3068e+00 +9.8357e-02 -6.9521e-01 -3.1850e+00 +3.6865e-01 +1.0508e+00 -1.4190e-01
1762 0 +5.237606143e+01 +2.706606143e+01 +2.706606143e+01 +1.2253e+00 +3.2391e-01 -1.0567e+00 +2.3529e+00 +2.6159e+00 -3.3446e-02 -2.2970e+00 -1.7779e+00 -2.2016e+00 -7.9401e-01 +1.8562e+00 -3.0847e-02 +7.3087e-01 +1.3068e+00 +9.8401e-02 -6.9521e-01 -3.1850e+00 +1.1634e-01 +1.0508e+00 -1.4189e-01
% f evaluations | g evaluations | best noise-free fitness - Fopt (2.228000000000e+01) + sum g_i+ | measured fitness | best measured fitness or single-digit g-values | x1 | x2...
1 0 +1.403839926e+02 +1.626639926e+02 +1.626639926e+02 +2.5713e+00 -4.6829e+00 -1.0930e+00 +3.4337e+00 -1.0670e+00 +4.3271e+00 -2.2175e+00 +3.9457e+00 -1.2098e+00 +7.9114e-01 +2.0428e+00 -7.4900e-02 +4.2763e+00 -2.4323e+00 +3.9889e+00 +2.1533e+00 -2.6262e+00 +3.4052e+00 -5.6189e-02 +3.0409e+00
3 0 +7.108771383e+01 +9.336771383e+01 +9.336771383e+01 +1.6689e+00 +9.2551e-01 +5.3422e-01 +2.5198e+00 +2.8610e+00 +2.5260e+00 -3.7693e-01 +2.1939e+00 +4.6012e+00 +6.4082e-01 +2.1768e+00 +1.9103e-01 -2.3622e+00 -1.5215e+00 +1.5398e+00 -1.7729e+00 -8.7739e-01 -1.0249e+00 +1.6228e+00 +2.6756e+00
102 0 +6.158832328e+01 +8.386832328e+01 +8.386832328e+01 +1.0540e+00 -2.6862e-01 +2.1743e-01 +2.7310e+00 +1.3990e+00 +7.8800e-01 -1.1309e+00 +1.5452e+00 +2.1495e+00 +1.2838e+00 +1.5566e+00 +1.5943e-01 -1.9150e+00 -1.3388e+00 -3.4441e-01 -1.0178e+00 +5.2806e-02 -2.6084e-01 +1.5159e-02 +2.7004e+00
107 0 +5.908617000e+01 +8.136617000e+01 +8.136617000e+01 +1.3426e+00 -2.0961e-01 +7.2074e-01 +1.5246e+00 +2.1019e+00 +2.3272e+00 +4.8511e-01 +1.2474e+00 +3.5311e+00 +1.0039e+00 +2.2827e+00 -1.2173e-01 -1.8104e+00 -1.4014e+00 +9.2796e-01 -1.6673e+00 -1.5902e+00 -9.8070e-01 +1.7607e+00 +2.2552e+00
158 0 +5.494887576e+01 +7.722887576e+01 +7.722887576e+01 +9.8102e-01 -1.1583e+00 +4.2758e-01 +5.9935e-01 +1.0973e+00 +2.4795e+00 +1.2512e+00 +9.1518e-01 +2.5515e+00 +1.1642e+00 +2.4994e+00 -4.0888e-01 -1.2818e+00 -8.5930e-01 +4.0831e-01 -1.9274e+00 -2.2164e+00 -7.4524e-01 +2.1284e+00 +2.2808e+00
206 0 +5.261496036e+01 +7.489496036e+01 +7.489496036e+01 +1.0432e+00 +3.4440e-01 +8.7510e-03 +7.3578e-01 +1.2742e+00 +5.4222e-01 +9.7685e-01 +8.3512e-01 +3.3357e+00 +1.1964e+00 +1.5050e+00 -3.4389e-01 -2.1879e+00 -2.2417e+00 +1.5024e+00 -1.2797e+00 -5.6141e-03 -8.5045e-01 +2.5157e+00 +2.7616e+00
253 0 +5.181554674e+01 +7.409554674e+01 +7.409554674e+01 +1.0220e+00 +1.6606e-01 +2.5469e-02 +1.4015e+00 +1.2504e+00 +4.8236e-01 +2.4492e-01 +1.0610e+00 +2.8841e+00 +9.4393e-01 +1.4586e+00 -1.7791e-01 -2.1195e+00 -1.9811e+00 +8.7312e-01 -1.1510e+00 +1.4900e-01 -6.2319e-01 +1.6617e+00 +2.7817e+00
259 0 +5.038454791e+01 +7.266454791e+01 +7.266454791e+01 +9.9794e-01 +9.5684e-02 +1.8109e-02 +6.2201e-01 +1.1484e+00 +7.4577e-01 +1.0867e+00 +8.0594e-01 +3.1533e+00 +1.2110e+00 +1.6246e+00 -3.8139e-01 -2.0427e+00 -2.0496e+00 +1.3399e+00 -1.3701e+00 -2.8771e-01 -8.1496e-01 +2.5178e+00 +2.7173e+00
303 0 +4.982821810e+01 +7.210821810e+01 +7.210821810e+01 +1.0034e+00 +6.0043e-02 +3.7609e-02 +8.2834e-01 +1.1729e+00 +7.4991e-01 +8.6978e-01 +8.7827e-01 +3.0551e+00 +1.1379e+00 +1.6180e+00 -3.2848e-01 -2.0302e+00 -1.9800e+00 +1.1752e+00 -1.3356e+00 -2.5439e-01 -7.6075e-01 +2.2729e+00 +2.7156e+00
357 0 +4.753648097e+01 +6.981648097e+01 +6.981648097e+01 +9.0683e-01 -2.7853e-01 -2.3679e-02 +5.7291e-01 +8.9800e-01 +9.4435e-01 +1.0957e+00 +8.1792e-01 +2.7638e+00 +1.1741e+00 +1.7505e+00 -4.0838e-01 -1.8329e+00 -1.7323e+00 +9.8115e-01 -1.4649e+00 -5.7443e-01 -6.9476e-01 +2.3645e+00 +2.7028e+00
454 0 +4.564179923e+01 +6.792179923e+01 +6.792179923e+01 +8.0774e-01 -6.1171e-01 -9.8734e-02 +7.0616e-01 +6.3461e-01 +9.9425e-01 +8.9090e-01 +8.8673e-01 +2.2862e+00 +1.0694e+00 +1.6658e+00 -3.8861e-01 -1.6589e+00 -1.4269e+00 +5.1385e-01 -1.4847e+00 -6.7133e-01 -5.1302e-01 +2.0054e+00 +2.7317e+00
913 0 +4.309277428e+01 +6.537277428e+01 +6.537277428e+01 +8.0775e-01 -6.1185e-01 -9.8661e-02 +7.0594e-01 +2.2212e-01 +9.9456e-01 +8.9116e-01 +8.8668e-01 +2.2863e+00 +1.0695e+00 +1.6660e+00 -3.8866e-01 -1.6588e+00 -1.4268e+00 +5.1392e-01 -1.4848e+00 -6.7171e-01 -5.1309e-01 +2.0057e+00 +2.7316e+00
1052 0 +4.249635080e+01 +6.477635080e+01 +6.477635080e+01 +8.2333e-01 -5.6736e-01 -8.3933e-02 +6.7579e-01 +4.6813e-01 +1.0011e+00 +9.3446e-01 +8.7357e-01 +2.3621e+00 +1.0889e+00 +9.7298e-01 -3.9426e-01 -1.6809e+00 -1.4687e+00 +5.8805e-01 -1.4878e+00 -6.7382e-01 -5.4399e-01 +2.0703e+00 +2.7233e+00
1461 0 +4.167453614e+01 +6.395453614e+01 +6.395453614e+01 +8.2091e-01 -5.7443e-01 -8.6161e-02 +3.9757e-01 +4.4965e-01 +1.0003e+00 +9.2796e-01 +8.7556e-01 +2.3503e+00 +1.0860e+00 +1.8997e-01 -3.9344e-01 -1.6774e+00 -1.4621e+00 +5.7654e-01 -1.4874e+00 -6.5649e-01 -5.3924e-01 +2.0604e+00 +2.7245e+00
1613 0 +4.037069966e+01 +6.265069966e+01 +6.265069966e+01 +8.1993e-01 -5.7728e-01 -8.7069e-02 +6.8213e-01 +6.9616e-02 +1.0000e+00 +9.2531e-01 +8.7637e-01 +2.3456e+00 +1.0848e+00 +1.0565e+00 -3.9311e-01 -1.6759e+00 -1.4594e+00 +5.7188e-01 -1.4873e+00 -6.7154e-01 -5.3731e-01 +2.0564e+00 +2.7250e+00
1913 0 +3.876596899e+01 +6.104596899e+01 +6.104596899e+01 +8.2048e-01 -5.7570e-01 -8.6566e-02 +5.2452e-01 +4.9128e-02 +1.0002e+00 +9.2678e-01 +8.7592e-01 +2.3482e+00 +1.0854e+00 +5.7657e-01 -3.9329e-01 -1.6767e+00 -1.4609e+00 +5.7446e-01 -1.4874e+00 -6.6321e-01 -2.4870e-01 +2.0586e+00 +2.7247e+00
% f evaluations | g evaluations | best noise-free fitness - Fopt (3.561400000000e+02) + sum g_i+ | measured fitness | best measured fitness or single-digit g-values | x1 | x2...
1 0 +3.070051608e+02 +6.631451608e+02 +6.631451608e+02 +8.9684e-01 -1.3824e+00 +2.3704e+00 +7.1885e-01 -3.6313e+00 +4.6259e+00 -3.0859e+00 +4.6078e+00 -6.9948e-01 +4.3230e+00 -1.8490e+00 -1.8231e+00 -3.5628e+00 -3.6203e+00 +3.8125e+00 +4.4573e+00 +1.9209e-02 +6.0048e-01 +3.6249e-01 -6.9342e-01
4 0 +2.609186018e+02 +6.170586018e+02 +6.170586018e+02 +1.8963e+00 +4.9791e+00 -4.5553e+00 +1.0361e+00 +2.2120e+00 +4.6614e+00 -1.2420e+00 +1.3602e+00 +2.9203e+00 +2.7342e+00 -3.1882e+00 -3.5715e+00 -1.6026e+00 -8.3092e-02 -1.6651e+00 +1.9321e+00 -4.5709e+00 -2.8888e+00 +3.8792e+00 -4.0672e+00
6 0 +2.259073463e+02 +5.820473463e+02 +5.820473463e+02 -4.0944e+00 +3.8886e+00 +4.4536e-01 +3.7326e+00 +4.4107e+00 +4.8359e+00 +1.3714e+00 +2.3141e+00 +4.3575e+00 +4.7292e+00 -1.2032e-01 +4.4745e+00 -4.5170e+00 -1.0431e+00 -6.6305e-01 -1.7231e+00 -1.8580e+00 -2.1350e+00 +2.1289e+00 +4.1075e+00
13 0 +2.182296593e+02 +5.743696593e+02 +5.743696593e+02 -1.6143e+00 -4.3970e+00 -2.8402e-01 +3.0466e+00 +2.8738e+00 -1.6716e+00 -4.7248e+00 -2.9819e+00 -6.1231e-01 +1.6609e+00 -1.6944e+00 +1.2422e+00 +3.1535e+00 -4.3295e+00 -3.9897e-01 +9.9491e-01 -1.4412e+00 -2.6198e+00 +2.7097e-01 +3.1556e+00
16 0 +1.805660751e+02 +5.367060751e+02 +5.367060751e+02 -7.0165e-02 -3.0321e+00 -4.1808e+00 +1.2955e+00 +3.9662e+00 -3.5143e+00 -1.2279e+00 +2.3673e+00 -1.9941e+00 +6.8286e-01 +3.9740e+00 -5.1562e-01 +3.7377e+00 -4.6192e+00 -4.7289e+00 +3.5140e+00 -4.6837e+00 +1.7795e+00 +2.7779e+00 +4.4475e+00
30 0 +1.534993208e+02 +5.096393208e+02 +5.096393208e+02 +1.8765e+00 +2.0078e+00 +3.1936e+00 +2.5671e+00 +1.4090e+00 +7.1586e-01 +2.5163e+00 +3.7521e+00 -2.9878e+00 +4.1492e-02 +1.2640e+00 +4.3354e+00 -2.4788e+00 -2.2781e+00 +1.1512e+00 -1.2133e+00 -3.5986e+00 -9.7584e-03 -3.8596e+00 -5.8659e-02
50 0 +1.165770523e+02 +4.727170523e+02 +4.727170523e+02 +4.6705e+00 +2.1458e+00 -3.8191e+00 -1.6391e+00 +3.0463e+00 -1.0099e+00 +3.0313e+00 -6.7413e-01 -4.1446e+00 +5.8647e-01 +4.8810e+00 +3.9940e+00 +4.3173e+00 +8.4995e-01 +5.8952e-01 -3.7683e-02 +1.7650e+00 +6.6824e-01 -9.4975e-01 -3.1155e-01
52 0 +8.619002325e+01 +4.423300233e+02 +4.423300233e+02 +8.6698e-01 +3.7588e-01 -2.3462e+00 -1.2928e+00 -9.0589e-01 -5.0570e-01 +4.2827e-01 +1.5623e+00 -2.5500e+00 -1.2209e+00 +2.9255e-01 +2.5287e+00 +3.4255e+00 -1.0339e+00 +1.2929e+00 -9.7372e-01 -1.4835e+00 +7.6521e-01 +3.2898e-01 +3.3494e-01
104 0 +7.394997094e+01 +4.300899709e+02 +4.300899709e+02 +2.1581e+00 +8.0725e-01 +1.0178e-01 +1.2125e+00 +2.2581e+00 -3.4347e-01 +1.2826e+00 +9.1615e-01 -2.9232e+00 +5.4467e-01 +1.9327e+00 +3.6151e+00 +9.5834e-01 -1.6010e+00 +6.5575e-01 -3.7827e-01 -1.3317e+00 -2.8494e-01 -2.0530e+00 +4.8062e-01
202 0 +6.700377742e+01 +4.231437774e+02 +4.231437774e+02 +2.8395e+00 +5.5258e-01 -6.2709e-01 +7.6698e-01 +1.7696e+00 +8.4281e-02 +1.7730e+00 +5.6333e-02 -3.1897e+00 +2.1238e-01 +1.9493e+00 +2.1780e+00 +2.5462e+00 -1.3496e+00 +4.2113e-01 -8.7187e-01 -3.5109e-01 +6.3076e-01 -1.0900e+00 +1.5419e-01
302 0 +6.570392378e+01 +4.218439238e+02 +4.218439238e+02 +2.8623e+00 +8.1406e-01 -7.5086e-01 +6.4859e-01 +2.0065e+00 -1.2782e-01 +1.8579e+00 +3.2735e-01 -3.2125e+00 +3.0435e-01 +2.2971e+00 +2.6784e+00 +2.2742e+00 -1.2218e+00 +4.3528e-01 -6.5269e-01 -4.7207e-01 +4.9463e-01 -1.3086e+00 +1.9119e-01
456 0 +6.438938083e+01 +4.205293808e+02 +4.205293808e+02 +2.2510e+00 +4.8408e-01 -5.6476e-01 +1.8233e-01 +1.3428e+00 -4.4461e-01 +1.1618e+00 +7.9998e-01 -2.6982e+00 +2.6171e-01 +1.6990e+00 +3.2883e+00 +1.8245e+00 -1.0264e+00 +4.4051e-01 -4.0278e-01 -8.7629e-01 +1.8065e-01 -1.1306e+00 +2.4511e-01
552 0 +6.300876143e+01 +4.191487614e+02 +4.191487614e+02 +2.0436e+00 +3.0354e-01 -2.6255e-01 +3.1926e-01 +1.0947e+00 -3.5368e-01 +1.0124e+00 +9.3628e-01 -1.1004e+00 +1.9145e-01 +1.3606e+00 +3.1291e+00 +1.5604e+00 -1.1572e+00 +4.0710e-01 -4.7857e-01 -1.1030e+00 +2.0800e-01 -1.0797e+00 +2.6771e-01
602 0 +6.158574524e+01 +4.177257452e+02 +4.177257452e+02 +2.4180e+00 +5.4659e-01 -5.0921e-01 +4.3867e-01 +1.5143e+00 -2.7148e-01 +1.3908e+00 +6.6314e-01 -2.4629e+00 +2.4916e-01 +1.8039e+00 +2.9656e+00 +1.8301e+00 -1.1619e+00 +4.2504e-01 -5.4111e-01 -8.0653e-01 +3.2367e-01 -7.7647e-01 +2.3163e-01
861 0 +5.920817115e+01 +4.153481712e+02 +4.153481712e+02 +2.0273e+00 +2.9667e-01 -2.6636e-01 +2.9642e-01 +1.0778e+00 -3.6910e-01 +9.9051e-01 +9.4920e-01 -6.0042e-01 +1.9223e-01 +1.3493e+00 +3.1575e+00 +1.6373e+00 -2.5786e-01 +4.0821e-01 -4.6627e-01 -1.1103e+00 +1.9515e-01 -1.0741e+00 +2.6913e-01
1108 0 +5.836218892e+01 +4.145021889e+02 +4.145021889e+02 +2.2629e+00 +4.4978e-01 -4.2486e-01 +3.6825e-01 +1.3421e+00 -2.1791e-01 +1.2275e+00 +7.7676e-01 -1.5864e+00 +2.2914e-01 +1.6296e+00 +3.0576e+00 +1.8010e+00 -7.1438e-01 +4.1953e-01 -5.0385e-01 -9.2228e-01 +2.6558e-01 -8.8809e-01 +2.4655e-01
1211 0 +5.707665503e+01 +4.132166550e+02 +4.132166550e+02 +2.4303e+00 +5.5837e-01 -5.3646e-01 +4.2039e-01 +1.5297e+00 -2.8364e-01 +1.3962e+00 +6.5431e-01 -2.2706e+00 +2.5515e-01 +1.8283e+00 +2.9855e+00 +1.9170e+00 -3.2443e-01 +4.0519e-01 -5.3115e-01 -7.8912e-01 +3.1620e-01 -7.5499e-01 +2.3050e-01
1661 0 +5.619782733e+01 +4.123378273e+02 +4.123378273e+02 +2.3754e+00 +5.2367e-01 -4.9952e-01 +4.0565e-01 +1.4701e+00 -2.6300e-01 +1.3433e+00 +6.9314e-01 -2.0538e+00 +2.4658e-01 +1.7645e+00 +2.9285e+00 +1.8764e+00 -1.4201e-01 +4.0851e-01 -5.2346e-01 -8.3196e-01 +3.0108e-01 -7.9703e-01 +2.3557e-01
% f evaluations | g evaluations | best noise-free fitness - Fopt (-4.757000000000e+02) + sum g_i+ | measured fitness | best measured fitness or single-digit g-values | x1 | x2...
1 0 +2.019444870e+02 -2.737555130e+02 -2.737555130e+02 -1.1392e+00 +3.9356e+00 -1.6076e+00 +1.7215e+00 -3.4836e+00 +3.2776e+00 -3.3976e+00 +1.7705e+00 +3.9285e-01 +2.4394e+00 +6.2158e-01 -1.8391e+00 -3.9977e+00 +3.0754e+00 +2.2319e+00 -1.6343e+00 -4.2428e-01 -2.7381e+00 +2.2893e+00 -4.0144e+00
18 0 +1.645819090e+02 -3.111180910e+02 -3.111180910e+02 -2.7837e+00 +4.9361e-02 -5.4377e-01 -4.7989e-01 -1.8126e+00 -2.8147e+00 -2.4471e+00 -6.9284e-02 -3.4685e+00 -2.2128e+00 +2.1202e+00 +4.3207e+00 -3.3748e+00 +1.4416e+00 +1.4124e+00 +1.0181e+00 +2.0952e+00 -1.9237e-01 -2.7299e+00 +3.1434e+00
42 0 +1.535699221e+02 -3.221300779e+02 -3.221300779e+02 +5.0040e-01 +2.7716e+00 +4.6471e+00 -2.1389e-02 -2.8907e+00 +2.5253e+00 +4.7131e+00 +2.1710e+00 -2.3719e+00 +7.3540e-02 +8.8375e-01 -3.2765e+00 +3.7482e+00 +2.3160e-03 +1.7636e+00 -4.6751e+00 +3.4382e+00 +1.8950e+00 -3.8166e+00 -2.0524e+00
56 0 +1.222052646e+02 -3.534947354e+02 -3.534947354e+02 -1.0687e+00 -9.2661e-01 -6.0055e-01 +4.6779e-03 +2.4112e-01 -1.4260e+00 -5.2442e-01 -2.5897e+00 -3.1793e+00 -1.5637e+00 +3.5705e+00 +9.5425e-02 +1.0073e-01 +9.8412e-02 -1.1395e+00 -1.5918e+00 +6.9441e-01 +1.8471e+00 -1.9329e-01 +3.6160e-01
57 0 +1.196686946e+02 -3.560313054e+02 -3.560313054e+02 -1.1765e+00 -8.6528e-01 -5.9698e-01 -2.5773e-02 +1.1207e-01 -1.5133e+00 -6.4524e-01 -2.4314e+00 -3.1975e+00 -1.6045e+00 +3.4793e+00 +3.6095e-01 -1.1767e-01 +1.8282e-01 -9.7909e-01 -1.4278e+00 +7.8243e-01 +1.7190e+00 -3.5269e-01 +5.3642e-01
106 0 +1.069308376e+02 -3.687691624e+02 -3.687691624e+02 +2.4016e-01 -8.7759e-01 -4.2796e-01 -2.0659e-01 +1.2678e+00 -1.5838e+00 -1.2361e-01 -1.3067e+00 -2.2526e+00 -5.6437e-01 +3.1139e+00 +1.1692e+00 -6.1944e-01 -1.9363e-01 -2.5332e-01 -2.0693e+00 +6.5695e-01 +5.4173e-01 +1.2446e-01 +5.5010e-01
153 0 +1.030317703e+02 -3.726682297e+02 -3.726682297e+02 -4.5930e-01 +6.0082e-01 -8.2719e-01 +2.0862e-01 -5.2626e-01 -1.2262e-01 -1.7833e-01 -9.0124e-02 -3.9232e-01 +8.0589e-01 +1.9510e+00 +1.0623e+00 -1.4708e+00 +2.0142e-01 -2.1781e-02 -1.2930e+00 +7.3517e-01 +9.9001e-02 -1.5194e-03 -2.5188e-01
354 0 +1.016493266e+02 -3.740506734e+02 -3.740506734e+02 -5.8905e-01 +2.6513e-01 -7.4882e-01 +6.3521e-02 -2.5611e-01 -3.9835e-01 -2.9787e-01 -5.2983e-01 -9.8828e-01 +3.4579e-01 +2.2279e+00 +9.2225e-01 -1.2230e+00 +2.4682e-01 -2.4317e-01 -1.3814e+00 +7.8682e-01 +4.1017e-01 -9.9659e-02 -2.5832e-02
413 0 +9.656154575e+01 -3.791384543e+02 -3.791384543e+02 -4.5930e-01 +6.0082e-01 -6.2783e-02 +2.0862e-01 -5.2626e-01 -1.2262e-01 -1.7833e-01 -9.0124e-02 -3.9232e-01 +8.0589e-01 +1.9510e+00 +1.0623e+00 -1.4708e+00 +2.0142e-01 -2.1781e-02 -1.2930e+00 +7.3517e-01 +9.9001e-02 -1.5194e-03 -2.5188e-01
752 0 +9.508754563e+01 -3.806124544e+02 -3.806124544e+02 -4.5755e-01 +5.0196e-01 -1.4352e-01 +2.0116e-01 -5.1238e-01 -1.3679e-01 -1.8447e-01 -1.1272e-01 -4.2295e-01 +7.4474e-01 +5.9089e-01 +1.0551e+00 -1.4581e+00 +2.0375e-01 -3.3158e-02 -1.2975e+00 +7.3783e-01 +1.1499e-01 -6.5630e-03 -2.4026e-01
1060 0 +9.298106150e+01 -3.827189385e+02 -3.827189385e+02 -4.5781e-01 +4.7544e-01 -1.3173e-01 +2.0225e-01 -5.1440e-01 -1.3472e-01 -1.8358e-01 -1.0942e-01 -4.1848e-01 +7.5367e-01 +7.8943e-01 +3.8669e-01 -1.4600e+00 +2.0341e-01 -3.1498e-02 -1.2968e+00 +7.3744e-01 +1.1266e-01 -5.8268e-03 -2.4196e-01
1811 0 +9.057425759e+01 -3.851257424e+02 -3.851257424e+02 -4.5779e-01 +1.8961e-01 -1.2140e-01 +2.0217e-01 -5.1425e-01 -1.3488e-01 -1.3523e-01 -1.0967e-01 -4.1882e-01 +7.5185e-01 +7.7452e-01 +3.8088e-01 -1.4598e+00 +2.0344e-01 -3.1587e-02 -1.2912e+00 +2.4968e-01 +1.0970e-01 -5.8821e-03 -2.4183e-01
% f evaluations | g evaluations | best noise-free fitness - Fopt (-1.000000000000e+03) + sum g_i+ | measured fitness | best measured fitness or single-digit g-values | x1 | x2...
1 0 +4.082407216e+02 -5.917592784e+02 -5.917592784e+02 -4.1994e-01 +3.1857e+00 +6.8748e-01 -4.3821e+00 -4.7153e+00 +1.4677e+00 +1.9344e+00 -1.2221e+00 -6.9523e-01 +4.2629e+00 -1.9193e+00 -2.6203e+00 +4.0058e+00 +3.1413e+00 -3.4800e+00 +4.5906e+00 -4.0736e+00 -4.4272e+00 -2.4647e-02 +2.9147e+00
2 0 +2.627353585e+02 -7.372646415e+02 -7.372646415e+02 +2.6625e+00 -6.8385e-01 +3.8724e+00 -1.6971e-01 +3.8171e+00 +1.4184e+00 -1.3655e+00 -1.6872e+00 +2.9785e+00 +8.3298e-01 +4.5523e+00 +4.1633e+00 +4.8243e+00 -2.1426e-01 -1.8122e+00 -1.6113e+00 +3.7651e+00 +3.7130e+00 -1.0289e+00 +9.6468e-03
7 0 +2.238371464e+02 -7.761628536e+02 -7.761628536e+02 -1.9767e+00 +1.7625e+00 +3.6450e+00 +2.0541e+00 -1.8476e+00 +8.6051e-01 +3.4631e+00 -3.3600e+00 -1.2796e+00 -3.8594e+00 -3.8555e+00 -1.4107e+00 -3.9050e+00 -2.9034e+00 +4.1955e+00 -2.8975e-02 +2.4332e+00 -4.9336e+00 +7.4162e-01 +8.9084e-01
10 0 +2.075696719e+02 -7.924303281e+02 -7.924303281e+02 -3.8351e+00 -7.3725e-02 +2.1128e+00 +1.0491e+00 +1.6610e+00 -4.8392e+00 -8.2323e-01 -4.6822e-01 +3.5066e+00 +3.0028e+00 -2.9184e+00 +3.0605e+00 +4.2382e+00 -3.9569e+00 -3.4659e+00 -3.3445e+00 -2.6144e+00 +1.2829e+00 +4.2291e+00 -2.2122e+00
16 0 +1.950657188e+02 -8.049342812e+02 -8.049342812e+02 -2.0228e+00 +1.3352e+00 +7.4254e-02 -4.4001e+00 -3.4831e+00 +1.1811e+00 -3.2973e+00 +1.9308e+00 -8.1725e-01 -2.2745e+00 -6.7211e-01 -2.1545e+00 -1.9989e+00 -3.4729e+00 -2.1923e+00 +4.9582e+00 -9.4153e-01 +4.6409e+00 +9.9872e-01 +2.5362e+00
19 0 +1.761552416e+02 -8.238447584e+02 -8.238447584e+02 +9.6467e-01 -5.6126e-01 +2.7308e+00 +4.7913e+00 +8.6022e-01 -2.0331e+00 -4.5928e+00 +1.8635e+00 +6.1504e-01 -1.8295e+00 -1.6960e+00 +2.5659e+00 -3.8190e-01 +5.4589e-01 +4.4803e+00 +4.2393e+00 -1.8313e-01 +4.9236e+00 -1.6872e+00 +1.1532e+00
58 0 +1.401743163e+02 -8.598256837e+02 -8.598256837e+02 -3.7881e+00 +2.7634e+00 +4.0533e+00 +3.0990e+00 -3.6696e+00 -1.3375e+00 +1.6073e+00 -3.3051e-01 -3.5161e+00 -1.6792e+00 +2.7732e+00 +7.0766e-01 +3.5565e+00 -2.4237e+00 +2.6076e-01 -4.6480e-01 -4.2072e-02 +3.9209e-01 +4.2087e-01 +1.3718e+00
59 0 +1.228857971e+02 -8.771142029e+02 -8.771142029e+02 -2.4589e-01 +2.8556e-01 +3.0676e+00 +4.3603e+00 -2.9354e-01 -1.8559e+00 -3.0136e+00 +1.3047e+00 -4.3718e-01 -1.7912e+00 -5.5764e-01 +2.0926e+00 +6.2124e-01 -2.1049e-01 +3.4056e+00 +3.0411e+00 -1.4720e-01 +3.7694e+00 -1.1502e+00 +1.2089e+00
107 0 +1.117040924e+02 -8.882959076e+02 -8.882959076e+02 -6.5476e-01 +5.7158e-01 +3.1814e+00 +4.2147e+00 -6.8324e-01 -1.7961e+00 -2.4802e+00 +1.1159e+00 -7.9258e-01 -1.7783e+00 -1.7317e-01 +1.9328e+00 +9.6006e-01 -4.6597e-01 +3.0426e+00 +2.6364e+00 -1.3507e-01 +3.3796e+00 -9.6888e-01 +1.2277e+00
155 0 +1.014305651e+02 -8.985694349e+02 -8.985694349e+02 -1.1893e+00 +8.6995e-01 +1.9674e+00 +8.4866e-01 -1.7772e+00 -6.3280e-01 -2.7995e+00 +1.4343e+00 -8.0222e-01 -1.9721e+00 -3.6812e-01 +3.3574e-01 -1.9609e-01 -1.6409e+00 +9.9717e-01 +3.5436e+00 -4.5018e-01 +3.8724e+00 -2.0008e-01 +1.7390e+00
158 0 +9.870273250e+01 -9.012972675e+02 -9.012972675e+02 -1.7410e+00 +1.3315e+00 +3.4837e+00 +3.8279e+00 -1.7185e+00 -1.6371e+00 -1.0632e+00 +6.1448e-01 -1.7368e+00 -1.7439e+00 +8.4827e-01 +1.5080e+00 +1.8602e+00 -1.1447e+00 +2.0782e+00 +1.5613e+00 -1.0283e-01 +2.3439e+00 -4.8708e-01 +1.2776e+00
204 0 +9.389464098e+01 -9.061053590e+02 -9.061053590e+02 -1.7869e+00 +1.2385e+00 +3.1860e+00 +3.7435e+00 -1.1969e+00 -1.3284e+00 -1.3757e+00 +4.2035e-01 -1.6034e+00 -1.2712e+00 +1.0703e+00 +1.6237e+00 +1.7243e+00 -1.0893e+00 +2.2935e+00 +1.1217e+00 -5.0990e-01 +2.4531e+00 -4.4950e-01 +1.4295e+00
306 0 +9.191381267e+01 -9.080861873e+02 -9.080861873e+02 -1.7937e+00 +1.2413e+00 +3.0966e+00 +3.5096e+00 -1.2626e+00 -1.2564e+00 -1.4309e+00 +4.6373e-01 -1.5808e+00 -1.3000e+00 +1.0203e+00 +1.5152e+00 +1.6174e+00 -1.1578e+00 +2.1647e+00 +1.2319e+00 -5.2229e-01 +2.5159e+00 -4.0791e-01 +1.4613e+00
356 0 +8.262897503e+01 -9.173710250e+02 -9.173710250e+02 -1.3329e+00 +3.1425e-01 +3.1883e+00 +1.7041e+00 -1.1045e+00 -1.4534e+00 -6.8655e-01 +1.0407e+00 -2.0482e+00 -3.3358e-01 +6.5461e-01 +1.6734e+00 +5.0081e-01 -3.8405e-01 +1.5946e+00 +1.0124e-01 -7.7247e-01 +2.5374e+00 -1.3956e-01 +6.8484e-01
908 0 +8.062855622e+01 -9.193714438e+02 -9.193714438e+02 -1.0785e+00 +7.8214e-01 +3.2391e+00 +3.8080e+00 -1.0100e+00 -1.6816e+00 -1.8776e+00 +9.2362e-01 -1.1952e+00 -1.5715e+00 +2.5019e-01 +1.7728e+00 +8.2376e-01 -6.9247e-01 +2.5729e+00 +1.0404e-01 -2.3137e-01 +2.9720e+00 -7.0758e-01 +1.2014e+00
958 0 +7.940620829e+01 -9.205937917e+02 -9.205937917e+02 -1.1108e+00 +6.5832e-01 +3.2089e+00 +3.3449e+00 -9.8662e-01 -1.6636e+00 -1.6379e+00 +9.3064e-01 -1.3177e+00 -1.2636e+00 +2.9552e-01 +1.7692e+00 +8.0247e-01 -6.6069e-01 +2.2941e+00 +1.3844e-01 -3.6240e-01 +2.8776e+00 -5.3490e-01 +1.0624e+00
1003 0 +7.716775388e+01 -9.228322461e+02 -9.228322461e+02 -1.4391e+00 +9.5779e-01 +3.3491e+00 +1.4796e+00 -1.3628e+00 -1.1655e+00 -1.2539e+00 +4.6600e-01 -1.5808e+00 -1.4138e+00 +5.8778e-01 +1.6350e+00 +7.4394e-01 -8.8912e-01 +2.0922e+00 +1.4168e+00 -2.6456e-01 +2.5719e+00 -4.5750e-01 +1.1193e+00
1164 0 +7.455475654e+01 -9.254452435e+02 -9.254452435e+02 -1.3263e+00 +9.8497e-01 +3.3373e+00 +2.3468e+00 -1.2832e+00 -1.3101e+00 -1.5566e+00 +5.7649e-01 -1.4045e+00 -1.6335e+00 +4.7149e-01 +1.6737e+00 +7.8140e-01 -8.6120e-01 +2.3744e+00 +1.0658e+00 -1.7944e-01 +2.7297e+00 -1.8393e-01 +1.2207e+00
1414 0 +7.309205725e+01 -9.269079427e+02 -9.269079427e+02 -1.3313e+00 +8.7520e-01 +3.3072e+00 +2.1142e+00 -1.2448e+00 -1.3256e+00 -1.4004e+00 +6.1075e-01 -4.0851e-01 -1.3965e+00 +4.8905e-01 +1.6785e+00 +7.6666e-01 -8.2203e-01 +2.1815e+00 +1.0123e+00 -2.8242e-01 +2.6779e+00 -4.9745e-01 +1.1145e+00
1562 0 +6.969508537e+01 -9.303049146e+02 -9.303049146e+02 -1.3283e+00 +9.4172e-01 +3.3255e+00 +2.2551e+00 -1.2681e+00 -1.3162e+00 -1.4950e+00 +5.8999e-01 -1.4352e+00 -1.5401e+00 +4.7841e-01 +1.6756e+00 +7.7559e-01 -8.4577e-01 +2.2984e+00 +4.1965e-01 -2.2002e-01 +2.7093e+00 -3.0746e-01 +1.1788e+00
1860 0 +6.916484199e+01 -9.308351580e+02 -9.308351580e+02 -1.3283e+00 +9.4064e-01 +3.3252e+00 +2.0190e+00 -1.2677e+00 -1.3163e+00 -1.4935e+00 +5.9033e-01 -1.4186e+00 -1.5378e+00 +4.7858e-01 +1.6756e+00 +7.7544e-01 -8.4538e-01 +2.2965e+00 +5.6132e-01 -2.2103e-01 +2.7088e+00 -3.1054e-01 +1.1778e+00
% f evaluations | g evaluations | best noise-free fitness - Fopt (-4.158000000000e+01) + sum g_i+ | measured fitness | best measured fitness or single-digit g-values | x1 | x2...
1 0 +3.233898367e+02 +2.818098367e+02 +2.818098367e+02 -3.2572e-01 -2.2687e+00 +6.7275e-01 +4.3035e+00 -9.3390e-01 -8.7989e-01 -3.8214e+00 +4.9974e+00 +1.9394e-01 +1.7166e+00 +1.1882e-01 -3.9624e+00 -2.7834e+00 +4.8449e+00 -3.4375e+00 -1.3620e+00 +2.4282e+00 +1.6207e+00 -3.5525e+00 +1.0919e+00
2 0 +2.631317467e+02 +2.215517467e+02 +2.215517467e+02 -3.6845e+00 +5.4228e-01 -2.0303e+00 +4.4037e+00 +4.5444e+00 +2.9844e+00 +3.9992e+00 +3.0104e+00 -2.5825e+00 +2.0489e+00 +1.4210e+00 +2.6670e+00 +4.0694e+00 +4.5436e+00 -2.8286e+00 +3.2943e+00 +2.3045e-02 -2.6730e+00 +4.3831e+00 +1.7720e+00
5 0 +2.244167876e+02 +1.828367876e+02 +1.828367876e+02 -4.7461e+00 -2.2819e+00 -1.5339e+00 +2.9213e+00 +8.1293e-01 +4.7299e+00 +3.4466e+00 +1.0661e+00 +1.3135e+00 +2.5071e+00 +1.8456e+00 +1.2935e+00 -3.5009e+00 +3.7003e+00 -2.3197e+00 -2.3022e+00 +1.0726e+00 +4.2272e+00 +2.9070e+00 +3.8601e+00
7 0 +2.238678637e+02 +1.822878637e+02 +1.822878637e+02 -1.8375e+00 -4.4322e+00 -3.2342e+00 +3.8410e+00 -3.3498e+00 +1.2204e+00 -2.9488e+00 -2.2885e+00 -2.4697e+00 +3.0163e+00 +4.3455e+00 +4.7071e+00 -1.6757e+00 -8.7736e-01 -3.5898e+00 +1.2732e+00 -3.9926e+00 +3.5494e+00 +3.4231e+00 +3.6986e+00
10 0 +1.894709373e+02 +1.478909373e+02 +1.478909373e+02 -9.5641e-01 -4.5790e+00 -4.7930e+00 -3.9971e+00 +4.1558e+00 +9.2407e-02 +1.1880e+00 -1.0739e+00 +1.5537e-01 +2.4298e+00 +2.1723e+00 -3.2943e-01 +4.0558e+00 -2.8902e+00 -1.4795e+00 +4.2966e+00 -2.3048e+00 -2.2074e+00 +1.0902e+00 -5.3788e-01
16 0 +1.472554642e+02 +1.056754642e+02 +1.056754642e+02 -4.2117e+00 +4.2976e+00 +7.3661e-01 +2.1666e+00 -2.4165e+00 +1.2301e+00 -7.8857e-01 -3.6458e+00 +2.1516e+00 +1.9294e-01 +8.9453e-01 +4.5368e+00 -2.7927e+00 -1.4398e+00 -4.8204e+00 -1.1660e+00 +1.2500e+00 +2.3851e-01 -4.5009e+00 -6.1013e-01
21 0 +9.727817725e+01 +5.569817725e+01 +5.569817725e+01 +3.1160e+00 +1.9937e+00 -2.7122e+00 +2.8127e-01 +2.7809e+00 +3.4532e+00 +1.7385e+00 -4.7774e-01 -3.7134e-01 -1.5904e+00 -3.6128e+00 +1.1223e+00 +3.7670e+00 -5.9569e-01 -4.7721e+00 -2.0849e+00 +1.4856e+00 +4.6887e+00 +7.3682e-01 -2.5458e-01
55 0 +9.065138275e+01 +4.907138275e+01 +4.907138275e+01 +1.2727e+00 +2.4553e+00 -2.1159e+00 +1.7327e+00 +2.3875e+00 +2.7994e+00 -6.4072e-01 -1.3921e+00 -1.0745e+00 -3.6699e-01 -1.8596e+00 -2.7065e-01 +6.5798e-01 +6.4542e-01 -3.0839e+00 -2.0691e+00 +6.2004e-01 +3.5554e+00 -7.2239e-01 +1.6574e+00
102 0 +8.507842941e+01 +4.349842941e+01 +4.349842941e+01 -2.0184e+00 +3.5608e+00 -4.0417e-01 +1.9931e+00 -4.9532e-01 +1.8577e+00 -7.2944e-01 -2.7445e+00 +8.6142e-01 -3.0985e-02 -2.0690e-01 +2.6142e+00 -1.4127e+00 -6.0591e-01 -4.1260e+00 -1.5272e+00 +9.9805e-01 +1.5650e+00 -2.9898e+00 +2.9668e-01
103 0 +7.374823430e+01 +3.216823430e+01 +3.216823430e+01 -9.2059e-01 +3.1921e+00 -9.7516e-01 +1.9062e+00 +4.6627e-01 +2.1718e+00 -6.9985e-01 -2.2934e+00 +2.1568e-01 -1.4306e-01 -7.5818e-01 +1.6519e+00 -7.2200e-01 -1.8851e-01 -3.7784e+00 -1.7079e+00 +8.7196e-01 +2.2289e+00 -2.2335e+00 +7.5055e-01
154 0 +7.074985350e+01 +2.916985350e+01 +2.916985350e+01 +7.8281e-01 +1.4752e+00 -2.1355e+00 +1.9063e+00 +1.4317e+00 +2.6972e+00 +3.1450e-02 -1.0173e+00 -1.2060e+00 -1.1365e-01 -1.5926e+00 +2.5151e-01 +7.4692e-01 +3.5688e-01 -2.2860e+00 -1.5251e+00 +5.1633e-01 +3.0033e+00 -6.3658e-02 +1.2334e+00
158 0 +6.698409506e+01 +2.540409506e+01 +2.540409506e+01 -1.8901e+00 +2.5838e+00 -6.9470e-01 +2.0929e+00 -8.1262e-01 +1.9254e+00 -1.6681e-01 -2.2218e+00 +4.4354e-01 +1.2180e-01 -2.5422e-01 +2.5774e+00 -1.0080e+00 -6.4057e-01 -3.3078e+00 -1.1703e+00 +8.5280e-01 +1.4339e+00 -2.0886e+00 +1.6912e-01
208 0 +6.490894756e+01 +2.332894756e+01 +2.332894756e+01 +9.5326e-01 +2.6410e+00 -1.8082e+00 +1.2844e+00 +1.5782e+00 +2.7109e+00 +2.3416e-01 -1.4869e+00 -1.8466e-01 -7.0565e-01 -2.0225e+00 +1.1649e+00 +1.1751e+00 -2.1132e-01 -4.0525e+00 -1.9100e+00 +1.0788e+00 +3.3229e+00 -8.9824e-01 +4.9853e-01
252 0 +5.872735784e+01 +1.714735784e+01 +1.714735784e+01 -5.4013e-01 +2.0239e+00 -1.4224e+00 +1.9986e+00 +3.2088e-01 +2.3152e+00 -6.6680e-02 -1.6135e+00 -3.8957e-01 +2.8860e-03 -9.3019e-01 +1.4027e+00 -1.2165e-01 -1.3680e-01 -2.7917e+00 -1.3495e+00 +6.8286e-01 +2.2265e+00 -1.0659e+00 +7.0666e-01
402 0 +5.568686405e+01 +1.410686405e+01 +1.410686405e+01 -5.9731e-02 +2.1159e+00 -1.5860e+00 +1.7168e+00 +6.7434e-01 +2.4194e+00 +1.1111e-01 -1.5389e+00 -3.0624e-01 -2.0032e-01 -1.2539e+00 +1.3843e+00 +3.7867e-01 -2.2919e-01 -3.1880e+00 -1.4550e+00 +7.8980e-01 +2.5293e+00 -9.2627e-01 +5.7223e-01
812 0 +5.479821168e+01 +1.321821168e+01 +1.321821168e+01 -9.0834e-02 +2.1194e+00 -1.5726e+00 +1.7297e+00 +3.5960e-01 +2.4119e+00 +1.0024e-01 -1.5484e+00 -3.0273e-01 -1.9102e-01 -1.2347e+00 +1.3931e+00 +3.4869e-01 -2.2829e-01 -3.1769e+00 -1.4487e+00 +7.8672e-01 +2.5109e+00 -9.4296e-01 +5.7510e-01
1102 0 +5.356889082e+01 +1.198889082e+01 +1.198889082e+01 -7.6104e-02 +2.1180e+00 -1.5789e+00 +1.7234e+00 +5.3024e-01 +2.4154e+00 +1.0536e-01 -1.5441e+00 -3.0419e-01 -1.8634e-01 -1.2438e+00 +1.3891e+00 +3.6291e-01 -2.2881e-01 -2.9485e+00 -1.4512e+00 +7.8826e-01 +2.5196e+00 -5.3582e-01 +5.7363e-01
1214 0 +5.104978416e+01 +9.469784155e+00 +9.469784155e+00 -7.7343e-02 +2.1182e+00 -1.5783e+00 +8.0150e-01 +5.1933e-01 +2.4151e+00 +1.0492e-01 -1.5445e+00 -3.0404e-01 -1.8528e-01 -1.2431e+00 +1.3894e+00 +3.6172e-01 -2.2878e-01 -2.9304e+00 -1.4510e+00 +7.8815e-01 +2.5189e+00 -5.6460e-01 +5.7373e-01
1760 0 +4.967689752e+01 +8.096897521e+00 +8.096897521e+00 -7.6965e-02 +2.1181e+00 -1.5785e+00 +9.8306e-01 +8.6046e-02 +2.4152e+00 +1.0505e-01 -1.5443e+00 -3.0408e-01 -1.8596e-01 -1.2396e+00 +1.3893e+00 +3.6208e-01 -2.2879e-01 -2.9319e+00 -1.4510e+00 +7.8818e-01 +2.5191e+00 -3.5346e-01 +5.7369e-01
1810 0 +4.777918292e+01 +6.199182918e+00 +6.199182918e+00 -7.7343e-02 +2.1182e+00 -1.5783e+00 +2.3359e-01 +5.1933e-01 +2.4151e+00 +1.0492e-01 -1.5445e+00 -3.0404e-01 -1.8528e-01 -1.2431e+00 +1.3894e+00 +3.6172e-01 -2.2878e-01 -2.9304e+00 -1.4510e+00 +7.8815e-01 +2.5189e+00 -5.6460e-01 +8.7964e-02
