% f evaluations | g evaluations | best noise-free fitness - Fopt (7.948000000000e+01) + sum g_i+ | measured fitness | best measured fitness or single-digit g-values | x1 | x2...
1 0 +7.337631695e+01 +1.528563170e+02 +1.528563170e+02 -9.1733e-01 +2.0970e+00 +3.2028e+00 +3.5771e+00 -9.1611e-01 +3.7120e+00 -2.3767e+00 +2.3570e+00 +2.3376e+00 -4.9318e+00
2 0 +6.237252066e+01 +1.418525207e+02 +1.418525207e+02 +4.5430e+00 +2.5058e+00 +5.6452e-01 -7.2879e-01 -3.7218e+00 +2.2805e+00 +9.8820e-01 -1.0571e+00 +2.2017e+00 -3.1942e+00
5 0 +4.766964683e+01 +1.271496468e+02 +1.271496468e+02 +1.1940e+00 +2.9684e+00 -2.4237e+00 +4.8979e-02 -4.7560e+00 -1.1902e+00 +2.6673e+00 +7.5485e-01 +5.3711e-01 -4.9242e+00
44 0 +2.621679998e+01 +1.056968000e+02 +1.056968000e+02 +6.7457e-01 -1.8381e+00 +2.5859e+00 +4.7508e+00 -2.4209e+00 -5.1224e-01 +1.0939e-01 -2.4622e-01 +5.6081e-01 -2.2443e+00
106 0 +2.375814950e+01 +1.032381495e+02 +1.032381495e+02 +6.6011e-01 -1.7456e+00 +2.4723e+00 +4.5081e+00 -2.4873e+00 -4.4052e-01 +1.4075e-01 -2.1370e-01 +5.2605e-01 -2.2184e+00
252 0 +1.448476488e+01 +9.396476488e+01 +9.396476488e+01 +1.0826e+00 -1.6378e-02 +7.6728e-01 +2.3772e+00 -2.5131e+00 -1.5640e-01 +1.7960e+00 -1.6751e-01 +7.8773e-01 -2.8021e+00
253 0 +1.414248018e+01 +9.362248018e+01 +9.362248018e+01 +1.0342e+00 -2.1430e-01 +9.6244e-01 +2.6211e+00 -2.5101e+00 -1.8892e-01 +1.6065e+00 -1.7280e-01 +7.5777e-01 -2.7353e+00
352 0 +1.120755298e+01 +9.068755298e+01 +9.068755298e+01 +8.7691e-01 -5.5413e-01 +7.5870e-01 +2.6775e+00 -2.6672e+00 +2.2802e-01 +7.6257e-01 +6.5682e-02 +9.5249e-01 -2.6479e+00
503 0 +1.088056171e+01 +9.036056171e+01 +9.036056171e+01 +8.4199e-01 -6.2948e-01 +7.1327e-01 +2.6899e+00 -2.7021e+00 +3.2068e-01 +5.7521e-01 +1.1867e-01 +9.9577e-01 -2.6285e+00
614 0 +1.015970920e+01 +8.963970920e+01 +8.963970920e+01 +8.7691e-01 -5.5413e-01 +3.4864e-01 +2.6775e+00 -2.6672e+00 +2.2802e-01 +7.6257e-01 +6.5682e-02 +9.5249e-01 -2.6479e+00
904 0 +9.953280137e+00 +8.943328014e+01 +8.943328014e+01 +8.6600e-01 -5.8431e-01 +4.7672e-01 +1.5127e+00 -2.6733e+00 +2.4378e-01 +7.0971e-01 +7.5660e-02 +9.5915e-01 -2.6386e+00
905 0 +9.714112712e+00 +8.919411271e+01 +8.919411271e+01 +8.7155e-01 -5.6895e-01 +4.1151e-01 +2.1057e+00 -2.6702e+00 +2.3576e-01 +7.3662e-01 +7.0580e-02 +9.5576e-01 -2.6433e+00
% f evaluations | g evaluations | best noise-free fitness - Fopt (3.944800000000e+02) + sum g_i+ | measured fitness | best measured fitness or single-digit g-values | x1 | x2...
1 0 +2.415371136e+02 +6.360171136e+02 +6.360171136e+02 -2.7113e+00 +1.7780e+00 -6.2138e-02 -1.3124e+00 -4.6236e+00 +4.7886e+00 -4.9461e+00 +3.0148e+00 +6.0760e-01 -2.2606e+00
2 0 +1.964023166e+02 +5.908823166e+02 +5.908823166e+02 +2.8788e+00 +1.2347e+00 -1.9896e+00 +2.4796e+00 -2.2765e+00 -3.0469e+00 -4.9141e+00 -1.3478e+00 +4.0600e-03 +3.1253e+00
3 0 +1.331071876e+02 +5.275871876e+02 +5.275871876e+02 -2.0034e+00 -2.5966e+00 -1.4565e+00 -4.4536e+00 -1.6946e+00 +1.5273e+00 +4.7155e+00 -4.9369e+00 -2.7691e+00 -1.7599e+00
5 0 +5.037016745e+01 +4.448501674e+02 +4.448501674e+02 +2.3011e+00 -4.4541e+00 -2.2275e+00 +4.2986e+00 +3.5784e-01 -4.3140e+00 +2.1528e+00 -1.7939e+00 -2.0002e+00 -4.2601e+00
52 0 +4.554946618e+01 +4.400294662e+02 +4.400294662e+02 -3.8186e+00 -1.5958e+00 -1.7625e-01 +3.2582e+00 +1.6354e+00 -2.5993e+00 -1.1173e-01 +1.3370e+00 +2.5367e+00 -2.5055e+00
152 0 +3.574544111e+01 +4.302254411e+02 +4.302254411e+02 -1.8347e+00 -2.3945e+00 -2.7757e+00 +2.7596e+00 -2.8645e-01 +3.2455e-01 +8.2002e-01 +1.7104e-01 -6.2425e-01 -6.3983e-01
302 0 +3.388075011e+01 +4.283607501e+02 +4.283607501e+02 -2.4935e+00 -1.9254e+00 -1.5984e+00 +2.9494e+00 +5.6227e-01 -5.4241e-01 +4.6939e-01 +4.0489e-01 +6.4747e-01 -1.0276e+00
911 0 +3.297299287e+01 +4.274529929e+02 +4.274529929e+02 -2.2415e+00 -2.1049e+00 -2.0488e+00 +2.8768e+00 +2.3759e-01 -2.0691e-01 +6.0352e-01 +1.0270e-01 +1.6097e-01 -8.7924e-01
% f evaluations | g evaluations | best noise-free fitness - Fopt (-2.471100000000e+02) + sum g_i+ | measured fitness | best measured fitness or single-digit g-values | x1 | x2...
1 0 +1.557512765e+02 -9.135872345e+01 -9.135872345e+01 +3.2478e+00 +1.3197e+00 -4.9256e+00 +3.1003e+00 +4.9434e-01 +3.0144e+00 +9.8061e-01 -1.7900e+00 -2.7183e-01 -1.3995e+00
3 0 +1.375235953e+02 -1.095864047e+02 -1.095864047e+02 +2.2287e+00 -2.8417e-01 +2.3226e+00 +1.1271e+00 -1.0237e+00 -4.9048e+00 +3.8132e+00 -1.4008e+00 -1.7467e+00 +1.1740e+00
10 0 +5.459361466e+01 -1.925163853e+02 -1.925163853e+02 -4.7754e+00 +2.9834e+00 +5.4350e-01 +1.6913e+00 -4.5979e+00 +4.7737e+00 +2.2915e+00 -2.3350e+00 +5.6977e-01 +9.8988e-01
53 0 +5.031508828e+01 -1.967949117e+02 -1.967949117e+02 -4.6600e+00 +2.7724e+00 +6.1075e-01 +1.4540e+00 -4.4918e+00 +4.6916e+00 +2.0872e+00 -2.4103e+00 +4.4050e-01 +9.7503e-01
102 0 +4.428318933e+01 -2.028268107e+02 -2.028268107e+02 -4.4245e+00 +2.5035e+00 +5.0771e-01 +1.1023e+00 -3.4851e+00 +4.0880e+00 +1.8542e+00 -2.2103e+00 +4.1496e-01 +3.9596e-01
202 0 +4.002306141e+01 -2.070869386e+02 -2.070869386e+02 -4.0945e+00 +2.1974e+00 +5.1333e-01 +7.5237e-01 -3.0048e+00 +3.7407e+00 +1.5832e+00 -2.1503e+00 +2.2507e-01 +2.0678e-01
264 0 +3.604669141e+01 -2.110633086e+02 -2.110633086e+02 -4.0945e+00 +2.2445e-01 +5.1333e-01 +7.5237e-01 -3.0048e+00 +3.7407e+00 +1.5832e+00 -2.1503e+00 +2.2507e-01 +2.0678e-01
455 0 +3.513694006e+01 -2.119730599e+02 -2.119730599e+02 -3.9923e+00 +2.9153e-01 +3.8880e-01 +7.1666e-01 -3.0623e+00 +3.5656e+00 +1.5640e+00 -1.9145e+00 +2.8890e-01 +3.6129e-01
508 0 +3.466689030e+01 -2.124431097e+02 -2.124431097e+02 -3.5656e+00 +1.3673e+00 +2.3522e-01 +5.1832e-01 -2.7755e+00 +2.9390e+00 +1.2933e+00 -1.5132e+00 +1.7313e-01 +6.6785e-01
809 0 +3.367290905e+01 -2.134370909e+02 -2.134370909e+02 -3.7600e+00 +1.0188e+00 +3.2228e-01 +6.1256e-01 -2.8664e+00 +2.3495e+00 +1.4041e+00 -1.7394e+00 +2.0519e-01 +5.2245e-01
912 0 +3.091759929e+01 -2.161924007e+02 -2.161924007e+02 -3.6527e+00 +1.0394e+00 +3.8809e-02 +1.9483e-01 -3.0325e+00 +3.0385e+00 +1.4246e+00 -1.3738e+00 +3.4994e-01 +7.7939e-01
1014 0 +3.074873156e+01 -2.163612684e+02 -2.163612684e+02 -3.6527e+00 +1.0394e+00 +3.8809e-02 +1.9483e-01 -3.0325e+00 +3.0385e+00 +1.4246e+00 -1.3738e+00 +2.0935e-02 +7.7939e-01
% f evaluations | g evaluations | best noise-free fitness - Fopt (-1.520400000000e+02) + sum g_i+ | measured fitness | best measured fitness or single-digit g-values | x1 | x2...
1 0 +7.925731167e+01 -7.278268833e+01 -7.278268833e+01 +3.5366e+00 +5.9478e-01 -3.5208e+00 +6.2482e-03 -7.6659e-01 +4.0284e+00 +1.4960e+00 +2.9479e-01 -9.0590e-01 -4.5676e-01
4 0 +7.823705156e+01 -7.380294844e+01 -7.380294844e+01 +3.5477e+00 -1.6095e+00 -4.1084e+00 +4.7126e+00 -7.0466e-01 -5.2256e-01 -3.7177e+00 +4.4101e+00 +3.9927e+00 +4.8358e+00
5 0 +4.532276572e+01 -1.067172343e+02 -1.067172343e+02 -2.9974e-01 +4.2616e+00 -3.2411e+00 +2.8668e+00 -2.8817e-03 +1.5679e+00 -1.7769e+00 +5.4710e-01 +1.1088e+00 -1.6401e+00
52 0 +3.525917076e+01 -1.167808292e+02 -1.167808292e+02 -1.7774e-01 +3.8717e+00 -3.2683e+00 +2.9691e+00 +5.3633e-01 +1.7499e+00 -1.4213e+00 +6.8543e-01 +6.2063e-01 -9.4957e-01
106 0 +3.168176830e+01 -1.203582317e+02 -1.203582317e+02 +1.5316e+00 +8.0713e-01 -3.5216e+00 +2.9434e+00 +2.8121e+00 +2.9858e+00 +8.1098e-01 +1.5594e+00 -1.8749e+00 +2.9994e+00
154 0 +2.958398308e+01 -1.224560169e+02 -1.224560169e+02 +1.9973e+00 +1.2658e+00 -3.5218e+00 +2.1491e+00 +5.8496e-01 +2.6137e+00 -6.3286e-02 +1.2236e+00 -2.1220e-01 +9.8681e-01
204 0 +2.120718079e+01 -1.308328192e+02 -1.308328192e+02 +7.3314e-01 +2.4680e+00 -3.0605e+00 +2.7666e+00 +1.7104e+00 +2.5752e+00 -4.5962e-01 +1.0198e+00 -4.7592e-01 +1.3206e+00
313 0 +1.709368947e+01 -1.349463105e+02 -1.349463105e+02 +9.4935e-01 +2.2439e+00 -3.1347e+00 +2.6799e+00 +1.5561e+00 +1.3228e+00 -3.8979e-01 +1.0703e+00 -4.4529e-01 +1.3227e+00
514 0 +1.462208411e+01 -1.374179159e+02 -1.374179159e+02 +8.6644e-01 +2.2270e+00 -3.0141e+00 +2.7680e+00 +1.8508e+00 +4.1007e-01 -3.0428e-01 +1.0942e+00 -6.7919e-01 +1.7803e+00
762 0 +1.422994338e+01 -1.378100566e+02 -1.378100566e+02 +8.8728e-01 +2.2313e+00 -3.0444e+00 +2.7459e+00 +1.7867e+00 +8.3102e-01 -3.2578e-01 +1.0882e+00 -3.7113e-01 +1.6652e+00
810 0 +1.168052297e+01 -1.403594770e+02 -1.403594770e+02 +8.8728e-01 +2.2313e+00 -3.0444e+00 +2.7459e+00 +1.7867e+00 +8.3102e-01 -3.2578e-01 +1.0619e-01 -3.7113e-01 +1.6652e+00
1002 0 +1.145825207e+01 -1.405817479e+02 -1.405817479e+02 +8.8728e-01 +1.6906e+00 -3.0444e+00 +2.7459e+00 +1.7867e+00 +8.3102e-01 -3.2578e-01 +3.0398e-01 -3.7113e-01 +1.6652e+00
% f evaluations | g evaluations | best noise-free fitness - Fopt (-2.525000000000e+01) + sum g_i+ | measured fitness | best measured fitness or single-digit g-values | x1 | x2...
1 0 +1.036168235e+02 +7.836682354e+01 +7.836682354e+01 -1.3686e+00 +2.6753e+00 -1.7043e+00 -2.2201e+00 -5.9096e-01 -3.5220e+00 -7.4499e-02 -5.3990e-01 -4.8420e+00 -4.2396e+00
5 0 +9.736035076e+01 +7.211035076e+01 +7.211035076e+01 +2.6786e+00 +7.6015e-01 +3.6526e+00 -2.2252e+00 +2.9159e+00 -4.2409e+00 -1.9172e+00 +4.9824e+00 +3.9429e+00 -2.6689e+00
8 0 +5.402615549e+01 +2.877615549e+01 +2.877615549e+01 +2.9321e+00 +4.6882e+00 -2.7853e+00 +6.0740e-01 +6.2159e-01 -2.2587e+00 +1.0275e+00 -3.0494e+00 +2.6146e+00 -3.2717e+00
54 0 +4.919626675e+01 +2.394626675e+01 +2.394626675e+01 +2.6043e+00 +4.3022e+00 -2.3500e+00 +7.2570e-02 +5.0108e-01 -2.4558e+00 +1.1780e+00 -2.7338e+00 +2.4236e+00 -3.0373e+00
58 0 +4.401637986e+01 +1.876637986e+01 +1.876637986e+01 +2.8032e+00 -2.4546e+00 -1.1221e+00 -3.0453e+00 +3.4018e+00 +2.7746e+00 +2.0786e-01 +2.0402e+00 +1.3416e+00 -4.2785e+00
111 0 +3.310171738e+01 +7.851717381e+00 +7.851717381e+00 +2.8032e+00 -2.4546e+00 -1.1221e+00 -3.0453e+00 +3.4018e+00 +2.7746e+00 +2.0786e-01 +1.7210e-01 +1.3416e+00 -4.2785e+00
152 0 +2.480836866e+01 -4.416313441e-01 -4.416313441e-01 +2.3165e+00 -1.9264e+00 -1.1520e+00 -2.5401e+00 +1.9823e+00 +1.7433e+00 -5.0001e-01 +7.4826e-01 +1.0236e+00 -3.4799e+00
154 0 +1.678915225e+01 -8.460847750e+00 -8.460847750e+00 +2.7109e+00 +6.8200e-01 -1.6921e+00 -1.5980e+00 +2.0553e+00 +3.4659e-01 +6.5821e-01 -1.7596e-01 +1.8439e+00 -3.7023e+00
404 0 +1.650884025e+01 -8.741159754e+00 -8.741159754e+00 +2.6631e+00 +5.3480e-01 -1.6577e+00 -1.6371e+00 +1.9854e+00 +3.9080e-01 +5.4999e-01 -8.6853e-02 +1.7754e+00 -3.6510e+00
460 0 +1.543661278e+01 -9.813387222e+00 -9.813387222e+00 +2.6709e+00 +6.3929e-01 -1.6781e+00 -1.1267e+00 +1.9679e+00 +3.2412e-01 +2.4359e-01 -1.1241e-01 +1.8013e+00 -3.6479e+00
662 0 +1.425843571e+01 -1.099156429e+01 -1.099156429e+01 +2.6709e+00 +6.3929e-01 -1.6781e+00 -1.1267e+00 +1.9679e+00 +3.2412e-01 +1.7522e-02 -1.1241e-01 +1.8013e+00 -3.6479e+00
864 0 +1.377180654e+01 -1.147819346e+01 -1.147819346e+01 +2.6709e+00 +6.3929e-01 -1.6781e+00 -1.1267e+00 +1.9679e+00 +3.2412e-01 +1.7522e-02 -1.1241e-01 +1.8013e+00 -3.3541e+00
% f evaluations | g evaluations | best noise-free fitness - Fopt (1.830100000000e+02) + sum g_i+ | measured fitness | best measured fitness or single-digit g-values | x1 | x2...
1 0 +2.354722494e+02 +4.184822494e+02 +4.184822494e+02 +1.3902e+00 -2.0732e+00 +3.3572e+00 -3.3705e+00 +2.8372e+00 +2.9052e+00 -3.6246e+00 -1.7708e+00 -3.4748e+00 +3.4361e+00
2 0 +1.823120818e+02 +3.653220818e+02 +3.653220818e+02 +2.5159e+00 -3.1555e+00 -2.9979e+00 -4.1009e+00 -2.1750e-01 +4.8133e+00 -4.6248e+00 +4.3024e+00 -2.7634e+00 +3.1541e+00
4 0 +1.636876287e+02 +3.466976287e+02 +3.466976287e+02 -2.5359e+00 -4.8103e+00 -3.8611e+00 +1.1291e+00 -6.3245e-01 -4.2631e+00 +2.6096e+00 -9.9931e-01 -3.9902e-01 -1.1234e-01
5 0 +1.258341902e+02 +3.088441902e+02 +3.088441902e+02 +7.9113e-01 +1.1427e+00 +4.1142e+00 +4.4793e+00 -4.5306e+00 -1.2585e-01 +3.9273e-01 +4.0402e+00 -8.0416e-01 +1.9948e+00
9 0 +8.622706611e+01 +2.692370661e+02 +2.692370661e+02 +2.0046e+00 -1.2930e+00 -2.8835e+00 +2.8004e+00 +4.4904e-02 -4.4004e+00 -1.7439e+00 +7.8952e-01 +4.6559e+00 -1.5430e+00
19 0 +6.678735261e+01 +2.497973526e+02 +2.497973526e+02 -1.6914e+00 +4.9273e+00 -5.4513e-02 +2.4014e+00 -5.6362e-01 -3.4618e+00 +4.2713e-01 +1.6409e-01 +2.3862e+00 +1.3392e-01
53 0 +5.929645572e+01 +2.423064557e+02 +2.423064557e+02 -1.0333e+00 +3.8197e+00 -5.5824e-01 +2.4724e+00 -4.5527e-01 -3.6289e+00 +4.0566e-02 +2.7545e-01 +2.7903e+00 -1.6467e-01
56 0 +5.820237065e+01 +2.412123707e+02 +2.412123707e+02 -1.3558e+00 -5.3269e-01 -2.7942e+00 -2.4548e+00 -4.9185e+00 +1.2471e+00 +5.8200e-01 +1.0916e+00 +2.2957e+00 -4.7043e+00
57 0 +5.723133210e+01 +2.402413321e+02 +2.402413321e+02 -1.4872e+00 -5.8685e-01 -2.4325e+00 -2.1506e+00 -4.9278e+00 +1.4826e+00 +5.4519e-01 +1.1789e+00 +1.9029e+00 -4.7308e+00
59 0 +5.552572349e+01 +2.385357235e+02 +2.385357235e+02 -2.7549e+00 +4.1089e+00 -1.3882e+00 +1.8631e+00 -1.6978e+00 -3.6089e+00 -9.0917e-02 -1.1905e+00 +1.3282e+00 -1.0346e+00
102 0 +5.397827912e+01 +2.369882791e+02 +2.369882791e+02 -3.0425e-01 +5.0827e-01 -2.8327e+00 +2.2127e+00 -1.1017e+00 -4.1475e+00 -1.3009e+00 -5.3991e-01 +2.9144e+00 -1.8150e+00
108 0 +5.134046435e+01 +2.343504644e+02 +2.343504644e+02 -2.5123e+00 -4.8210e-02 -9.3981e-01 -1.7677e-01 -4.5654e+00 +1.5018e+00 +1.6679e-01 +7.6493e-01 -9.9483e-02 -4.3525e+00
109 0 +4.984310316e+01 +2.328531032e+02 +2.328531032e+02 -3.5449e+00 +2.5048e+00 -2.3458e+00 +9.6731e-01 -3.2573e+00 -2.5539e+00 -4.4375e-01 -1.8191e+00 +1.5948e-01 -2.7247e+00
203 0 +4.120461611e+01 +2.242146161e+02 +2.242146161e+02 -5.4054e-01 -1.8553e-01 -2.2260e+00 +1.3529e-01 -2.1723e+00 -1.6121e+00 -1.7511e+00 -8.6057e-01 +7.3625e-01 -1.9348e+00
206 0 +3.172893021e+01 +2.147389302e+02 +2.147389302e+02 -2.0600e+00 +1.7250e+00 -1.9198e+00 -8.5567e-03 -3.2083e+00 -1.1960e+00 +1.5854e-01 -3.2935e-02 +1.6403e+00 -2.8249e+00
258 0 +3.125770407e+01 +2.142677041e+02 +2.142677041e+02 -1.8336e+00 +1.4238e+00 -2.0504e+00 +6.9044e-02 -3.1146e+00 -1.3047e+00 +3.3158e-02 +4.7799e-03 +1.7900e+00 -2.8609e+00
260 0 +2.969640906e+01 +2.127064091e+02 +2.127064091e+02 -2.0600e+00 +1.7250e+00 -1.9198e+00 -8.5567e-03 -3.2083e+00 -9.5129e-02 +1.5854e-01 -3.2935e-02 +1.6403e+00 -2.8249e+00
504 0 +2.946575998e+01 +2.124757600e+02 +2.124757600e+02 -1.8226e+00 +1.4265e+00 -1.9676e+00 +1.3915e-02 -3.0465e+00 -3.3211e-01 -1.3978e-01 -1.6223e-01 +1.4991e+00 -2.6858e+00
762 0 +2.877056054e+01 +2.117805605e+02 +2.117805605e+02 -1.1753e+00 +8.9825e-01 -2.1927e+00 +6.0364e-01 -2.3109e+00 -2.8785e-01 -8.5896e-01 -4.6637e-01 +1.5544e+00 -2.1929e+00
910 0 +2.808338737e+01 +2.110933874e+02 +2.110933874e+02 -1.1753e+00 +8.9825e-01 -2.1927e+00 +6.0364e-01 -2.3109e+00 -2.8785e-01 -8.5896e-01 -3.1588e-01 +1.4774e+00 -2.1929e+00
% f evaluations | g evaluations | best noise-free fitness - Fopt (1.835200000000e+02) + sum g_i+ | measured fitness | best measured fitness or single-digit g-values | x1 | x2...
1 0 +4.297518672e+01 +2.264951867e+02 +2.264951867e+02 -3.7821e+00 -4.2316e+00 -1.6973e+00 -1.9391e+00 +2.7146e+00 +7.0644e-01 +8.4556e-01 +7.6318e-01 +1.8117e+00 -1.6338e+00
52 0 +3.745467836e+01 +2.209746784e+02 +2.209746784e+02 +2.7478e+00 -3.3965e+00 -4.4578e+00 -2.4317e+00 +3.0970e+00 +4.2363e+00 +2.4835e+00 +3.8997e+00 -1.1107e+00 +2.2161e-02
53 0 +3.633930606e+01 +2.198593061e+02 +2.198593061e+02 +2.9353e+00 -2.6119e+00 -4.1833e+00 -1.1427e+00 +2.3010e+00 +4.3311e+00 +1.6595e+00 +4.2137e+00 -4.3424e-01 -1.0371e+00
102 0 +2.906809410e+01 +2.125880941e+02 +2.125880941e+02 -1.8787e+00 -4.2451e+00 -2.2577e+00 -2.2548e+00 +3.1942e+00 +8.6638e-01 +1.2162e+00 +1.5435e+00 +6.6772e-01 -1.1530e+00
108 0 +1.830927485e+01 +2.018292749e+02 +2.018292749e+02 -5.1266e-01 -3.8135e+00 -3.0794e+00 -2.1858e+00 +2.9060e+00 +2.4738e+00 +1.6656e+00 +2.3336e+00 +3.4848e-01 -8.0466e-01
505 0 +1.818867892e+01 +2.017086789e+02 +2.017086789e+02 -3.1988e-01 -3.7993e+00 -3.1266e+00 -2.1943e+00 +2.9126e+00 +2.5341e+00 +1.6937e+00 +2.3871e+00 +2.9854e-01 -7.7712e-01
662 0 +1.566998276e+01 +1.991899828e+02 +1.991899828e+02 -3.9855e-01 -3.8135e+00 -3.0794e+00 -2.1858e+00 +2.5297e+00 +2.4738e+00 +1.6656e+00 +2.3332e+00 +3.4849e-01 -8.0466e-01
810 0 +6.460297058e+00 +1.899802971e+02 +1.899802971e+02 -3.9855e-01 -3.8135e+00 -3.0794e+00 -2.1858e+00 +3.1670e-01 +2.4738e+00 +1.6656e+00 +2.3332e+00 +3.4849e-01 -8.0466e-01
960 0 +6.185582563e+00 +1.897055826e+02 +1.897055826e+02 -3.9855e-01 -3.8135e+00 -3.0794e+00 -2.1858e+00 +1.6371e-01 +2.4738e+00 +1.6656e+00 +2.3332e+00 +3.4849e-01 -8.0466e-01
% f evaluations | g evaluations | best noise-free fitness - Fopt (-5.938400000000e+02) + sum g_i+ | measured fitness | best measured fitness or single-digit g-values | x1 | x2...
1 0 +9.376678834e+01 -5.000732117e+02 -5.000732117e+02 -4.7074e+00 +1.5059e+00 -1.4496e+00 +2.1302e+00 +1.6639e+00 +3.4352e+00 +9.0861e-01 +1.6370e+00 -2.6497e+00 -4.7717e+00
11 0 +9.320722467e+01 -5.006327753e+02 -5.006327753e+02 -2.9337e+00 +2.9155e+00 -7.1536e-01 +4.0466e+00 -4.1648e+00 -1.3374e-01 +1.3394e+00 +1.0506e+00 -4.1977e+00 -6.5906e-01
22 0 +6.271906306e+01 -5.311209369e+02 -5.311209369e+02 -5.4727e-01 +4.3176e+00 -1.8798e+00 +2.8261e+00 +2.0507e+00 -1.4634e+00 -9.4752e-01 +6.5006e-01 -1.0138e+00 +3.4306e+00
24 0 +4.709689049e+01 -5.467431095e+02 -5.467431095e+02 +2.5812e+00 -4.3264e-01 -9.1060e-01 +4.4290e+00 -1.9509e-01 +5.3890e-01 -2.6529e+00 -3.7697e+00 -3.2792e+00 +3.5461e+00
52 0 +3.669077159e+01 -5.571492284e+02 -5.571492284e+02 +1.6722e+00 +9.4766e-01 -1.1922e+00 +3.9632e+00 +4.5748e-01 -4.2914e-02 -2.1574e+00 -2.4854e+00 -2.6209e+00 +3.5125e+00
102 0 +3.503131648e+01 -5.588086835e+02 -5.588086835e+02 +1.7929e+00 +9.2643e-01 -1.2845e+00 +3.4194e+00 +8.8308e-01 -2.4795e-01 -2.4310e+00 -2.0908e+00 -2.4602e+00 +3.1255e+00
152 0 +3.392588208e+01 -5.599141179e+02 -5.599141179e+02 -3.2307e+00 +1.3823e+00 +3.9304e+00 +5.3119e-01 +1.8830e+00 -3.8424e-02 -1.2609e+00 -1.4459e+00 -7.3956e-01 +2.8848e+00
155 0 +3.228685188e+01 -5.615531481e+02 -5.615531481e+02 +7.8470e-01 -7.4092e-01 -8.4421e-01 +3.6550e+00 +1.1756e+00 -1.0447e-01 -1.1638e+00 -3.0257e+00 -2.2894e+00 +3.3253e+00
202 0 +2.886566611e+01 -5.649743339e+02 -5.649743339e+02 +1.2200e+00 +9.9936e-01 -7.3996e-01 +3.1305e+00 +1.0218e+00 -2.3190e-01 -2.1939e+00 -1.9939e+00 -2.2382e+00 +3.1738e+00
206 0 +1.982143460e+01 -5.740185654e+02 -5.740185654e+02 -1.6413e+00 +1.2381e+00 +2.2804e+00 +1.4450e+00 +1.5667e+00 -1.0472e-01 -1.6311e+00 -1.6500e+00 -1.2840e+00 +2.9609e+00
308 0 +1.779388340e+01 -5.760461166e+02 -5.760461166e+02 -8.6134e-01 +1.1673e+00 +1.4708e+00 +1.8934e+00 +1.4114e+00 -1.3724e-01 -1.8127e+00 -1.7501e+00 -1.5511e+00 +2.9983e+00
355 0 +1.656062340e+01 -5.772793766e+02 -5.772793766e+02 -4.9072e-01 +8.0079e-01 +7.3820e-01 +2.1430e+00 +1.3806e+00 +1.0241e-01 -1.6357e+00 -1.9098e+00 -1.8571e+00 +3.1163e+00
510 0 +1.584740053e+01 -5.779925995e+02 -5.779925995e+02 -5.6423e-01 +8.2873e-01 +8.3674e-01 +2.0984e+00 +1.3925e+00 +8.9176e-02 -1.6354e+00 -1.8932e+00 -1.8205e+00 +2.4568e+00
% f evaluations | g evaluations | best noise-free fitness - Fopt (-1.000000000000e+03) + sum g_i+ | measured fitness | best measured fitness or single-digit g-values | x1 | x2...
1 0 +2.429478473e+02 -7.570521527e+02 -7.570521527e+02 +3.5336e+00 -3.9476e+00 -3.0899e+00 +4.4723e+00 +1.7232e+00 -4.9059e+00 -1.3946e+00 -2.0525e+00 -5.0250e-01 +3.0753e+00
2 0 +1.930461641e+02 -8.069538359e+02 -8.069538359e+02 -3.4754e+00 +4.5298e+00 +3.6078e+00 +4.0766e+00 -3.7528e+00 +3.4313e+00 -1.1677e+00 +4.6825e+00 +2.6806e+00 +3.4294e+00
5 0 +1.080605709e+02 -8.919394291e+02 -8.919394291e+02 -1.1480e+00 +4.6684e-01 -2.2021e+00 -3.2965e+00 +4.4308e-01 +4.4100e+00 -4.1270e+00 +1.2984e-03 -5.5197e-01 -1.0008e+00
8 0 +3.050504448e+01 -9.694949555e+02 -9.694949555e+02 -1.7304e+00 +3.8703e+00 -3.3762e+00 +1.2312e+00 +1.4280e+00 +2.5549e+00 +4.3128e+00 +5.5154e-01 -1.8279e+00 +4.8819e+00
153 0 +2.370212851e+01 -9.762978715e+02 -9.762978715e+02 -1.7844e+00 +2.9548e+00 -1.7564e+00 +3.0618e-01 +1.9353e+00 +1.7360e+00 +2.9601e+00 +7.4545e-01 -1.7783e+00 +4.2383e+00
356 0 +2.153225931e+01 -9.784677407e+02 -9.784677407e+02 -1.8518e+00 +2.7805e+00 -1.7297e+00 +1.5909e-01 +2.0285e+00 +1.8056e+00 +2.4713e+00 +5.2452e-01 -1.7786e+00 +3.4903e+00
664 0 +1.996454290e+01 -9.800354571e+02 -9.800354571e+02 -1.8275e+00 +2.8096e+00 -1.7510e+00 +2.1047e-01 +2.0292e+00 +1.7887e+00 +2.5476e+00 +5.5918e-01 -1.7656e+00 +9.6488e-01
704 0 +1.964660220e+01 -9.803533978e+02 -9.803533978e+02 -1.8293e+00 +2.8075e+00 -1.7494e+00 +2.0672e-01 +2.0292e+00 +1.7900e+00 +2.5421e+00 +5.5665e-01 -1.7666e+00 +1.1492e+00
754 0 +1.940255388e+01 -9.805974461e+02 -9.805974461e+02 -1.8115e+00 +2.7950e+00 -1.7010e+00 +1.8761e-01 +2.0829e+00 +1.7554e+00 +2.5050e+00 +6.3582e-01 -1.7319e+00 +1.3936e+00
% f evaluations | g evaluations | best noise-free fitness - Fopt (-2.531000000000e+01) + sum g_i+ | measured fitness | best measured fitness or single-digit g-values | x1 | x2...
1 0 +1.401507706e+02 +1.148407706e+02 +1.148407706e+02 +6.2947e-01 +5.4072e-01 +2.4508e-01 -4.2835e-01 +3.3683e+00 -3.3250e+00 -2.7342e+00 -4.9705e+00 +4.3211e+00 -3.2343e+00
2 0 +1.379189194e+02 +1.126089194e+02 +1.126089194e+02 -6.8491e-02 -1.7568e+00 +1.8924e+00 +2.7172e+00 +1.8761e+00 +3.2038e+00 -4.2925e+00 -1.8772e+00 +3.3052e+00 -2.8191e+00
4 0 +6.291088672e+01 +3.760088672e+01 +3.760088672e+01 +3.6255e+00 +3.4344e+00 -1.3307e+00 +2.6831e+00 +7.9806e-01 -4.4401e+00 +4.9410e+00 +7.1729e-01 -1.3597e+00 +8.0053e-01
53 0 +6.115761332e+01 +3.584761332e+01 +3.584761332e+01 +3.5132e+00 +3.2777e+00 -1.3003e+00 +2.6676e+00 +6.9962e-01 -4.3789e+00 +4.7817e+00 +7.5784e-01 -1.2891e+00 +6.4689e-01
59 0 +5.419430465e+01 +2.888430465e+01 +2.888430465e+01 +1.9116e+00 +1.7408e+00 +2.6451e+00 +3.1878e+00 -1.2776e+00 -3.8350e+00 +1.1973e+00 -1.6277e-01 -1.6742e+00 -3.0534e+00
104 0 +4.880381653e+01 +2.349381653e+01 +2.349381653e+01 +2.8402e+00 +2.5016e+00 -2.9943e-01 +2.7476e+00 -2.3901e-02 -4.0890e+00 +3.5212e+00 +6.5138e-01 -1.1906e+00 -6.2553e-01
158 0 +4.703985367e+01 +2.172985367e+01 +2.172985367e+01 +2.4808e+00 +2.0870e+00 +2.3510e-01 +2.7903e+00 -4.1033e-01 -3.9342e+00 +2.8480e+00 +5.9452e-01 -1.1380e+00 -1.3051e+00
212 0 +4.305857321e+01 +1.774857321e+01 +1.774857321e+01 +2.4808e+00 +2.0870e+00 +2.3510e-01 +2.7903e+00 -4.1033e-01 -2.6199e+00 +2.8480e+00 +5.9452e-01 -1.1380e+00 -1.3051e+00
410 0 +2.897367087e+01 +3.663670874e+00 +3.663670874e+00 +2.4808e+00 +2.0870e+00 +2.3510e-01 +2.7903e+00 -4.1033e-01 -3.5397e+00 +2.9902e-01 +5.9452e-01 -1.1380e+00 -1.3051e+00
562 0 +2.684196697e+01 +1.531966968e+00 +1.531966968e+00 +2.4808e+00 +2.0870e+00 +2.3510e-01 +2.7903e+00 -4.1033e-01 -2.7337e+00 +3.2026e-01 +5.9452e-01 -1.1380e+00 -1.3051e+00
660 0 +2.583918735e+01 +5.291873548e-01 +5.291873548e-01 +2.4808e+00 +2.0870e+00 +2.3510e-01 +2.7903e+00 -4.1033e-01 -2.6996e+00 +6.8022e-02 +5.9452e-01 -1.1380e+00 -1.3051e+00
809 0 +2.562325451e+01 +3.132545134e-01 +3.132545134e-01 +2.4808e+00 +2.0870e+00 +2.3510e-01 +2.7903e+00 -4.1033e-01 -2.4694e+00 +1.1430e-01 +5.9452e-01 -1.1380e+00 -1.3051e+00
1013 0 +2.292662623e+01 -2.383373767e+00 -2.383373767e+00 +2.4808e+00 +2.0870e+00 +2.3510e-01 +2.7903e+00 -4.1033e-01 -2.4694e+00 +1.1430e-01 +5.9452e-01 -1.1380e+00 -6.0305e-01
% f evaluations | g evaluations | best noise-free fitness - Fopt (2.228000000000e+01) + sum g_i+ | measured fitness | best measured fitness or single-digit g-values | x1 | x2...
1 0 +1.155120738e+02 +1.377920738e+02 +1.377920738e+02 +3.6704e+00 -1.3206e+00 -3.9517e+00 -2.9816e-01 +4.0623e+00 +1.1943e+00 -2.3522e+00 +5.2634e-01 +3.4657e-01 -3.1335e+00
2 0 +6.751663548e+01 +8.979663548e+01 +8.979663548e+01 +2.9424e+00 +2.5399e+00 -3.5935e+00 -1.8550e+00 -4.5110e+00 +2.8908e+00 -3.4603e+00 -1.4188e+00 +2.6473e+00 +2.7026e+00
4 0 +6.338551146e+01 +8.566551146e+01 +8.566551146e+01 -3.6771e-01 -2.0744e+00 -4.5513e+00 +2.8587e+00 -3.7019e-01 +3.3269e+00 -2.2583e+00 +2.2457e+00 +1.9577e-02 -2.6942e+00
53 0 +4.869868045e+01 +7.097868045e+01 +7.097868045e+01 -4.9358e-01 +2.8797e+00 -6.6212e-01 -3.0050e+00 -3.5536e+00 +4.5656e+00 +1.8195e-01 +3.4761e+00 +7.9357e-01 +3.1123e+00
54 0 +3.507901798e+01 +5.735901798e+01 +5.735901798e+01 +3.0381e+00 -3.0368e+00 -3.6553e-01 -7.7653e-01 -4.6942e-01 +6.0545e-01 -2.0472e+00 +3.3312e+00 +5.3054e-01 +2.2677e+00
55 0 +3.112920490e+01 +5.340920490e+01 +5.340920490e+01 +2.2025e+00 -3.1572e+00 -1.6815e+00 -1.8993e+00 -7.1383e-01 +1.2998e+00 -2.3363e+00 +2.8041e+00 +1.4861e+00 +1.3941e+00
113 0 +2.803379122e+01 +5.031379122e+01 +5.031379122e+01 +2.2025e+00 -3.1572e+00 -1.6815e+00 -1.3089e+00 -7.1383e-01 +1.2998e+00 -2.3363e+00 +2.8041e+00 +1.4861e+00 +1.3941e+00
157 0 +2.182747303e+01 +4.410747303e+01 +4.410747303e+01 +1.2199e+00 -7.4108e-01 -8.7337e-01 -1.8695e+00 -8.6280e-01 +1.9922e+00 -1.2856e+00 +2.3583e+00 +1.7021e+00 +1.5242e+00
256 0 +2.022040759e+01 +4.250040759e+01 +4.250040759e+01 +5.8407e-01 -1.9650e-02 -1.1518e+00 -1.0007e+00 -8.4129e-01 +2.4750e+00 -1.0351e+00 +2.1675e+00 +1.5152e+00 +8.9624e-01
412 0 +1.989551015e+01 +4.217551015e+01 +4.217551015e+01 +7.0193e-01 -1.3669e-01 -1.1333e+00 -1.0512e+00 -8.3573e-01 +2.4128e+00 -1.0751e+00 +2.2040e+00 +1.4996e+00 +9.6843e-01
461 0 +1.929785547e+01 +4.157785547e+01 +4.157785547e+01 +7.0193e-01 -1.3669e-01 -1.1333e+00 -1.0512e+00 -8.3573e-01 +2.4128e+00 -8.3397e-01 +2.2040e+00 +1.4996e+00 +9.6843e-01
610 0 +1.888608775e+01 +4.116608775e+01 +4.116608775e+01 +7.4175e-01 -2.3897e-01 -1.1729e+00 -1.0668e+00 -9.2690e-01 +2.2143e+00 -6.2483e-01 +2.1816e+00 +1.3128e+00 +1.0745e+00
710 0 +1.790797384e+01 +4.018797384e+01 +4.018797384e+01 +7.0193e-01 -1.3669e-01 -1.1333e+00 -6.8235e-01 -8.3573e-01 +2.4128e+00 -8.3397e-01 +2.2040e+00 +1.4996e+00 +9.6843e-01
1011 0 +1.702346452e+01 +3.930346452e+01 +3.930346452e+01 +7.4745e-01 -2.5324e-01 -1.1783e+00 -3.5791e-03 -9.3941e-01 +2.1869e+00 -9.0899e-01 +1.6488e+00 +1.2871e+00 +1.0893e+00
% f evaluations | g evaluations | best noise-free fitness - Fopt (3.561400000000e+02) + sum g_i+ | measured fitness | best measured fitness or single-digit g-values | x1 | x2...
1 0 +5.866510262e+01 +4.148051026e+02 +4.148051026e+02 +2.8922e+00 -1.1892e+00 -6.1197e-01 +1.8703e+00 +4.1857e+00 -1.1642e+00 +2.9549e+00 -2.7179e+00 -2.1082e+00 -2.7240e-01
2 0 +4.731882412e+01 +4.034588241e+02 +4.034588241e+02 -4.4434e-01 -4.7325e+00 -4.0328e+00 -7.4927e-01 -7.8161e-01 +2.6067e-01 +7.4326e-01 -1.7088e+00 +6.8255e-01 +2.8529e+00
58 0 +3.837310490e+01 +3.945131049e+02 +3.945131049e+02 +3.6026e+00 +2.3612e+00 -3.2869e+00 +1.2226e+00 +4.5359e+00 +1.1503e+00 +2.9484e+00 -8.5006e-01 -3.4337e+00 +2.2835e+00
104 0 +1.839921344e+01 +3.745392134e+02 +3.745392134e+02 +2.9867e+00 +2.0119e+00 -3.5601e+00 +1.4884e+00 +2.6266e+00 +1.2580e+00 +1.7472e+00 +3.2752e-01 -3.2085e+00 +2.1121e+00
106 0 +1.133074581e+01 +3.674707458e+02 +3.674707458e+02 +2.5422e+00 +1.9677e+00 -2.6933e+00 +1.5650e+00 +1.3995e+00 +4.3782e-01 +1.0931e+00 +1.5571e+00 -1.6818e-01 +2.8526e+00
260 0 +9.731027481e+00 +3.658710275e+02 +3.658710275e+02 +2.1862e+00 +1.0214e+00 -2.2104e+00 +1.4455e+00 +9.9386e-01 +1.9200e-01 +1.1650e+00 +1.8680e+00 -3.8052e-02 +2.7913e+00
313 0 +6.346759120e+00 +3.624867591e+02 +3.624867591e+02 +2.5422e+00 +5.8365e-01 -2.6933e+00 +1.5650e+00 +1.3995e+00 +4.3782e-01 +1.0931e+00 +1.5571e+00 -1.6818e-01 +2.8526e+00
554 0 +6.266855040e+00 +3.624068550e+02 +3.624068550e+02 +9.8232e-01 +1.0765e+00 -2.6604e+00 +1.4823e+00 +1.7412e+00 +4.7964e-01 +9.2687e-01 +1.2887e+00 -5.9856e-01 +2.6858e+00
561 0 +5.982208202e+00 +3.621222082e+02 +3.621222082e+02 +2.5422e+00 +5.8365e-01 -2.6933e+00 +1.5650e+00 +1.3995e+00 +4.3782e-01 +1.0931e+00 +1.0580e+00 -1.6818e-01 +2.8526e+00
752 0 +5.747429662e+00 +3.618874297e+02 +3.618874297e+02 +2.0181e+00 +8.5771e-01 -2.6813e+00 +1.5370e+00 +1.5134e+00 +4.5136e-01 +1.0375e+00 +1.2674e+00 -3.1217e-01 +2.7965e+00
758 0 +5.358908522e+00 +3.614989085e+02 +3.614989085e+02 +1.9426e+00 +7.7311e-01 -2.6807e+00 +1.5332e+00 +1.5309e+00 +4.5389e-01 +1.0292e+00 +1.1467e+00 -3.3362e-01 +2.7885e+00
761 0 +4.735513803e+00 +3.608755138e+02 +3.608755138e+02 +9.8232e-01 +4.9147e-01 -2.6604e+00 +1.4823e+00 +1.7412e+00 +4.7964e-01 +9.2687e-01 +1.2887e+00 -5.9856e-01 +2.6858e+00
764 0 +4.529411416e+00 +3.606694114e+02 +3.606694114e+02 +9.8232e-01 +3.8443e-01 -2.6604e+00 +1.4823e+00 +1.7412e+00 +4.7964e-01 +9.2687e-01 +1.2887e+00 -5.9856e-01 +2.6858e+00
961 0 +4.421407262e+00 +3.605614073e+02 +3.605614073e+02 +9.8232e-01 +3.8443e-01 -2.6604e+00 +1.4823e+00 +1.7412e+00 +4.7964e-01 +9.2687e-01 +1.0515e+00 -5.9856e-01 +2.6858e+00
% f evaluations | g evaluations | best noise-free fitness - Fopt (-4.757000000000e+02) + sum g_i+ | measured fitness | best measured fitness or single-digit g-values | x1 | x2...
1 0 +4.732568943e+01 -4.283743106e+02 -4.283743106e+02 -1.7399e+00 -4.0177e+00 +2.1203e+00 +2.8856e-01 -4.4668e+00 -2.3987e+00 +1.4558e-01 +2.1424e+00 -7.0851e-01 +2.5257e-02
26 0 +2.383432515e+01 -4.518656748e+02 -4.518656748e+02 +1.7258e+00 -7.4685e-01 +3.5031e+00 +1.1525e+00 -1.9832e+00 -1.7711e-01 +1.4721e+00 -1.6388e+00 -1.7050e+00 +1.3082e-01
106 0 +1.455496627e+01 -4.611450337e+02 -4.611450337e+02 -1.0561e+00 +1.1092e+00 +2.1133e+00 +1.6463e+00 -1.3445e+00 -1.9212e+00 +7.4066e-01 -1.4662e+00 -1.6545e+00 -2.6665e-01
158 0 +1.071893565e+01 -4.649810644e+02 -4.649810644e+02 -1.6218e-01 +1.0107e+00 +2.3876e+00 +2.1834e+00 -1.1602e+00 -2.1463e+00 +1.0017e+00 -8.4874e-01 -1.7989e+00 +7.6351e-01
204 0 +1.066265048e+01 -4.650373495e+02 -4.650373495e+02 -6.2819e-02 +1.0232e+00 +2.4051e+00 +2.2195e+00 -1.1005e+00 -2.1835e+00 +1.0343e+00 -7.7989e-01 -1.8421e+00 +8.4825e-01
213 0 +8.850038192e+00 -4.668499618e+02 -4.668499618e+02 -1.6218e-01 +5.3383e-02 +2.3876e+00 +2.1834e+00 -1.1602e+00 -2.1463e+00 +1.0017e+00 -8.4874e-01 -1.7989e+00 +7.6351e-01
664 0 +8.698897912e+00 -4.670011021e+02 -4.670011021e+02 -7.9946e-02 +4.8174e-02 +2.4128e+00 +2.2328e+00 -1.1433e+00 -2.1670e+00 +1.0258e+00 -7.9194e-01 -1.8122e+00 +7.7368e-01
811 0 +8.421822600e+00 -4.672781774e+02 -4.672781774e+02 -7.9854e-02 +1.0718e-01 +2.4129e+00 +2.2329e+00 -1.1432e+00 -2.1671e+00 +1.0258e+00 -3.6947e-01 -1.8122e+00 +7.7369e-01
% f evaluations | g evaluations | best noise-free fitness - Fopt (-1.000000000000e+03) + sum g_i+ | measured fitness | best measured fitness or single-digit g-values | x1 | x2...
1 0 +1.065820412e+02 -8.934179588e+02 -8.934179588e+02 +2.1036e+00 -2.6632e+00 +4.6696e+00 -3.1881e+00 -2.3241e+00 -5.7473e-01 -1.5729e+00 -2.3037e+00 +2.9485e+00 -1.5498e+00
10 0 +9.109326128e+01 -9.089067387e+02 -9.089067387e+02 -2.5339e+00 +4.6642e+00 +2.1971e+00 -3.9415e+00 -3.4625e+00 -4.5275e+00 -2.1618e+00 +2.5474e+00 -1.8011e+00 +4.8965e+00
13 0 +6.859565860e+01 -9.314043414e+02 -9.314043414e+02 -7.7722e-01 +2.5677e+00 -4.6767e-01 +9.7985e-01 -4.1930e-01 -4.6583e+00 +6.8135e-01 +4.1706e+00 +2.6050e-01 -2.2168e+00
42 0 +3.956565958e+01 -9.604343404e+02 -9.604343404e+02 -4.7572e+00 -2.7312e-01 -3.4666e-01 -1.6411e+00 +4.4878e-01 -1.6191e+00 -4.6686e+00 +1.5935e+00 -1.0594e+00 -3.1250e+00
52 0 +3.335773371e+01 -9.666422663e+02 -9.666422663e+02 -4.6551e+00 -2.9637e-01 -1.8531e-02 -5.1179e-01 -4.3665e-01 -2.0488e+00 -3.7046e+00 +1.8116e+00 -8.9427e-01 -2.3749e+00
104 0 +2.732337864e+01 -9.726766214e+02 -9.726766214e+02 -2.7752e+00 +4.8143e-01 +6.2578e-01 -1.3966e+00 -7.1289e-01 -1.7140e+00 -1.9195e+00 +2.0945e+00 -6.1035e-01 -1.7745e+00
252 0 +2.637330525e+01 -9.736266948e+02 -9.736266948e+02 -3.5006e+00 +8.2068e-01 -2.8831e-02 -9.3699e-01 +2.2535e-01 -2.6149e+00 -3.2732e+00 +1.7163e+00 -2.1110e-01 -2.4574e+00
258 0 +2.477188266e+01 -9.752281173e+02 -9.752281173e+02 -1.9827e+00 +1.7098e+00 +1.7754e+00 -1.4361e+00 -3.8024e-01 -2.3502e+00 -2.0322e+00 -5.7651e-02 +9.2354e-01 -4.4181e-01
304 0 +2.115406592e+01 -9.788459341e+02 -9.788459341e+02 -2.5101e+00 +1.6860e+00 +1.4694e+00 -1.1821e+00 -3.3947e-01 -2.6623e+00 -2.4821e+00 +2.1200e-01 +5.3263e-01 -6.9729e-01
604 0 +2.086340843e+01 -9.791365916e+02 -9.791365916e+02 -2.5451e+00 +1.5270e+00 +1.3580e+00 -1.2104e+00 -3.8876e-01 -2.5371e+00 -2.4078e+00 +4.6045e-01 +3.8178e-01 -8.3947e-01
% f evaluations | g evaluations | best noise-free fitness - Fopt (-4.158000000000e+01) + sum g_i+ | measured fitness | best measured fitness or single-digit g-values | x1 | x2...
1 0 +5.594014250e+01 +1.436014250e+01 +1.436014250e+01 +4.3521e-01 +2.9176e+00 -3.5939e+00 +3.9484e+00 -3.4200e+00 +1.4855e+00 -5.2710e-01 +2.7464e+00 -9.2632e-03 +2.4864e+00
14 0 +4.555612099e+01 +3.976120993e+00 +3.976120993e+00 +3.0631e+00 +1.6398e+00 -4.6309e+00 +2.7878e+00 -3.5363e+00 +2.2002e+00 -7.2542e-01 -2.5749e+00 +4.7121e-01 -9.1401e-01
52 0 +3.490583447e+01 -6.674165527e+00 -6.674165527e+00 +2.4919e-01 +3.0026e+00 -4.6661e+00 +5.9116e-01 +3.7498e-02 -9.1831e-02 -5.0496e-01 -3.3751e+00 -3.6454e-01 -5.1232e-01
53 0 +3.112129300e+01 -1.045870700e+01 -1.045870700e+01 +9.7035e-01 +2.6534e+00 -4.6571e+00 +1.1541e+00 -8.7843e-01 +4.9558e-01 -5.6146e-01 -3.1700e+00 -1.5035e-01 -6.1527e-01
57 0 +3.073882983e+01 -1.084117017e+01 -1.084117017e+01 +1.3443e-01 +9.4785e-01 -3.6320e+00 -1.7150e+00 -2.9244e+00 +1.0695e-01 +1.1108e+00 -1.1444e+00 +1.1953e-01 +3.6426e-01
102 0 +2.051245535e+01 -2.106754465e+01 -2.106754465e+01 +1.0471e-01 -2.1906e-01 -3.0567e+00 +6.7475e-02 -2.4415e-01 +1.8626e+00 +2.2457e+00 -2.1278e-01 +2.4585e+00 +2.8247e+00
103 0 +1.875298145e+01 -2.282701855e+01 -2.282701855e+01 +1.2046e-01 +3.9930e-01 -3.3616e+00 -8.7709e-01 -1.6645e+00 +9.3225e-01 +1.6443e+00 -7.0646e-01 +1.2190e+00 +1.5209e+00
204 0 +1.799654771e+01 -2.358345229e+01 -2.358345229e+01 +1.2144e-01 +3.7132e-01 -3.3938e+00 -5.8281e-01 -1.4492e+00 +1.1733e+00 +1.6857e+00 -8.2982e-01 +1.0149e+00 +1.2579e+00
205 0 +1.702218855e+01 -2.455781145e+01 -2.455781145e+01 +9.5301e-02 +2.8938e-01 -3.3380e+00 -4.5161e-01 -1.1485e+00 +1.2838e+00 +1.7799e+00 -7.3647e-01 +1.2949e+00 +1.5700e+00
256 0 +1.597969283e+01 -2.560030717e+01 -2.560030717e+01 +1.2310e-01 +4.6942e-01 -3.5687e+00 -6.0501e-01 -1.1158e+00 +5.9314e-01 +1.1436e+00 -1.1941e+00 +1.9599e+00 +2.3671e+00
405 0 +1.581200842e+01 -2.576799158e+01 -2.576799158e+01 +1.1527e-01 +4.1869e-01 -3.5037e+00 -5.6179e-01 -1.1250e+00 +7.8774e-01 +1.3229e+00 -1.0652e+00 +1.7725e+00 +2.1425e+00
861 0 +1.540497225e+01 -2.617502775e+01 -2.617502775e+01 +7.3328e-02 +4.2785e-01 -3.5000e+00 -3.8779e-01 -1.0625e+00 +8.4340e-01 +1.3723e+00 -9.7641e-01 +1.4707e+00 +2.1833e+00
