% f evaluations | g evaluations | best noise-free fitness - Fopt (-5.494000000000e+01) + sum g_i+ | measured fitness | best measured fitness or single-digit g-values | x1 | x2...
1 0 +1.814478486e+07 +1.814472992e+07 +1.814472992e+07 -1.3150e+00 -4.4012e+00 +1.7539e+00 +3.3867e+00 -9.4785e-02 -1.1518e+00 +3.2787e+00 -3.1251e+00 -4.7262e+00 +1.0462e+00 -1.1449e+00 +1.0870e+00 +8.0371e-01 -4.6519e+00 +2.3690e+00 +5.4543e-01 +4.1211e+00 +1.3129e+00 +4.2521e+00 +3.9520e+00
2 0 +7.042555967e+06 +7.042501027e+06 +7.042501027e+06 +1.5896e+00 -3.1317e+00 +4.8729e+00 +4.9982e+00 +2.1145e+00 +7.3673e-01 +1.0211e+00 -2.9932e+00 -1.8098e+00 -1.6802e-01 +3.3579e-01 -2.0949e+00 -3.9465e+00 +1.0892e+00 -1.5434e+00 -7.3773e-01 -3.3183e+00 +2.1278e+00 -1.0428e+00 -1.7301e+00
6 0 +5.390616733e+06 +5.390561793e+06 +5.390561793e+06 -3.7852e+00 -2.9256e+00 -1.6105e+00 +2.5854e+00 +3.2583e+00 +2.2877e+00 -4.2994e+00 +4.9949e+00 -4.1025e+00 +4.6707e+00 -4.7323e+00 +1.6865e+00 -3.0298e+00 +2.1515e+00 -3.0213e+00 +2.0630e+00 -1.4572e+00 +1.7316e+00 -1.1936e+00 -4.3056e+00
8 0 +3.809508544e+06 +3.809453604e+06 +3.809453604e+06 +2.0832e+00 +4.0408e+00 -3.2300e+00 -4.8427e+00 +4.5656e+00 +4.1363e+00 +9.6980e-01 -9.3664e-01 -3.2518e+00 +1.4902e-01 -6.9442e-02 -7.5360e-01 +3.8957e+00 -1.9525e+00 +5.3653e-01 -1.1865e+00 +2.8480e+00 -4.6205e+00 -1.4072e+00 +1.0221e+00
46 0 +3.386986963e+06 +3.386932023e+06 +3.386932023e+06 -3.7965e+00 -3.8616e+00 -4.1155e-01 -6.8957e-01 +3.5702e+00 +9.8561e-01 +2.1891e+00 +3.2391e+00 +4.7453e+00 +1.5105e+00 +1.3145e+00 +4.1109e+00 +4.6400e+00 -4.6091e+00 -4.1104e+00 +2.5139e+00 -7.2828e-01 +3.9220e+00 -1.5046e+00 +2.9286e+00
53 0 +2.641453323e+06 +2.641398383e+06 +2.641398383e+06 +1.0108e+00 +2.4379e+00 -1.8829e+00 -4.4595e+00 +4.3308e+00 +2.3543e+00 +3.0317e-01 -1.3128e+00 -2.2090e+00 +9.6042e-01 -5.5228e-01 -1.8437e-01 +3.1944e+00 -1.6586e+00 +7.1184e-01 +2.6767e-01 +1.8528e+00 -2.9383e+00 -1.5765e+00 -8.4538e-02
108 0 +2.570684115e+06 +2.570629175e+06 +2.570629175e+06 -3.1937e+00 -2.3768e+00 -1.1652e-01 -3.4412e-01 +1.5074e+00 +3.0958e-01 +1.8653e+00 +3.3473e+00 +4.1542e+00 +1.2812e+00 +3.6419e-01 +3.8919e+00 +2.0932e+00 -2.8314e+00 -3.8412e+00 +4.5514e-01 -5.7358e-01 +1.6893e+00 -9.1240e-01 +2.0161e+00
155 0 +2.448142846e+06 +2.448087906e+06 +2.448087906e+06 -2.8810e+00 -2.4247e+00 -1.6837e+00 -7.2534e-01 +2.5634e+00 +9.5012e-01 +1.9118e+00 +2.8718e+00 +4.4285e+00 +1.0790e+00 +6.4194e-01 +2.7275e+00 +3.2498e+00 -2.5967e+00 -2.0987e+00 +2.2049e+00 -5.7910e-01 +2.1919e+00 -7.0898e-01 +1.9532e+00
158 0 +7.639119902e+05 +7.638570502e+05 +7.638570502e+05 -2.4749e+00 -3.3416e+00 -4.4021e-01 -7.8718e-01 +1.0402e+00 +1.6589e-01 +6.8297e-01 +2.3168e+00 +3.0135e+00 +8.6746e-01 -9.9736e-01 +3.2320e+00 +4.0934e+00 -1.9058e+00 -2.7462e+00 +1.5289e+00 -1.0139e+00 +2.4108e+00 -1.0793e+00 +1.7435e+00
403 0 +6.861333897e+05 +6.860784497e+05 +6.860784497e+05 -2.4974e+00 -1.3311e+00 -1.6314e+00 +2.5474e-01 +1.7403e+00 +7.2568e-01 +3.7075e-01 -9.3984e-02 +4.9436e-01 +6.9310e-02 -3.2409e-01 +1.4554e+00 +3.0078e+00 -2.0920e+00 -2.6006e+00 +6.3563e-01 +1.5889e-01 +1.0652e+00 +7.2911e-01 +1.7014e+00
404 0 +6.471987764e+05 +6.471438364e+05 +6.471438364e+05 -2.2345e+00 -2.9454e+00 -9.5852e-01 -3.9537e-01 +1.8155e+00 +1.1623e-01 +1.8331e+00 +2.1197e+00 +3.2393e+00 +5.2983e-01 +2.6791e-01 +3.1617e+00 +3.6045e+00 -3.2035e+00 -3.5383e+00 +1.2032e+00 -6.9502e-01 +1.8636e+00 -5.4897e-01 +1.3173e+00
% f evaluations | g evaluations | best noise-free fitness - Fopt (5.913000000000e+01) + sum g_i+ | measured fitness | best measured fitness or single-digit g-values | x1 | x2...
1 0 +1.553597617e+07 +1.553603530e+07 +1.553603530e+07 -1.3343e+00 +1.5842e-01 -3.3435e+00 -3.9454e+00 -3.8379e+00 -1.6769e+00 -1.5720e+00 +3.7218e+00 +1.4244e+00 -3.5524e+00 +1.0976e-01 +3.1597e+00 +2.7838e+00 -4.2418e+00 +4.2842e+00 +9.8261e-01 -4.9057e+00 +3.1387e+00 +2.1161e+00 -4.2430e+00
4 0 +5.056754291e+06 +5.056813421e+06 +5.056813421e+06 -3.9500e+00 -1.7085e+00 -3.8720e+00 -2.0252e+00 +2.3076e+00 -2.0514e+00 +1.2572e+00 -1.0274e+00 -1.9780e+00 -2.6923e+00 +6.7362e-01 -2.5122e+00 -2.0929e-02 +1.1910e-01 -2.4432e+00 -2.9099e+00 +2.0979e+00 +1.1582e+00 +2.6465e+00 +2.3965e+00
8 0 +4.583636998e+06 +4.583696128e+06 +4.583696128e+06 -9.6946e-01 +3.0912e+00 -4.6303e+00 -2.5734e+00 +2.1500e-01 +1.1933e+00 +4.1898e+00 +3.7242e+00 +4.3789e-01 -9.8340e-01 +2.4644e+00 +1.5488e+00 -9.4482e-01 +9.4940e-01 -2.3767e+00 -1.6360e-01 +3.1565e+00 +1.0292e+00 -4.3693e+00 -3.8460e+00
19 0 +3.827294935e+06 +3.827354065e+06 +3.827354065e+06 -1.0362e+00 +3.8435e+00 +1.9813e-02 -4.9477e+00 -1.1624e+00 +2.8211e+00 -3.4992e+00 +1.6257e+00 -2.4683e+00 +5.4139e-01 +2.6562e+00 -4.7920e+00 +2.0726e+00 +1.1237e+00 -4.9972e+00 -8.9830e-01 +3.4656e+00 +8.6752e-01 -6.4122e-01 -4.5964e+00
35 0 +3.500202673e+06 +3.500261803e+06 +3.500261803e+06 -3.4138e+00 -4.7505e+00 -2.7367e+00 +2.4315e+00 -2.3781e+00 +4.6655e+00 +2.6309e+00 +1.3777e+00 +3.8914e+00 +9.5040e-01 +1.4705e+00 +7.3858e-01 -1.6766e+00 +4.0291e+00 +1.2069e+00 +4.2268e+00 +2.3061e+00 +1.8324e+00 +2.3422e+00 +1.1946e+00
50 0 +3.363562259e+06 +3.363621389e+06 +3.363621389e+06 +2.6094e+00 +3.7788e+00 -1.4722e+00 -2.6967e+00 -3.6320e+00 -3.1603e+00 +2.0123e+00 -1.2940e+00 -2.8714e+00 +1.9656e+00 +4.4049e-01 +4.7313e-01 -1.3800e-01 +4.9113e+00 +3.3751e+00 +4.3898e+00 +2.6431e+00 +3.6992e+00 -4.0978e+00 +1.0173e+00
52 0 +2.265632601e+06 +2.265691731e+06 +2.265691731e+06 +1.6998e+00 +1.7616e+00 +6.5422e-04 -1.6308e+00 -1.4813e+00 -1.9610e+00 -9.0006e-01 +1.5031e+00 +1.3983e+00 -2.9381e+00 +2.3363e+00 +5.5819e-01 +5.5609e-01 +4.3851e+00 -3.5098e-01 -9.4015e-01 +1.3722e+00 -3.1421e+00 -3.1018e+00 +1.5679e+00
53 0 +1.984073088e+06 +1.984132218e+06 +1.984132218e+06 +1.2963e-01 +1.8875e+00 +1.0853e+00 -1.7161e+00 -4.0369e-01 -7.3244e-01 -1.5727e+00 +1.4995e-01 +8.5745e-01 -2.3190e+00 +2.5903e+00 +1.6502e+00 -1.2147e+00 +4.1335e+00 -8.7242e-01 +1.5892e-01 +2.3433e+00 -2.8381e+00 -2.4011e+00 +1.0275e+00
106 0 +1.501546481e+06 +1.501605611e+06 +1.501605611e+06 +1.4349e+00 +7.1709e-01 -1.9029e+00 -1.3028e+00 -2.7556e+00 -9.8844e-01 +3.1614e-01 +2.3828e+00 +1.4808e+00 -2.5149e+00 +1.7512e+00 -2.8237e-01 +1.7955e+00 +2.3837e+00 +5.4501e-02 -1.2162e+00 +1.2065e+00 -1.8990e+00 -2.3487e+00 +1.5364e+00
153 0 +1.263146153e+06 +1.263205283e+06 +1.263205283e+06 -2.1839e+00 -2.0951e+00 -1.9586e+00 +1.0556e+00 -3.5032e+00 +3.2987e+00 -1.0158e-01 +7.0869e-01 +7.9039e-01 -2.6564e-01 +1.4156e+00 -8.7131e-02 -9.0718e-01 +5.4981e-01 +4.0588e-01 +2.0524e+00 +2.0185e+00 -3.4965e-01 +1.5309e+00 +2.6614e+00
206 0 +1.094563283e+06 +1.094622413e+06 +1.094622413e+06 -1.7160e+00 -1.5741e+00 -1.8087e+00 +7.0788e-01 -3.2074e+00 +2.6639e+00 -9.8310e-02 +8.6242e-01 +8.4017e-01 -5.7288e-01 +1.5315e+00 +3.3948e-03 -7.4017e-01 +9.7331e-01 +2.6995e-01 +1.6801e+00 +1.9589e+00 -6.2057e-01 +9.1826e-01 +2.4283e+00
259 0 +9.706118188e+05 +9.706709488e+05 +9.706709488e+05 -1.2546e+00 -1.2109e+00 -1.7684e+00 +4.6393e-01 -3.1592e+00 +2.1068e+00 -3.9740e-02 +9.7647e-01 +8.3624e-01 -7.3459e-01 +1.5490e+00 -2.4589e-02 -5.0176e-01 +1.3191e+00 +3.2080e-01 +1.4618e+00 +1.8620e+00 -7.2072e-01 +4.5084e-01 +2.3532e+00
% f evaluations | g evaluations | best noise-free fitness - Fopt (-4.915300000000e+02) + sum g_i+ | measured fitness | best measured fitness or single-digit g-values | x1 | x2...
1 0 +1.836259074e+07 +1.836209921e+07 +1.836209921e+07 -3.6410e+00 +4.5089e+00 -2.5102e+00 -3.8182e+00 -2.1433e+00 -2.6355e+00 +1.0612e+00 -3.2038e-01 -3.2667e+00 +2.6053e+00 -7.2957e-01 -1.5465e+00 -2.5502e+00 +7.6234e-01 -1.4798e+00 -2.9137e+00 -2.6569e+00 +4.4847e+00 -4.3794e+00 +2.1452e+00
2 0 +5.467509914e+06 +5.467018384e+06 +5.467018384e+06 +1.2553e+00 +2.2117e+00 +9.9010e-01 +4.8737e+00 -2.7797e+00 -2.1389e+00 -2.1578e+00 -2.1760e+00 -3.9118e+00 -5.2577e-01 +4.4050e+00 +1.9383e+00 -1.9873e+00 +2.6436e+00 +3.6019e+00 +3.4863e+00 -8.9322e-01 +4.2523e-01 -1.6512e-01 +1.6131e+00
13 0 +1.845573202e+06 +1.845081672e+06 +1.845081672e+06 +1.9187e+00 -4.3903e+00 +9.2602e-02 +1.3482e+00 +2.7353e+00 -4.4681e+00 +1.3076e+00 +1.6098e+00 +3.1299e+00 +3.8521e+00 +1.1771e-01 +2.2157e+00 -3.6018e-01 -1.4347e+00 -2.4244e+00 +2.6544e+00 +3.5460e-01 +2.0803e+00 -3.3269e+00 +2.8012e-01
108 0 +1.381896956e+06 +1.381405426e+06 +1.381405426e+06 +2.1413e+00 +3.2558e+00 -2.6163e-01 +4.1160e+00 -1.7626e+00 -3.0720e+00 -2.1252e+00 +8.6399e-01 -1.3010e+00 -5.8327e-01 +3.1319e+00 +2.2330e+00 -2.0744e+00 +3.5679e-02 +3.3957e+00 +3.0537e+00 -1.0690e+00 -5.5490e-01 +8.1391e-01 +1.9349e+00
206 0 +1.261418739e+06 +1.260927209e+06 +1.260927209e+06 +1.6591e+00 -4.5521e-02 -1.0031e+00 +5.5775e-01 -2.8138e+00 -4.8785e+00 -3.5454e+00 +1.7623e+00 +1.7482e+00 +9.1046e-02 -2.5026e-01 +1.4356e+00 +2.0837e+00 -9.0732e-01 -1.0887e+00 +1.3866e+00 +6.5508e-01 -7.7203e-01 +1.0920e+00 -4.2186e-01
358 0 +8.662132402e+05 +8.657217102e+05 +8.657217102e+05 +1.5204e+00 +9.9303e-01 -7.3148e-02 +2.4633e+00 -2.6585e+00 -3.6125e+00 -2.8453e+00 -1.8022e-02 -7.2569e-01 -1.1855e-01 +1.8522e+00 +1.6821e+00 +1.5519e-01 -1.5913e-01 +1.0690e+00 +2.3833e+00 -8.0298e-02 -4.5337e-01 +6.1079e-01 +5.9221e-01
% f evaluations | g evaluations | best noise-free fitness - Fopt (-1.702000000000e+02) + sum g_i+ | measured fitness | best measured fitness or single-digit g-values | x1 | x2...
1 0 +2.375843376e+07 +2.375826356e+07 +2.375826356e+07 +1.6547e+00 +6.9604e-01 -2.2630e+00 -3.9297e+00 +8.6891e-01 -8.0742e-02 -3.3541e+00 -1.4995e+00 -4.6552e+00 -4.9612e+00 +5.8120e-02 -1.6407e+00 +3.3834e+00 +1.6129e+00 +1.8097e+00 -4.7250e-01 +1.3609e-01 -2.3940e+00 -2.2454e+00 -4.3565e+00
2 0 +1.316132437e+07 +1.316115417e+07 +1.316115417e+07 -2.4872e+00 -3.8973e+00 +2.0129e+00 -2.8069e+00 +4.4680e+00 +3.8435e+00 +4.4011e+00 -1.1107e+00 -9.3549e-01 +2.0227e+00 +4.7204e+00 +4.7848e+00 +1.4477e+00 -2.7627e+00 +8.0671e-02 -4.6329e+00 +3.7685e+00 +2.7498e-01 +3.9374e+00 +1.9529e+00
3 0 +6.863356637e+06 +6.863186437e+06 +6.863186437e+06 -8.9570e-01 -2.6899e+00 +3.5051e+00 +4.1991e+00 +3.8046e+00 -3.2700e+00 +1.0010e-01 +1.7028e+00 -3.7011e-01 +6.9304e-01 +3.8376e+00 +4.4118e-01 -1.0588e+00 -2.7473e+00 -1.3050e-01 +8.1196e-01 +4.8738e+00 -1.7649e+00 -1.2997e+00 -3.6817e+00
4 0 +3.597572570e+06 +3.597402370e+06 +3.597402370e+06 +8.9559e-01 +4.0557e+00 -4.2616e+00 +1.0414e+00 +2.5339e+00 -1.8029e+00 +4.8064e+00 +3.8918e+00 -4.6650e+00 -2.4749e+00 +8.9350e-01 -4.9667e-01 -2.2820e+00 +4.1105e-01 +2.1622e+00 -3.5209e+00 -1.2758e+00 -4.8251e-02 -1.8837e+00 -4.8385e+00
5 0 +3.231434094e+06 +3.231263894e+06 +3.231263894e+06 -3.5357e+00 +2.4246e+00 -3.8851e+00 +2.6415e+00 +4.9270e+00 -4.0921e+00 +3.4117e+00 +2.7570e+00 -3.4266e+00 -3.5801e+00 -2.2580e+00 -2.5803e+00 +3.3410e+00 -2.0237e+00 +3.5195e+00 -4.8142e+00 -5.8588e-01 +4.8773e+00 -3.1215e+00 +3.5478e+00
103 0 +3.142174685e+06 +3.142004485e+06 +3.142004485e+06 -3.5145e+00 +2.4288e+00 -3.8571e+00 +2.6221e+00 +4.8754e+00 -4.0569e+00 +3.3417e+00 +2.6857e+00 -3.4173e+00 -3.5328e+00 -2.2198e+00 -2.5754e+00 +3.3044e+00 -1.9728e+00 +3.4809e+00 -4.7879e+00 -6.0386e-01 +4.8330e+00 -3.1308e+00 +3.5426e+00
104 0 +2.544344864e+06 +2.544174664e+06 +2.544174664e+06 -3.3354e+00 +2.3467e+00 -3.6662e+00 +2.4273e+00 +4.6358e+00 -3.8924e+00 +3.1070e+00 +2.2211e+00 -3.1548e+00 -3.2450e+00 -1.9050e+00 -2.3008e+00 +2.8347e+00 -1.7294e+00 +3.3320e+00 -4.5800e+00 -4.2620e-01 +4.4502e+00 -3.1362e+00 +3.5893e+00
106 0 +1.569483715e+06 +1.569313515e+06 +1.569313515e+06 +9.0287e-01 +3.7945e+00 -3.1881e+00 -1.8522e+00 +3.9749e+00 -1.2859e+00 +2.1558e+00 +3.0351e+00 -4.1849e+00 -3.4886e+00 -4.3587e-01 -1.2368e+00 -1.5485e-01 -7.5507e-01 +2.2595e+00 -3.2022e+00 +3.2400e-02 +1.3399e+00 -2.0365e+00 +3.6776e+00
107 0 +1.199243585e+06 +1.199073385e+06 +1.199073385e+06 -6.3703e-01 +3.3192e+00 -3.4299e+00 -2.9318e-01 +4.3052e+00 -2.2595e+00 +2.5916e+00 +2.9386e+00 -3.9218e+00 -3.5203e+00 -1.0680e+00 -1.7029e+00 +1.0580e+00 -1.1952e+00 +2.6967e+00 -3.7614e+00 -1.8210e-01 +2.5671e+00 -2.4129e+00 +3.6326e+00
203 0 +1.053545853e+06 +1.053375653e+06 +1.053375653e+06 -3.3233e+00 +1.7866e+00 -1.6042e+00 +2.1419e+00 +2.7726e+00 -2.2250e+00 +1.2819e+00 +7.1585e-01 -2.0089e+00 -7.8186e-01 -2.2544e+00 -1.1624e+00 +3.5947e+00 -1.7136e+00 +6.2170e-01 -4.0772e+00 -2.0020e-02 +2.5954e+00 -2.7802e+00 +2.1225e+00
302 0 +9.926881953e+05 +9.925179953e+05 +9.925179953e+05 -3.2955e+00 +1.8098e+00 -1.7631e+00 +2.1298e+00 +2.9373e+00 -2.3424e+00 +1.4382e+00 +8.7196e-01 -2.1009e+00 -1.0195e+00 -2.1885e+00 -1.2860e+00 +3.4689e+00 -1.4146e+00 +8.8421e-01 -4.1011e+00 -4.9748e-02 +2.7555e+00 -2.7717e+00 +2.2638e+00
354 0 +9.295949115e+05 +9.294247115e+05 +9.294247115e+05 -3.2167e+00 +1.8756e+00 -2.2135e+00 +2.0954e+00 +3.4041e+00 -2.6755e+00 +1.8814e+00 +1.3145e+00 -2.3617e+00 -1.6932e+00 -2.0015e+00 -1.6365e+00 +3.1124e+00 -1.4416e+00 +1.6285e+00 -4.1689e+00 -1.3403e-01 +3.2093e+00 -2.7478e+00 +2.6643e+00
513 0 +8.901875058e+05 +8.900173058e+05 +8.900173058e+05 -3.1707e+00 +1.9139e+00 -2.4759e+00 +2.0754e+00 +3.6761e+00 -2.8695e+00 +2.1396e+00 +1.5724e+00 -2.5136e+00 -2.0857e+00 -1.8926e+00 -1.8407e+00 +2.9047e+00 -1.4573e+00 +2.0620e+00 -4.2083e+00 -1.8313e-01 +3.4738e+00 -2.7339e+00 +1.9579e+00
762 0 +6.154046530e+05 +6.152344530e+05 +6.152344530e+05 -2.2935e+00 +1.4236e+00 -1.8519e+00 +1.6383e+00 +3.2899e+00 -2.2624e+00 +3.3144e-01 +1.8852e+00 -2.2330e+00 -1.7537e+00 -1.8293e+00 -1.8277e+00 +2.4463e+00 -1.0238e+00 +1.8682e+00 -4.0121e+00 -9.2013e-02 +2.3882e+00 -2.0701e+00 +2.5244e+00
% f evaluations | g evaluations | best noise-free fitness - Fopt (-4.697500000000e+02) + sum g_i+ | measured fitness | best measured fitness or single-digit g-values | x1 | x2...
1 0 +5.118429732e+07 +5.118382757e+07 +5.118382757e+07 -4.6981e+00 -3.0629e+00 -2.9307e+00 -8.2692e-01 -1.7047e+00 +1.6539e+00 +1.8752e+00 -1.7328e+00 +2.6352e+00 -1.0326e+00 -1.7904e+00 +6.6982e-01 -7.2120e-01 +1.7646e+00 +3.1009e+00 -4.3444e+00 +1.4653e+00 -3.0151e+00 -6.7277e-01 +3.5540e+00
2 0 +1.445126591e+07 +1.445079616e+07 +1.445079616e+07 +4.6816e+00 -3.5303e+00 -3.7009e+00 +2.2321e+00 -4.3571e+00 -4.0668e+00 +3.9375e+00 +3.0260e+00 +9.0894e-01 +6.1906e-01 -2.4998e+00 -2.9872e+00 +1.5827e+00 -9.9354e-01 -4.4093e-01 -7.4114e-01 -1.6719e+00 +9.4758e-02 -4.2805e+00 +2.9152e+00
5 0 +1.199549732e+07 +1.199502757e+07 +1.199502757e+07 +2.3320e+00 -3.3212e+00 +1.9850e+00 -7.9830e-02 -3.5169e+00 +3.9018e-01 -2.2683e+00 +1.5434e+00 -4.2456e+00 +2.6515e+00 +8.8910e-01 -2.0269e+00 -2.2100e+00 +5.5838e-01 +2.1107e+00 +3.1971e+00 -8.8551e-01 +3.6995e+00 -1.4249e-01 +3.3263e+00
9 0 +3.285210393e+06 +3.284740643e+06 +3.284740643e+06 +1.9426e+00 -1.9403e+00 +1.1487e+00 -5.2212e-01 -1.2114e+00 -1.1327e+00 +2.2777e+00 +5.2628e-01 -1.9961e+00 -1.6491e+00 -3.3276e+00 +2.8118e+00 +4.2600e+00 -3.0424e+00 +4.8445e-01 +1.9557e+00 -3.2161e+00 -4.1323e+00 -2.4097e+00 -6.0990e-01
961 0 +3.203950813e+06 +3.203481063e+06 +3.203481063e+06 +1.9426e+00 -1.9403e+00 +1.1487e+00 -5.2212e-01 -1.2114e+00 -1.1327e+00 +2.2777e+00 +5.2628e-01 -1.5761e+00 -1.6491e+00 -3.3276e+00 +2.8118e+00 +4.2600e+00 -3.0424e+00 +4.8445e-01 +1.9557e+00 -3.2161e+00 -4.1323e+00 -2.4097e+00 -6.0990e-01
1660 0 +2.848677288e+06 +2.848207538e+06 +2.848207538e+06 +1.9426e+00 -1.9403e+00 +1.1132e+00 -5.2212e-01 -1.2114e+00 -1.1327e+00 +2.2777e+00 +2.7725e-01 -1.9961e+00 -5.4104e-01 -3.3276e+00 +2.8118e+00 +4.2600e+00 -1.6258e+00 +4.8445e-01 +1.9557e+00 -3.2161e+00 -4.1323e+00 -2.4097e+00 -6.0990e-01
% f evaluations | g evaluations | best noise-free fitness - Fopt (-5.191000000000e+01) + sum g_i+ | measured fitness | best measured fitness or single-digit g-values | x1 | x2...
1 0 +1.062744786e+08 +1.062744267e+08 +1.062744267e+08 +1.3448e+00 -4.3175e+00 +3.1491e+00 +1.4434e-01 -3.5228e+00 +2.0922e+00 -9.8293e-01 -4.3791e+00 +1.3125e+00 +3.7234e+00 +4.0296e+00 -4.1603e+00 -4.9632e+00 +3.6533e+00 +1.8348e+00 +3.2684e+00 -4.4217e+00 +1.1618e+00 -4.6498e+00 +1.8517e+00
2 0 +3.670932264e+07 +3.670927073e+07 +3.670927073e+07 +2.4820e+00 +1.1402e+00 +1.5677e+00 +4.0753e+00 -1.0566e-01 +4.9800e+00 -3.9812e+00 -3.7097e-01 -1.4278e+00 -3.2279e+00 +1.3719e+00 -1.7470e+00 -6.2067e-01 +4.3082e+00 +1.8467e+00 -1.7860e+00 -2.3808e-01 -3.6666e+00 +8.5617e-01 +1.5096e+00
3 0 +3.381173554e+07 +3.381168363e+07 +3.381168363e+07 +2.8216e+00 -4.5543e+00 -4.2223e+00 +2.5316e+00 +1.7235e+00 -1.9676e-01 -4.6828e+00 -3.4086e+00 +1.5181e-01 -4.5500e+00 +4.4519e+00 -2.1407e+00 +2.2562e+00 +4.8683e+00 -2.4247e+00 -5.8470e-01 +3.2707e+00 +4.8193e+00 -3.6379e+00 -3.8118e+00
5 0 +3.165589715e+07 +3.165584524e+07 +3.165584524e+07 -2.1225e+00 -2.6946e+00 -2.4666e+00 -1.4468e+00 +1.7469e+00 -2.1666e+00 -4.8207e+00 +4.2157e+00 +4.4447e+00 -4.7972e-01 +3.2589e-01 +4.0461e+00 +9.0456e-01 +3.2617e+00 +4.0066e+00 -3.2881e+00 -9.1792e-01 +6.2899e-01 +1.9157e+00 +4.8084e+00
7 0 +1.489801253e+07 +1.489796062e+07 +1.489796062e+07 -2.7622e+00 -2.9410e+00 -3.2814e+00 +1.2159e+00 +3.9947e+00 -1.6313e+00 -2.8527e+00 +1.6355e+00 +8.0194e-01 +3.5528e-01 +3.3213e+00 -1.8443e+00 -2.4772e+00 +4.6575e+00 +3.0228e+00 +2.7719e+00 -1.0061e-01 +1.4842e+00 -7.1036e-01 -1.2300e+00
8 0 +9.305692953e+06 +9.305641043e+06 +9.305641043e+06 +3.1336e-01 +4.9273e+00 +8.3407e-01 +2.2345e+00 -1.8119e+00 +3.2580e-01 +1.4723e+00 +9.6296e-01 +3.1519e+00 +1.7215e+00 -9.6789e-01 +2.0505e+00 +2.9697e+00 +4.9367e-01 +2.8133e+00 +4.0544e+00 +4.9040e+00 +1.6053e+00 -2.3978e+00 -2.5191e+00
13 0 +3.538733798e+06 +3.538681888e+06 +3.538681888e+06 -1.9535e+00 +8.0928e-02 +1.7008e+00 +6.0018e-01 +2.3145e+00 +4.3349e+00 +4.2989e+00 -2.1711e+00 -7.9771e-01 +1.6256e+00 +1.2889e+00 +1.3494e+00 -4.3452e+00 -1.1627e+00 +2.9760e-01 +1.8547e+00 +2.4941e-01 -1.6387e+00 +3.4373e+00 +1.1376e+00
50 0 +1.810563066e+06 +1.810511156e+06 +1.810511156e+06 +6.7527e-01 -2.2481e+00 +1.4020e+00 +1.2324e+00 +9.8254e-01 -3.8407e+00 +2.6239e+00 +9.8280e-01 -9.9864e-01 +2.5948e+00 -5.3940e-01 -2.7015e+00 -2.3754e+00 -4.5354e+00 -8.1257e-01 +1.1336e+00 +4.4739e+00 -1.0096e+00 +1.2559e+00 +1.7895e-01
152 0 +1.751212224e+06 +1.751160314e+06 +1.751160314e+06 +6.5501e-01 -2.2343e+00 +1.3276e+00 +1.2578e+00 +1.0157e+00 -3.8002e+00 +2.5462e+00 +9.4911e-01 -9.2803e-01 +2.5086e+00 -5.7440e-01 -2.6309e+00 -2.3696e+00 -4.5365e+00 -8.2126e-01 +1.0726e+00 +4.4468e+00 -9.9452e-01 +1.1811e+00 +2.1784e-01
263 0 +1.706490463e+06 +1.706438553e+06 +1.706438553e+06 +3.4851e-01 -2.2481e+00 +1.4020e+00 +1.2324e+00 +9.8254e-01 -3.8407e+00 +2.6239e+00 +9.8280e-01 -9.9864e-01 +2.5948e+00 -5.3940e-01 -2.7015e+00 -2.3754e+00 -4.5354e+00 -8.1257e-01 +1.1336e+00 +4.4739e+00 -1.0096e+00 +1.2559e+00 +1.7895e-01
303 0 +1.419054577e+06 +1.419002667e+06 +1.419002667e+06 +9.3239e-02 -1.8892e+00 +5.7978e-01 +1.6566e+00 +1.0353e+00 -2.9740e+00 +1.6119e+00 +1.0185e+00 -3.6195e-01 +2.3839e+00 -5.0462e-01 -1.4940e+00 -1.6903e+00 -3.0327e+00 -1.1785e+00 +3.9647e-01 +2.9872e+00 -5.8427e-01 +1.2362e+00 +2.1670e-01
359 0 +9.951322590e+05 +9.950803490e+05 +9.950803490e+05 -2.2890e-01 -1.1802e+00 +1.7217e-01 +1.3489e+00 +1.6512e+00 -2.5424e+00 +1.7913e+00 +2.5803e-02 +3.9398e-01 +1.7392e+00 -1.1618e+00 -1.4088e+00 -2.0010e+00 -2.2945e+00 -6.8980e-01 +4.3817e-02 +3.3505e+00 -8.1571e-01 +1.3982e+00 -7.1557e-01
% f evaluations | g evaluations | best noise-free fitness - Fopt (4.808000000000e+01) + sum g_i+ | measured fitness | best measured fitness or single-digit g-values | x1 | x2...
1 0 +1.495779197e+07 +1.495784005e+07 +1.495784005e+07 -3.5316e+00 +1.6765e+00 -4.8991e+00 +3.5151e-01 +4.9547e+00 -7.5547e-01 -4.4377e+00 +4.5340e+00 -1.4879e+00 -2.7891e+00 +4.7559e+00 +4.2741e+00 -1.7276e+00 +3.4080e+00 +4.7412e+00 -3.9353e+00 -2.1705e+00 +9.6406e-02 -1.8651e+00 +1.3293e+00
2 0 +6.415727947e+06 +6.415776027e+06 +6.415776027e+06 +3.9868e+00 +2.0088e+00 +1.2836e+00 -2.2451e+00 -2.7076e+00 -1.8967e+00 -1.7109e+00 +1.8424e+00 +4.8220e+00 -1.6942e+00 -6.6280e-01 +8.3149e-01 +2.7361e+00 +2.5601e-01 -7.0909e-01 -3.2152e+00 +1.1195e+00 -3.8046e+00 +3.9110e+00 -4.5765e+00
3 0 +3.945399967e+06 +3.945448047e+06 +3.945448047e+06 +1.3220e+00 +2.4721e+00 -4.4202e+00 +4.0067e+00 +1.0957e+00 -3.3395e+00 +1.9023e-01 +3.6669e+00 +2.4698e+00 -3.3204e+00 +3.3991e+00 +2.1132e+00 +3.2643e+00 -9.3041e-01 +2.4811e+00 -2.8681e-01 -4.5287e+00 -3.4884e+00 +4.7273e+00 +1.8087e+00
7 0 +2.712173221e+06 +2.712221301e+06 +2.712221301e+06 +7.5781e-01 +2.8691e+00 +4.8336e-01 -2.5252e+00 +4.3483e+00 -3.9831e-01 -4.6605e+00 +2.3144e+00 +1.2491e+00 -1.2903e+00 +2.5164e+00 -2.2975e+00 -3.6287e+00 -1.2298e+00 +4.6982e+00 +3.4230e+00 -2.6384e+00 +1.3486e+00 -2.1303e+00 -3.6700e+00
53 0 +1.107758279e+06 +1.107806359e+06 +1.107806359e+06 +6.0326e-01 +1.9755e+00 +6.2920e-01 -1.3760e+00 +3.0858e+00 -3.9189e-01 -4.6392e+00 +8.9281e-01 +1.1803e+00 -1.7009e+00 +1.6232e+00 -1.1364e+00 -3.3197e+00 -2.5700e-01 +4.6595e+00 +3.3630e+00 -2.8876e+00 +3.6199e-01 -9.1993e-01 -3.7016e+00
102 0 +9.004485580e+05 +9.004966380e+05 +9.004966380e+05 +2.3485e+00 -9.1306e-01 -1.6744e+00 -1.4480e+00 +1.9546e-01 +1.2105e+00 -1.8147e+00 -1.5640e+00 +1.1352e+00 +6.5718e-01 +3.3973e+00 -5.3408e-01 -1.9763e+00 -4.2997e-01 -6.4533e-01 +2.2377e+00 -8.2947e-01 +2.2336e+00 -1.5811e+00 -3.7152e-01
155 0 +7.808903073e+05 +7.809383873e+05 +7.809383873e+05 +1.7048e+00 +6.1743e-01 -8.0125e-01 -1.8839e+00 +1.8759e+00 +5.5947e-01 -2.9663e+00 +5.4062e-03 +1.1813e+00 -6.9222e-01 +3.0408e+00 -1.2477e+00 -2.6450e+00 -7.5362e-01 +1.5170e+00 +3.2394e+00 -1.5615e+00 +1.8755e+00 -1.8033e+00 -1.7063e+00
353 0 +7.708917331e+05 +7.709398131e+05 +7.709398131e+05 -9.1890e-01 +1.9311e+00 -2.9260e+00 +2.0768e+00 +4.6032e+00 -5.7515e-01 -1.8314e+00 +2.2124e+00 -1.7324e+00 -1.0227e+00 +2.5306e+00 +9.6879e-01 -1.1504e+00 +2.3849e+00 +2.1893e+00 +1.6921e-01 +1.7216e-01 -1.6681e+00 +2.9034e-01 -3.7196e-01
357 0 +6.619734635e+05 +6.620215435e+05 +6.620215435e+05 +3.9220e-01 +2.4140e-01 -6.5956e-01 -1.5789e+00 +2.9620e+00 +7.9745e-01 -2.9896e+00 +1.7461e+00 +1.5570e+00 -2.0806e+00 +1.1732e+00 -1.9437e+00 -1.8903e+00 -7.3261e-02 +1.8185e+00 +2.3360e+00 -6.4658e-01 +9.5892e-01 -1.8856e+00 -1.3376e+00
358 0 +4.243523264e+05 +4.244004064e+05 +4.244004064e+05 +7.4161e-02 +1.8586e+00 -2.2682e+00 +1.9352e+00 +4.3350e+00 +9.5960e-01 -2.8791e+00 +3.8350e+00 -1.4720e+00 -2.7205e+00 +9.5191e-01 +4.1621e-01 -1.3590e-02 +2.9740e+00 +4.1059e+00 -7.1758e-02 -8.5937e-02 -1.8051e+00 +5.3181e-01 +4.1680e-01
603 0 +4.039405485e+05 +4.039886285e+05 +4.039886285e+05 -2.7098e-01 +1.1587e+00 -5.2484e-01 -9.1816e-02 +2.4995e+00 -4.7939e-01 -4.5468e+00 +6.1155e-01 +5.3913e-01 -2.2711e+00 +1.6499e+00 +9.7785e-01 -2.6791e+00 +1.3194e+00 +4.5575e+00 +1.6417e+00 -2.9141e+00 -4.3982e-01 -2.0562e-01 -2.5477e+00
760 0 +1.701931664e+05 +1.702412464e+05 +1.702412464e+05 -2.7098e-01 +1.1587e+00 -5.2484e-01 -9.1816e-02 +2.3364e-01 -4.7939e-01 -4.5468e+00 +6.1155e-01 +5.3913e-01 -2.2711e+00 +1.6499e+00 +9.7785e-01 -2.6791e+00 +1.3194e+00 +4.5575e+00 +1.6417e+00 -2.9141e+00 -4.3982e-01 -2.0562e-01 -2.5477e+00
813 0 +1.627626099e+05 +1.628106899e+05 +1.628106899e+05 -2.7098e-01 +7.1086e-02 -5.2484e-01 -9.1816e-02 +2.3364e-01 -4.7939e-01 -4.5468e+00 +6.1155e-01 +5.3913e-01 -2.2711e+00 +1.6499e+00 +9.7785e-01 -2.6791e+00 +1.3194e+00 +4.5575e+00 +1.6417e+00 -2.9141e+00 -4.3982e-01 -2.0562e-01 -2.5477e+00
% f evaluations | g evaluations | best noise-free fitness - Fopt (3.058000000000e+01) + sum g_i+ | measured fitness | best measured fitness or single-digit g-values | x1 | x2...
1 0 +3.235127892e+07 +3.235130950e+07 +3.235130950e+07 -2.3442e+00 +1.5563e+00 +3.1082e+00 +2.8289e+00 +3.6047e+00 -5.8677e-01 -2.1584e+00 +1.2658e+00 +3.8629e-01 +2.8969e+00 +2.3460e+00 +4.9144e+00 +2.6595e+00 -1.6372e+00 -4.5015e+00 +4.4282e+00 +3.2607e+00 -2.3490e+00 +3.2054e+00 -2.0878e+00
3 0 +9.826037857e+06 +9.826068437e+06 +9.826068437e+06 -1.2652e+00 +2.7245e+00 -1.4944e+00 +1.9324e+00 +1.0027e+00 +1.8771e+00 +2.0365e+00 -3.5391e+00 +2.5273e+00 +3.7052e+00 -4.4834e+00 +4.2218e+00 -8.8818e-01 +2.8441e+00 -3.3233e+00 +4.6106e+00 +3.6317e-01 -4.8650e+00 +3.6382e+00 +2.0012e+00
15 0 +8.309395811e+06 +8.309426391e+06 +8.309426391e+06 -2.9010e+00 +4.6267e+00 -4.5076e+00 +5.7116e-01 +5.0011e-01 -4.8968e+00 -3.3304e+00 -1.0734e+00 +1.2535e+00 +1.4017e+00 -1.1277e+00 -1.6204e+00 +3.2079e+00 -4.2208e+00 -2.5429e+00 -3.3290e+00 -3.5436e+00 -2.9312e+00 -3.5604e+00 -4.3160e+00
54 0 +2.075429149e+06 +2.075459729e+06 +2.075459729e+06 -3.4481e+00 +1.7128e+00 -1.8927e+00 -2.8220e-01 +1.4616e+00 -4.8644e+00 -3.0119e+00 -9.2558e-01 +1.0987e+00 +2.0588e+00 -1.1888e+00 +1.9815e-01 +1.8293e+00 -1.7371e+00 -2.7994e+00 -2.4091e+00 -2.9732e+00 -3.5063e+00 -8.8726e-01 -2.2243e+00
% f evaluations | g evaluations | best noise-free fitness - Fopt (1.000000000000e+03) + sum g_i+ | measured fitness | best measured fitness or single-digit g-values | x1 | x2...
1 0 +3.133025298e+06 +3.134025298e+06 +3.134025298e+06 +3.5252e+00 +1.8883e+00 +4.1521e+00 -4.0354e+00 -1.4422e+00 -2.0945e+00 -8.8729e-01 +3.4820e+00 -2.5646e+00 -2.8059e+00 -1.5642e-01 +3.0544e+00 +4.1876e+00 +3.6130e+00 +3.4449e-01 -1.6193e+00 +4.6942e+00 -1.3018e+00 -4.8598e+00 +4.3243e+00
158 0 +3.051091738e+06 +3.052091738e+06 +3.052091738e+06 +3.3682e+00 +1.7647e+00 +4.0216e+00 -3.8638e+00 -1.2920e+00 -1.8396e+00 -9.4763e-01 +3.2597e+00 -2.4472e+00 -2.5973e+00 -1.3513e-01 +2.9069e+00 +4.0232e+00 +3.5182e+00 +2.5569e-01 -1.5695e+00 +4.4525e+00 -1.1842e+00 -4.5560e+00 +4.0652e+00
164 0 +1.893436386e+06 +1.894436386e+06 +1.894436386e+06 -2.8238e+00 +3.6693e+00 -3.9285e+00 +2.7280e-01 -1.6859e+00 -2.7399e+00 +1.5809e+00 +4.8862e-01 -8.7401e-01 -6.7740e-01 -1.2903e+00 +1.8448e+00 -6.1235e-01 +2.0066e+00 -1.5651e+00 -2.2650e+00 +7.3119e-01 +1.4218e+00 -2.6775e+00 -4.4306e-01
455 0 +1.859351141e+06 +1.860351141e+06 +1.860351141e+06 +2.4593e+00 +2.1886e+00 +2.8366e+00 -2.3897e+00 -1.0221e-01 -2.7038e+00 -8.3673e-01 +3.7236e+00 -1.7577e+00 -2.9601e+00 +7.4609e-02 +5.5900e-01 +3.9943e+00 +3.7732e+00 +1.3384e+00 -2.1403e+00 +4.3512e+00 +5.5078e-01 -2.4818e+00 +2.7906e+00
% f evaluations | g evaluations | best noise-free fitness - Fopt (-4.236000000000e+01) + sum g_i+ | measured fitness | best measured fitness or single-digit g-values | x1 | x2...
1 0 +2.856618646e+07 +2.856614410e+07 +2.856614410e+07 -2.9426e+00 +2.9462e+00 -9.3254e-01 -3.3012e+00 -2.1188e+00 +4.9004e+00 +2.1948e+00 -3.3327e+00 +4.1936e+00 +1.5775e+00 +2.4412e+00 -2.2759e+00 -4.3276e-01 +4.9452e+00 +1.8741e+00 -3.6747e+00 -1.5193e-01 +1.5096e+00 -1.3941e+00 -1.5470e+00
2 0 +1.771520662e+07 +1.771516426e+07 +1.771516426e+07 +4.5556e+00 -1.0094e+00 +2.9147e+00 +2.1766e+00 +3.8580e+00 -3.3899e+00 -2.2438e+00 +1.7762e-01 +2.6980e+00 -2.9819e-01 -2.6941e-01 -2.8856e+00 +1.4769e+00 +4.9617e+00 -1.3451e+00 +4.6518e+00 -4.2455e+00 +3.1843e+00 -4.8298e-01 +1.3347e+00
3 0 +7.879163222e+06 +7.879120862e+06 +7.879120862e+06 -2.8300e+00 +2.6923e+00 -2.3735e+00 -3.0622e+00 -1.2620e+00 +4.2360e+00 +4.8702e+00 +2.2821e+00 +4.7509e-01 +1.1441e+00 +4.0797e+00 +3.2655e+00 +2.5408e+00 -3.0794e+00 +3.0012e+00 -3.9541e+00 +5.8702e-01 -2.3409e+00 +4.3739e-01 -2.3596e+00
7 0 +7.760446510e+06 +7.760404150e+06 +7.760404150e+06 +3.2226e+00 -2.8203e+00 +2.9301e+00 +3.2937e+00 -3.4441e+00 -8.3014e-01 +4.6395e+00 -4.7225e+00 +3.2052e+00 -3.4406e+00 -4.9156e+00 -7.5958e-01 +1.2140e+00 +4.6572e-01 -1.4128e+00 -1.0909e+00 +3.1006e+00 -8.1982e-01 -2.4747e+00 +1.4892e+00
8 0 +6.235700365e+06 +6.235658005e+06 +6.235658005e+06 +3.9221e+00 -2.5642e+00 +2.1527e+00 +2.3852e+00 -4.8484e+00 -1.1950e+00 +2.4246e+00 +3.0483e+00 -1.0331e-01 -3.9039e+00 -2.8794e+00 +1.9607e+00 +3.4183e+00 -2.9076e+00 +2.6516e+00 +4.0448e+00 -4.2237e+00 -2.8556e+00 +3.7920e-01 +1.2986e+00
11 0 +5.393512176e+06 +5.393469816e+06 +5.393469816e+06 -4.9787e+00 +2.0081e+00 +2.7624e+00 -1.5690e+00 -1.1506e+00 -1.0237e+00 +9.5104e-01 +4.0750e+00 -4.6862e+00 +4.5423e+00 +7.1938e-01 +3.7674e+00 -8.8375e-01 -9.3300e-01 -2.8627e+00 +3.1678e+00 +3.4448e+00 +4.9154e+00 -1.5117e+00 +2.0714e+00
18 0 +3.238098237e+06 +3.238055877e+06 +3.238055877e+06 +3.6445e+00 +5.5525e-01 -1.6546e+00 +3.9619e+00 +3.7116e+00 +2.3471e+00 +4.0921e+00 -4.2310e+00 +6.7297e-01 +3.1687e+00 -3.4569e+00 +2.7349e+00 +1.7661e+00 -7.6128e-01 +4.1107e+00 +2.4504e+00 -9.5269e-01 +2.3304e+00 -3.8876e-01 -5.3443e-01
25 0 +1.193521129e+06 +1.193478769e+06 +1.193478769e+06 +2.8720e+00 -3.4928e+00 +4.8740e+00 +9.2392e-01 -4.3097e+00 -4.8849e+00 -1.6476e-01 +1.6362e+00 -2.4253e+00 +3.9375e+00 -3.8393e+00 +2.1389e+00 -3.8465e+00 -1.8849e+00 +2.4593e+00 +3.8926e+00 -4.3026e+00 -7.6171e-01 -1.6754e+00 +2.6602e-01
56 0 +6.868115960e+05 +6.867692360e+05 +6.867692360e+05 +2.4937e+00 +5.4957e-01 -2.1495e+00 +2.7973e+00 +3.1140e+00 +1.8653e+00 +3.0509e+00 -3.6568e+00 +6.7415e-01 +2.7791e+00 -3.3607e+00 +1.9571e+00 +6.2633e-01 -1.5381e-01 +3.0657e+00 +2.0387e+00 -1.4670e+00 +2.0604e+00 +2.7285e-01 -2.6895e-01
812 0 +6.341991642e+05 +6.341568042e+05 +6.341568042e+05 +2.8720e+00 -3.4928e+00 +4.8740e+00 +9.2392e-01 -4.3097e+00 -8.7305e-01 -1.6476e-01 +1.6362e+00 -2.4253e+00 +3.9375e+00 -3.8393e+00 +2.1389e+00 -3.8465e+00 -1.8849e+00 +2.4593e+00 +3.8926e+00 -4.3026e+00 -7.6171e-01 -1.6754e+00 +2.6602e-01
1552 0 +6.284933796e+05 +6.284510196e+05 +6.284510196e+05 +2.8720e+00 -3.4928e+00 +4.8740e+00 +9.2392e-01 -4.3097e+00 -1.4534e+00 -1.6476e-01 +1.6362e+00 -2.3282e+00 +3.9375e+00 -3.8393e+00 +2.1389e+00 -3.8465e+00 -1.8849e+00 +2.4593e+00 +3.8926e+00 -4.3026e+00 -7.6171e-01 -1.6754e+00 +2.6602e-01
1606 0 +6.079777432e+05 +6.079353832e+05 +6.079353832e+05 +2.8720e+00 -3.4928e+00 +4.8740e+00 +9.2392e-01 -4.3097e+00 -2.1368e+00 -1.6476e-01 +1.6362e+00 -2.3475e+00 +3.9375e+00 -3.8393e+00 +2.1389e+00 -3.8465e+00 -1.8849e+00 +2.4593e+00 +3.8926e+00 -4.3026e+00 -7.6171e-01 -1.6754e+00 +2.6602e-01
1714 0 +4.023708656e+05 +4.023285056e+05 +4.023285056e+05 +2.8720e+00 -3.4928e+00 +2.8931e+00 +9.2392e-01 -4.3097e+00 -3.6353e-01 -1.6476e-01 +1.6362e+00 -2.4253e+00 +3.9375e+00 -3.8393e+00 +2.1389e+00 -3.8465e+00 -1.8849e+00 +2.4593e+00 +3.8926e+00 -4.3026e+00 -7.6171e-01 -1.6754e+00 +2.6602e-01
% f evaluations | g evaluations | best noise-free fitness - Fopt (-7.187000000000e+01) + sum g_i+ | measured fitness | best measured fitness or single-digit g-values | x1 | x2...
1 0 +1.942915626e+07 +1.942908439e+07 +1.942908439e+07 +1.1223e+00 -7.1054e-01 +3.7733e+00 -3.2875e+00 -4.6998e+00 +2.4187e+00 +3.1335e-01 +1.8482e+00 -3.5089e+00 +4.2906e+00 +2.5072e+00 -3.9342e+00 +1.2102e+00 -3.4484e+00 +1.9782e+00 -3.0050e+00 -1.7605e+00 -5.5187e-01 +3.0663e+00 -1.6258e+00
2 0 +8.300724055e+06 +8.300652185e+06 +8.300652185e+06 +3.1983e+00 +5.8559e-01 -2.8457e+00 +2.6906e+00 -9.7755e-01 +4.2453e+00 +2.7961e+00 -4.1197e+00 -3.2301e+00 +1.6297e+00 -2.2639e+00 -2.0101e+00 +4.9905e+00 +6.3670e-02 +1.1392e+00 +6.0343e-01 +8.2604e-01 -1.7637e+00 +7.1327e-01 -1.9293e+00
8 0 +6.061101281e+06 +6.061029411e+06 +6.061029411e+06 -1.9333e+00 -1.8791e-01 -1.2536e+00 -1.9318e+00 +3.0292e+00 -1.9420e+00 +2.3848e+00 +1.8153e+00 +1.6510e+00 -3.1181e+00 +1.3752e+00 +3.5454e+00 +2.7211e+00 +2.1829e+00 -1.9573e+00 -3.1772e+00 +4.8758e+00 -5.7142e-01 -4.6591e+00 -2.9902e+00
21 0 +1.998652563e+06 +1.998580693e+06 +1.998580693e+06 +2.8856e+00 -3.1868e+00 -3.8344e+00 -4.1516e+00 +2.1845e+00 +8.2339e-01 +2.6683e+00 +3.7018e+00 +4.4959e-01 -5.9959e-01 -4.2042e+00 +3.8179e+00 +5.0433e-01 -3.9930e-01 -3.9379e+00 +4.8323e+00 +7.0022e-01 +2.5625e-01 +3.7138e+00 -1.4015e+00
156 0 +1.600791796e+06 +1.600719926e+06 +1.600719926e+06 +1.7252e+00 -2.1716e+00 -3.5062e+00 -2.3584e+00 +2.2106e+00 +1.4469e+00 +2.1549e+00 +3.3900e+00 +7.5228e-01 -2.2968e-01 -3.7793e+00 +3.2627e+00 -5.7121e-01 -3.4699e-01 -3.4219e+00 +4.4981e+00 +1.4684e+00 +3.7497e-01 +2.1989e+00 -1.9333e+00
252 0 +1.334919624e+06 +1.334847754e+06 +1.334847754e+06 +5.0885e-02 -6.2524e-01 -2.3178e+00 -1.4139e+00 +1.3331e+00 +1.0177e-01 +1.6545e+00 +2.0493e+00 +4.9943e-01 -6.7091e-01 -2.2251e+00 +2.3841e+00 -1.5388e+00 -1.2992e+00 -1.8389e+00 +1.8228e+00 +1.6641e+00 +2.3837e-01 +9.7307e-01 -1.3463e+00
305 0 +1.032207459e+06 +1.032135589e+06 +1.032135589e+06 +1.9031e+00 -1.7943e+00 -3.4990e+00 -3.5524e+00 +1.2245e+00 +3.7324e-01 +2.8250e+00 +3.0062e+00 -3.5285e-01 -6.3197e-01 -3.4270e+00 +3.7923e+00 -3.6334e-01 -1.3944e+00 -2.5015e+00 +3.0643e+00 +9.0717e-01 +1.3859e-01 +2.3946e+00 -1.5954e+00
504 0 +8.260366161e+05 +8.259647461e+05 +8.259647461e+05 +1.1111e+00 -8.9270e-01 -2.4931e+00 -2.8208e+00 +8.3740e-01 +5.6182e-01 +2.6227e+00 +2.5024e+00 -4.1479e-01 -4.7369e-01 -2.7872e+00 +3.4378e+00 -1.0988e+00 -1.4132e+00 -1.5015e+00 +1.9353e+00 +9.7737e-01 +1.6503e-02 +1.3902e+00 -1.8038e+00
655 0 +7.264104312e+05 +7.263385612e+05 +7.263385612e+05 +1.5248e+00 -1.4165e+00 -2.7152e+00 -3.2562e+00 +9.6294e-01 +4.1480e-01 +2.8702e+00 +2.8034e+00 -1.6404e-01 -6.2764e-01 -3.1615e+00 +3.7743e+00 -7.5855e-01 -1.5130e+00 -2.0222e+00 +2.5707e+00 +1.0584e+00 +8.8345e-02 +2.0272e+00 -1.8397e+00
758 0 +6.747144202e+05 +6.746425502e+05 +6.746425502e+05 +1.5414e+00 -1.4318e+00 -2.6771e+00 -3.3386e+00 +8.7026e-01 +3.0108e-01 +3.0030e+00 +2.8266e+00 -1.2845e-01 -6.9841e-01 -3.1993e+00 +3.9163e+00 -7.6227e-01 -1.7036e+00 -2.0186e+00 +2.5754e+00 +1.1371e+00 +9.9497e-02 +2.1021e+00 -1.9084e+00
1104 0 +5.857764712e+05 +5.857046012e+05 +5.857046012e+05 +1.1099e+00 -7.7212e-01 -2.3621e+00 -2.9542e+00 +3.0423e-01 +1.2191e-01 +2.6527e+00 +2.4784e+00 -6.6742e-01 -7.2297e-01 -2.7811e+00 +3.6608e+00 -1.1038e+00 -1.3423e+00 -1.5345e+00 +1.8596e+00 +1.2262e+00 +1.0742e-01 +1.4324e+00 -1.7307e+00
1264 0 +4.484745039e+05 +4.484026339e+05 +4.484026339e+05 -5.6101e-02 +7.3093e-01 -1.3098e+00 -2.3265e+00 -7.9245e-01 -4.0788e-01 +3.2077e+00 +1.7392e+00 -1.6232e+00 -8.5885e-01 -1.9501e+00 +3.9119e+00 -2.2329e+00 -1.8926e+00 +1.6150e-01 -1.1480e-01 +1.6756e+00 -3.5259e-02 +1.0626e-01 -1.4616e-01
1310 0 +4.087216405e+05 +4.086497705e+05 +4.086497705e+05 -5.6101e-02 +7.3093e-01 -3.1172e-01 -2.3265e+00 -7.9245e-01 -4.0788e-01 +3.2077e+00 +1.7392e+00 -1.6232e+00 -8.5885e-01 -1.9501e+00 +3.9119e+00 -2.2329e+00 -1.8926e+00 +1.6150e-01 -1.1480e-01 +1.6756e+00 -3.5259e-02 +1.0626e-01 -1.4616e-01
% f evaluations | g evaluations | best noise-free fitness - Fopt (-1.650000000000e+01) + sum g_i+ | measured fitness | best measured fitness or single-digit g-values | x1 | x2...
1 0 +5.046744297e+06 +5.046727797e+06 +5.046727797e+06 +3.5837e+00 +1.9732e+00 +2.0576e+00 -1.5326e-01 +2.7940e+00 -4.9559e+00 -1.0061e+00 +3.7032e+00 +2.6074e+00 -3.0729e-01 +6.9865e-01 +4.5484e+00 +2.2742e+00 -1.0020e+00 +6.0153e-01 +1.5589e+00 -3.1145e+00 -2.1153e+00 +1.1313e+00 -2.7787e+00
16 0 +4.067871105e+06 +4.067854605e+06 +4.067854605e+06 +2.7860e+00 +2.2712e+00 +1.0364e+00 -2.3526e+00 +1.6293e+00 -2.5133e+00 -2.5050e+00 +3.2882e+00 -7.6739e-02 -2.3638e+00 +3.5374e+00 -7.4104e-01 -2.4437e+00 +2.7393e+00 +4.2004e+00 -4.8052e+00 +2.9575e+00 -2.5696e+00 +3.8460e+00 +2.1000e+00
40 0 +2.545509540e+06 +2.545493040e+06 +2.545493040e+06 -3.1039e+00 +2.2351e+00 +4.9796e+00 +1.4693e+00 +4.7311e+00 -1.1150e+00 -1.3007e+00 +4.2897e+00 +3.1624e-01 +5.6249e-02 -1.9840e+00 -3.3527e-01 -3.4168e+00 -3.7145e+00 +2.5788e+00 +5.8022e-01 +3.5552e+00 +1.7574e+00 -4.4478e+00 -4.3655e+00
55 0 +2.445285022e+06 +2.445268522e+06 +2.445268522e+06 -2.8231e+00 +2.1682e+00 +4.7750e+00 +1.5441e+00 +4.5011e+00 -1.1362e+00 -1.3726e+00 +4.2157e+00 +1.4509e-01 +2.1157e-01 -1.7800e+00 -4.0954e-01 -3.3013e+00 -3.6034e+00 +2.2989e+00 +7.1371e-01 +3.5235e+00 +1.6746e+00 -4.1112e+00 -4.3169e+00
153 0 +2.378999240e+06 +2.378982740e+06 +2.378982740e+06 -1.1344e+00 +2.4635e+00 +3.9685e+00 +6.0818e-01 +3.7610e+00 -1.7728e+00 -1.1862e+00 +4.0015e+00 +3.0168e-01 -8.1257e-01 -5.6030e-02 -5.0751e-01 -2.5826e+00 -1.6177e+00 +1.7318e+00 -4.0663e-01 +2.1446e+00 +9.3974e-02 -2.3202e+00 -2.4734e+00
158 0 +2.164496200e+06 +2.164479700e+06 +2.164479700e+06 +4.0750e-02 -3.2774e-01 -2.0210e-01 -2.3025e+00 +1.1036e+00 -2.4447e+00 -1.0624e+00 +3.0098e-02 +1.0403e+00 -2.8919e+00 +1.9084e+00 +6.9427e-01 -7.2682e-01 +3.0779e+00 -4.0883e-01 +6.9383e-01 -1.5010e+00 -2.0980e+00 +1.7242e+00 +2.1029e+00
159 0 +1.486376284e+06 +1.486359784e+06 +1.486359784e+06 +4.1053e-01 +1.3327e-01 +1.1765e-01 -2.1212e+00 +1.2181e+00 -2.5289e+00 -1.0474e+00 +5.1797e-01 +9.3134e-01 -2.8326e+00 +2.1546e+00 +4.7578e-01 -7.6246e-01 +2.9801e+00 -3.3852e-01 +2.6989e-01 -1.3694e+00 -2.2399e+00 +1.7261e+00 +1.9657e+00
407 0 +1.365437563e+06 +1.365421063e+06 +1.365421063e+06 -3.0058e+00 +1.1410e+00 +3.5821e+00 +5.2054e-01 +3.8982e+00 -1.2525e+00 -1.2760e+00 +2.8416e+00 +5.9707e-01 -5.7579e-01 -1.5811e+00 +1.4851e-01 -2.8647e+00 -2.3102e+00 +1.9247e+00 +1.1654e+00 +2.4315e+00 +1.2227e+00 -3.2923e+00 -2.9695e+00
1512 0 +1.171857910e+06 +1.171841410e+06 +1.171841410e+06 -3.1039e+00 +2.2351e+00 +4.9796e+00 +1.4693e+00 +4.7311e+00 -1.1150e+00 -1.3007e+00 +4.2897e+00 +3.1624e-01 +5.6249e-02 -1.9840e+00 -3.3527e-01 -3.4168e+00 -3.7145e+00 +2.5788e+00 +5.8022e-01 +3.5552e+00 +1.7574e+00 -3.7060e-02 -4.3655e+00
% f evaluations | g evaluations | best noise-free fitness - Fopt (1.000000000000e+03) + sum g_i+ | measured fitness | best measured fitness or single-digit g-values | x1 | x2...
1 0 +1.713662734e+07 +1.713762734e+07 +1.713762734e+07 +1.1637e+00 +9.2827e-01 +1.3152e+00 +4.7229e+00 -1.3797e+00 -1.2302e+00 -4.1546e+00 +1.0122e+00 +2.4394e+00 +3.4973e-01 +3.7671e+00 -1.9841e+00 -1.6282e+00 +4.5310e+00 -3.7725e+00 -5.7136e-01 +2.3330e+00 -2.3025e-01 -1.6269e+00 -3.9619e+00
2 0 +6.669663504e+06 +6.670663504e+06 +6.670663504e+06 +4.3736e+00 -6.1730e-01 -4.0085e+00 +6.6913e-01 +3.5337e+00 -1.1222e-01 +1.3257e+00 +1.4384e+00 +2.9220e+00 -4.2301e+00 -4.2170e+00 +4.8267e+00 -4.9213e+00 +2.7171e+00 -4.4299e+00 -5.5033e-01 +1.7215e+00 +2.2974e+00 -2.7202e+00 +1.9858e-01
8 0 +5.489442464e+06 +5.490442464e+06 +5.490442464e+06 +6.8755e-01 -3.3915e+00 -4.7805e+00 +1.6769e+00 +1.0822e+00 +1.6454e+00 +4.4339e+00 -7.8367e-01 -7.8203e-01 +2.3124e+00 -1.7277e+00 -1.7693e+00 +3.4255e+00 +5.2515e-02 -2.3756e+00 -2.6932e+00 +1.9512e+00 -2.2347e+00 -3.7552e+00 -3.2120e+00
22 0 +3.629551303e+06 +3.630551303e+06 +3.630551303e+06 -1.5459e+00 -3.9210e+00 -1.0222e+00 -2.2259e+00 +2.6274e+00 +6.4821e-01 +3.4575e+00 -1.7299e+00 +2.4913e+00 +2.9105e+00 -2.0397e+00 +1.4196e+00 +4.5022e+00 -3.3191e+00 +2.1764e-02 +2.7663e+00 -1.9265e+00 +4.8634e+00 +4.8373e+00 -4.0087e+00
54 0 +2.745763398e+06 +2.746763398e+06 +2.746763398e+06 +1.5819e+00 -6.6447e-01 -2.0640e+00 -2.7145e+00 +4.0732e-01 -3.6396e-01 +1.5047e+00 -4.7087e-01 -2.7722e-01 +5.7913e-01 -3.6138e+00 +1.0118e-01 +1.4197e+00 -1.8972e+00 -3.0852e-01 -1.6211e+00 -2.8961e-01 +8.8480e-01 -1.3249e+00 +1.4448e+00
55 0 +2.315725740e+06 +2.316725740e+06 +2.316725740e+06 +2.2193e-01 -2.0804e+00 -1.6110e+00 -2.5020e+00 +1.3726e+00 +7.6146e-02 +2.3538e+00 -1.0183e+00 +9.2657e-01 +1.5928e+00 -2.9294e+00 +6.7445e-01 +2.7600e+00 -2.5155e+00 -1.6491e-01 +2.8661e-01 -1.0014e+00 +2.6148e+00 +1.3545e+00 -9.2644e-01
1512 0 +2.129217069e+06 +2.130217069e+06 +2.130217069e+06 -1.0997e+00 -3.2356e+00 -1.5980e+00 -2.3771e+00 +2.0604e+00 +5.1958e-01 +2.2712e+00 -1.4508e+00 +1.3080e+00 +5.4372e-01 -8.5468e-01 +1.4693e+00 +4.2582e+00 -2.1997e+00 -1.7106e-01 +1.9375e+00 -1.4075e+00 +2.9908e+00 +3.0202e+00 -2.8753e+00
1661 0 +1.910977392e+06 +1.911977392e+06 +1.911977392e+06 -1.1160e+00 -3.4932e+00 -1.6206e+00 -2.4224e+00 +2.0734e+00 +4.5969e-01 +2.1459e+00 -1.4784e+00 +1.2864e+00 +2.1293e+00 -8.4638e-01 +1.5863e+00 +4.3403e+00 -3.8591e-01 -2.2377e-01 +1.9162e+00 -5.1642e-01 +2.9031e+00 +2.8925e+00 -2.8598e+00
% f evaluations | g evaluations | best noise-free fitness - Fopt (-1.000000000000e+03) + sum g_i+ | measured fitness | best measured fitness or single-digit g-values | x1 | x2...
1 0 +1.665632448e+07 +1.665532448e+07 +1.665532448e+07 +3.7673e+00 +9.8427e-01 +5.7953e-01 +2.1644e+00 +4.5717e-01 +8.4898e-01 -4.7684e-01 -8.5347e-01 -1.4888e+00 -2.4543e-01 +2.9965e-02 +4.9900e+00 +3.1118e+00 +2.0027e+00 -4.9816e+00 -3.0271e+00 +2.1518e+00 -1.2201e+00 -4.4562e+00 +5.2949e-01
4 0 +8.402641234e+06 +8.401641234e+06 +8.401641234e+06 -1.1591e-01 -2.0270e+00 +4.3484e+00 -4.9816e+00 +2.0623e+00 +3.8016e+00 +4.9241e+00 +4.8773e+00 +3.3039e-01 +1.3578e+00 +3.3054e+00 +1.8308e+00 +4.3128e+00 -1.8854e+00 +2.9709e+00 +2.8129e-01 +4.1761e+00 -1.2726e+00 +4.9382e-01 -1.3187e+00
5 0 +7.791214559e+06 +7.790214559e+06 +7.790214559e+06 -4.0392e+00 -3.6137e-01 -2.8776e+00 -4.7320e-02 -3.6103e+00 +2.8252e+00 -2.8239e+00 +8.0998e-01 +1.0654e+00 +9.3496e-01 -3.4346e+00 -6.1134e-01 +1.9021e+00 -4.2242e+00 -5.4186e-01 -2.5077e+00 -4.2343e+00 -4.4320e+00 -1.4136e-01 +3.4049e+00
8 0 +5.122851708e+06 +5.121851708e+06 +5.121851708e+06 +8.1033e-01 +3.4931e+00 -4.6196e+00 +2.1831e+00 -1.3086e+00 +1.0325e+00 -2.0182e+00 +1.0685e+00 +3.1057e+00 +5.6959e-01 -2.7982e+00 -1.9262e+00 +4.9320e+00 +1.7510e+00 +4.9565e-02 -2.4267e-01 -4.1266e+00 -2.3766e+00 -2.6805e+00 -2.7578e+00
9 0 +4.566484188e+06 +4.565484188e+06 +4.565484188e+06 -1.5931e+00 -2.5398e+00 -4.7637e+00 -2.4851e+00 +3.8009e+00 -9.4086e-01 -7.2288e-01 +4.8121e+00 +2.1101e+00 +2.1393e+00 -6.1112e-01 -2.0260e+00 +2.7137e+00 -4.1815e+00 -1.6496e+00 -1.8071e+00 -8.3955e-01 +4.6902e+00 -1.2790e+00 +4.5695e+00
58 0 +4.115706068e+06 +4.114706068e+06 +4.114706068e+06 -2.0051e+00 -1.1977e+00 -3.4657e+00 -2.2307e+00 +2.8626e+00 -1.4589e+00 -9.2113e-01 +4.0274e+00 +1.5123e+00 +9.4573e-01 +7.2226e-02 -6.5651e-01 +2.0937e+00 -2.4211e+00 -1.6758e+00 -6.7604e-01 -8.5132e-01 +3.7021e+00 -1.4966e-01 +4.2686e+00
156 0 +3.764000981e+06 +3.763000981e+06 +3.763000981e+06 -1.1150e+00 -1.7538e+00 -4.1929e+00 -5.2313e-01 +3.1462e+00 +5.0310e-01 +7.6792e-01 +3.3795e-01 +6.6681e-01 +2.2062e+00 +1.3531e+00 +7.6370e-02 +2.8775e+00 -3.2081e+00 +9.9354e-01 -6.9305e-01 -2.2410e+00 +2.2092e-01 -2.3114e+00 -4.1205e-02
157 0 +3.697982358e+06 +3.696982358e+06 +3.696982358e+06 -1.1516e+00 -1.7516e+00 -4.2366e+00 -6.7345e-01 +3.1963e+00 +3.9247e-01 +6.5369e-01 +6.8075e-01 +7.7740e-01 +2.2010e+00 +1.2026e+00 -8.4708e-02 +2.8650e+00 -3.2827e+00 +7.9102e-01 -7.7841e-01 -2.1336e+00 +5.6335e-01 -2.2323e+00 +3.1206e-01
254 0 +3.054361085e+06 +3.053361085e+06 +3.053361085e+06 -8.8390e-01 -2.4248e+00 -4.1223e+00 -2.1720e+00 +2.6260e+00 -1.0159e+00 -6.5420e-01 +3.8665e+00 +9.6225e-01 +9.6712e-01 -4.8765e-01 -1.9355e+00 +2.7755e+00 -3.0930e+00 -1.4647e+00 -6.6949e-01 -1.1733e+00 +4.5282e+00 -1.4785e+00 +4.1621e+00
% f evaluations | g evaluations | best noise-free fitness - Fopt (-1.527400000000e+02) + sum g_i+ | measured fitness | best measured fitness or single-digit g-values | x1 | x2...
1 0 +1.105174463e+07 +1.105159189e+07 +1.105159189e+07 +6.2119e-01 +1.5555e+00 -8.9323e-01 -8.0517e-01 -2.5445e+00 +3.5360e+00 -3.6087e+00 -4.3111e+00 -4.4873e+00 +7.6522e-01 +4.2546e+00 +2.9388e+00 +8.3991e-02 +4.2129e+00 +2.8662e+00 +2.9361e+00 +3.8894e+00 -3.8651e-01 +2.1759e-03 +1.8565e+00
5 0 +9.922663746e+06 +9.922511006e+06 +9.922511006e+06 +3.2325e+00 +3.1245e+00 +2.4538e+00 +5.5926e-01 +2.0881e+00 -7.2091e-01 +4.0556e+00 +3.2852e+00 +3.6866e+00 -8.0697e-01 -3.1685e+00 -1.5902e+00 -3.6388e+00 +1.2070e+00 +3.8079e+00 -2.9499e+00 -2.8629e+00 -3.4069e+00 +4.9460e+00 -6.7396e-01
9 0 +5.370235440e+06 +5.370082700e+06 +5.370082700e+06 +1.6038e+00 +4.2620e+00 -3.0946e+00 +3.5345e-01 -3.8886e-01 +2.1453e-01 +1.6192e+00 -1.1285e+00 -1.5305e+00 -3.1388e+00 -3.7587e+00 +3.7321e+00 -3.6335e+00 +4.8231e+00 -4.7862e-01 -1.6662e+00 +1.0003e+00 +4.4380e+00 +4.9037e+00 +3.0163e+00
14 0 +3.325479541e+06 +3.325326801e+06 +3.325326801e+06 -6.0876e-01 +3.7633e+00 -3.4510e+00 -2.0752e+00 +2.7537e+00 -2.2782e+00 -4.6724e-01 -2.6436e+00 -4.2813e+00 -3.2022e+00 -1.7817e+00 -2.8100e-01 -1.4119e+00 +4.9353e+00 +4.8956e-01 -1.2591e+00 +3.6398e+00 +3.6567e+00 +3.7143e+00 +1.4901e+00
16 0 +2.980838731e+06 +2.980685991e+06 +2.980685991e+06 -4.5025e+00 +8.1666e-01 +6.0627e-01 -1.3048e+00 +2.0115e+00 -4.4672e+00 -6.1984e-01 -2.7210e+00 +7.5153e-01 +3.4272e+00 +5.6430e-01 -4.7513e+00 +4.1001e+00 -3.1703e+00 +4.7560e+00 -2.8467e+00 -4.2231e+00 -2.5934e+00 +3.6452e+00 +4.5673e-01
20 0 +2.555029442e+06 +2.554876702e+06 +2.554876702e+06 -7.2227e-01 +2.3967e+00 +9.8613e-01 -8.8926e-01 -4.8286e-01 +3.4830e-01 +5.1440e-01 -2.4791e+00 -3.1815e+00 +2.0875e+00 -4.1177e+00 +1.3932e+00 +3.9795e+00 +1.1835e+00 +2.1616e+00 +6.2475e-01 +1.9694e+00 -2.6808e+00 -4.6323e+00 -1.4524e+00
108 0 +1.412996551e+06 +1.412843811e+06 +1.412843811e+06 +1.0644e+00 +2.4052e+00 -9.2545e-01 -1.7873e+00 +5.1445e-01 -1.6437e+00 -1.8257e+00 -3.8593e-01 -1.3582e+00 -1.1914e+00 -2.9736e+00 +5.4214e-01 +1.4373e+00 -4.7294e-01 +9.8021e-01 -1.8813e-01 -2.7964e-01 -2.5842e+00 -2.5242e+00 -8.0117e-01
157 0 +1.391235473e+06 +1.391082733e+06 +1.391082733e+06 +1.0510e+00 +2.2719e+00 -8.3639e-01 -1.5576e+00 +4.8170e-01 -1.4470e+00 -1.6306e+00 -5.0302e-01 -1.2860e+00 -9.0512e-01 -2.9080e+00 +6.4002e-01 +1.6313e+00 -5.0519e-01 +1.1268e+00 -8.5762e-02 -1.2612e-01 -2.6119e+00 -2.4349e+00 -7.7360e-01
302 0 +1.278158927e+06 +1.278006187e+06 +1.278006187e+06 +5.0911e-01 +1.6203e+00 -1.0910e+00 -4.6679e-01 +4.8179e-02 -8.5495e-01 -1.4756e+00 +1.6188e-01 -9.5574e-01 -3.2413e-01 -2.3925e+00 +4.3934e-01 +2.0906e+00 -8.6383e-01 +1.5569e+00 -1.2105e-01 +1.7288e-01 -2.9603e+00 -1.2548e+00 -1.6237e+00
610 0 +6.811347235e+05 +6.809819835e+05 +6.809819835e+05 -7.5893e-02 +2.1246e+00 -1.2139e+00 -5.8699e-01 -1.9247e-01 -7.3234e-01 -6.5632e-01 -2.1605e-01 -9.8218e-01 -8.1318e-01 -2.4817e+00 -3.1457e-01 +3.8582e-02 -9.9502e-01 +1.1227e-02 -5.3316e-01 +7.8155e-01 -6.3201e-01 -6.9456e-01 -5.4537e-01
