% f evaluations | g evaluations | best noise-free fitness - Fopt (-5.235000000000e+01) + sum g_i+ | measured fitness | best measured fitness or single-digit g-values | x1 | x2...
1 0 +5.741677420e+01 +5.066774204e+00 +5.066774204e+00 +7.8304e-01 +4.9581e+00 -1.9661e+00 -2.6614e+00 -8.1528e-01 +1.9218e+00 -1.2915e+00 +4.1945e+00 +2.0255e+00 -2.8998e+00
11 0 +2.489564831e+01 -2.745435169e+01 -2.745435169e+01 -3.5009e+00 +3.2537e+00 +1.6689e+00 -2.1441e+00 -9.2366e-01 +4.5086e+00 -3.4481e+00 +2.1313e+00 -7.0807e-02 -9.5113e-02
17 0 +1.596888103e+01 -3.638111897e+01 -3.638111897e+01 -6.2920e-01 +4.0229e+00 +1.4214e+00 +1.4481e+00 +1.4194e-01 +3.3414e+00 -3.7107e+00 -3.3051e+00 +1.1176e+00 -1.8805e+00
57 0 +1.567626333e+01 -3.667373667e+01 -3.667373667e+01 -2.1504e-01 +3.6349e+00 +1.7084e+00 +1.2248e+00 +8.7371e-02 +2.8151e+00 -3.7187e+00 -2.9723e+00 +1.2262e+00 -1.2663e+00
104 0 +1.450698744e+01 -3.784301256e+01 -3.784301256e+01 -2.1801e+00 +2.4661e+00 +2.4116e+00 -1.0090e+00 +2.5057e+00 +3.8161e+00 -3.8673e+00 -2.1726e+00 +2.8035e+00 -3.3631e+00
105 0 +1.256688037e+01 -3.978311963e+01 -3.978311963e+01 -1.8316e+00 +2.8158e+00 +2.1892e+00 -4.5694e-01 +1.9746e+00 +3.7094e+00 -3.8321e+00 -2.4271e+00 +2.4247e+00 -3.0300e+00
161 0 +1.158667650e+01 -4.076332350e+01 -4.076332350e+01 -3.4252e+00 +2.8286e-01 +2.6344e+00 -2.6363e+00 +2.4399e+00 +4.3012e+00 -3.7936e+00 -5.8536e-02 +2.6020e+00 -2.9188e+00
203 0 +9.816652178e+00 -4.253334782e+01 -4.253334782e+01 -1.0072e+00 +3.4281e+00 +1.7864e+00 +3.7361e-01 +1.7741e-01 +3.2151e+00 -3.6876e+00 -1.9718e+00 +1.1753e+00 -1.2736e+00
254 0 +9.637581813e+00 -4.271241819e+01 -4.271241819e+01 -1.8730e+00 +3.0721e+00 +1.9668e+00 -6.3951e-01 +5.4106e-01 +3.6210e+00 -3.4206e+00 -9.9506e-01 +1.3344e+00 -1.4823e+00
255 0 +8.960139218e+00 -4.338986078e+01 -4.338986078e+01 -1.4818e+00 +3.2049e+00 +1.9058e+00 -1.9963e-01 +4.3401e-01 +3.4309e+00 -3.3496e+00 -1.4616e+00 +1.3089e+00 -1.4314e+00
258 0 +8.855776709e+00 -4.349422329e+01 -4.349422329e+01 -2.0667e+00 +2.3064e+00 +1.8734e+00 -5.3406e-01 +1.1380e+00 +3.7151e+00 -3.6487e+00 -1.5281e+00 +1.6394e+00 -2.2773e+00
352 0 +8.021712398e+00 -4.432828760e+01 -4.432828760e+01 -2.0353e+00 +1.7342e+00 +2.2335e+00 -9.6453e-01 +1.4213e+00 +3.6578e+00 -3.5018e+00 -1.3201e+00 +2.0063e+00 -2.2033e+00
353 0 +7.644349655e+00 -4.470565034e+01 -4.470565034e+01 -1.6050e+00 +2.1835e+00 +2.1093e+00 -4.4697e-01 +1.1060e+00 +3.4586e+00 -3.4115e+00 -1.7107e+00 +1.8219e+00 -1.9818e+00
614 0 +7.259187805e+00 -4.509081220e+01 -4.509081220e+01 -1.6885e+00 +2.2132e+00 +2.0616e+00 -4.4142e-01 +1.1085e+00 +3.5055e+00 -3.4565e+00 -1.6820e+00 +1.7843e+00 -1.0641e+00
913 0 +6.471883215e+00 -4.587811678e+01 -4.587811678e+01 -1.6119e+00 +2.1917e+00 +2.1039e+00 -4.4684e-01 +3.8823e-01 +3.4625e+00 -3.4147e+00 -1.7028e+00 +1.8138e+00 -1.8548e+00
1010 0 +6.441577690e+00 -4.590842231e+01 -4.590842231e+01 -1.6857e+00 +2.2122e+00 +2.0632e+00 -4.4160e-01 +5.8232e-01 +3.5039e+00 -3.4550e+00 -1.6829e+00 +1.7855e+00 -1.0949e+00
1011 0 +6.202513282e+00 -4.614748672e+01 -4.614748672e+01 -1.6637e+00 +1.2069e+00 +2.0206e+00 -4.1985e-01 +9.4488e-01 +3.4988e+00 -3.4374e+00 -1.5839e+00 +1.6569e+00 -7.1492e-01
1012 0 +6.047385399e+00 -4.630261460e+01 -4.630261460e+01 -1.1087e+00 +2.1917e+00 +2.1039e+00 -4.4684e-01 +3.8823e-01 +3.4625e+00 -3.4147e+00 -1.7028e+00 +1.8138e+00 -1.8548e+00
% f evaluations | g evaluations | best noise-free fitness - Fopt (-1.795400000000e+02) + sum g_i+ | measured fitness | best measured fitness or single-digit g-values | x1 | x2...
1 0 +1.471335967e+02 -3.240640330e+01 -3.240640330e+01 +2.0861e+00 +1.0463e+00 -4.1303e+00 +4.9442e+00 +7.0289e-01 -1.0190e+00 -4.0567e+00 +4.1404e+00 +8.8225e-02 -2.7250e+00
2 0 +7.567002262e+01 -1.038699774e+02 -1.038699774e+02 +1.6394e+00 -2.8150e-01 +4.3936e+00 -1.8048e-01 +3.5069e+00 -2.5277e+00 +5.5088e-01 +3.8873e+00 -4.2825e+00 +1.9152e+00
3 0 +6.496868741e+01 -1.145713126e+02 -1.145713126e+02 -4.6207e+00 -4.2459e+00 +1.6213e+00 +5.0932e-01 -3.7518e+00 -1.1497e+00 +1.7479e+00 +2.3012e+00 -1.8918e+00 -1.7925e+00
16 0 +3.935070184e+01 -1.401892982e+02 -1.401892982e+02 -8.3771e-01 +3.0707e+00 -4.6905e+00 -4.4281e+00 +4.1139e+00 +4.7041e-01 +2.6742e+00 +3.3213e+00 +1.5108e+00 -2.0405e+00
35 0 +2.271687608e+01 -1.568231239e+02 -1.568231239e+02 -3.4346e+00 -2.9410e+00 -3.2629e+00 +3.4807e+00 +2.9393e+00 -3.1436e+00 +4.6113e+00 +8.5909e-01 -8.3668e-01 +3.5549e+00
108 0 +1.816986348e+01 -1.613701365e+02 -1.613701365e+02 -2.9432e+00 -2.5216e+00 -1.2306e+00 +2.1962e+00 +1.1875e+00 -2.3016e+00 +2.4419e+00 +1.4766e+00 -1.3584e+00 +1.8510e+00
208 0 +1.442796537e+01 -1.651120346e+02 -1.651120346e+02 -2.6432e+00 -1.7400e+00 -3.2212e+00 +1.9368e+00 +3.0063e+00 -2.3583e+00 +3.8245e+00 +1.3498e+00 -5.3886e-01 +2.3116e+00
304 0 +1.098148157e+01 -1.685585184e+02 -1.685585184e+02 -1.8735e+00 -1.8350e+00 -1.6323e+00 +1.6748e+00 +2.6177e+00 -1.4524e+00 +2.8458e+00 +1.3702e+00 -1.6651e+00 +1.6206e+00
460 0 +1.083804841e+01 -1.687019516e+02 -1.687019516e+02 -1.5691e+00 -1.7400e+00 -3.2212e+00 +1.9368e+00 +3.0063e+00 -2.3583e+00 +3.8245e+00 +1.3498e+00 -5.2570e-01 +2.3116e+00
511 0 +8.933599176e+00 -1.706064008e+02 -1.706064008e+02 -4.0645e-01 -1.8279e+00 -1.7511e+00 +1.6944e+00 +2.6468e+00 -1.5202e+00 +2.9189e+00 +1.3687e+00 -1.5809e+00 +1.6723e+00
563 0 +8.790510249e+00 -1.707494898e+02 -1.707494898e+02 -1.8782e+00 -1.1203e+00 -1.6421e+00 +1.6765e+00 +2.6201e+00 -1.4580e+00 +2.8518e+00 +1.3701e+00 -1.6581e+00 +1.6249e+00
811 0 +7.713245771e+00 -1.718267542e+02 -1.718267542e+02 -8.3812e-01 -1.1889e+00 -1.6309e+00 +1.6828e+00 +2.6297e+00 -1.4803e+00 +2.8759e+00 +1.3697e+00 -1.6300e+00 +1.6419e+00
% f evaluations | g evaluations | best noise-free fitness - Fopt (7.731000000000e+01) + sum g_i+ | measured fitness | best measured fitness or single-digit g-values | x1 | x2...
1 0 +6.706816616e+01 +1.443781662e+02 +1.443781662e+02 +3.3735e-01 -2.0272e+00 -1.0406e+00 -1.1541e+00 -9.2519e-01 +2.7851e+00 +4.9429e+00 +3.1494e+00 +2.2653e+00 +3.4010e+00
7 0 +3.288209716e+01 +1.101920972e+02 +1.101920972e+02 -8.9206e-01 -2.7247e-01 -1.8864e+00 -1.5315e+00 -2.3369e+00 +3.1365e+00 -1.4234e+00 -5.2328e-01 -3.2270e-01 +1.1668e+00
18 0 +2.375601811e+01 +1.010660181e+02 +1.010660181e+02 +3.0457e+00 -6.4546e-01 -1.5143e+00 +2.2434e+00 +2.1266e-01 -3.5046e+00 -1.9856e+00 -2.1743e+00 +1.9299e+00 +3.9326e+00
20 0 +1.987886054e+01 +9.718886054e+01 +9.718886054e+01 +4.1374e+00 -1.6058e+00 +1.3171e+00 -3.2037e+00 -3.3957e+00 -1.5199e+00 -5.6640e-01 -2.4343e+00 +4.4890e+00 +3.5031e-01
32 0 +1.241357325e+01 +8.972357325e+01 +8.972357325e+01 +4.5189e+00 -2.9330e+00 -1.1571e+00 -2.4199e+00 -3.4519e-01 -1.6884e+00 +1.3363e+00 -4.2769e+00 +1.9053e+00 +2.1512e+00
46 0 +8.941674735e+00 +8.625167473e+01 +8.625167473e+01 +8.2799e-03 +8.3392e-01 -1.8918e+00 +1.5682e+00 -1.2925e+00 -2.3109e+00 -4.0913e-01 -3.3088e+00 -1.2017e+00 +9.1236e-01
105 0 +7.918819528e+00 +8.522881953e+01 +8.522881953e+01 +1.6488e-02 +5.8546e-01 -1.7805e+00 +9.4311e-01 -1.5202e+00 -1.4737e+00 -5.6535e-01 -2.8645e+00 -8.7515e-01 +9.3085e-01
257 0 +6.554041469e+00 +8.386404147e+01 +8.386404147e+01 +5.2039e-01 +6.2295e-01 -1.4292e+00 +6.7727e-01 -1.8524e+00 -2.0145e+00 -1.1723e-01 -3.0353e+00 -7.3279e-02 +1.0145e+00
454 0 +6.438364748e+00 +8.374836475e+01 +8.374836475e+01 -3.1475e-02 +7.5289e-01 -1.0975e+00 +6.2270e-01 -1.0125e+00 -2.2694e+00 -2.3195e-01 -3.4243e+00 -6.5654e-01 +1.7917e+00
506 0 +6.255808943e+00 +8.356580894e+01 +8.356580894e+01 -1.2812e-02 +7.3887e-01 -1.0268e+00 +5.2436e-01 -1.0176e+00 -2.2544e+00 -2.0834e-01 -3.4204e+00 -5.7435e-01 +1.9140e+00
513 0 +4.981309140e+00 +8.229130914e+01 +8.229130914e+01 +1.6930e+00 +1.3990e-01 -3.7001e-01 -1.3627e+00 -8.7870e-01 -1.3359e+00 +5.5112e-01 -2.4088e+00 +8.4232e-01 +1.2485e+00
605 0 +4.879527326e+00 +8.218952733e+01 +8.218952733e+01 +1.5602e+00 +1.9087e-01 -4.5804e-01 -1.1707e+00 -9.4283e-01 -1.4103e+00 +4.8311e-01 -2.4834e+00 +7.3556e-01 +1.2583e+00
759 0 +4.762854638e+00 +8.207285464e+01 +8.207285464e+01 +8.6401e-01 +4.4738e-01 -8.2891e-01 -3.4323e-01 -1.1267e+00 -1.7931e+00 +1.4841e-01 -2.8846e+00 +1.5139e-01 +1.4004e+00
861 0 +4.657060906e+00 +8.196706091e+01 +8.196706091e+01 +1.1136e+00 +3.6224e-01 -7.5405e-01 -5.2502e-01 -1.0388e+00 -1.6604e+00 +2.5441e-01 -2.7342e+00 +3.7656e-01 +1.2914e+00
862 0 +4.331222000e+00 +8.164122200e+01 +8.164122200e+01 +1.6004e+00 +1.7542e-01 -4.3136e-01 -1.2289e+00 -4.5396e-01 -1.3878e+00 +5.0372e-01 -2.4608e+00 +7.6792e-01 +1.2553e+00
% f evaluations | g evaluations | best noise-free fitness - Fopt (3.992000000000e+01) + sum g_i+ | measured fitness | best measured fitness or single-digit g-values | x1 | x2...
1 0 +1.600837361e+02 +2.000037361e+02 +2.000037361e+02 -2.6308e+00 -4.5189e+00 +1.4623e+00 -2.1929e-01 -1.4111e+00 +2.7040e+00 -1.7693e+00 -4.9065e+00 -4.1099e+00 -2.9140e+00
2 0 +1.499082586e+02 +1.898282586e+02 +1.898282586e+02 +2.2209e+00 +5.3525e-01 +2.9323e-01 -1.2623e+00 +3.0457e+00 +1.9171e+00 +3.2411e+00 -4.1175e+00 -3.2451e+00 +4.7160e+00
3 0 +7.439626841e+01 +1.143162684e+02 +1.143162684e+02 -4.4310e+00 -4.4830e+00 -2.1288e+00 -2.3727e+00 +3.9090e+00 +4.4669e+00 +1.0938e-01 +3.3095e-01 -8.2321e-01 +7.3522e-01
4 0 +2.639238976e+01 +6.631238976e+01 +6.631238976e+01 -3.7035e+00 -2.1292e+00 +4.1984e+00 -2.9697e+00 -2.6548e+00 +1.5255e+00 +9.7500e-02 +7.4980e-01 +3.3272e+00 +4.1046e+00
19 0 +1.587404839e+01 +5.579404839e+01 +5.579404839e+01 +1.1639e+00 +5.7447e-01 +3.6986e+00 -2.6275e+00 +2.9277e-01 +9.6784e-01 +4.1434e+00 -3.6085e+00 +6.8227e-01 +3.6863e+00
43 0 +1.569925513e+01 +5.561925513e+01 +5.561925513e+01 -7.6315e-01 -1.2611e+00 +8.4887e-01 -1.9102e+00 +1.1082e+00 -5.9332e-02 +1.1316e+00 -1.1089e+00 +2.8150e-01 +2.1690e+00
105 0 +1.307367027e+01 +5.299367027e+01 +5.299367027e+01 -2.5205e+00 -2.1164e+00 +3.2256e+00 -2.9599e+00 -1.8753e+00 +2.0115e+00 -4.4379e-02 +7.1369e-02 +3.4983e+00 +3.3935e+00
152 0 +1.136786427e+01 +5.128786427e+01 +5.128786427e+01 -3.1160e+00 -1.2912e+00 +3.2654e+00 -2.6383e+00 -1.3793e+00 +1.1001e+00 -5.9646e-02 +1.0372e+00 +2.5447e+00 +2.8502e+00
205 0 +1.069422542e+01 +5.061422542e+01 +5.061422542e+01 -1.2642e+00 -1.5049e+00 +1.5265e+00 -2.2095e+00 +2.5755e-01 +5.3108e-01 +7.9628e-01 -7.7243e-01 +1.1986e+00 +1.5802e+00
252 0 +1.037773189e+01 +5.029773189e+01 +5.029773189e+01 -5.7615e-01 -9.9073e-01 +1.6860e+00 -2.1718e+00 +6.0909e-01 +3.7922e-01 +1.6008e+00 -1.4753e+00 +7.2402e-01 +2.2394e+00
253 0 +9.951153832e+00 +4.987115383e+01 +4.987115383e+01 -8.1459e-01 -1.1689e+00 +1.6307e+00 -2.1848e+00 +4.8726e-01 +4.3185e-01 +1.3220e+00 -1.2317e+00 +8.8850e-01 +2.0110e+00
258 0 +9.583015053e+00 +4.950301505e+01 +4.950301505e+01 -2.4211e+00 -1.3168e+00 +2.6767e+00 -2.5534e+00 -8.5481e-01 +1.1079e+00 +6.5670e-02 +4.4852e-01 +2.2883e+00 +2.6519e+00
354 0 +8.661570114e+00 +4.858157011e+01 +4.858157011e+01 -1.0267e+00 -1.2674e+00 +1.8773e+00 -2.1711e+00 -1.3487e-01 +7.4170e-01 +2.5609e-01 -4.7414e-01 +1.2934e+00 +2.1417e+00
512 0 +8.435315055e+00 +4.835531506e+01 +4.835531506e+01 -1.1076e+00 -1.2420e+00 +1.9205e+00 -2.2011e+00 -5.5218e-02 +2.2900e-01 +4.9365e-01 -5.5673e-01 +1.2682e+00 +2.1509e+00
711 0 +7.993074884e+00 +4.791307488e+01 +4.791307488e+01 -7.1327e-01 -1.2531e+00 +2.0323e+00 -2.2495e+00 -1.7857e-01 +7.4501e-01 +4.2168e-01 -4.0457e-01 +1.4137e+00 +2.1932e+00
760 0 +7.928885577e+00 +4.784888558e+01 +4.784888558e+01 -7.1327e-01 -1.2531e+00 +2.0323e+00 -2.2495e+00 -1.7857e-01 +5.5393e-01 +4.2168e-01 -4.0457e-01 +1.4137e+00 +2.1932e+00
% f evaluations | g evaluations | best noise-free fitness - Fopt (-5.661000000000e+01) + sum g_i+ | measured fitness | best measured fitness or single-digit g-values | x1 | x2...
1 0 +8.932082759e+01 +3.271082759e+01 +3.271082759e+01 +3.9724e+00 +5.9649e-01 -2.1659e+00 -9.8796e-01 -2.6320e+00 -4.3198e+00 +2.8748e+00 +1.6010e+00 +1.2854e+00 -3.5333e+00
12 0 +8.626353197e+01 +2.965353197e+01 +2.965353197e+01 +3.8055e-01 +4.0118e+00 +1.6700e+00 -4.9612e+00 -4.3357e+00 -2.6184e+00 -6.1052e-01 +2.1154e+00 -4.3680e+00 -1.0705e-02
16 0 +2.975886450e+01 -2.685113550e+01 -2.685113550e+01 +5.2016e-02 +3.0603e+00 -6.9657e-01 -1.9442e+00 -3.5362e+00 -3.0541e+00 -3.9457e+00 -3.6531e+00 -4.0129e+00 -3.7799e+00
41 0 +2.130815622e+01 -3.530184378e+01 -3.530184378e+01 +4.3776e+00 +1.0727e+00 -6.7231e-01 -9.6767e-01 +9.1894e-02 -3.8928e+00 +3.9213e-01 -3.8923e+00 -3.9790e+00 -3.9306e+00
153 0 +1.977860699e+01 -3.683139301e+01 -3.683139301e+01 +3.7791e+00 +1.8242e+00 -6.4903e-01 -1.7531e+00 -7.4694e-01 -1.8690e+00 +5.2157e-01 -3.8016e+00 -1.7216e+00 -1.9095e+00
209 0 +1.653576409e+01 -4.007423591e+01 -4.007423591e+01 +3.5363e+00 +1.4057e+00 -4.3569e-01 -1.2711e+00 -3.4245e-01 -1.7616e+00 +1.1635e+00 -3.0355e+00 -2.5854e+00 -1.7640e+00
752 0 +1.620246405e+01 -4.040753595e+01 -4.040753595e+01 +3.5037e+00 +1.5450e+00 -3.9550e-01 -1.4129e+00 -4.8043e-01 -1.5617e+00 +1.1487e+00 -3.2294e+00 -2.3661e+00 -1.5640e+00
1014 0 +1.526480051e+01 -4.134519949e+01 -4.134519949e+01 +3.5037e+00 +1.5450e+00 -8.4654e-02 -1.4129e+00 -4.8043e-01 -1.5617e+00 +1.1487e+00 -3.2294e+00 -2.3661e+00 -1.5640e+00
% f evaluations | g evaluations | best noise-free fitness - Fopt (3.270000000000e+01) + sum g_i+ | measured fitness | best measured fitness or single-digit g-values | x1 | x2...
1 0 +1.599600520e+02 +1.926600520e+02 +1.926600520e+02 -2.3943e-01 +3.6232e+00 +8.6129e-01 -1.3896e-01 +3.0405e+00 +2.0564e+00 -1.5979e+00 -2.1044e+00 -2.1108e+00 -4.2098e+00
3 0 +9.153380198e+01 +1.242338020e+02 +1.242338020e+02 +2.8804e+00 -1.8262e+00 -5.5192e-01 +3.4194e-02 -1.7750e-01 +2.7125e+00 -3.4092e+00 -3.5854e+00 +3.7192e+00 +4.7637e+00
4 0 +4.122833766e+01 +7.392833766e+01 +7.392833766e+01 +1.0813e+00 -2.9031e+00 -2.3676e+00 +4.4068e+00 -2.5951e+00 -6.2929e-01 +1.0431e+00 +4.9507e+00 +1.9389e+00 -2.1412e+00
8 0 +2.469341554e+01 +5.739341554e+01 +5.739341554e+01 +2.2702e+00 -1.5794e+00 +1.1211e+00 -1.6081e+00 +4.9194e-01 -4.1309e+00 +1.0261e+00 -4.5217e-01 +1.3115e+00 +3.0809e+00
14 0 +6.881021201e+00 +3.958102120e+01 +3.958102120e+01 -3.3713e+00 -2.6404e+00 -1.9576e+00 +8.0933e-01 -2.6576e+00 -2.6654e+00 +4.3229e-01 +3.6114e+00 +2.9667e+00 +3.2417e+00
102 0 +4.839003671e+00 +3.753900367e+01 +3.753900367e+01 -2.5664e+00 -1.9310e+00 -1.6973e+00 +8.4096e-01 -1.7630e+00 -2.5684e+00 -4.1406e-02 +2.9348e+00 +2.8303e+00 +2.3317e+00
105 0 +4.183474045e+00 +3.688347404e+01 +3.688347404e+01 -2.3219e+00 -6.5299e-01 -1.6324e+00 +1.7704e+00 -1.0992e+00 -2.3805e+00 -1.5512e+00 +2.4810e+00 +3.0302e+00 +1.6705e+00
106 0 +3.969083729e+00 +3.666908373e+01 +3.666908373e+01 -2.6280e+00 -1.2327e+00 -1.7272e+00 +1.4901e+00 -1.5537e+00 -2.4636e+00 -9.7265e-01 +2.8107e+00 +3.0117e+00 +2.1288e+00
362 0 +3.814434518e+00 +3.651443452e+01 +3.651443452e+01 -2.6280e+00 -1.2327e+00 -1.5977e+00 +1.4901e+00 -1.5537e+00 -2.4636e+00 -9.7265e-01 +2.8107e+00 +3.0117e+00 +2.1288e+00
412 0 +3.528423948e+00 +3.622842395e+01 +3.622842395e+01 -2.6280e+00 -1.2327e+00 -1.7272e+00 +1.4901e+00 -5.6821e-01 -2.4636e+00 -9.7265e-01 +2.8107e+00 +3.0117e+00 +2.1288e+00
512 0 +3.220062340e+00 +3.592006234e+01 +3.592006234e+01 -2.1542e+00 -1.0790e+00 -3.0385e-02 +1.2802e+00 -1.1245e+00 -2.4459e+00 -9.1217e-01 +2.4741e+00 +2.8714e+00 +1.6887e+00
655 0 +3.005585317e+00 +3.570558532e+01 +3.570558532e+01 -2.2799e+00 -1.1164e+00 -4.8747e-01 +1.3388e+00 -1.0929e+00 -2.4500e+00 -9.2286e-01 +2.5626e+00 +2.9094e+00 +1.8042e+00
864 0 +2.819159197e+00 +3.551915920e+01 +3.551915920e+01 -2.3093e+00 -1.1293e+00 -1.7503e-01 +1.3489e+00 -9.4242e-01 -2.4517e+00 -9.3197e-01 +2.5843e+00 +2.9173e+00 +1.8327e+00
% f evaluations | g evaluations | best noise-free fitness - Fopt (-3.943000000000e+01) + sum g_i+ | measured fitness | best measured fitness or single-digit g-values | x1 | x2...
1 0 +7.174107688e+01 +3.231107688e+01 +3.231107688e+01 -4.4282e+00 +1.6664e+00 -2.6120e+00 -3.1280e+00 -5.2902e-01 +3.0271e+00 -4.4111e+00 +4.7804e+00 -3.4783e+00 -5.7393e-01
2 0 +5.783524338e+01 +1.840524338e+01 +1.840524338e+01 +1.7906e-01 +1.8792e+00 -4.1794e-02 -1.5180e+00 +9.7775e-01 +2.2008e+00 -3.4348e+00 +7.3620e-01 +4.6060e+00 +7.9277e-01
6 0 +5.640310539e+01 +1.697310539e+01 +1.697310539e+01 +2.6622e+00 -3.7293e+00 +9.1333e-01 +1.9933e+00 +4.5121e+00 +1.3184e+00 +9.8417e-01 +1.7106e+00 -4.7002e+00 -4.7301e+00
9 0 +3.263248062e+01 -6.797519381e+00 -6.797519381e+00 +1.1336e+00 +3.9152e+00 +9.2176e-01 -3.0430e+00 -2.7138e+00 -4.1978e+00 -1.7589e-02 +1.1757e+00 +3.5741e-01 -4.3601e+00
21 0 +2.683973011e+01 -1.259026989e+01 -1.259026989e+01 -1.0655e+00 +4.0337e+00 +7.5110e-02 +4.3107e+00 +4.2724e+00 -4.0142e+00 +1.5461e-01 -1.9293e-01 -3.9482e-01 +1.2708e+00
48 0 +1.936521768e+01 -2.006478232e+01 -2.006478232e+01 +6.9860e-01 +3.8850e+00 +1.9935e+00 +6.5454e-01 +1.5155e+00 -2.0518e+00 -1.4916e+00 +1.6716e-02 +3.5643e+00 -2.1243e+00
53 0 +1.882799578e+01 -2.060200422e+01 -2.060200422e+01 -7.0397e-01 +2.8822e+00 +2.8724e-01 +3.9538e+00 +4.1468e+00 -3.2385e+00 +3.2198e-01 -1.1679e-01 -5.4638e-01 +1.7125e+00
102 0 +1.504691951e+01 -2.438308049e+01 -2.438308049e+01 -1.9293e-01 +1.2545e+00 +5.8708e-01 +3.4494e+00 +3.9694e+00 -2.1421e+00 +5.5856e-01 -9.1656e-03 -7.6062e-01 +2.3367e+00
159 0 +1.441339462e+01 -2.501660538e+01 -2.501660538e+01 -2.7312e-01 +1.3364e+00 +4.1581e-01 +3.2854e+00 +3.7368e+00 -2.1110e+00 +3.4125e-01 +4.4820e-03 -7.7226e-01 +2.1908e+00
255 0 +1.313919888e+01 -2.629080112e+01 -2.629080112e+01 -6.7306e-01 +1.7445e+00 -4.3841e-01 +2.4679e+00 +2.5764e+00 -1.9557e+00 -7.4258e-01 +7.2548e-02 -8.3030e-01 +1.4628e+00
462 0 +1.236204119e+01 -2.706795881e+01 -2.706795881e+01 -2.7312e-01 +1.3364e+00 +1.7384e-01 +3.2854e+00 +1.3963e+00 -2.1110e+00 +3.4125e-01 +4.4820e-03 -7.7226e-01 +2.1908e+00
664 0 +1.166297104e+01 -2.776702896e+01 -2.776702896e+01 -4.6025e-01 +1.5273e+00 -1.5988e-01 +2.9029e+00 +1.4913e+00 -2.0383e+00 -1.6585e-01 +3.6329e-02 -7.9942e-01 +1.0160e+00
912 0 +1.146663195e+01 -2.796336805e+01 -2.796336805e+01 -4.6025e-01 +1.5273e+00 -5.5089e-02 +2.9029e+00 +1.4913e+00 -2.0383e+00 -1.6585e-01 +3.6329e-02 -7.9942e-01 +1.0160e+00
% f evaluations | g evaluations | best noise-free fitness - Fopt (4.197200000000e+02) + sum g_i+ | measured fitness | best measured fitness or single-digit g-values | x1 | x2...
1 0 +1.638735281e+02 +5.835935281e+02 +5.835935281e+02 -2.8893e+00 -3.8062e+00 +8.9709e-01 -3.1526e+00 -1.2996e+00 -5.4023e-01 -3.5129e+00 -1.9781e+00 -2.3013e+00 +2.7262e-01
2 0 +6.141189037e+01 +4.811318904e+02 +4.811318904e+02 -2.7367e+00 +4.0813e+00 +4.3861e+00 +1.5165e+00 +4.3077e+00 +3.5637e+00 -3.5298e+00 -3.9202e+00 -4.7080e+00 +1.6315e+00
4 0 +3.312873613e+01 +4.528487361e+02 +4.528487361e+02 -4.9307e+00 +2.9972e+00 -6.2387e-01 +1.1968e+00 +6.2843e-01 -1.3060e+00 +4.5714e+00 +3.5474e-01 -2.5041e+00 -1.9174e+00
5 0 +1.552979723e+01 +4.352497972e+02 +4.352497972e+02 -4.5869e+00 +4.3460e+00 +1.4250e+00 +1.6138e+00 +2.1631e+00 -1.6288e+00 +1.1366e+00 +3.8549e+00 +5.5674e-01 -8.9238e-01
54 0 +8.814367217e+00 +4.285343672e+02 +4.285343672e+02 +1.7199e+00 +1.9429e+00 -2.3853e+00 +4.4846e+00 +1.6107e+00 -3.4093e+00 -9.6209e-01 -1.0533e+00 +1.2002e+00 +2.9869e+00
55 0 +7.114488789e+00 +4.268344888e+02 +4.268344888e+02 -1.8230e+00 +3.7385e+00 -1.8602e+00 +3.9547e+00 +3.2760e+00 -4.9502e-02 +9.1737e-01 +2.4296e-01 +1.8612e+00 +3.7903e+00
104 0 +2.726418038e+00 +4.224464180e+02 +4.224464180e+02 -9.8705e-02 +2.6006e+00 -2.1271e+00 +3.3447e+00 +2.8477e+00 -1.3852e+00 +2.9143e-01 -3.1954e-01 -2.8071e-01 +3.2724e+00
203 0 +2.464943282e+00 +4.221849433e+02 +4.221849433e+02 -5.6320e-02 +2.5553e+00 -2.1344e+00 +3.2729e+00 +2.8622e+00 -1.3984e+00 +2.9495e-01 -3.2889e-01 -1.1248e+00 +3.2514e+00
253 0 +2.375575486e+00 +4.220955755e+02 +4.220955755e+02 -2.0212e-01 +2.6636e+00 -2.1113e+00 +3.3639e+00 +2.8810e+00 -1.2991e+00 +3.3475e-01 -2.8444e-01 -7.8074e-01 +3.3009e+00
412 0 +2.320296932e+00 +4.220402969e+02 +4.220402969e+02 -2.4256e-01 +2.6888e+00 -2.1051e+00 +3.3735e+00 +2.8931e+00 -1.2662e+00 +3.5100e-01 -1.1477e-01 -7.2928e-01 +3.3124e+00
514 0 +2.210097332e+00 +4.219300973e+02 +4.219300973e+02 -2.0211e-01 +2.6570e+00 -2.1116e+00 +3.3425e+00 +2.8904e+00 -1.2411e+00 +1.7271e-01 -2.8276e-01 -7.6071e-01 +3.2978e+00
860 0 +2.067327602e+00 +4.217873276e+02 +4.217873276e+02 -2.1596e-01 +2.6679e+00 -2.1094e+00 +3.3532e+00 +2.8914e+00 -1.2497e+00 +8.4251e-02 -2.2446e-01 -7.4995e-01 +3.3028e+00
% f evaluations | g evaluations | best noise-free fitness - Fopt (7.640000000000e+00) + sum g_i+ | measured fitness | best measured fitness or single-digit g-values | x1 | x2...
1 0 +2.420923166e+02 +2.497323166e+02 +2.497323166e+02 +3.9951e+00 +1.0970e+00 +1.4832e+00 -4.7893e+00 -2.0378e+00 +1.2440e-01 +1.6973e+00 +3.6481e+00 -1.1309e+00 +4.6532e+00
3 0 +2.727781988e+01 +3.491781988e+01 +3.491781988e+01 +1.7351e+00 +5.4952e-01 +2.4472e+00 +3.3310e+00 +1.9901e+00 -1.7033e+00 -1.1516e+00 -4.8306e-02 +1.1617e+00 -3.8530e+00
52 0 +2.099362911e+01 +2.863362911e+01 +2.863362911e+01 -8.6405e-01 +1.2652e+00 +2.7297e+00 +1.3383e+00 +1.0599e+00 -1.2657e+00 +3.1586e-01 +9.0488e-01 -1.5170e+00 -2.4465e+00
59 0 +1.962928597e+01 +2.726928597e+01 +2.726928597e+01 -1.5732e+00 +2.7272e+00 +8.6012e-01 +8.1227e-01 +1.4815e+00 +3.9281e-01 +1.4415e+00 +2.3927e+00 -2.5114e+00 +1.0690e+00
108 0 +1.823309257e+01 +2.587309257e+01 +2.587309257e+01 -1.2951e+00 +2.7821e+00 +6.1587e-01 +1.0243e+00 +1.6527e+00 +4.8798e-01 +1.3613e+00 +2.4129e+00 -2.2530e+00 +1.2472e+00
252 0 +1.729156526e+01 +2.493156526e+01 +2.493156526e+01 -4.5771e-01 +2.7997e+00 +4.6968e-01 +9.0709e-01 +1.1014e+00 +2.0974e-01 +1.1023e+00 +2.4551e+00 -2.0391e+00 +1.4873e+00
261 0 +1.662971530e+01 +2.426971530e+01 +2.426971530e+01 -1.5732e+00 +2.7272e+00 +8.6012e-01 +7.0700e-01 +1.4815e+00 +3.9281e-01 +7.6346e-02 +2.3927e+00 -2.5114e+00 +1.0690e+00
311 0 +1.391438252e+01 +2.155438252e+01 +2.155438252e+01 -1.2792e+00 +2.7623e+00 +6.8199e-01 +7.3442e-01 +1.3904e+00 +3.5614e-01 +1.3126e+00 +6.8505e-01 -2.2951e+00 +1.2458e+00
514 0 +1.286717426e+01 +2.050717426e+01 +2.050717426e+01 -1.0229e+00 +2.7561e+00 +7.1295e-01 +7.4864e-01 +1.4080e+00 +3.5957e-01 +1.3208e+00 +4.3371e-01 -2.3397e+00 +1.2124e+00
564 0 +1.187041461e+01 +1.951041461e+01 +1.951041461e+01 -1.5612e+00 +2.7286e+00 +8.5285e-01 +7.0812e-01 +1.4777e+00 +3.9131e-01 +1.2683e-01 +3.9534e-01 -2.5025e+00 +1.0762e+00
764 0 +1.121433312e+01 +1.885433312e+01 +1.885433312e+01 -9.2002e-01 +2.7331e+00 +8.3034e-01 +7.1464e-01 +1.4665e+00 +3.8621e-01 +3.1893e-01 +4.0151e-01 -2.4763e+00 +1.0981e+00
961 0 +1.054058263e+01 +1.818058263e+01 +1.818058263e+01 -4.3452e-02 +2.7325e+00 +8.3327e-01 +7.1379e-01 +1.4680e+00 +3.8687e-01 +2.9393e-01 +4.0071e-01 -2.4797e+00 +1.0952e+00
% f evaluations | g evaluations | best noise-free fitness - Fopt (-1.276800000000e+02) + sum g_i+ | measured fitness | best measured fitness or single-digit g-values | x1 | x2...
1 0 +4.053037646e+01 -8.714962354e+01 -8.714962354e+01 -2.8761e+00 -2.9878e+00 -1.3872e+00 +2.6328e+00 +3.1316e+00 +7.0005e-01 -1.2345e+00 -1.1752e+00 +4.8621e+00 -4.2431e+00
5 0 +3.998699152e+01 -8.769300848e+01 -8.769300848e+01 +2.5871e+00 +2.7208e+00 +2.8882e+00 +6.1986e-02 -1.2660e+00 -1.6995e-01 -3.4629e+00 -3.5231e+00 +1.8905e-02 -4.3985e+00
15 0 +3.423703202e+01 -9.344296798e+01 -9.344296798e+01 +2.2182e+00 +1.7465e+00 +3.8818e+00 +4.2358e+00 -3.8012e+00 -4.1892e+00 +1.6224e+00 -3.0335e+00 -4.9123e-02 -1.3084e+00
29 0 +1.957145075e+01 -1.081085492e+02 -1.081085492e+02 +1.8687e+00 +2.0890e+00 +1.1662e+00 +3.8415e+00 -3.8949e+00 +4.5492e+00 -2.9661e-01 -3.5966e+00 +1.6075e+00 -5.5117e-01
54 0 +1.083241709e+01 -1.168475829e+02 -1.168475829e+02 +3.3716e+00 +3.8666e+00 +4.4840e+00 +1.0832e+00 -2.6420e+00 +1.1438e+00 -1.6383e+00 -3.6739e+00 +1.7072e+00 +5.6754e-01
105 0 +1.031905883e+01 -1.173609412e+02 -1.173609412e+02 -2.1360e-01 +3.3206e+00 +2.3405e+00 +3.5737e+00 -3.9665e+00 -1.1104e+00 -1.3948e+00 -3.2439e+00 +1.2703e+00 +1.3146e+00
107 0 +8.653397717e+00 -1.190266023e+02 -1.190266023e+02 +2.6455e+00 +3.2172e+00 +3.0622e+00 +1.7041e+00 -2.8932e+00 +2.0459e+00 -1.2021e+00 -3.5387e+00 +1.7319e+00 +2.9917e-01
155 0 +8.436828797e+00 -1.192431712e+02 -1.192431712e+02 +3.1563e+00 +3.4709e+00 +4.3716e+00 +1.6717e+00 -2.8583e+00 +1.4842e-01 -1.0297e+00 -3.5543e+00 +1.3794e+00 +2.1740e-01
204 0 +8.245161143e+00 -1.194348389e+02 -1.194348389e+02 +3.9258e-01 +2.6767e+00 +2.3814e+00 +2.4877e+00 -3.4542e+00 -1.3384e+00 -7.7525e-01 -2.6834e+00 +1.7201e+00 +5.2889e-01
253 0 +7.929335430e+00 -1.197506646e+02 -1.197506646e+02 +2.2539e+00 +3.3679e+00 +3.3026e+00 +2.2233e+00 -3.2029e+00 +1.3638e+00 -1.2995e+00 -3.5617e+00 +1.5887e+00 +4.9674e-01
303 0 +7.687686462e+00 -1.199923135e+02 -1.199923135e+02 +1.7303e+00 +3.3329e+00 +3.0594e+00 +2.5375e+00 -3.3762e+00 +9.0905e-01 -1.2997e+00 -3.4959e+00 +1.5225e+00 +6.4714e-01
356 0 +6.889506605e+00 -1.207904934e+02 -1.207904934e+02 +1.6057e+00 +2.9677e+00 +2.7480e+00 +2.0658e+00 -3.1522e+00 +4.8390e-01 -1.0051e+00 -3.1439e+00 +1.7264e+00 +4.0519e-01
457 0 +6.257004544e+00 -1.214229955e+02 -1.214229955e+02 +2.7446e-01 +2.5978e+00 +5.4564e-01 +7.8742e-01 -2.3677e+00 +6.6305e-02 -1.0702e+00 -2.7166e+00 +1.9665e+00 +9.9116e-01
512 0 +5.862251856e+00 -1.218177481e+02 -1.218177481e+02 +9.8490e-01 +2.9295e+00 +2.7033e+00 +1.1651e+00 -3.4155e+00 -4.9733e-01 -9.4605e-01 -3.0139e+00 +1.6140e+00 +5.4569e-01
654 0 +5.601189822e+00 -1.220788102e+02 -1.220788102e+02 +5.8069e-01 +2.7247e+00 +1.7398e+00 +1.3831e+00 -2.3968e+00 -4.7281e-01 -9.3968e-01 -2.8139e+00 +1.7771e+00 +7.1279e-01
1010 0 +5.289202262e+00 -1.223907977e+02 -1.223907977e+02 +6.8319e-01 +2.7766e+00 +1.9841e+00 +1.9595e-01 -2.6551e+00 -4.7903e-01 -9.4129e-01 -2.8646e+00 +1.7357e+00 +6.7042e-01
% f evaluations | g evaluations | best noise-free fitness - Fopt (-3.650000000000e+01) + sum g_i+ | measured fitness | best measured fitness or single-digit g-values | x1 | x2...
1 0 +6.980824180e+01 +3.330824180e+01 +3.330824180e+01 +1.8315e+00 -3.7571e+00 +2.3327e+00 +1.2911e+00 +3.7450e+00 +2.2259e+00 +4.9505e+00 -3.9338e+00 +2.9027e+00 -2.4573e+00
25 0 +5.278604038e+01 +1.628604038e+01 +1.628604038e+01 +9.2359e-01 -2.3258e+00 +1.0208e-01 -2.2285e+00 -1.2352e+00 +4.3467e+00 -3.3239e+00 -2.4797e+00 +1.7083e+00 -3.7483e+00
27 0 +1.993521912e+01 -1.656478088e+01 -1.656478088e+01 -1.7564e+00 +1.8996e-02 +1.8643e+00 -2.7571e+00 +3.6937e-02 +3.4754e+00 +4.1103e+00 +1.4222e-01 -4.6129e-01 -4.0978e+00
103 0 +1.900802498e+01 -1.749197502e+01 -1.749197502e+01 +4.7126e+00 +1.2681e+00 +3.6364e+00 +3.7426e+00 +3.4113e+00 +5.3984e-01 +3.4971e+00 +1.2323e+00 -3.6383e-01 +5.0771e-01
203 0 +1.724578835e+01 -1.925421165e+01 -1.925421165e+01 +4.6183e+00 +6.1970e-01 +2.5292e+00 +3.5292e+00 +2.2588e+00 +1.0231e+00 +2.7981e+00 +1.9513e+00 +1.6320e-01 -2.9048e-01
204 0 +1.658759918e+01 -1.991240082e+01 -1.991240082e+01 +4.5799e+00 +5.9649e-01 +2.4705e+00 +3.2083e+00 +2.5354e+00 +1.0308e+00 +2.7799e+00 +1.9451e+00 +1.7496e-01 -2.9668e-01
255 0 +1.597224671e+01 -2.052775329e+01 -2.052775329e+01 +4.2218e+00 +3.3076e-01 +2.0491e+00 +2.9044e+00 +2.1114e+00 +1.1082e+00 +2.5065e+00 +1.8696e+00 +3.5078e-01 -6.7708e-01
505 0 +1.527918907e+01 -2.122081093e+01 -2.122081093e+01 +4.1859e+00 -2.1528e-01 +1.0918e+00 +2.4918e+00 +1.4175e+00 +1.5350e+00 +1.9173e+00 +2.5334e+00 +7.9765e-01 -1.3165e+00
610 0 +9.499113033e+00 -2.700088697e+01 -2.700088697e+01 +2.5296e+00 +4.1865e-01 +2.0583e+00 +2.8747e+00 +2.2305e+00 +9.9093e-01 +2.6455e+00 +1.5988e+00 +2.2076e-01 -3.9746e-01
811 0 +9.182620488e+00 -2.731737951e+01 -2.731737951e+01 +2.5240e+00 +2.7396e-01 +1.8664e+00 +2.8436e+00 +2.0125e+00 +1.1198e+00 +2.4674e+00 +1.8338e+00 +3.4012e-01 -6.3652e-01
914 0 +9.037893053e+00 -2.746210695e+01 -2.746210695e+01 +1.3997e+00 +2.9497e-01 +1.9113e+00 +2.8159e+00 +2.0795e+00 +1.1126e+00 +2.4917e+00 +1.4974e+00 +3.5746e-01 -6.2922e-01
1004 0 +8.727148820e+00 -2.777285118e+01 -2.777285118e+01 +2.1681e+00 +3.7290e-01 +2.0203e+00 +2.8731e+00 +2.1661e+00 +1.0402e+00 +2.5828e+00 +1.7007e+00 +2.7195e-01 -5.0175e-01
% f evaluations | g evaluations | best noise-free fitness - Fopt (1.728700000000e+02) + sum g_i+ | measured fitness | best measured fitness or single-digit g-values | x1 | x2...
1 0 +2.827502418e+01 +2.011450242e+02 +2.011450242e+02 -3.3643e+00 +2.2188e+00 -1.1795e-01 -3.4780e+00 +3.9050e+00 -2.8322e+00 +4.8435e+00 +7.7156e-01 +9.4676e-01 -4.6831e-01
34 0 +1.464492953e+01 +1.875149295e+02 +1.875149295e+02 +3.1211e+00 +2.8309e+00 +3.9385e+00 +2.5978e+00 -8.8606e-01 -4.3017e+00 +3.4427e+00 -2.8621e+00 -3.7935e+00 -2.5126e+00
40 0 +9.311471772e+00 +1.821814718e+02 +1.821814718e+02 +1.0696e+00 -7.0851e-01 +1.9748e+00 +2.9587e+00 -7.8004e-02 -4.0178e+00 +4.6511e-01 -5.3567e-01 +1.2407e+00 -4.5349e+00
153 0 +8.471470967e+00 +1.813414710e+02 +1.813414710e+02 +4.9661e-01 -5.7752e-01 +4.1273e-01 +6.1963e-01 +1.1559e+00 -4.0745e+00 +1.9417e-01 -1.1337e+00 +1.6289e+00 -2.4897e+00
155 0 +6.956917032e+00 +1.798269170e+02 +1.798269170e+02 +8.3964e-01 -6.5594e-01 +1.3479e+00 +2.0199e+00 +4.1722e-01 -4.0406e+00 +3.5637e-01 -7.7571e-01 +1.3965e+00 -3.7141e+00
203 0 +5.914390841e+00 +1.787843908e+02 +1.787843908e+02 +3.4208e-01 -1.7534e-02 +1.0800e+00 +1.4686e+00 -1.8685e-01 -3.6168e+00 +1.5814e+00 -7.6846e-01 -4.2245e-01 -2.1924e+00
263 0 +5.487584556e+00 +1.783575846e+02 +1.783575846e+02 +8.3964e-01 -6.5594e-01 +1.3479e+00 +2.0199e+00 +4.1722e-01 -4.0406e+00 +3.5637e-01 -7.7571e-01 +6.3848e-01 -3.7141e+00
360 0 +5.195169618e+00 +1.780651696e+02 +1.780651696e+02 +8.3964e-01 -6.5594e-01 +1.3479e+00 +2.0199e+00 +4.1722e-01 -4.0406e+00 +3.5637e-01 -7.7571e-01 +4.4083e-01 -3.7141e+00
513 0 +5.066077117e+00 +1.779360771e+02 +1.779360771e+02 +8.4083e-01 -6.5621e-01 +1.3511e+00 +4.2704e-01 +4.1466e-01 -4.0405e+00 +3.5693e-01 -7.7447e-01 +8.9850e-01 -3.7183e+00
514 0 +4.819071501e+00 +1.776890715e+02 +1.776890715e+02 +8.3964e-01 -6.5594e-01 +7.3153e-01 +2.0199e+00 +4.1722e-01 -4.0406e+00 +3.5637e-01 -7.7571e-01 +4.1634e-02 -3.7141e+00
557 0 +4.731908978e+00 +1.776019090e+02 +1.776019090e+02 +8.3995e-01 -6.5601e-01 +8.9148e-01 +1.8442e+00 +4.1656e-01 -4.0405e+00 +3.5652e-01 -7.7539e-01 +2.6284e-01 -3.7152e+00
656 0 +4.578822502e+00 +1.774488225e+02 +1.774488225e+02 +8.4031e-01 -6.5609e-01 +1.0789e+00 +1.3183e+00 +4.1578e-01 -4.0405e+00 +3.5669e-01 -7.7501e-01 +5.2229e-01 -3.7165e+00
752 0 +4.546983293e+00 +1.774169833e+02 +1.774169833e+02 +8.4007e-01 -6.5604e-01 +9.5573e-01 +1.5671e+00 +4.1629e-01 -4.0405e+00 +3.5658e-01 -7.7525e-01 +3.5185e-01 -3.7156e+00
763 0 +4.438934649e+00 +1.773089346e+02 +1.773089346e+02 +8.4021e-01 -6.5607e-01 +1.0240e+00 +1.4836e+00 +1.9731e-01 -4.0405e+00 +3.5664e-01 -7.7511e-01 +4.4672e-01 -3.7161e+00
813 0 +4.235983432e+00 +1.771059834e+02 +1.771059834e+02 +8.3964e-01 -6.5594e-01 +7.3153e-01 +2.3663e-01 +4.1722e-01 -4.0406e+00 +3.5637e-01 -7.7571e-01 +4.1634e-02 -3.7141e+00
964 0 +4.081757441e+00 +1.769517574e+02 +1.769517574e+02 +8.3964e-01 -6.5594e-01 +7.3153e-01 +2.3663e-01 +4.1722e-01 -3.4432e+00 +3.5637e-01 -7.7571e-01 +2.9683e-02 -3.7141e+00
% f evaluations | g evaluations | best noise-free fitness - Fopt (1.577200000000e+02) + sum g_i+ | measured fitness | best measured fitness or single-digit g-values | x1 | x2...
1 0 +5.469413933e+01 +2.124141393e+02 +2.124141393e+02 -1.4725e+00 -1.0761e+00 +2.9253e+00 +4.4339e+00 +4.4610e+00 -4.3110e+00 +6.7826e-02 -3.7224e+00 -4.9713e+00 -4.9174e+00
4 0 +2.242940321e+01 +1.801494032e+02 +1.801494032e+02 -3.4585e+00 +2.7423e+00 -3.6156e-01 +2.4161e+00 +5.6207e-01 +4.7303e+00 -2.9773e+00 -4.5243e+00 -9.7863e-01 -2.8891e+00
59 0 +2.200722910e+01 +1.797272291e+02 +1.797272291e+02 -2.9230e+00 +2.6474e+00 +7.4670e-01 +9.1324e-01 -5.2099e-01 +3.3828e+00 -1.5238e+00 -4.0745e+00 -1.2253e+00 -2.6549e+00
105 0 +1.991935746e+01 +1.776393575e+02 +1.776393575e+02 -2.9908e+00 -4.2116e-01 -1.2349e+00 +2.6589e+00 +1.8648e+00 +4.5391e+00 -4.0912e-01 -8.1129e-01 +4.6316e-01 -2.3743e+00
108 0 +1.842369115e+01 +1.761436911e+02 +1.761436911e+02 -3.1080e+00 +3.7146e-01 -1.0161e+00 +2.5980e+00 +1.5384e+00 +4.5870e+00 -1.0526e+00 -1.7416e+00 +1.0191e-01 -2.5033e+00
154 0 +1.729605654e+01 +1.750160565e+02 +1.750160565e+02 -2.3809e+00 -3.7376e-01 +1.8941e-01 +1.2719e+00 +1.7259e+00 +3.7555e+00 +4.5768e-01 -5.1620e-01 -9.3092e-01 -2.8971e+00
208 0 +1.612071514e+01 +1.738407151e+02 +1.738407151e+02 -2.8541e+00 +2.6418e-01 -5.0485e-01 +2.0514e+00 +1.4732e+00 +4.2351e+00 -5.7831e-01 -1.4778e+00 -3.2473e-01 -2.6440e+00
209 0 +1.560701550e+01 +1.733270155e+02 +1.733270155e+02 -2.6176e+00 -5.4715e-02 -1.5780e-01 +1.6618e+00 +1.5995e+00 +3.9954e+00 -6.0437e-02 -9.9710e-01 -6.2775e-01 -2.7705e+00
357 0 +1.512488170e+01 +1.728448817e+02 +1.728448817e+02 -2.4891e+00 +2.9151e-01 +3.0015e-01 +1.2001e+00 +1.2261e+00 +3.6971e+00 +2.3711e-02 -1.3086e+00 -9.7259e-01 -2.8416e+00
713 0 +1.456464542e+01 +1.722846454e+02 +1.722846454e+02 -2.5213e+00 +2.5953e-02 +1.9714e-01 +1.3012e+00 +1.2369e+00 +3.7800e+00 -4.3947e-02 -1.3546e+00 -8.7659e-01 -2.8156e+00
% f evaluations | g evaluations | best noise-free fitness - Fopt (2.819000000000e+01) + sum g_i+ | measured fitness | best measured fitness or single-digit g-values | x1 | x2...
1 0 +6.346523086e+01 +9.165523086e+01 +9.165523086e+01 +7.9606e-01 -2.8974e+00 -4.4883e+00 +2.8223e+00 +4.8074e-01 -3.1356e+00 -4.2695e+00 -2.7037e+00 -2.9144e+00 -4.6946e+00
2 0 +2.615005942e+01 +5.434005942e+01 +5.434005942e+01 +1.0859e-01 +1.5097e+00 +1.2466e+00 +4.0201e+00 -2.0989e+00 -3.4380e+00 -4.5694e-01 -4.8019e+00 -4.6513e+00 -1.3149e+00
4 0 +1.320852964e+01 +4.139852964e+01 +4.139852964e+01 +4.5177e+00 +5.4848e-01 -2.7977e+00 +1.3804e+00 -1.5351e+00 -1.6905e+00 -1.4228e+00 -4.0466e+00 -3.5648e+00 -6.1163e-01
58 0 +1.089972220e+01 +3.908972220e+01 +3.908972220e+01 +2.3407e+00 +1.1010e+00 -3.0618e+00 +1.8079e+00 +3.2715e+00 -2.9969e+00 +5.2431e-01 -2.9315e+00 -1.4403e+00 +1.3547e+00
59 0 +6.770977626e+00 +3.496097763e+01 +3.496097763e+01 +2.3252e+00 -1.2351e+00 -1.6892e+00 +3.4185e+00 +1.8667e+00 -3.4701e+00 -2.6533e+00 +4.9928e-01 -4.0933e+00 +2.8424e-02
108 0 +4.524104506e+00 +3.271410451e+01 +3.271410451e+01 +3.0549e+00 -6.4151e-01 -2.0581e+00 +2.7402e+00 +7.3454e-01 -2.8778e+00 -2.2438e+00 -1.0136e+00 -3.9174e+00 -1.8458e-01
152 0 +3.752719943e+00 +3.194271994e+01 +3.194271994e+01 +2.9665e+00 -5.5902e-01 -1.9333e+00 +2.4330e+00 +7.4668e-01 -2.6788e+00 -2.2470e+00 -1.0985e+00 -3.6562e+00 -3.7620e-03
255 0 +3.713006661e+00 +3.190300666e+01 +3.190300666e+01 +2.9822e+00 -5.0142e-01 -1.9745e+00 +2.3733e+00 +7.5898e-01 -2.6671e+00 -2.1703e+00 -1.1949e+00 -3.6057e+00 +1.4624e-02
259 0 +3.422124371e+00 +3.161212437e+01 +3.161212437e+01 +2.8944e+00 -4.3476e-01 -1.8038e+00 +2.0288e+00 +7.1307e-01 -2.4194e+00 -2.2306e+00 -1.2663e+00 -3.3401e+00 +2.0019e-01
402 0 +3.349256243e+00 +3.153925624e+01 +3.153925624e+01 +2.9108e+00 -4.6304e-01 -1.8333e+00 +2.1208e+00 +7.2072e-01 -2.4785e+00 -2.0616e+00 -1.2281e+00 -3.4121e+00 +1.5377e-01
410 0 +2.371061950e+00 +3.056106195e+01 +3.056106195e+01 +2.9732e+00 -5.6648e-01 -2.4505e-01 +2.4581e+00 +7.4406e-01 -2.6935e+00 -2.2470e+00 -1.0895e+00 -3.6745e+00 -1.8636e-02
664 0 +2.145001419e+00 +3.033500142e+01 +3.033500142e+01 +2.9399e+00 -5.1090e-01 -3.3632e-01 +2.2769e+00 +4.7454e-01 -2.5779e+00 -2.2401e+00 -1.1641e+00 -3.5334e+00 +7.3770e-02
706 0 +1.997745465e+00 +3.018774546e+01 +3.018774546e+01 +1.7549e+00 -5.3546e-01 -6.3529e-01 +2.3570e+00 +6.7109e-01 -2.6290e+00 -2.2432e+00 -1.1311e+00 -3.5958e+00 +3.2930e-02
753 0 +1.984357333e+00 +3.017435733e+01 +3.017435733e+01 +2.1528e+00 -5.2945e-01 -7.1679e-01 +2.3374e+00 +6.0643e-01 -2.6165e+00 -2.2424e+00 -1.1392e+00 -3.3947e+00 +4.2934e-02
964 0 +1.925018510e+00 +3.011501851e+01 +3.011501851e+01 +2.3274e+00 -5.2946e-01 -4.4836e-01 +2.3375e+00 +6.1681e-01 -2.6165e+00 -2.2424e+00 -1.1392e+00 -3.3694e+00 +3.1467e-02
1014 0 +1.891430964e+00 +3.008143096e+01 +3.008143096e+01 +2.0281e+00 -5.3133e-01 -6.9124e-01 +2.3435e+00 +6.2670e-01 -2.6204e+00 -1.8362e+00 -1.1367e+00 -3.4577e+00 +3.9798e-02
% f evaluations | g evaluations | best noise-free fitness - Fopt (-9.925000000000e+01) + sum g_i+ | measured fitness | best measured fitness or single-digit g-values | x1 | x2...
1 0 +1.230296289e+02 +2.377962888e+01 +2.377962888e+01 +3.1142e+00 -3.9639e+00 -2.5822e+00 -2.9703e+00 +5.9342e-01 +1.1964e+00 +1.8475e-01 +4.6001e-01 -5.5866e-01 -2.4072e-01
6 0 +6.164613269e+01 -3.760386731e+01 -3.760386731e+01 -2.5792e+00 -2.7558e+00 -4.0320e+00 -3.3008e-01 -1.5011e-01 -4.7647e+00 +1.0193e-02 +2.3145e-01 -3.6316e+00 -2.5601e+00
19 0 +5.466092750e+01 -4.458907250e+01 -4.458907250e+01 -2.6266e+00 -4.3438e+00 +2.7354e+00 -1.4392e+00 +2.3413e+00 -1.4642e+00 -1.7335e+00 +2.5578e+00 +6.6585e-01 +1.9818e+00
26 0 +4.911672491e+01 -5.013327509e+01 -5.013327509e+01 -1.5191e+00 -8.3915e-01 +2.2506e+00 -3.2615e+00 -2.0909e+00 +1.5590e+00 +7.5540e-01 +4.1711e+00 +1.7603e+00 +7.1617e-01
27 0 +4.036810980e+01 -5.888189020e+01 -5.888189020e+01 +5.0717e-01 +3.3673e+00 -3.3505e+00 +3.2852e+00 +2.5698e+00 +3.7371e+00 -1.0613e+00 +3.9385e+00 -6.5060e-01 +3.5848e+00
36 0 +2.504041437e+01 -7.420958563e+01 -7.420958563e+01 -3.3941e+00 +7.8360e-01 -3.1269e+00 +3.1691e-01 +1.4162e+00 +3.8084e+00 -3.1605e+00 +1.5051e+00 +2.1767e+00 -2.2676e+00
45 0 +1.945168571e+01 -7.979831429e+01 -7.979831429e+01 -2.5140e-01 -3.8585e+00 -1.6678e+00 +3.1693e+00 +2.6920e+00 +3.2910e+00 -3.0192e+00 +2.5340e+00 -3.5836e+00 -1.1055e+00
56 0 +1.732848772e+01 -8.192151228e+01 -8.192151228e+01 +1.5807e+00 -2.6528e+00 -2.4749e+00 +3.1216e+00 +8.0826e-01 +1.3017e+00 -9.2770e-01 +3.3947e+00 -3.9132e+00 -1.0349e+00
208 0 +1.680458015e+01 -8.244541985e+01 -8.244541985e+01 +1.2901e+00 -2.4872e+00 -2.3349e+00 +3.1657e+00 +1.1496e+00 +1.7744e+00 -1.4301e+00 +3.3106e+00 -3.7108e+00 -8.8130e-01
252 0 +1.339809296e+01 -8.585190704e+01 -8.585190704e+01 -1.8297e+00 -1.3535e+00 -6.2671e-01 +2.6562e+00 +1.4098e+00 +2.5436e+00 -1.2660e+00 +2.6209e+00 -1.9463e+00 -1.3409e+00
409 0 +1.295347861e+01 -8.629652139e+01 -8.629652139e+01 -2.1526e+00 -6.6825e-01 -5.2830e-01 +2.6260e+00 +1.1264e+00 +2.4561e+00 -7.5600e-01 +1.2566e+00 -1.6703e+00 -1.3683e+00
507 0 +1.282485392e+01 -8.642514608e+01 -8.642514608e+01 -2.0874e+00 -7.4622e-01 -5.4600e-01 +2.6303e+00 +1.1637e+00 +2.3610e+00 -8.3903e-01 +1.4283e+00 -1.7094e+00 -1.3562e+00
605 0 +1.258788591e+01 -8.666211409e+01 -8.666211409e+01 -1.5056e+00 -1.1636e+00 -8.7421e-01 +2.7361e+00 +1.2122e+00 +2.3791e+00 -9.7427e-01 +1.8070e+00 -2.1084e+00 -1.2918e+00
662 0 +1.118253754e+01 -8.806746246e+01 -8.806746246e+01 -1.5567e-01 -1.3807e+00 -9.4918e-01 +2.7726e+00 +1.3205e+00 +2.4387e+00 -1.1279e+00 +1.8918e+00 -2.2367e+00 -1.2754e+00
904 0 +1.049563633e+01 -8.875436367e+01 -8.875436367e+01 -6.6425e-01 -1.2875e+00 -9.1700e-01 +2.7570e+00 +1.2740e+00 +2.4131e+00 -1.0619e+00 +1.6620e+00 -1.4373e+00 -1.2824e+00
