% f evaluations | g evaluations | best noise-free fitness - Fopt (-4.620900000000e+02) + sum g_i+ | measured fitness | best measured fitness or single-digit g-values | x1 | x2...
1 0 +1.060754694e+03 +5.986646940e+02 +5.986646940e+02 +1.5638e+00 +4.2729e-01 -3.0204e+00 -5.2615e-01 +3.2754e+00
7 0 +4.409298691e+02 -2.116013086e+01 -2.116013086e+01 -1.7935e+00 +1.3140e+00 +2.9256e-01 +4.6091e+00 -3.0545e+00
9 0 +2.011973517e+02 -2.608926483e+02 -2.608926483e+02 -3.1598e+00 -4.0418e+00 -3.6740e-01 -5.8493e-01 +9.0333e-01
32 0 +1.739359058e+02 -2.881540942e+02 -2.881540942e+02 -3.9987e+00 +4.7165e+00 -1.9703e+00 -5.7826e-01 +1.5975e+00
40 0 +1.208933799e+02 -3.411966201e+02 -3.411966201e+02 -3.0000e+00 +1.3894e+00 -3.4286e-02 +3.2466e+00 +1.9017e+00
45 0 +7.218416269e+01 -3.899058373e+02 -3.899058373e+02 -5.3496e-02 +2.9771e+00 +1.8427e+00 +2.2041e+00 +1.6542e+00
61 0 +6.974322281e+01 -3.923467772e+02 -3.923467772e+02 +7.6083e-01 +1.3124e-01 +6.3697e-01 +2.3198e+00 +2.2801e+00
109 0 +5.226428493e+01 -4.098257151e+02 -4.098257151e+02 +6.5157e-02 +1.9414e+00 +1.7733e+00 +1.1746e+00 +1.9252e+00
152 0 +4.857932241e+01 -4.135106776e+02 -4.135106776e+02 +1.6222e-01 +1.0941e+00 +1.7166e+00 +3.3232e-01 +2.1470e+00
157 0 +4.293482265e+01 -4.191551773e+02 -4.191551773e+02 +2.1122e-01 +6.6643e-01 +1.6880e+00 -9.2822e-02 +2.2589e+00
205 0 +2.436274309e+01 -4.377272569e+02 -4.377272569e+02 +1.1377e-01 +1.5170e+00 +1.7449e+00 +7.5273e-01 +2.0363e+00
357 0 +2.103597914e+01 -4.410540209e+02 -4.410540209e+02 +1.1377e-01 +1.5170e+00 +1.6795e+00 +7.5273e-01 +2.0363e+00
454 0 +1.656141065e+01 -4.455285894e+02 -4.455285894e+02 +1.1598e-01 +1.5111e+00 +1.7076e+00 +7.1681e-01 +1.9959e+00
% f evaluations | g evaluations | best noise-free fitness - Fopt (7.766000000000e+01) + sum g_i+ | measured fitness | best measured fitness or single-digit g-values | x1 | x2...
1 0 +4.625167558e+02 +5.401767558e+02 +5.401767558e+02 -2.0151e+00 +1.8023e+00 -1.6553e+00 -4.3593e+00 +2.1830e-01
2 0 +2.701122145e+02 +3.477722145e+02 +3.477722145e+02 +1.1720e+00 -1.9724e+00 -1.3908e+00 +2.0441e+00 -1.6390e+00
19 0 +1.588258381e+02 +2.364858381e+02 +2.364858381e+02 +2.6330e+00 -1.5080e+00 +1.7573e+00 +3.4656e+00 +2.5484e+00
25 0 +1.457774180e+02 +2.234374180e+02 +2.234374180e+02 +1.4571e+00 -4.1846e+00 -2.0180e+00 +3.1534e+00 +5.4595e-01
49 0 +1.313463658e+02 +2.090063658e+02 +2.090063658e+02 +2.1953e+00 -4.0172e+00 +1.3009e-02 +7.7917e-01 +1.1354e+00
102 0 +7.761195968e+01 +1.552719597e+02 +1.552719597e+02 +2.3209e+00 -3.2973e+00 +5.1349e-01 +1.5500e+00 +1.5408e+00
103 0 +3.034624955e+01 +1.080062496e+02 +1.080062496e+02 +2.5074e+00 -2.2280e+00 +1.2568e+00 +2.6948e+00 +2.1430e+00
311 0 +2.670691054e+01 +1.043669105e+02 +1.043669105e+02 +1.4526e+00 -2.2280e+00 +1.2568e+00 +2.6948e+00 +2.1430e+00
% f evaluations | g evaluations | best noise-free fitness - Fopt (1.156800000000e+02) + sum g_i+ | measured fitness | best measured fitness or single-digit g-values | x1 | x2...
1 0 +5.434264084e+01 +1.700226408e+02 +1.700226408e+02 +1.2648e+00 -3.1503e+00 -2.1647e+00 +3.0760e+00 +3.0475e+00
103 0 +4.648524202e+01 +1.621652420e+02 +1.621652420e+02 +1.7800e-01 -1.9477e+00 -1.2785e+00 +3.1942e+00 +2.8597e+00
304 0 +4.094850123e+01 +1.566285012e+02 +1.566285012e+02 +1.2357e-01 -1.8875e+00 -1.2341e+00 +3.1766e+00 +2.8503e+00
% f evaluations | g evaluations | best noise-free fitness - Fopt (-3.710000000000e+00) + sum g_i+ | measured fitness | best measured fitness or single-digit g-values | x1 | x2...
1 0 +1.852322569e+02 +1.815222569e+02 +1.815222569e+02 -6.9205e-01 -9.6481e-01 -3.1252e+00 +2.3466e+00 +9.3744e-01
4 0 +8.238157027e+01 +7.867157027e+01 +7.867157027e+01 -3.0812e+00 -3.0472e+00 -5.7167e-01 +4.5631e+00 +3.0998e+00
402 0 +8.104411932e+01 +7.733411932e+01 +7.733411932e+01 -2.9173e+00 -3.0226e+00 -4.0371e-01 +4.3768e+00 +2.7690e+00
414 0 +4.750020234e+01 +4.379020234e+01 +4.379020234e+01 -6.9363e-02 -3.0622e+00 -5.2011e-01 +4.3042e+00 +2.5691e+00
461 0 +4.481890807e+01 +4.110890807e+01 +4.110890807e+01 -1.5643e-02 -3.0622e+00 -5.2011e-01 +4.3042e+00 +2.5691e+00
% f evaluations | g evaluations | best noise-free fitness - Fopt (1.321800000000e+02) + sum g_i+ | measured fitness | best measured fitness or single-digit g-values | x1 | x2...
1 0 +6.997652975e+02 +8.319452975e+02 +8.319452975e+02 -2.7430e+00 -4.5676e+00 +1.0887e+00 +1.8298e+00 -4.7311e+00
2 0 +3.768833254e+02 +5.090633254e+02 +5.090633254e+02 -1.6535e+00 +2.5690e+00 +2.9636e+00 +4.9816e+00 +1.8938e+00
4 0 +1.561420873e+02 +2.883220873e+02 +2.883220873e+02 +3.9941e+00 +9.8456e-01 -1.4961e+00 -1.9419e+00 +1.1076e+00
52 0 +1.386667637e+02 +2.708467637e+02 +2.708467637e+02 -1.7935e+00 +1.7929e+00 +1.2512e-01 -2.1411e+00 +1.9554e+00
57 0 +1.315849074e+02 +2.637649074e+02 +2.637649074e+02 -4.7458e-01 +2.2213e+00 -1.2203e+00 -1.0502e+00 +2.0553e+00
103 0 +1.196415965e+02 +2.518215965e+02 +2.518215965e+02 +3.3171e+00 -1.2706e+00 +2.0436e+00 -1.6831e+00 +1.1375e+00
152 0 +8.203324640e+01 +2.142132464e+02 +2.142132464e+02 +2.8011e+00 -9.6126e-01 +1.8499e+00 -1.7294e+00 +1.2201e+00
302 0 +7.083763934e+01 +2.030176393e+02 +2.030176393e+02 +1.8161e+00 -1.0734e-04 +9.2039e-01 -1.5218e+00 +1.4723e+00
% f evaluations | g evaluations | best noise-free fitness - Fopt (-3.930000000000e+01) + sum g_i+ | measured fitness | best measured fitness or single-digit g-values | x1 | x2...
1 0 +6.555537308e+02 +6.162537308e+02 +6.162537308e+02 +8.6956e-01 +9.8531e-01 -3.6481e+00 +4.1532e+00 +1.7219e+00
2 0 +2.784168744e+02 +2.391168744e+02 +2.391168744e+02 +4.1875e+00 -6.8826e-01 +2.2523e+00 +4.2201e+00 +1.1370e+00
6 0 +1.902326661e+02 +1.509326661e+02 +1.509326661e+02 +3.0652e-01 +4.0179e+00 -3.4878e+00 +3.5369e+00 +2.1795e-02
15 0 +1.814232305e+02 +1.421232305e+02 +1.421232305e+02 -3.8348e+00 +3.4739e+00 -8.7568e-02 +9.1400e-01 +1.6186e-01
44 0 +1.353661429e+02 +9.606614290e+01 +9.606614290e+01 +3.0235e+00 +4.1546e-01 +1.0556e+00 +2.3873e+00 -1.1179e+00
56 0 +1.063239018e+02 +6.702390177e+01 +6.702390177e+01 +9.4358e-01 +1.2746e-02 +4.8064e-01 +4.0041e-01 +1.0063e+00
61 0 +9.760143309e+01 +5.830143309e+01 +5.830143309e+01 -3.6408e+00 +3.4399e+00 +1.8605e+00 +2.4877e+00 +3.0927e-01
203 0 +8.480149345e+01 +4.550149345e+01 +4.550149345e+01 +2.7571e+00 +3.8182e-01 +1.2527e+00 +2.5762e+00 -5.9255e-01
214 0 +4.492451190e+01 +5.624511899e+00 +5.624511899e+00 +3.5029e-01 -4.8544e-01 +2.0324e+00 +3.8833e+00 +7.2266e-01
355 0 +4.136352980e+01 +2.063529800e+00 +2.063529800e+00 +2.4501e-01 -3.7400e-01 +1.9540e+00 +3.6882e+00 +7.1958e-01
404 0 +3.631453492e+01 -2.985465080e+00 -2.985465080e+00 +2.8340e-01 -4.1463e-01 +1.9826e+00 +3.7594e+00 +7.2070e-01
405 0 +3.451130189e+01 -4.788698114e+00 -4.788698114e+00 +3.1190e-01 -4.4481e-01 +2.0038e+00 +3.8122e+00 +7.2154e-01
% f evaluations | g evaluations | best noise-free fitness - Fopt (4.296000000000e+01) + sum g_i+ | measured fitness | best measured fitness or single-digit g-values | x1 | x2...
1 0 +5.109268170e+02 +5.538868170e+02 +5.538868170e+02 +1.7237e+00 +4.6841e+00 +3.2306e+00 -3.7314e+00 -4.5281e+00
3 0 +2.591697958e+02 +3.021297958e+02 +3.021297958e+02 -1.3598e+00 +1.0082e+00 +1.9004e+00 +1.7644e+00 -3.3736e+00
6 0 +1.973077357e+02 +2.402677357e+02 +2.402677357e+02 +1.2201e+00 +4.5589e+00 +2.9624e+00 +1.3644e-01 -2.6411e+00
8 0 +1.662430633e+02 +2.092030633e+02 +2.092030633e+02 -2.0601e+00 +3.1756e-01 +3.1521e+00 -2.6381e-01 +1.0728e+00
19 0 +1.352166557e+02 +1.781766557e+02 +1.781766557e+02 +1.4833e+00 +2.9895e-01 -7.3281e-01 -1.2841e+00 -6.4659e-01
46 0 +5.980415080e+01 +1.027641508e+02 +1.027641508e+02 -5.9085e-02 -6.6778e-01 +2.7319e+00 +1.9805e+00 +4.7036e-01
104 0 +5.386004197e+01 +9.682004197e+01 +9.682004197e+01 -1.4343e+00 +3.0231e-01 +1.5960e+00 +2.2699e+00 +1.9725e-01
202 0 +5.222532332e+01 +9.518532332e+01 +9.518532332e+01 -1.0912e-01 -6.0453e-01 +2.6997e+00 +1.9365e+00 +4.1742e-01
303 0 +4.745820393e+01 +9.041820393e+01 +9.041820393e+01 -1.4110e+00 +2.9337e-01 +1.6277e+00 +2.2443e+00 +2.0585e-01
% f evaluations | g evaluations | best noise-free fitness - Fopt (2.842200000000e+02) + sum g_i+ | measured fitness | best measured fitness or single-digit g-values | x1 | x2...
1 0 +8.759787029e+02 +1.160198703e+03 +1.160198703e+03 +3.6226e+00 +8.9945e-01 -2.4937e+00 -3.2919e+00 -4.8150e+00
2 0 +2.783312124e+02 +5.625512124e+02 +5.625512124e+02 -1.9653e+00 -1.4034e+00 -4.2205e+00 +1.9508e+00 +2.2372e+00
6 0 +2.240941900e+02 +5.083141900e+02 +5.083141900e+02 -1.2935e+00 +1.1468e+00 +8.9821e-01 +4.3174e+00 -1.7872e+00
12 0 +9.088457886e+01 +3.751045789e+02 +3.751045789e+02 +2.8402e+00 -2.6944e+00 +4.7295e-01 +1.6413e+00 +1.1366e+00
28 0 +8.359625512e+01 +3.678162551e+02 +3.678162551e+02 +2.4546e+00 +3.8057e-01 -3.5253e-01 +2.8393e+00 +1.5863e+00
103 0 +6.950397335e+01 +3.537239733e+02 +3.537239733e+02 +4.1721e-01 +4.4417e-01 -1.7809e+00 +3.0499e+00 +1.0503e+00
104 0 +4.708250809e+01 +3.313025081e+02 +3.313025081e+02 +2.2750e+00 +3.8617e-01 -4.7845e-01 +2.8579e+00 +1.5391e+00
205 0 +3.329247110e+01 +3.175124711e+02 +3.175124711e+02 +2.0590e+00 -1.8689e-01 -5.2441e-01 +2.6604e+00 +1.3780e+00
% f evaluations | g evaluations | best noise-free fitness - Fopt (-3.217000000000e+01) + sum g_i+ | measured fitness | best measured fitness or single-digit g-values | x1 | x2...
1 0 +1.042108287e+03 +1.009938287e+03 +1.009938287e+03 +4.3885e+00 +2.9510e+00 +3.5274e-01 +2.6855e+00 +5.6159e-01
2 0 +1.021210762e+03 +9.890407620e+02 +9.890407620e+02 +1.1775e+00 -2.2918e+00 +1.6201e+00 +3.2499e+00 -2.5489e+00
3 0 +2.357078888e+02 +2.035378888e+02 +2.035378888e+02 +4.2150e-01 +3.5234e+00 -3.7525e+00 +4.6550e+00 +2.7794e+00
6 0 +2.229791347e+02 +1.908091347e+02 +1.908091347e+02 -4.3692e+00 -3.1888e+00 -2.6444e+00 -7.4890e-01 +1.9993e+00
7 0 +1.199892006e+02 +8.781920059e+01 +8.781920059e+01 -2.1913e+00 -3.2246e+00 -1.1472e+00 +6.8938e-01 +3.6299e+00
28 0 +8.685908511e+01 +5.468908511e+01 +5.468908511e+01 -3.3239e+00 +2.0182e+00 +2.2980e-01 -8.2718e-01 +3.6602e+00
56 0 +6.651723849e+01 +3.434723849e+01 +3.434723849e+01 +1.1560e+00 -1.3158e+00 -1.2747e+00 +8.0265e-01 +3.6588e+00
111 0 +5.679974178e+01 +2.462974178e+01 +2.462974178e+01 +5.2400e-01 -1.3158e+00 -1.2747e+00 +8.0265e-01 +3.6588e+00
256 0 +5.107425779e+01 +1.890425779e+01 +1.890425779e+01 -1.0710e+00 +1.1018e+00 -2.5031e-01 -4.1080e-01 +3.3777e+00
360 0 +4.750094023e+01 +1.533094023e+01 +1.533094023e+01 -1.0710e+00 +1.1018e+00 -6.8672e-02 -4.1080e-01 +3.3777e+00
506 0 +3.360467025e+01 +1.434670247e+00 +1.434670247e+00 -5.6578e-01 +4.5512e-01 -5.0834e-01 -1.0396e-01 +3.4482e+00
% f evaluations | g evaluations | best noise-free fitness - Fopt (-5.858000000000e+01) + sum g_i+ | measured fitness | best measured fitness or single-digit g-values | x1 | x2...
1 0 +8.871399014e+02 +8.285599014e+02 +8.285599014e+02 -4.5431e+00 -8.7093e-01 -1.4322e+00 -4.7055e+00 -4.2020e+00
3 0 +3.924861575e+02 +3.339061575e+02 +3.339061575e+02 +1.7868e+00 -4.2788e+00 -1.9997e+00 -2.4893e+00 -9.0257e-01
8 0 +1.385607599e+02 +7.998075990e+01 +7.998075990e+01 +2.6758e+00 +1.5368e-01 -1.8238e-01 +1.9836e+00 +8.7258e-01
18 0 +7.233233557e+01 +1.375233557e+01 +1.375233557e+01 +1.0465e+00 -3.7744e+00 -1.9482e+00 +2.7395e+00 +3.0122e+00
204 0 +6.275177857e+01 +4.171778570e+00 +4.171778570e+00 +9.4238e-01 -3.2178e+00 -1.4321e+00 +7.4381e-01 +2.8422e+00
361 0 +5.787020009e+01 -7.097999055e-01 -7.097999055e-01 +4.9104e-01 -3.7066e+00 -1.8479e+00 +1.9392e+00 +2.9270e+00
364 0 +5.707142801e+01 -1.508571992e+00 -1.508571992e+00 -2.5210e-01 -4.7068e+00 +1.0655e+00 +1.3469e+00 +3.5198e+00
503 0 +5.419454824e+01 -4.385451758e+00 -4.385451758e+00 +2.8994e-01 -4.3176e+00 -7.0248e-02 +1.9282e+00 +3.3079e+00
% f evaluations | g evaluations | best noise-free fitness - Fopt (-6.049200000000e+02) + sum g_i+ | measured fitness | best measured fitness or single-digit g-values | x1 | x2...
1 0 +1.370490266e+04 +1.309998266e+04 +1.309998266e+04 -5.8377e-01 -1.6208e+00 +3.3475e+00 +3.6687e+00 +4.0315e+00
2 0 +1.063295486e+04 +1.002803486e+04 +1.002803486e+04 +1.9849e+00 +4.7827e+00 -2.0450e+00 -3.5845e-01 +3.6723e+00
4 0 +1.053593099e+03 +4.486730991e+02 +4.486730991e+02 +3.5753e+00 +3.7680e+00 -1.2003e+00 -3.9465e+00 -1.2594e+00
5 0 +1.501589301e+02 -4.547610699e+02 -4.547610699e+02 -4.4181e+00 +1.4006e+00 +7.0539e-01 -2.5574e-01 -1.1576e+00
6 0 +1.289919016e+02 -4.759280984e+02 -4.759280984e+02 +1.0768e+00 -7.1222e-02 -5.3451e-01 -6.6925e-01 +4.6400e-01
14 0 +7.803568010e+01 -5.268843199e+02 -5.268843199e+02 +9.6696e-02 -6.6285e-01 +9.0698e-01 +6.8690e-01 +4.6580e-01
58 0 +4.957205739e+01 -5.553479426e+02 -5.553479426e+02 -9.2363e-01 +3.6726e-01 -1.2931e+00 +1.5144e+00 +3.6454e-01
312 0 +4.596269478e+01 -5.589573052e+02 -5.589573052e+02 -9.8072e-01 +1.0580e+00 -2.2121e-01 +1.4735e+00 -2.4226e-01
408 0 +4.188581808e+01 -5.630341819e+02 -5.630341819e+02 -9.4465e-01 +6.2155e-01 -8.9844e-01 +1.4993e+00 +3.6035e-02
455 0 +3.651097106e+01 -5.684090289e+02 -5.684090289e+02 -9.0953e-01 +6.6142e-01 -7.8319e-01 +1.4680e+00 +5.8404e-02
506 0 +3.569180605e+01 -5.692281939e+02 -5.692281939e+02 -9.1637e-01 +6.5365e-01 -8.0564e-01 +1.4741e+00 +5.4046e-02
% f evaluations | g evaluations | best noise-free fitness - Fopt (1.337000000000e+02) + sum g_i+ | measured fitness | best measured fitness or single-digit g-values | x1 | x2...
1 0 +4.550946705e+02 +5.887946705e+02 +5.887946705e+02 -4.2368e+00 -2.5699e+00 +2.8478e-01 -9.3021e-01 -1.9806e+00
5 0 +3.174762711e+02 +4.511762711e+02 +4.511762711e+02 +8.2247e-01 -2.1259e+00 -1.4849e-02 -3.0961e+00 +2.5813e-01
27 0 +1.205284023e+02 +2.542284023e+02 +2.542284023e+02 -3.5341e+00 +1.8343e+00 -2.3257e-01 +1.2701e+00 +1.4023e+00
314 0 +1.071099742e+02 +2.408099742e+02 +2.408099742e+02 -1.0698e+00 +1.8343e+00 -2.3257e-01 +1.2701e+00 +1.4023e+00
406 0 +1.001377584e+02 +2.338377584e+02 +2.338377584e+02 -2.5911e+00 +1.8326e+00 -2.3126e-01 +1.2573e+00 +1.4055e+00
458 0 +9.712787267e+01 +2.308278727e+02 +2.308278727e+02 -1.3033e+00 +1.8340e+00 -2.3237e-01 +1.2682e+00 +1.4028e+00
504 0 +9.191997959e+01 +2.256199796e+02 +2.256199796e+02 -1.4192e+00 +1.8339e+00 -2.3227e-01 +1.2672e+00 +1.4030e+00
% f evaluations | g evaluations | best noise-free fitness - Fopt (-2.098000000000e+01) + sum g_i+ | measured fitness | best measured fitness or single-digit g-values | x1 | x2...
1 0 +8.435781061e+02 +8.225981061e+02 +8.225981061e+02 -2.2235e+00 -2.2860e+00 +1.1139e+00 +2.3410e+00 -4.9843e+00
3 0 +2.228514364e+02 +2.018714364e+02 +2.018714364e+02 +3.5223e-01 -3.7292e-01 -1.4288e+00 +3.9597e+00 -5.4553e-01
6 0 +1.871367992e+02 +1.661567992e+02 +1.661567992e+02 -1.3437e+00 +2.3512e+00 -1.6225e+00 +3.7372e+00 +2.6764e+00
11 0 +1.410109403e+02 +1.200309403e+02 +1.200309403e+02 -4.9606e-01 +3.2810e+00 -5.9349e-01 -3.3177e-01 -1.4463e-01
49 0 +1.140089694e+02 +9.302896945e+01 +9.302896945e+01 -1.0117e-01 +4.1806e+00 -1.8412e+00 -2.7167e+00 +1.8306e+00
57 0 +1.085225688e+02 +8.754256885e+01 +8.754256885e+01 -1.2735e+00 +1.8054e-01 -2.5882e+00 +3.3941e-01 +9.9172e-01
106 0 +9.216353895e+01 +7.118353895e+01 +7.118353895e+01 -9.6026e-01 +2.9157e+00 -1.6900e+00 +1.7457e+00 +2.4154e+00
155 0 +6.918298983e+01 +4.820298983e+01 +4.820298983e+01 -1.1218e+00 +1.7482e+00 -2.1377e+00 +1.2945e+00 +1.9886e+00
258 0 +6.724830647e+01 +4.626830647e+01 +4.626830647e+01 -1.0033e+00 +2.4814e+00 -1.8724e+00 +1.4542e+00 +2.2305e+00
355 0 +5.940024912e+01 +3.842024912e+01 +3.842024912e+01 -7.9071e-01 +2.7122e+00 -1.9200e+00 +4.2719e-01 +2.0538e+00
356 0 +4.852357845e+01 +2.754357845e+01 +2.754357845e+01 -9.5226e-01 +2.5590e+00 -1.8771e+00 +1.1952e+00 +2.1926e+00
403 0 +4.311744243e+01 +2.213744243e+01 +2.213744243e+01 -9.9371e-01 +2.0557e+00 -1.9856e+00 +8.8751e-01 +1.7954e+00
% f evaluations | g evaluations | best noise-free fitness - Fopt (1.353300000000e+02) + sum g_i+ | measured fitness | best measured fitness or single-digit g-values | x1 | x2...
1 0 +2.901384360e+03 +3.036714360e+03 +3.036714360e+03 +7.4993e-01 +3.2052e+00 +2.4677e+00 +2.3533e+00 +4.6437e+00
2 0 +2.289865035e+03 +2.425195035e+03 +2.425195035e+03 +4.0989e-02 -1.6696e+00 -4.4425e+00 +1.0513e+00 +4.6444e+00
3 0 +6.401890706e+02 +7.755190706e+02 +7.755190706e+02 -4.8398e+00 -3.1832e+00 -4.9992e+00 +3.3591e+00 -1.8212e+00
4 0 +4.150347781e+02 +5.503647781e+02 +5.503647781e+02 +2.3469e+00 -4.3283e+00 -2.9966e+00 -2.1186e+00 +2.3167e+00
12 0 +2.608148245e+02 +3.961448245e+02 +3.961448245e+02 +6.8228e-01 -3.4132e+00 -2.7784e-02 +8.0017e-01 -3.6881e-01
19 0 +2.532948092e+02 +3.886248092e+02 +3.886248092e+02 -3.1422e+00 -1.4299e+00 -2.8138e+00 +2.2070e+00 +2.2713e+00
31 0 +2.378129903e+02 +3.731429903e+02 +3.731429903e+02 -2.2599e+00 +1.9761e+00 -3.9864e+00 +3.0555e-01 +9.9196e-01
43 0 +2.193051042e+02 +3.546351042e+02 +3.546351042e+02 -3.7799e+00 -2.9723e-01 -3.7939e+00 +7.6448e-01 +2.5803e+00
52 0 +1.990432622e+02 +3.343732622e+02 +3.343732622e+02 -2.5221e+00 +1.5840e+00 -3.9532e+00 +3.8470e-01 +1.2659e+00
58 0 +1.944606852e+02 +3.297906852e+02 +3.297906852e+02 -2.8849e+00 -1.5281e-01 -3.7306e+00 +2.4057e-01 +2.0312e+00
112 0 +1.736870608e+02 +3.090170608e+02 +3.090170608e+02 +1.2188e+00 -2.1365e+00 -1.9482e+00 -4.0845e+00 +5.5563e-01
154 0 +1.355134777e+02 +2.708434777e+02 +2.708434777e+02 -4.9289e-01 +2.3950e+00 +5.7536e-01 +6.5885e-01 +2.2745e+00
156 0 +1.265304330e+02 +2.618604330e+02 +2.618604330e+02 -1.4577e+00 -1.3906e+00 -2.5931e+00 -7.8079e-01 +1.4546e+00
208 0 +1.156234369e+02 +2.509534369e+02 +2.509534369e+02 -9.3538e-01 +1.7115e+00 -1.1552e-01 +6.8157e-01 +2.1955e+00
255 0 +1.091425484e+02 +2.444725484e+02 +2.444725484e+02 +4.0442e-01 -1.4356e+00 -1.8012e+00 -2.7718e+00 +9.6288e-01
357 0 +1.024663026e+02 +2.377963026e+02 +2.377963026e+02 +3.8410e-01 -1.3878e+00 -1.7757e+00 -2.7195e+00 +9.8158e-01
459 0 +1.018917716e+02 +2.372217716e+02 +2.372217716e+02 +3.8214e-01 -1.3832e+00 -1.7732e+00 -2.7144e+00 +9.8338e-01
503 0 +9.508773299e+01 +2.304177330e+02 +2.304177330e+02 +3.3780e-01 -1.2972e+00 -1.4822e+00 -2.6159e+00 +1.0181e+00
% f evaluations | g evaluations | best noise-free fitness - Fopt (4.066000000000e+01) + sum g_i+ | measured fitness | best measured fitness or single-digit g-values | x1 | x2...
1 0 +7.449809105e+02 +7.856409105e+02 +7.856409105e+02 +6.4806e-01 +4.2735e+00 -4.0701e+00 +2.9707e+00 -3.9949e+00
2 0 +4.224538792e+02 +4.631138792e+02 +4.631138792e+02 -7.2948e-01 -3.3071e+00 +4.3385e+00 -4.1605e+00 -3.7521e+00
5 0 +2.210314825e+02 +2.616914825e+02 +2.616914825e+02 -2.3828e+00 -2.2264e+00 +4.5013e+00 -2.7051e+00 +1.6045e+00
37 0 +2.115091455e+02 +2.521691455e+02 +2.521691455e+02 -1.8608e+00 +4.7591e+00 -2.0612e+00 -2.2194e+00 +3.6837e-01
45 0 +1.436673249e+02 +1.843273249e+02 +1.843273249e+02 -3.9011e+00 -2.1633e+00 +3.6385e+00 -2.2519e+00 +1.1986e+00
152 0 +1.183062906e+02 +1.589662906e+02 +1.589662906e+02 -2.7088e+00 -2.5319e+00 +3.2101e+00 -1.5795e+00 +3.0368e-01
155 0 +8.242469648e+01 +1.230846965e+02 +1.230846965e+02 -3.3800e+00 -1.7042e+00 +3.4778e+00 -1.5624e+00 +7.6317e-01
361 0 +7.257624140e+01 +1.132362414e+02 +1.132362414e+02 -1.8903e+00 -1.7042e+00 +3.4778e+00 -1.5624e+00 +7.6317e-01
502 0 +7.019483616e+01 +1.108548362e+02 +1.108548362e+02 -2.0947e+00 -1.7042e+00 +3.4778e+00 -1.5624e+00 +7.6317e-01
