% f evaluations | g evaluations | best noise-free fitness - Fopt (-4.620900000000e+02) + sum g_i+ | measured fitness | best measured fitness or single-digit g-values | x1 | x2...
1 0 +7.661758060e+03 +7.199668060e+03 +7.199668060e+03 +1.5917e+00 +2.5429e+00 -3.9950e+00 +1.7463e+00 +3.7511e+00 -4.6626e+00 +3.6468e+00 -4.5092e+00 -3.7338e+00 -1.4432e+00 -1.0023e+00 -1.2424e+00 +1.2700e+00 -1.1774e+00 -3.5925e+00 -2.3884e+00 +2.8174e+00 -3.8856e+00 -1.8477e+00 -4.6452e+00
3 0 +1.376869556e+03 +9.147795559e+02 +9.147795559e+02 -4.3013e+00 -3.2477e+00 +2.4803e+00 +1.1757e+00 +2.8685e+00 +5.4399e-01 -6.0137e-01 +2.1926e+00 +2.6514e+00 +9.3672e-01 -4.5416e+00 -4.3602e+00 -3.1193e-01 -4.3213e+00 -1.3744e+00 -4.8247e+00 -4.3569e+00 +4.8621e+00 -4.4527e+00 +6.1745e-01
52 0 +1.155923134e+03 +6.938331341e+02 +6.938331341e+02 +1.8705e+00 +5.3468e-01 -2.3881e+00 +2.0617e+00 +1.1635e+00 -1.7926e+00 -3.3883e+00 -3.9606e+00 +7.9813e-01 -5.6750e-02 +1.1553e+00 -3.2571e+00 -3.8611e+00 +2.1434e+00 +2.0891e+00 -4.6859e+00 -1.2639e+00 -2.0169e+00 +2.0567e+00 +2.9542e-01
57 0 +1.000202172e+03 +5.381121722e+02 +5.381121722e+02 +6.2923e-01 -4.7106e-01 -1.5183e+00 +4.2841e-01 -1.0658e-01 -1.7105e+00 -4.0862e+00 +3.9192e+00 +2.1675e+00 -2.3286e+00 -2.9417e+00 -3.9880e-01 +3.3211e-01 -1.0456e+00 +1.4264e+00 +1.5413e+00 -9.8085e-01 -1.7515e+00 -9.7606e-01 +1.4322e+00
102 0 +7.000325870e+02 +2.379425870e+02 +2.379425870e+02 -8.1573e-01 +2.1654e+00 -8.0857e-01 +1.2568e+00 -5.9302e-01 +1.5756e+00 +2.7229e+00 +1.8970e+00 -1.6729e+00 +4.4651e-02 -7.8024e-01 +1.6742e+00 -1.3538e+00 -3.0055e+00 +1.1246e+00 +6.4163e-02 -1.5376e-01 +2.4505e+00 -9.2779e-01 +1.0280e+00
153 0 +5.926042671e+02 +1.305142671e+02 +1.305142671e+02 -4.0530e-01 +2.3775e+00 -6.4995e-02 +8.2743e-01 -3.1497e-01 +1.2454e+00 +1.9747e+00 +1.0128e+00 -1.1347e+00 +5.3556e-01 -8.6804e-01 +1.7807e+00 -1.3365e+00 -2.8098e+00 +5.4867e-01 -5.5679e-01 -6.1729e-01 +2.5229e+00 -7.8368e-02 +1.4758e+00
355 0 +5.848915315e+02 +1.228015315e+02 +1.228015315e+02 -3.4725e-01 +2.3665e+00 -5.9340e-01 +1.0485e+00 -3.3086e-01 +1.3891e+00 +2.1158e+00 +1.3521e+00 -1.2979e+00 +2.5966e-01 -1.1554e+00 +1.9384e+00 -1.3199e+00 -2.8532e+00 +7.3637e-01 -1.1396e-01 -4.2895e-01 +2.2566e+00 -2.7729e-01 +1.5410e+00
357 0 +5.731878109e+02 +1.110978109e+02 +1.110978109e+02 -3.6956e-01 +2.3707e+00 -3.9025e-01 +9.6353e-01 -3.2475e-01 +1.3339e+00 +2.0615e+00 +1.2216e+00 -1.2352e+00 +3.6573e-01 -1.0449e+00 +1.8778e+00 -1.3262e+00 -2.8365e+00 +6.6421e-01 -2.8421e-01 -5.0135e-01 +2.3590e+00 -2.0081e-01 +1.5159e+00
610 0 +5.257628510e+02 +6.367285097e+01 +6.367285097e+01 -3.6355e-01 +2.3696e+00 -4.4496e-01 +9.8642e-01 -3.2639e-01 +1.3487e+00 +2.0761e+00 +1.2568e+00 -1.2521e+00 +3.3716e-01 -1.0747e+00 +8.9222e-01 -1.3245e+00 -2.8410e+00 +6.8364e-01 -2.3836e-01 -4.8185e-01 +2.3314e+00 -2.2141e-01 +1.5227e+00
762 0 +5.075972555e+02 +4.550725546e+01 +4.550725546e+01 -3.6355e-01 +2.3696e+00 -4.4496e-01 +9.8642e-01 -3.2639e-01 +1.3487e+00 +2.0761e+00 +1.2568e+00 -1.2521e+00 +1.1708e-01 -1.0747e+00 +8.9222e-01 -1.3245e+00 -2.8410e+00 +6.8364e-01 -2.3836e-01 -4.8185e-01 +2.3314e+00 -2.2141e-01 +1.5227e+00
1064 0 +4.937255005e+02 +3.163550050e+01 +3.163550050e+01 -3.6355e-01 +2.3696e+00 -4.4496e-01 +9.8642e-01 -3.2639e-01 +1.3487e+00 +2.0761e+00 +1.2568e+00 -7.6714e-02 +1.1708e-01 -1.0747e+00 +8.9222e-01 -1.3245e+00 -2.8410e+00 +6.8364e-01 -2.3836e-01 -4.8185e-01 +2.3314e+00 -2.2141e-01 +1.5227e+00
1406 0 +4.890078535e+02 +2.691785351e+01 +2.691785351e+01 -3.6247e-01 +2.3696e+00 -4.4496e-01 +9.8642e-01 -3.2639e-01 +1.3487e+00 +1.7842e+00 +1.2568e+00 -1.9201e-01 +1.2565e-01 -1.0747e+00 +8.9222e-01 -1.3245e+00 -2.8410e+00 +6.7333e-01 -2.3836e-01 -4.8185e-01 +2.3314e+00 -2.2141e-01 +1.5227e+00
1761 0 +4.706757746e+02 +8.585774644e+00 +8.585774644e+00 -3.6263e-01 +2.3696e+00 -4.4496e-01 +8.8434e-01 -3.2639e-01 +1.3487e+00 +1.8256e+00 +1.2568e+00 -5.4750e-01 +1.2443e-01 -1.0700e+00 +8.6999e-01 -1.3245e+00 -2.8410e+00 +5.5624e-01 -2.3836e-01 -4.8185e-01 +2.3314e+00 -2.2141e-01 +1.5227e+00
1856 0 +4.672487813e+02 +5.158781253e+00 +5.158781253e+00 -3.6263e-01 +2.3696e+00 -4.4496e-01 +8.8434e-01 -3.2639e-01 +1.3487e+00 +1.8256e+00 +1.2568e+00 -5.4750e-01 +1.2443e-01 -1.0700e+00 +8.6999e-01 -1.3245e+00 -2.8410e+00 +5.3123e-01 -2.3836e-01 -4.8185e-01 +2.3314e+00 -2.2141e-01 +1.5227e+00
% f evaluations | g evaluations | best noise-free fitness - Fopt (7.766000000000e+01) + sum g_i+ | measured fitness | best measured fitness or single-digit g-values | x1 | x2...
1 0 +1.668140570e+04 +1.675906570e+04 +1.675906570e+04 +1.3349e+00 -2.2626e+00 -2.3552e+00 +4.8281e+00 -1.4296e+00 +2.1529e+00 +4.1949e+00 +4.2189e+00 -2.1444e+00 +4.8182e+00 +1.9877e+00 +9.2399e-01 +4.7839e+00 +1.5466e+00 -2.5611e+00 +4.1863e+00 -1.6272e+00 -2.3046e+00 +4.9687e+00 -3.1473e+00
3 0 +5.651160900e+03 +5.728820900e+03 +5.728820900e+03 -4.2007e-01 +3.2231e+00 +3.1695e+00 -3.3541e+00 +2.9777e+00 -3.8512e+00 +2.1734e+00 -4.4954e+00 +2.3471e+00 -3.3332e+00 +2.1155e+00 +4.0286e+00 +1.6752e+00 +4.0950e+00 +1.2093e+00 -3.1635e+00 +1.9195e+00 +2.1345e+00 +1.2318e+00 -4.3520e+00
4 0 +1.498161915e+03 +1.575821915e+03 +1.575821915e+03 +2.4617e+00 +1.4718e+00 -9.1466e-01 -3.9250e+00 -2.1532e+00 -2.8298e-01 -3.0287e-01 +2.2972e+00 -1.3273e+00 -3.0544e+00 +1.7915e+00 -4.8629e+00 -2.0613e+00 -4.0570e+00 +3.1965e+00 -4.1045e+00 -4.3314e+00 -3.8933e+00 -2.5446e+00 +2.3096e+00
52 0 +1.061517998e+03 +1.139177998e+03 +1.139177998e+03 +1.6769e+00 +2.1558e+00 -1.4457e+00 -3.6348e+00 -4.1592e-01 -1.4073e+00 -7.4420e-01 +1.8552e+00 -2.0984e-01 -2.2636e+00 +1.3916e+00 -2.4165e+00 -1.5793e+00 -3.8365e+00 +8.9412e-01 -1.5924e+00 -3.0112e+00 -2.1738e+00 -3.2219e+00 +1.7646e+00
105 0 +8.518488996e+02 +9.295088996e+02 +9.295088996e+02 +8.8502e-01 +2.5588e+00 +2.9710e-01 -3.5288e+00 +8.6555e-01 -2.3302e+00 +3.5755e-01 -5.4290e-01 +7.5571e-01 -2.6675e+00 +1.6650e+00 +1.7291e-02 -3.5036e-01 -8.4146e-01 +1.0131e+00 -2.1857e+00 -1.1493e+00 -5.4695e-01 -1.5401e+00 -5.4514e-01
157 0 +7.170815827e+02 +7.947415827e+02 +7.947415827e+02 +6.2416e-01 +1.5538e+00 +5.5198e-01 -2.2934e+00 +1.1303e+00 -2.1057e+00 -2.4075e-01 +4.6326e-01 +4.0376e-01 -3.0503e+00 +2.2482e+00 -6.9520e-02 -6.1052e-01 -1.1612e-01 +1.3917e+00 -1.0959e+00 -4.3772e-01 -5.3244e-01 -2.0216e+00 +3.7362e-01
213 0 +6.893667974e+02 +7.670267974e+02 +7.670267974e+02 +6.2416e-01 +1.5538e+00 +5.5198e-01 -6.1090e-01 +1.1303e+00 -2.1057e+00 -2.4075e-01 +4.6326e-01 +4.0376e-01 -3.0503e+00 +2.2482e+00 -6.9520e-02 -6.1052e-01 -1.1612e-01 +1.3917e+00 -1.0959e+00 -4.3772e-01 -5.3244e-01 -2.0216e+00 +3.7362e-01
305 0 +6.567746935e+02 +7.344346935e+02 +7.344346935e+02 +6.9831e-01 +1.6026e+00 +4.1030e-01 -8.4575e-01 +1.0130e+00 -2.0612e+00 -2.6835e-01 +5.5818e-01 +3.5562e-01 -2.9715e+00 +2.1866e+00 -2.3984e-01 -6.8135e-01 -3.9312e-01 +1.3368e+00 -1.1370e+00 -6.3265e-01 -6.4067e-01 -2.0845e+00 +4.5858e-01
560 0 +5.740795705e+02 +6.517395705e+02 +6.517395705e+02 +6.4797e-01 +1.6123e+00 +5.1898e-01 -7.9370e-01 +1.1002e+00 -2.1110e+00 -2.1391e-01 +4.2494e-01 +4.1507e-01 -3.0196e+00 +2.2062e+00 -8.8995e-02 -6.0712e-01 -1.9228e-01 +1.3645e+00 -1.1576e+00 -5.0164e-01 -5.4839e-01 -4.8684e-01 +3.3839e-01
714 0 +5.533421266e+02 +6.310021266e+02 +6.310021266e+02 +6.4797e-01 +1.6123e+00 +5.1898e-01 -7.9370e-01 +1.1002e+00 -2.1110e+00 -2.1391e-01 +4.2494e-01 +4.1507e-01 -3.0196e+00 +2.2062e+00 -8.8995e-02 -6.0712e-01 -1.9228e-01 +1.3645e+00 -1.1732e-01 -5.0164e-01 -5.4839e-01 -4.8684e-01 +3.3839e-01
910 0 +5.379607490e+02 +6.156207490e+02 +6.156207490e+02 +6.5048e-01 +1.6109e+00 +5.1291e-01 -7.9814e-01 +1.0947e+00 -2.0148e+00 -2.1675e-01 +1.3048e-01 +4.1186e-01 -3.0170e+00 +2.2052e+00 -9.7320e-02 -6.1090e-01 -2.0401e-01 +1.3632e+00 -1.1563e+00 -5.0942e-01 -5.5387e-01 -6.5647e-01 +3.4506e-01
964 0 +5.339262216e+02 +6.115862216e+02 +6.115862216e+02 +6.5048e-01 +1.6109e+00 +5.1291e-01 -7.9814e-01 +1.0947e+00 -1.4393e+00 -2.1675e-01 +1.3048e-01 +4.1186e-01 -3.0170e+00 +2.2052e+00 -9.7320e-02 -6.1090e-01 -2.0401e-01 +1.3632e+00 -1.1563e+00 -5.0942e-01 -5.5387e-01 -6.5647e-01 +3.4506e-01
1064 0 +5.205329117e+02 +5.981929117e+02 +5.981929117e+02 +6.5048e-01 +1.6109e+00 +5.1291e-01 -7.9814e-01 +1.0947e+00 -1.4758e+00 -2.1675e-01 +1.3048e-01 +4.1186e-01 -3.0170e+00 +2.2052e+00 -9.7320e-02 -6.1090e-01 -2.0401e-01 +1.3632e+00 -1.1563e+00 -5.0942e-01 -5.5387e-01 -6.5647e-01 +2.8186e-02
1260 0 +5.074472259e+02 +5.851072259e+02 +5.851072259e+02 +6.5048e-01 +1.6109e+00 +5.1291e-01 -7.9814e-01 +1.0947e+00 -1.4721e+00 -2.1675e-01 +1.3048e-01 +4.1186e-01 -3.0170e+00 +2.2052e+00 -9.7320e-02 -1.6117e-01 -2.0401e-01 +1.3632e+00 -1.1563e+00 -5.0942e-01 -5.5387e-01 -6.5647e-01 +6.0219e-02
1314 0 +4.951534106e+02 +5.728134106e+02 +5.728134106e+02 +6.5048e-01 +1.6109e+00 +5.1291e-01 -7.9814e-01 +1.0947e+00 -1.4732e+00 -2.1675e-01 +1.3048e-01 +4.1186e-01 -3.0170e+00 +2.2052e+00 -9.7320e-02 -6.1090e-01 -2.0401e-01 +1.3632e+00 -1.1563e+00 -5.0942e-01 -5.5387e-01 -3.3830e-01 +5.0543e-02
1510 0 +4.884010005e+02 +5.660610005e+02 +5.660610005e+02 +6.5048e-01 +1.6109e+00 +5.1291e-01 -7.9814e-01 +1.0947e+00 -1.4732e+00 -2.1675e-01 +1.3048e-01 +4.1186e-01 -3.0170e+00 +2.2052e+00 -9.7320e-02 -1.5006e-01 -2.0401e-01 +1.3632e+00 -1.0682e-01 -5.0942e-01 -5.5387e-01 -6.5647e-01 +5.0828e-02
1806 0 +4.752822390e+02 +5.529422390e+02 +5.529422390e+02 +6.5048e-01 +1.6109e+00 +5.1291e-01 -7.9814e-01 +1.0947e+00 -1.4732e+00 -2.1675e-01 +1.3048e-01 +4.1186e-01 -3.0170e+00 +2.2052e+00 -9.7320e-02 -1.5707e-01 -2.0401e-01 +1.3632e+00 -1.2279e-01 -5.0942e-01 -4.0593e-01 -6.5163e-01 +5.0823e-02
% f evaluations | g evaluations | best noise-free fitness - Fopt (1.156800000000e+02) + sum g_i+ | measured fitness | best measured fitness or single-digit g-values | x1 | x2...
1 0 +1.699283994e+03 +1.814963994e+03 +1.814963994e+03 -4.1248e+00 -3.0897e+00 -4.4029e+00 +1.5426e+00 -1.1813e+00 +3.8477e+00 -1.4542e+00 +3.5581e+00 -1.8281e-01 +4.3508e+00 -1.9064e+00 -2.7255e+00 -4.5075e-01 -2.1290e+00 -4.0861e+00 +2.2025e+00 -4.8704e+00 -1.7178e+00 +8.6210e-01 +4.2822e+00
4 0 +1.213503525e+03 +1.329183525e+03 +1.329183525e+03 -3.8884e-02 -1.4325e+00 -3.2782e+00 +4.7882e-01 +3.1478e+00 +2.7775e+00 +1.5652e+00 +2.1993e+00 +4.5634e+00 -4.4420e+00 +2.5724e-01 -2.3678e+00 +4.2522e+00 +1.4694e+00 +1.1198e+00 +3.8150e+00 -3.0488e-01 -2.5258e+00 +1.2760e+00 -2.6193e+00
9 0 +1.165325543e+03 +1.281005543e+03 +1.281005543e+03 -2.3628e+00 +3.8871e+00 -1.1653e+00 +1.7440e+00 -2.1450e+00 -2.1868e+00 +2.8298e+00 +2.8125e+00 -4.6779e+00 -2.6411e+00 +3.2675e+00 -3.7623e+00 +1.5924e+00 -4.7345e+00 +3.8729e-01 +3.4331e+00 -8.5853e-01 -2.1913e+00 +3.3409e+00 +3.2557e+00
32 0 +1.089188561e+03 +1.204868561e+03 +1.204868561e+03 +1.6274e+00 -1.4935e+00 -3.2655e+00 +4.6153e-01 +2.3796e-01 +2.7408e+00 -4.3456e+00 +4.3513e+00 +6.2778e-01 +1.0975e-01 +3.1695e-01 +3.1567e+00 -2.6271e+00 -2.0386e+00 +6.9528e-01 -4.5559e-01 -3.2044e+00 +9.6017e-01 +4.0420e-01 +1.2829e+00
41 0 +9.577341532e+02 +1.073414153e+03 +1.073414153e+03 +1.6059e+00 -3.4882e+00 -1.5436e+00 -6.9296e-01 -8.0534e-01 -2.2568e+00 +1.6953e+00 +2.0756e+00 +4.7739e+00 -4.1447e+00 -1.2547e+00 +2.4851e+00 -1.5636e+00 +4.3425e-01 -4.8659e-01 -4.2605e+00 -1.0637e+00 +4.7713e+00 +2.0462e+00 -1.7160e+00
54 0 +9.106954394e+02 +1.026375439e+03 +1.026375439e+03 +1.6064e+00 -3.4418e+00 -1.5836e+00 -6.6612e-01 -7.8109e-01 -2.1407e+00 +1.5549e+00 +2.1285e+00 +4.6776e+00 -4.0458e+00 -1.2182e+00 +2.5007e+00 -1.5883e+00 +3.7678e-01 -4.5912e-01 -4.1720e+00 -1.1135e+00 +4.6827e+00 +2.0080e+00 -1.6463e+00
56 0 +8.748680674e+02 +9.905480674e+02 +9.905480674e+02 -1.2524e-01 -9.3494e-01 -3.3461e+00 -1.7273e-01 +3.1451e+00 +2.6380e+00 +1.6267e+00 +1.7622e+00 +4.0116e+00 -4.2396e+00 -3.2014e-01 -1.5067e+00 +3.9303e+00 +1.0327e+00 +1.1064e+00 +2.7402e+00 -9.6576e-01 -1.4964e+00 +1.7852e+00 -2.9425e+00
104 0 +7.167429074e+02 +8.324229074e+02 +8.324229074e+02 +4.8734e-01 -1.9025e+00 -1.8549e+00 -5.9703e-01 +4.6271e-01 -1.0110e+00 +2.0400e+00 +1.8971e+00 +3.2093e+00 -3.1906e+00 -1.4680e+00 +2.0356e+00 -1.0308e+00 +4.0883e-01 -4.2603e-01 -3.4368e+00 -2.0606e+00 +3.6683e+00 +2.4806e+00 -2.5210e+00
107 0 +6.161600027e+02 +7.318400027e+02 +7.318400027e+02 +1.2129e+00 -8.6756e-01 -8.6973e-01 -4.1811e-01 +1.0643e+00 -2.8763e+00 +2.2110e+00 +1.2501e+00 +3.3168e+00 -2.5855e+00 -1.3384e+00 +1.3752e+00 -1.1575e+00 +1.3393e+00 -1.4398e+00 -3.8537e+00 -1.2070e+00 +4.7832e+00 +1.9260e+00 -3.1194e-01
154 0 +5.881950956e+02 +7.038750956e+02 +7.038750956e+02 +5.7407e-01 -7.5105e-01 -1.3280e+00 -4.6255e-01 +1.2464e+00 -1.8066e+00 +2.3059e+00 +1.4168e+00 +2.7953e+00 -2.5321e+00 -1.4689e+00 +1.4703e+00 -9.2723e-01 +1.0009e+00 -1.0489e+00 -3.4564e+00 -1.8376e+00 +4.0327e+00 +2.2888e+00 -1.4269e+00
159 0 +4.885377964e+02 +6.042177964e+02 +6.042177964e+02 -1.5720e-03 +3.9165e-01 -2.3833e+00 -1.0589e-01 +3.5807e+00 +9.2864e-01 +2.1022e+00 +1.1911e+00 +3.1508e+00 -3.0959e+00 -6.2785e-01 -1.3820e+00 +2.9179e+00 +1.5969e+00 -9.1742e-03 +1.3060e+00 -1.0718e+00 +7.4944e-02 +1.7776e+00 -1.6266e+00
254 0 +4.365718664e+02 +5.522518664e+02 +5.522518664e+02 +6.7490e-02 +1.0171e+00 -1.9097e+00 -7.6391e-02 +3.7691e+00 +7.8905e-02 +2.3308e+00 +9.1799e-01 +2.7397e+00 -2.5438e+00 -7.8102e-01 -1.2999e+00 +2.4000e+00 +1.8651e+00 -5.5524e-01 +5.7716e-01 -1.1237e+00 +8.6583e-01 +1.7751e+00 -9.8542e-01
564 0 +4.332365830e+02 +5.489165830e+02 +5.489165830e+02 -2.1985e-01 +2.0173e+00 -1.2774e+00 -1.1294e-01 +3.8348e+00 -9.8961e-01 +2.7818e+00 +6.3804e-01 +1.4984e+00 -1.3926e+00 -1.2883e+00 -5.6088e-01 +9.7792e-01 +1.9304e+00 -1.3707e+00 -1.1952e+00 -1.8785e+00 +2.3190e+00 +2.1367e+00 -6.4512e-01
610 0 +4.131936674e+02 +5.288736674e+02 +5.288736674e+02 +6.7490e-02 +1.0171e+00 -1.9097e+00 -7.6391e-02 +3.7691e+00 +7.8905e-02 +2.3308e+00 +9.1799e-01 +2.7397e+00 -2.5438e+00 -7.8102e-01 -1.2999e+00 +2.4000e+00 +1.8651e+00 -5.5524e-01 +5.7716e-01 -6.6954e-02 +8.6583e-01 +1.7751e+00 -9.8542e-01
702 0 +4.016207841e+02 +5.173007841e+02 +5.173007841e+02 +6.7490e-02 +1.0171e+00 -1.9097e+00 -7.6391e-02 +3.7691e+00 +7.8905e-02 +2.3308e+00 +9.1799e-01 +2.7397e+00 -2.5438e+00 -7.8102e-01 -1.2999e+00 +2.4000e+00 +1.8651e+00 -5.5524e-01 +5.7716e-01 -3.4046e-01 +8.6583e-01 +1.7751e+00 -9.8542e-01
907 0 +3.949290410e+02 +5.106090410e+02 +5.106090410e+02 +6.7031e-02 +1.0178e+00 -2.3204e-01 -7.6254e-02 +3.7702e+00 +8.0091e-02 +2.3309e+00 +9.1785e-01 +2.7395e+00 -2.5437e+00 -7.8080e-01 -1.3010e+00 +2.4014e+00 +1.8653e+00 -5.5488e-01 +5.7893e-01 -3.1878e-01 +8.6426e-01 +1.7750e+00 -9.3869e-01
954 0 +3.877059486e+02 +5.033859486e+02 +5.033859486e+02 +6.7490e-02 +1.0171e+00 -7.3001e-01 -7.6391e-02 +3.7691e+00 +7.8905e-02 +2.3308e+00 +9.1799e-01 +2.7397e+00 -2.5438e+00 -7.8102e-01 -1.2999e+00 +2.4000e+00 +1.8651e+00 -5.5524e-01 +5.7716e-01 -2.8129e-01 +8.6583e-01 +1.7751e+00 -9.8542e-01
1152 0 +3.773180258e+02 +4.929980258e+02 +4.929980258e+02 +6.7490e-02 +1.0171e+00 -1.6394e+00 -7.6391e-02 +3.7691e+00 +7.8905e-02 +2.3308e+00 +9.1799e-01 +2.7397e+00 -2.5438e+00 -7.8102e-01 -1.2999e+00 +2.4000e+00 +1.8651e+00 -1.1724e-01 +5.7716e-01 -3.4977e-01 +8.6583e-01 +1.7751e+00 -9.8542e-01
1260 0 +3.660504595e+02 +4.817304595e+02 +4.817304595e+02 +6.7490e-02 +1.0171e+00 -1.5509e+00 -7.6391e-02 +3.7691e+00 +7.8905e-02 +2.3308e+00 +9.1799e-01 +2.7397e+00 -2.5438e+00 -1.1477e-01 -1.2999e+00 +2.4000e+00 +1.2248e+00 -5.5524e-01 +5.7716e-01 -3.2963e-01 +8.6583e-01 +1.6879e+00 -9.8542e-01
1310 0 +3.529212209e+02 +4.686012209e+02 +4.686012209e+02 +6.7490e-02 +1.0171e+00 -1.7072e+00 -7.6391e-02 +3.7691e+00 +7.8905e-02 +2.3308e+00 +9.1799e-01 +2.7397e+00 -2.5438e+00 -2.0237e-02 -1.2999e+00 +2.4000e+00 +1.8651e+00 -5.5524e-01 +5.7716e-01 -3.5574e-01 +8.6583e-01 +1.7751e+00 -9.8542e-01
1761 0 +3.449978575e+02 +4.606778575e+02 +4.606778575e+02 +6.7490e-02 +1.0171e+00 -1.7050e+00 -7.6391e-02 +3.7691e+00 +7.8907e-02 +2.3249e+00 +9.1799e-01 +2.7397e+00 -2.5438e+00 -2.6254e-02 -1.2999e+00 +2.4000e+00 +1.8651e+00 -5.5524e-01 +1.0421e-01 -3.5569e-01 +8.6583e-01 +1.7751e+00 -9.8535e-01
2007 0 +3.382728384e+02 +4.539528384e+02 +4.539528384e+02 +6.7489e-02 +9.9459e-01 -1.5688e+00 -7.6391e-02 +3.7691e+00 +7.8908e-02 +2.3201e+00 +9.1799e-01 +2.7397e+00 -2.5438e+00 -3.1219e-02 -1.2999e+00 +2.4000e+00 +1.8651e+00 -5.5523e-01 +5.3493e-01 -3.5565e-01 +8.6582e-01 +1.7751e+00 -9.8529e-01
% f evaluations | g evaluations | best noise-free fitness - Fopt (-3.710000000000e+00) + sum g_i+ | measured fitness | best measured fitness or single-digit g-values | x1 | x2...
1 0 +4.372114151e+03 +4.368404151e+03 +4.368404151e+03 +4.9918e+00 +5.1897e-01 -2.9868e+00 -2.6636e-01 -2.4087e+00 +4.7540e+00 +3.0893e+00 +3.5178e+00 +3.9641e-01 +2.3713e+00 +6.0282e-01 +7.2745e-01 +4.8889e+00 -4.7789e+00 +5.0452e-02 +1.7609e+00 -2.6347e+00 -2.5486e+00 -4.7803e+00 -4.3892e+00
3 0 +2.840552565e+03 +2.836842565e+03 +2.836842565e+03 +7.0378e-01 -3.8799e+00 +2.9266e-01 +1.2383e+00 +3.6763e+00 +1.9234e-01 -2.1590e+00 -2.2046e-01 +4.8003e+00 -2.2460e+00 -5.3764e-01 -6.1167e-01 +4.1778e+00 -2.5407e+00 -3.7031e+00 +1.8947e+00 +6.3388e-01 -1.6683e+00 +1.0148e-01 -8.5006e-01
8 0 +1.833421651e+03 +1.829711651e+03 +1.829711651e+03 +1.9739e+00 +4.4552e+00 +6.3575e-01 +2.6314e+00 -6.6056e-01 -3.9861e+00 -1.1503e+00 -4.0657e+00 -2.5829e-01 +8.5725e-01 -4.8084e+00 +1.6014e+00 -1.9025e+00 +4.8510e+00 +1.3677e+00 -3.0855e-01 -3.7693e+00 -3.7359e+00 +3.3349e-01 -3.8993e+00
9 0 +1.233640213e+03 +1.229930213e+03 +1.229930213e+03 -3.6060e+00 -4.0671e+00 +2.6271e+00 -2.6696e+00 -8.8604e-01 -1.8121e+00 -4.3975e+00 +1.2147e+00 +1.5139e-01 -2.8915e+00 -1.0740e+00 +1.6230e+00 -1.9602e+00 -3.8789e+00 -3.3328e+00 +2.9638e+00 -8.0313e-01 -1.4284e+00 +2.6421e+00 -4.7829e+00
54 0 +1.060380647e+03 +1.056670647e+03 +1.056670647e+03 +7.9472e-01 -3.4040e+00 -2.4620e+00 +2.1868e+00 -2.7894e+00 +1.0079e-01 +1.6930e+00 -1.9330e+00 -1.1918e+00 +4.3971e+00 +3.3973e+00 -3.5690e-01 +2.2113e+00 +1.9954e+00 -3.0359e+00 -3.6449e-01 +1.2822e+00 +8.0098e-01 +3.8139e+00 -2.0468e+00
103 0 +1.021262292e+03 +1.017552292e+03 +1.017552292e+03 +4.1902e-02 -2.8956e+00 -1.5644e+00 +1.8822e+00 -2.0378e+00 +4.0632e-01 +1.3086e+00 -7.2838e-01 -1.4211e+00 +4.2820e+00 +3.0409e+00 -4.4367e-01 +2.2841e+00 +2.0975e+00 -3.3663e+00 +5.4319e-01 +3.1360e-01 +1.5091e-01 +3.5205e+00 -1.0076e+00
108 0 +9.972972397e+02 +9.935872397e+02 +9.935872397e+02 -3.0208e+00 -4.0660e+00 +1.9465e+00 -2.0975e+00 -1.1989e+00 -1.6463e+00 -3.6797e+00 +7.0278e-01 +3.7074e-02 -2.0807e+00 -5.3659e-01 +1.4194e+00 -1.5156e+00 -3.2527e+00 -3.2541e+00 +2.4737e+00 -4.4009e-01 -1.0943e+00 +2.8109e+00 -4.6302e+00
152 0 +7.483565120e+02 +7.446465120e+02 +7.446465120e+02 -1.7709e-01 -2.2822e+00 -1.7634e+00 +1.5798e+00 -1.4697e+00 +3.1227e-01 +8.5179e-01 -1.6872e-01 -1.6553e+00 +3.6543e+00 +2.9502e+00 -4.9387e-01 +1.7007e+00 +1.9195e+00 -2.9508e+00 +4.5803e-01 +4.9280e-01 +2.4323e-01 +3.0308e+00 -7.9427e-01
203 0 +7.388484277e+02 +7.351384277e+02 +7.351384277e+02 +4.6882e-02 -1.7036e+00 -2.9963e+00 +1.0258e+00 -1.1300e+00 -3.9969e-01 -7.9648e-04 -3.4634e-01 -1.7601e+00 +2.0231e+00 +2.9275e+00 -3.5773e-01 +1.2351e-01 +1.0359e+00 -1.6834e+00 -6.6621e-01 +1.9715e+00 +1.1235e+00 +2.3140e+00 -1.8628e+00
252 0 +7.159978919e+02 +7.122878919e+02 +7.122878919e+02 -3.7899e-01 -7.1141e-01 -2.8571e+00 +6.0618e-01 -2.4161e-01 -4.1485e-01 -5.8284e-01 +9.3264e-01 -2.2526e+00 +1.3912e+00 +2.6040e+00 -5.6430e-01 -3.1618e-01 +9.0274e-01 -1.2767e+00 -2.0955e-01 +1.7286e+00 +9.3361e-01 +1.6207e+00 -1.0317e+00
254 0 +6.719782661e+02 +6.682682661e+02 +6.682682661e+02 +8.5450e-01 -3.0063e+00 -2.4979e+00 +1.5707e+00 -2.7002e+00 -5.4839e-01 +9.5900e-01 -1.2928e+00 -1.4771e+00 +3.2729e+00 +2.6804e+00 -4.2003e-01 +1.6548e+00 +1.0169e+00 -2.2996e+00 +3.1558e-02 +1.6002e+00 +8.9351e-01 +3.3486e+00 -2.4022e+00
255 0 +6.483485561e+02 +6.446385561e+02 +6.446385561e+02 +7.5509e-01 -2.6819e+00 -2.3632e+00 +1.4364e+00 -2.4713e+00 -5.7639e-01 +8.0169e-01 -7.7595e-01 -1.6912e+00 +3.1306e+00 +2.4838e+00 -5.3668e-01 +1.6491e+00 +9.4870e-01 -2.1792e+00 +3.6223e-01 +1.4264e+00 +7.6748e-01 +3.1409e+00 -2.0529e+00
455 0 +6.338466387e+02 +6.301366387e+02 +6.301366387e+02 +4.6946e-01 -2.5777e+00 -1.8828e+00 +1.1771e+00 -2.1647e+00 -6.3973e-01 +4.5833e-01 -3.5418e-01 -1.6867e+00 +2.8262e+00 +2.1485e+00 -4.8029e-01 +1.5158e+00 +7.5988e-01 -2.0895e+00 +6.5376e-01 +1.1527e+00 +4.8294e-01 +3.0014e+00 -1.8859e+00
554 0 +6.237032061e+02 +6.199932061e+02 +6.199932061e+02 +5.1471e-01 -2.5942e+00 -1.9589e+00 +1.2182e+00 -2.2133e+00 -6.2969e-01 +5.1273e-01 -4.2099e-01 -1.6874e+00 +2.8744e+00 +2.2016e+00 -4.8922e-01 +1.5370e+00 +7.8979e-01 -2.1037e+00 +6.0758e-01 +1.1960e+00 +5.2802e-01 +3.0235e+00 -1.9124e+00
611 0 +6.050205842e+02 +6.013105842e+02 +6.013105842e+02 +7.0984e-01 -2.6654e+00 -2.2871e+00 +1.3953e+00 -2.4227e+00 -5.8642e-01 +4.6032e-01 -7.0913e-01 -1.6905e+00 +3.0824e+00 +2.4307e+00 -5.2775e-01 +1.6280e+00 +9.1879e-01 -2.1650e+00 +4.0842e-01 +1.3830e+00 +7.2241e-01 +3.1188e+00 -2.0264e+00
612 0 +6.006168572e+02 +5.969068572e+02 +5.969068572e+02 +4.4874e-01 -2.5769e+00 -1.8545e+00 +1.1748e+00 -2.1472e+00 -6.2705e-01 +4.5397e-01 -3.3865e-01 -1.6826e+00 +2.8328e+00 +2.1454e+00 -4.7700e-01 +1.5205e+00 +7.7074e-01 -6.9315e-01 +6.6636e-01 +1.1266e+00 +4.6398e-01 +3.0020e+00 -1.8642e+00
910 0 +5.848285185e+02 +5.811185185e+02 +5.811185185e+02 +4.5616e-01 -2.5790e+00 -1.7650e+00 +1.1801e+00 -2.1548e+00 -6.2694e-01 +4.6106e-01 -3.4827e-01 -7.2993e-01 +2.8382e+00 +2.1523e+00 -4.7839e-01 +1.5227e+00 +7.7347e-01 -9.1247e-01 +6.5955e-01 +1.1343e+00 +4.7122e-01 +3.0047e+00 -1.8694e+00
957 0 +5.599459364e+02 +5.562359364e+02 +5.562359364e+02 +4.5591e-01 -2.5788e+00 -1.8351e+00 +1.1798e+00 -2.1545e+00 -6.2709e-01 +1.5235e-01 -3.4780e-01 -1.3929e+00 +2.8377e+00 +2.1518e+00 -4.7834e-01 +1.5225e+00 +7.7316e-01 -8.5528e-01 +6.5986e-01 +1.1341e+00 +4.7096e-01 +3.0045e+00 -1.8693e+00
1212 0 +5.308188872e+02 +5.271088872e+02 +5.271088872e+02 +4.5502e-01 -2.5786e+00 -1.7808e+00 +1.1793e+00 -2.1536e+00 -6.2696e-01 +2.9667e-01 -3.4679e-01 -8.9572e-01 +2.8373e+00 +2.1512e+00 -4.7818e-01 +1.5223e+00 +7.7304e-01 -3.9406e-01 +6.6060e-01 +1.1331e+00 +4.7011e-01 +3.0042e+00 -1.8686e+00
1711 0 +5.114988996e+02 +5.077888996e+02 +5.077888996e+02 +4.5502e-01 -2.5786e+00 -1.7808e+00 +1.1793e+00 -2.1536e+00 -6.2696e-01 +2.9667e-01 -3.4679e-01 -8.9572e-01 +2.8373e+00 +2.1512e+00 -4.7818e-01 +1.5223e+00 +1.0403e-01 -3.9406e-01 +6.6060e-01 +1.1331e+00 +4.7011e-01 +3.0042e+00 -1.8686e+00
1714 0 +5.008314493e+02 +4.971214493e+02 +4.971214493e+02 +4.5526e-01 -2.5787e+00 -1.7891e+00 +1.1794e+00 -1.8612e+00 -6.2698e-01 +1.4330e-01 -3.4708e-01 -1.3429e+00 +2.8375e+00 +2.0569e+00 -4.7682e-01 +1.5224e+00 +6.8507e-01 -7.2705e-01 +5.6534e-02 +1.1333e+00 +4.7034e-01 +3.0043e+00 -1.8687e+00
% f evaluations | g evaluations | best noise-free fitness - Fopt (1.321800000000e+02) + sum g_i+ | measured fitness | best measured fitness or single-digit g-values | x1 | x2...
1 0 +6.703713962e+03 +6.835893962e+03 +6.835893962e+03 -3.4712e+00 +4.0859e+00 +3.7925e+00 -1.5983e+00 +8.0781e-01 +4.5501e+00 +2.3179e+00 +8.3828e-01 -4.9311e+00 -8.0657e-01 -3.1813e+00 -3.0825e+00 +4.5526e+00 -1.0934e+00 -4.2144e+00 +4.6975e+00 -2.7158e+00 +4.2837e+00 -2.8377e+00 -2.6242e+00
2 0 +1.765221514e+03 +1.897401514e+03 +1.897401514e+03 +3.5587e+00 -9.4717e-02 -3.4676e+00 -3.0580e+00 -3.0771e+00 -3.7320e+00 +3.4219e+00 -1.9760e+00 -1.4730e+00 -4.0688e+00 -3.9701e+00 -3.6307e+00 -2.3384e+00 -1.8771e+00 -4.4161e+00 +2.0156e+00 +1.0316e+00 -1.2827e+00 -1.3163e-01 -2.6960e+00
7 0 +1.481724825e+03 +1.613904825e+03 +1.613904825e+03 +2.1914e+00 -4.1235e+00 +4.9217e+00 +3.8093e+00 -2.0024e+00 -2.6988e-01 +2.1676e+00 -8.6870e-02 -4.2745e+00 +1.0097e+00 -3.6487e+00 -3.7909e+00 -2.3983e+00 -2.9825e+00 -2.3339e+00 -5.6018e-01 +2.0760e+00 +3.6594e+00 -1.6211e+00 +3.0669e+00
8 0 +1.450065118e+03 +1.582245118e+03 +1.582245118e+03 +4.0593e+00 +4.5595e+00 +1.7410e+00 +2.2037e+00 -2.5677e+00 +9.6882e-02 -1.0101e+00 +3.4303e-01 +1.6764e+00 +4.4908e+00 -4.7729e+00 -1.7113e-02 -2.2712e+00 -1.7556e+00 +7.2839e-01 -3.8877e+00 +1.0903e-01 +2.3232e+00 -4.9115e+00 -4.9064e-02
26 0 +1.065856437e+03 +1.198036437e+03 +1.198036437e+03 +4.8522e+00 +2.6878e-01 -2.1207e+00 -5.0597e-01 -4.2535e-02 +5.5709e-01 +6.6184e-01 +4.7318e+00 +3.9573e-01 +4.4344e-01 -2.5629e+00 +5.8194e-01 -3.1892e+00 -1.1056e+00 -1.4339e+00 -3.7058e+00 +1.6804e+00 +4.0540e+00 +4.5682e-01 +2.9167e+00
56 0 +7.443226163e+02 +8.765026163e+02 +8.765026163e+02 -5.3232e-02 -1.3929e+00 -2.5201e+00 -1.4449e+00 +3.2076e-01 -6.8842e-01 +8.0391e-02 +4.6531e+00 -1.0558e+00 +3.1866e+00 -2.8362e+00 +1.0802e+00 -1.5731e+00 +1.5117e+00 -6.6951e-01 -2.6587e-01 -6.4633e-01 +3.3655e+00 -1.3611e+00 -1.7411e+00
57 0 +7.267090546e+02 +8.588890546e+02 +8.588890546e+02 +1.8367e+00 -7.5272e-01 -2.3663e+00 -1.0831e+00 +1.8079e-01 -2.0855e-01 +3.0441e-01 +4.6834e+00 -4.9658e-01 +2.1298e+00 -2.7309e+00 +8.8823e-01 -2.1958e+00 +5.0335e-01 -9.6400e-01 -1.5912e+00 +2.5011e-01 +3.6308e+00 -6.6069e-01 +5.3442e-02
254 0 +7.196530391e+02 +8.518330391e+02 +8.518330391e+02 +1.6633e+00 -8.1915e-01 -2.3336e+00 -1.0912e+00 +1.1742e-01 -1.4207e-01 +2.0871e-01 +4.5141e+00 -5.9482e-01 +2.1057e+00 -2.7491e+00 +1.0058e+00 -2.2147e+00 +5.0873e-01 -9.2403e-01 -1.5219e+00 +2.6888e-01 +3.4877e+00 -6.9371e-01 -8.1403e-02
260 0 +7.043252829e+02 +8.365052829e+02 +8.365052829e+02 +1.8367e+00 -7.5272e-01 -2.3663e+00 -1.0831e+00 +1.8079e-01 -2.0855e-01 +3.0441e-01 +4.6834e+00 -4.9658e-01 +2.1298e+00 -2.7309e+00 +8.8823e-01 -1.1905e+00 +5.0335e-01 -9.6400e-01 -1.5912e+00 +2.5011e-01 +3.6308e+00 -6.6069e-01 +5.3442e-02
402 0 +6.898827408e+02 +8.220627408e+02 +8.220627408e+02 +1.8367e+00 -7.5272e-01 -2.3663e+00 -1.0831e+00 +1.8079e-01 -2.0855e-01 +3.0441e-01 +4.6834e+00 -4.9658e-01 +2.1298e+00 -2.7309e+00 +8.8823e-01 -1.4983e+00 +5.0335e-01 -9.6400e-01 -1.5912e+00 +2.5011e-01 +3.6308e+00 -6.6069e-01 +5.3442e-02
513 0 +6.655809482e+02 +7.977609482e+02 +7.977609482e+02 +1.8367e+00 -7.5272e-01 -2.3663e+00 -1.0831e+00 +1.8079e-01 -2.0855e-01 +7.6916e-02 +4.6834e+00 -4.9658e-01 +2.1298e+00 -2.7309e+00 +8.8823e-01 -2.1958e+00 +5.0335e-01 -9.6400e-01 -5.1125e-01 +2.5011e-01 +3.6308e+00 -6.6069e-01 +5.3442e-02
602 0 +6.556499593e+02 +7.878299593e+02 +7.878299593e+02 +1.8367e+00 -7.5272e-01 -2.3663e+00 -1.0831e+00 +1.8079e-01 -2.0855e-01 +1.5668e-01 +4.6834e+00 -4.9658e-01 +2.1298e+00 -2.7309e+00 +8.8768e-01 -1.9319e+00 +5.0335e-01 -9.6400e-01 -8.8992e-01 +2.5011e-01 +3.6308e+00 -6.6069e-01 +5.3442e-02
660 0 +6.080569741e+02 +7.402369741e+02 +7.402369741e+02 +1.8367e+00 -7.5272e-01 -2.3663e+00 -1.0831e+00 +1.8079e-01 -2.0855e-01 +1.5668e-01 +4.6834e+00 -4.9658e-01 +2.1298e+00 -2.7309e+00 +8.8768e-01 -1.9319e+00 +5.0335e-01 -2.8815e-01 -8.8992e-01 +2.5011e-01 +3.6308e+00 -6.6069e-01 +5.3442e-02
861 0 +5.951940776e+02 +7.273740776e+02 +7.273740776e+02 +1.8367e+00 -7.5272e-01 -2.3663e+00 -1.0831e+00 +1.8079e-01 -2.0855e-01 +1.5668e-01 +4.6834e+00 -4.9658e-01 +2.1298e+00 -2.7309e+00 +8.8768e-01 -1.9319e+00 +5.0335e-01 -2.8815e-01 -4.5530e-01 +2.5011e-01 +3.6308e+00 -6.6069e-01 +5.3442e-02
1114 0 +5.857922225e+02 +7.179722225e+02 +7.179722225e+02 +1.8367e+00 -6.3161e-01 -1.1792e+00 -1.0831e+00 +1.8079e-01 -2.0855e-01 +1.5668e-01 +4.6834e+00 -4.9658e-01 +2.1298e+00 -2.7309e+00 +8.8768e-01 -1.5452e+00 +5.0335e-01 -4.4978e-01 -5.5924e-01 +2.5011e-01 +3.6308e+00 -6.6069e-01 +5.3442e-02
1263 0 +5.741061822e+02 +7.062861822e+02 +7.062861822e+02 +1.8367e+00 -6.9553e-01 -1.8058e+00 -1.0831e+00 +1.8079e-01 -2.0855e-01 +1.5663e-01 +4.6834e+00 -4.9657e-01 +2.1298e+00 -2.0637e+00 +8.8768e-01 -1.7495e+00 +5.0335e-01 -3.7698e-01 -5.1683e-01 +2.5011e-01 +3.6308e+00 -6.6069e-01 +5.3442e-02
1504 0 +5.456417535e+02 +6.778217535e+02 +6.778217535e+02 +1.8367e+00 -6.3458e-01 -1.8913e+00 -1.0831e+00 +1.8079e-01 -2.0855e-01 +1.5668e-01 +2.1400e+00 -4.9658e-01 +2.1298e+00 -2.7309e+00 +8.8768e-01 -1.5547e+00 +5.0335e-01 -3.7753e-01 -5.5751e-01 +2.5011e-01 +3.6308e+00 -6.6069e-01 +5.3442e-02
1660 0 +5.346287325e+02 +6.668087325e+02 +6.668087325e+02 +1.8367e+00 -6.3357e-01 -2.0522e+00 -1.0831e+00 +1.8079e-01 -2.0855e-01 +1.5668e-01 +1.5041e+00 -4.9658e-01 +2.7204e-01 -2.7309e+00 +8.8768e-01 -1.5515e+00 +5.0335e-01 -4.0201e-01 -5.5810e-01 +2.5011e-01 +3.6308e+00 -6.6069e-01 +5.3442e-02
1711 0 +5.236631939e+02 +6.558431939e+02 +6.558431939e+02 +1.8367e+00 -6.4554e-01 -1.3157e+00 -1.0831e+00 +1.8079e-01 -2.0855e-01 +1.5667e-01 +4.6834e+00 -4.9658e-01 +2.1298e+00 -6.5706e-01 +8.8768e-01 -1.5897e+00 +5.0335e-01 -2.9150e-01 -5.5049e-01 +2.5011e-01 +3.6308e+00 -6.6069e-01 +5.3442e-02
1802 0 +4.999883628e+02 +6.321683628e+02 +6.321683628e+02 +1.8367e+00 -6.3465e-01 -1.9852e+00 -1.0831e+00 +1.8079e-01 -2.0855e-01 +1.5668e-01 +1.7932e+00 -4.9658e-01 +4.5088e-01 -2.5446e+00 +8.8768e-01 -1.5549e+00 +5.0335e-01 -3.9195e-01 -5.5741e-01 +2.5011e-01 +3.5270e+00 -6.6069e-01 +5.3442e-02
% f evaluations | g evaluations | best noise-free fitness - Fopt (-3.930000000000e+01) + sum g_i+ | measured fitness | best measured fitness or single-digit g-values | x1 | x2...
1 0 +1.373315727e+03 +1.334015727e+03 +1.334015727e+03 -3.2158e+00 +1.0405e-01 -2.2008e+00 -2.8119e+00 -3.4650e+00 +3.8716e+00 +8.6821e-01 +4.6557e+00 -2.9268e+00 +1.8370e+00 -2.7918e-01 +2.0592e+00 -3.7115e+00 -5.4295e-01 +3.8511e+00 -2.9025e+00 -3.5797e+00 -1.3407e+00 -4.0214e+00 -2.4321e+00
15 0 +1.122444684e+03 +1.083144684e+03 +1.083144684e+03 -1.4401e+00 +9.7123e-01 +3.5467e+00 +5.5396e-01 -1.0513e+00 +6.0578e-01 +3.9650e+00 -1.7096e+00 -1.9561e+00 +4.3921e+00 +9.7628e-01 -4.4466e+00 +5.8162e-01 +4.1634e+00 +2.3660e+00 -1.7005e-01 +1.1968e+00 +4.3731e+00 -2.7202e+00 -4.2708e+00
25 0 +1.003552766e+03 +9.642527662e+02 +9.642527662e+02 +1.6178e+00 -4.0181e-01 -4.1522e+00 +1.9249e+00 -3.8702e+00 -2.9596e+00 -2.1632e+00 -2.0105e+00 -1.0009e+00 -4.2879e+00 -2.7890e+00 -1.4339e+00 -4.0014e+00 -2.3565e+00 +2.6436e-01 +2.1442e+00 -1.1306e+00 -1.4657e+00 -3.8371e-01 -2.3322e+00
52 0 +9.094858240e+02 +8.701858240e+02 +8.701858240e+02 -2.0188e+00 +2.0797e+00 -2.0338e+00 +1.3796e+00 +1.6730e+00 +1.9904e+00 -1.6008e+00 -9.3820e-01 -2.1140e-01 +9.8412e-01 -3.1168e+00 -2.9195e+00 -1.2010e+00 -1.4266e+00 +3.7488e+00 +6.4493e-01 +8.4996e-01 +2.3165e+00 -1.0023e+00 -1.0339e-01
54 0 +8.310221782e+02 +7.917221782e+02 +7.917221782e+02 +8.7173e-03 -1.7829e+00 +4.6424e-01 +2.2132e+00 -6.0262e-01 -1.6760e+00 +3.3462e+00 -1.1730e+00 +1.3296e+00 +1.7389e+00 +1.6618e+00 -2.6309e+00 -1.8277e+00 +4.0882e+00 -5.2336e-01 +1.5704e+00 +1.9021e+00 +2.1679e+00 -2.7049e+00 -3.9445e+00
152 0 +8.089103942e+02 +7.696103942e+02 +7.696103942e+02 +1.0521e+00 -9.3246e-01 -2.5171e+00 +2.0479e+00 -2.6831e+00 -2.5211e+00 -1.7721e-01 -1.7015e+00 -1.2085e-01 -2.1377e+00 -1.1713e+00 -1.8464e+00 -3.2423e+00 -2.6098e-02 -5.3189e-02 +1.9563e+00 -2.5591e-02 -1.7623e-01 -1.2232e+00 -2.9117e+00
153 0 +6.297130202e+02 +5.904130202e+02 +5.904130202e+02 +6.1962e-01 -1.3381e+00 -1.2671e+00 +2.1420e+00 -1.7757e+00 -2.1858e+00 +1.3410e+00 -1.4653e+00 +5.5196e-01 -4.9402e-01 +6.5437e-02 -2.1618e+00 -2.6620e+00 +1.7554e+00 -2.9595e-01 +1.8126e+00 +8.1913e-01 +8.0956e-01 -1.8649e+00 -3.3548e+00
205 0 +6.102600704e+02 +5.709600704e+02 +5.709600704e+02 -8.9441e-01 -9.8592e-03 -7.2632e-01 +1.8307e+00 +3.9382e-01 -2.3665e-02 +1.0313e+00 -1.0761e+00 +6.0123e-01 +1.3245e+00 -5.6405e-01 -2.7481e+00 -1.5683e+00 +1.5040e+00 +1.4289e+00 +1.1563e+00 +1.3878e+00 +2.1926e+00 -1.9032e+00 -2.1785e+00
256 0 +5.972110434e+02 +5.579110434e+02 +5.579110434e+02 -6.9221e-01 -7.6645e-02 -9.7893e-01 +1.8770e+00 +4.3737e-02 -2.7277e-01 +8.1867e-01 -1.1391e+00 +5.0969e-01 +9.1201e-01 -6.9627e-01 -2.5953e+00 -1.7697e+00 +1.2705e+00 +1.2609e+00 +1.2189e+00 +1.1746e+00 +1.8834e+00 -1.8296e+00 -2.2005e+00
259 0 +5.673469610e+02 +5.280469610e+02 +5.280469610e+02 -6.6926e-01 -2.0739e-01 -8.0673e-01 +1.8770e+00 +7.1196e-02 -3.4519e-01 +1.0774e+00 -1.1340e+00 +5.9390e-01 +1.0541e+00 -4.7044e-01 -2.6609e+00 -1.7310e+00 +1.5414e+00 +1.1724e+00 +1.2539e+00 +1.3032e+00 +1.9869e+00 -1.8975e+00 -2.3534e+00
363 0 +5.467540117e+02 +5.074540117e+02 +5.074540117e+02 -6.6926e-01 -2.0739e-01 -8.0673e-01 +1.8770e+00 +7.1196e-02 -3.4519e-01 +1.0774e+00 -1.1340e+00 +5.9390e-01 +1.0541e+00 -4.7044e-01 -2.1859e+00 -1.7310e+00 +1.5414e+00 +1.1724e+00 +1.2539e+00 +1.3032e+00 +1.9869e+00 -1.8975e+00 -2.3534e+00
514 0 +5.356263821e+02 +4.963263821e+02 +4.963263821e+02 -6.6926e-01 -2.0739e-01 -8.0673e-01 +1.8770e+00 +7.1196e-02 -3.4519e-01 +1.0774e+00 -1.1340e+00 +5.9390e-01 +4.2715e-01 -4.7044e-01 -2.1859e+00 -1.7310e+00 +1.5414e+00 +1.1724e+00 +1.2539e+00 +1.3032e+00 +1.9869e+00 -1.8975e+00 -2.3534e+00
662 0 +5.222052555e+02 +4.829052555e+02 +4.829052555e+02 -6.7171e-01 -2.0523e-01 -8.0586e-01 +1.8765e+00 +7.4716e-02 -3.4168e-01 +1.0769e+00 -6.0016e-01 +5.9398e-01 +4.7474e-01 -4.7146e-01 -2.2206e+00 -1.7292e+00 +1.5410e+00 +1.1752e+00 +1.2528e+00 +1.3042e+00 +1.9892e+00 -1.8975e+00 -2.3515e+00
913 0 +5.097181106e+02 +4.704181106e+02 +4.704181106e+02 -6.7015e-01 -2.0660e-01 -8.0641e-01 +1.8768e+00 +7.2479e-02 -3.4391e-01 +1.0772e+00 -1.1337e+00 +5.9393e-01 +3.4333e-01 -4.7081e-01 -2.1986e+00 -1.7303e+00 +9.3417e-01 +1.1734e+00 +9.8181e-01 +1.3036e+00 +1.9878e+00 -1.8975e+00 -2.3527e+00
1014 0 +4.904860500e+02 +4.511860500e+02 +4.511860500e+02 -6.7011e-01 -2.0664e-01 -8.0643e-01 +1.8768e+00 +7.2411e-02 -3.4398e-01 +1.0772e+00 -1.1337e+00 +5.9393e-01 +9.0048e-02 -4.7079e-01 -2.1979e+00 -1.7303e+00 +9.2650e-01 +1.1734e+00 +1.0096e+00 +1.3036e+00 +1.9877e+00 -1.8975e+00 -2.3528e+00
1056 0 +4.894965846e+02 +4.501965846e+02 +4.501965846e+02 -6.7010e-01 -2.0665e-01 -8.0643e-01 +1.8768e+00 +7.2406e-02 -3.4399e-01 +1.0772e+00 -1.1337e+00 +5.9393e-01 +1.8677e-01 -4.7079e-01 -2.1978e+00 -1.7303e+00 +9.2593e-01 +1.1734e+00 +1.0117e+00 +1.3036e+00 +1.9877e+00 -1.8975e+00 -2.3528e+00
1161 0 +4.759865661e+02 +4.366865661e+02 +4.366865661e+02 -6.7011e-01 -2.0664e-01 -8.0643e-01 +1.8768e+00 +7.2418e-02 -3.4397e-01 +1.0772e+00 -1.1337e+00 +5.9393e-01 +2.5640e-01 -4.7079e-01 -2.1980e+00 -2.4179e-01 +9.2733e-01 +1.1734e+00 +1.0066e+00 +1.3036e+00 +1.9877e+00 -1.8975e+00 -2.3528e+00
1663 0 +4.619036940e+02 +4.226036940e+02 +4.226036940e+02 -6.7010e-01 -2.0665e-01 -8.0643e-01 +1.8768e+00 +7.2406e-02 -3.4399e-01 +1.0772e+00 -1.1337e+00 +5.9393e-01 +1.8835e-01 -4.7079e-01 -2.1978e+00 -5.9341e-01 +2.9296e-01 +1.1734e+00 +1.0116e+00 +1.3036e+00 +1.9877e+00 -1.8975e+00 -2.3528e+00
1912 0 +4.465404394e+02 +4.072404394e+02 +4.072404394e+02 -6.7011e-01 -2.0664e-01 -7.5582e-01 +1.8768e+00 +7.2418e-02 -3.4397e-01 +1.0772e+00 -1.1337e+00 +5.9393e-01 +2.5640e-01 -4.7079e-01 -1.2594e+00 -2.4179e-01 +9.2733e-01 +1.1734e+00 +1.0066e+00 +1.3036e+00 +1.9877e+00 -1.8975e+00 -2.3528e+00
% f evaluations | g evaluations | best noise-free fitness - Fopt (4.296000000000e+01) + sum g_i+ | measured fitness | best measured fitness or single-digit g-values | x1 | x2...
1 0 +3.207332507e+03 +3.250292507e+03 +3.250292507e+03 +3.8861e+00 +1.8316e+00 -7.2319e-01 +4.3157e+00 +4.3008e+00 +4.9617e+00 -4.5963e+00 +1.6060e+00 +2.1051e+00 -4.3396e+00 +6.1514e-01 +3.5081e+00 -2.3159e+00 +1.9168e+00 -1.0052e+00 +1.1311e+00 -1.6331e+00 +2.3069e-01 +3.5762e+00 -1.2263e+00
8 0 +2.538267396e+03 +2.581227396e+03 +2.581227396e+03 -3.9546e+00 -1.1700e+00 +7.8073e-02 +6.5487e-01 +3.8024e+00 +2.2840e+00 -1.7217e+00 -4.6449e-01 +2.1835e-01 -9.2635e-01 -7.4318e-01 +3.3064e+00 -4.5846e+00 +1.2169e+00 -4.3610e+00 -1.8726e+00 -2.8545e-01 +4.4227e+00 +1.5535e+00 -3.2603e+00
11 0 +2.368673627e+03 +2.411633627e+03 +2.411633627e+03 -4.8287e+00 -3.9254e+00 +1.4459e-01 -3.4768e+00 +2.4230e+00 +4.7428e+00 +1.6993e+00 +2.7605e+00 -1.8420e+00 -2.2700e+00 -4.4747e+00 +4.4801e+00 +1.6830e+00 +2.7194e+00 -4.5777e+00 +2.2933e+00 +8.2966e-01 +1.1371e+00 +3.5289e+00 +8.3906e-01
18 0 +2.128254937e+03 +2.171214937e+03 +2.171214937e+03 +6.0854e-01 +8.5871e-01 -4.2149e+00 +4.4428e+00 -2.5767e+00 -2.3949e+00 +4.7470e-01 +1.6110e+00 +3.0103e+00 -2.2391e+00 +1.6276e+00 -1.0749e+00 -2.0974e+00 -2.8514e-01 -4.4887e+00 +2.0662e+00 -2.5702e+00 +3.6911e+00 -1.7376e+00 -3.7099e+00
21 0 +1.163968645e+03 +1.206928645e+03 +1.206928645e+03 -1.2986e+00 -1.0095e-01 -2.4936e+00 -2.9311e+00 -4.6707e+00 -1.7321e+00 -3.2513e+00 -2.8913e+00 +7.7772e-01 -2.5922e+00 -2.9005e+00 -4.0046e+00 -4.5723e+00 +6.1162e-01 -2.6460e+00 +1.3464e+00 -4.4602e+00 +2.0316e+00 +9.9150e-01 +3.2765e-01
108 0 +1.136811995e+03 +1.179771995e+03 +1.179771995e+03 +1.9610e+00 +1.0762e+00 +2.8414e+00 +8.9813e-01 +1.6981e+00 +2.7493e+00 -1.1890e+00 -1.8610e+00 +1.0829e+00 +3.1669e+00 -1.1240e+00 +9.3131e-01 -1.7525e+00 +2.3664e+00 -1.1565e-01 -1.9217e+00 -7.2929e-01 -6.4138e-01 -2.5771e+00 -1.4945e+00
109 0 +1.083354958e+03 +1.126314958e+03 +1.126314958e+03 -9.1707e-01 +3.6817e-02 -1.8692e+00 -2.4829e+00 -3.9253e+00 -1.2077e+00 -3.0099e+00 -2.7707e+00 +8.1345e-01 -1.9182e+00 -2.6926e+00 -3.4269e+00 -4.2423e+00 +8.1699e-01 -2.3499e+00 +9.6392e-01 -4.0236e+00 +1.7188e+00 +5.7385e-01 +1.1440e-01
155 0 +1.069394700e+03 +1.112354700e+03 +1.112354700e+03 +1.3013e+00 +1.7960e+00 -1.7469e+00 -1.7609e+00 -1.1616e+00 -4.1247e+00 -3.3164e+00 +1.5923e+00 -3.2598e+00 +1.4457e+00 -3.4556e+00 -3.8588e+00 -9.6985e-01 +9.3942e-01 -1.3152e+00 -3.1386e+00 -1.9407e+00 -1.7429e+00 +1.3212e+00 +1.9045e+00
156 0 +8.827030534e+02 +9.256630534e+02 +9.256630534e+02 -1.5371e+00 +7.6013e-01 -2.2972e-01 -2.9279e+00 -3.0770e+00 -5.9626e-01 -3.0522e+00 -1.1151e+00 +1.1432e+00 -1.3398e+00 -1.0347e+00 -3.1416e+00 -2.7145e+00 +1.8693e+00 -1.6515e+00 -8.1130e-01 -2.0604e+00 +2.8372e+00 +1.4073e+00 +9.1040e-01
157 0 +8.592610151e+02 +9.022210151e+02 +9.022210151e+02 -2.0336e+00 +1.3394e+00 +1.0833e+00 -3.2842e+00 -2.3975e+00 -1.0662e-01 -3.0861e+00 +2.1071e-01 +1.4073e+00 -8.7649e-01 +2.9308e-01 -2.9131e+00 -1.4910e+00 +2.7120e+00 -1.0922e+00 -2.2330e+00 -4.8818e-01 +3.7329e+00 +2.0747e+00 +1.5479e+00
304 0 +8.462725135e+02 +8.892325135e+02 +8.892325135e+02 -1.6770e+00 +9.2343e-01 +1.4046e-01 -3.0284e+00 -2.8854e+00 -1.1056e-01 -3.0618e+00 -7.4134e-01 +1.2177e+00 -1.2092e+00 -6.6034e-01 -3.0772e+00 -2.3696e+00 +2.1069e+00 -1.4938e+00 -1.2121e+00 -1.6171e+00 +3.0897e+00 +1.5955e+00 +1.0901e+00
404 0 +8.255654259e+02 +8.685254259e+02 +8.685254259e+02 -6.0025e-01 +7.4501e-01 +3.1114e-01 -1.9340e+00 -2.0164e+00 +4.6143e-01 -2.5908e+00 -1.5094e+00 +1.0847e+00 -3.0990e-01 -1.2702e+00 -2.1815e+00 -2.6746e+00 +1.8556e+00 -1.3652e+00 -8.5599e-01 -1.9865e+00 +1.8407e+00 +3.2494e-01 +2.1994e-01
407 0 +7.261883249e+02 +7.691483249e+02 +7.691483249e+02 -8.6944e-01 +1.0774e+00 +8.6660e-01 -3.5121e+00 -2.6437e+00 -1.4646e+00 -1.7445e+00 -1.3350e+00 +1.1043e+00 +3.8664e-01 -6.3500e-01 -2.1847e+00 -3.5171e-01 +2.0809e+00 +5.7270e-02 -1.1099e+00 -1.5608e+00 +1.1813e+00 +1.6274e+00 +1.3868e+00
452 0 +6.999497136e+02 +7.429097136e+02 +7.429097136e+02 -1.0027e+00 +1.0901e+00 +8.4610e-01 -3.3113e+00 -2.6369e+00 -1.2879e+00 -1.9180e+00 -1.1828e+00 +1.1340e+00 +2.0487e-01 -5.6336e-01 -2.2881e+00 -5.4555e-01 +2.1318e+00 -1.1326e-01 -1.2035e+00 -1.4794e+00 +1.4805e+00 +1.6609e+00 +1.3841e+00
454 0 +6.842191441e+02 +7.271791441e+02 +7.271791441e+02 -8.6916e-01 +9.9158e-01 +7.5169e-01 -3.4126e+00 -2.6997e+00 -1.3919e+00 -1.8314e+00 -1.2265e+00 +1.0978e+00 +1.7989e-01 -7.2709e-01 -2.1978e+00 -5.6901e-01 +1.9946e+00 -1.9677e-01 -1.0465e+00 -1.6242e+00 +1.2408e+00 +1.5058e+00 +1.3477e+00
610 0 +6.733314077e+02 +7.162914077e+02 +7.162914077e+02 -8.6916e-01 +9.9158e-01 +7.5169e-01 -3.4126e+00 -2.6997e+00 -1.3919e+00 -1.8314e+00 -1.2265e+00 +1.0978e+00 +1.7989e-01 -7.2709e-01 -2.1978e+00 -5.6901e-01 +1.9946e+00 -1.9677e-01 -9.7426e-01 -1.6242e+00 +1.2408e+00 +1.5058e+00 +1.3477e+00
764 0 +6.413833980e+02 +6.843433980e+02 +6.843433980e+02 -8.6916e-01 +9.9158e-01 +7.5169e-01 -3.4126e+00 -2.6997e+00 -1.3919e+00 -1.8314e+00 -1.2265e+00 +1.0978e+00 +1.7989e-01 -7.2709e-01 -2.1978e+00 -5.6901e-01 +1.9946e+00 -1.9677e-01 -4.7982e-01 -1.6242e+00 +1.2408e+00 +1.5058e+00 +1.3477e+00
812 0 +6.151187745e+02 +6.580787745e+02 +6.580787745e+02 -8.6916e-01 +9.9158e-01 +7.5169e-01 -3.4126e+00 -2.6997e+00 -1.3919e+00 -1.8314e+00 -1.2265e+00 +1.0978e+00 +1.7989e-01 -7.2709e-01 -2.1978e+00 -5.6901e-01 +1.9946e+00 -1.9677e-01 -1.7593e-02 -1.6242e+00 +1.2408e+00 +1.5058e+00 +1.3477e+00
962 0 +5.921717219e+02 +6.351317219e+02 +6.351317219e+02 -8.6916e-01 +9.9158e-01 +7.5169e-01 -3.4126e+00 -2.6997e+00 -1.3919e+00 -1.8314e+00 -1.2265e+00 +1.0978e+00 +1.7989e-01 -7.2709e-01 -2.0080e+00 -5.6901e-01 +1.9946e+00 -1.9677e-01 -1.7593e-02 -1.6242e+00 +1.2408e+00 +1.5058e+00 +1.3477e+00
1310 0 +5.414052978e+02 +5.843652978e+02 +5.843652978e+02 -8.6919e-01 +9.9159e-01 +7.5169e-01 -3.4118e+00 -2.6997e+00 -1.3918e+00 -1.8314e+00 -1.2265e+00 +1.0978e+00 +1.7985e-01 -7.2707e-01 -2.1185e-01 -5.6905e-01 +1.9946e+00 -1.9680e-01 -1.2283e-02 -1.6242e+00 +1.2409e+00 +1.5059e+00 +1.3477e+00
1761 0 +4.956295525e+02 +5.385895525e+02 +5.385895525e+02 -8.6918e-01 +9.3088e-01 +7.5169e-01 -3.4120e+00 -2.6997e+00 -1.3918e+00 -1.8314e+00 -1.2265e+00 +1.0978e+00 +1.7986e-01 -7.2707e-01 -6.0706e-01 -5.6904e-01 +1.9946e+00 -1.9680e-01 -1.3340e-02 -1.2147e-01 +1.2409e+00 +1.5058e+00 +1.3477e+00
1853 0 +4.865684423e+02 +5.295284423e+02 +5.295284423e+02 -8.6918e-01 +9.3088e-01 +7.5169e-01 -3.4120e+00 -2.6997e+00 -1.3918e+00 -1.8314e+00 -1.2265e+00 +1.0978e+00 +1.7986e-01 -7.2707e-01 -6.0706e-01 -5.6904e-01 +1.9946e+00 -1.9680e-01 -1.3340e-02 -4.5232e-01 +1.2409e+00 +1.5058e+00 +1.3477e+00
% f evaluations | g evaluations | best noise-free fitness - Fopt (2.842200000000e+02) + sum g_i+ | measured fitness | best measured fitness or single-digit g-values | x1 | x2...
1 0 +1.533516412e+03 +1.817736412e+03 +1.817736412e+03 +1.5536e+00 +1.9318e+00 -4.7123e+00 -2.9409e+00 +1.0908e-01 -1.6055e+00 -1.3514e+00 -2.3277e+00 -2.4258e+00 +4.4009e+00 -2.6554e+00 -3.7357e+00 +1.7533e+00 -4.6962e+00 -6.1954e-01 +3.8572e+00 +6.2911e-01 +4.2939e+00 -2.8083e-01 +1.4547e+00
47 0 +1.284169938e+03 +1.568389938e+03 +1.568389938e+03 +1.8614e+00 -1.7775e+00 -1.1863e-01 -4.6235e-01 -1.1972e+00 -2.7994e+00 -1.1445e+00 +4.9139e+00 -2.4482e+00 +9.4993e-01 +1.8224e+00 +2.6720e+00 -4.9067e+00 -1.8219e+00 +2.7221e+00 +2.8925e+00 -1.4688e+00 +1.5424e+00 -9.9396e-02 +7.3231e-01
54 0 +1.164868938e+03 +1.449088938e+03 +1.449088938e+03 +8.8588e-01 +2.1793e+00 -4.6553e+00 -1.8981e+00 -5.6235e-01 -1.4734e+00 -7.4548e-01 -2.4042e+00 -2.6649e+00 +4.1230e+00 -2.5770e+00 -3.1378e+00 +1.0236e+00 -3.6586e+00 -6.3475e-01 +2.8986e+00 +7.0944e-01 +3.5505e+00 +1.3483e-01 +1.1272e+00
57 0 +1.015435545e+03 +1.299655545e+03 +1.299655545e+03 +2.3772e+00 -2.6969e+00 +1.0981e-01 +1.0779e+00 -1.0206e+00 -6.3654e-01 -1.5973e+00 +3.3755e+00 -3.1073e+00 -6.2702e-01 +2.2500e+00 +2.4318e+00 -2.9184e+00 -6.9604e-01 +4.3248e-01 +1.1376e+00 -2.3240e+00 -4.6416e-01 -1.3385e+00 +1.6241e+00
102 0 +8.873303988e+02 +1.171550399e+03 +1.171550399e+03 +2.2058e+00 -1.5896e+00 -1.1220e+00 -1.6573e+00 -1.2250e+00 -2.2942e+00 +7.9509e-01 +7.5954e-01 -2.4625e+00 +3.2343e+00 -3.9273e-01 +7.2474e-01 -2.9422e-01 -1.1043e+00 -3.0309e+00 +1.7786e+00 +2.2133e+00 -8.4310e-01 -1.3491e+00 +4.5732e-01
155 0 +8.694823514e+02 +1.153702351e+03 +1.153702351e+03 +2.0818e+00 -9.1976e-01 -1.8049e+00 -1.9014e+00 -9.7123e-01 -2.1632e+00 +3.8679e-01 +1.7231e-01 -2.4555e+00 +3.4562e+00 -8.2312e-01 +4.7502e-01 +9.5240e-02 -1.7875e+00 -2.5722e+00 +2.1740e+00 +1.9120e+00 +1.3402e-01 -1.1459e+00 +6.4703e-01
158 0 +8.320846342e+02 +1.116304634e+03 +1.116304634e+03 -1.0515e+00 -9.0340e-01 -1.0658e+00 +7.1801e-01 -9.7429e-01 -2.8421e+00 +1.2792e+00 +1.5778e+00 -3.0254e-02 +7.1371e-01 -1.9014e+00 +6.3183e-01 +9.3876e-01 -5.1883e-01 +1.0321e+00 +1.3784e+00 -1.3131e+00 +1.5973e+00 -1.0658e+00 +1.0921e+00
206 0 +7.668197388e+02 +1.051039739e+03 +1.051039739e+03 +9.4767e-01 -7.1053e-01 -6.9514e-01 -1.6868e+00 +1.9837e-01 -2.8539e+00 +5.5499e-01 +1.5588e+00 -9.1565e-01 +2.6894e+00 -1.7526e+00 +5.4353e-01 -9.8836e-01 -2.7418e+00 +6.4544e-02 +2.8355e+00 -6.5632e-01 +1.0503e+00 -8.1365e-01 +3.0163e-02
352 0 +7.231644746e+02 +1.007384475e+03 +1.007384475e+03 +1.3888e+00 -1.6143e+00 -1.1803e-02 -1.6326e+00 -1.2686e-01 -2.9523e+00 +9.0881e-01 +2.1160e+00 -1.0761e+00 +2.5749e+00 -1.1173e+00 +1.3755e+00 -1.1731e+00 -1.9927e+00 -8.4259e-01 +2.4626e+00 +3.4518e-02 -1.1723e-01 -1.1943e+00 -5.3995e-02
402 0 +6.997447489e+02 +9.839647489e+02 +9.839647489e+02 +1.7070e+00 -2.0360e+00 +1.5901e-01 -1.6104e+00 -4.2872e-01 -2.9093e+00 +1.0598e+00 +2.1941e+00 -1.3395e+00 +2.6105e+00 -7.2026e-01 +1.6784e+00 -1.1408e+00 -1.5199e+00 -1.5659e+00 +2.1945e+00 +6.5485e-01 -7.6469e-01 -1.3944e+00 -2.4237e-02
610 0 +6.848670550e+02 +9.690870550e+02 +9.690870550e+02 +1.7070e+00 -2.0360e+00 +1.5901e-01 -1.6104e+00 -4.2872e-01 -2.9093e+00 +1.0598e+00 +2.1941e+00 -1.3395e+00 +2.6105e+00 -7.2026e-01 +2.6540e-01 -1.1408e+00 -1.5199e+00 -1.5659e+00 +2.1945e+00 +6.5485e-01 -7.6469e-01 -1.3944e+00 -2.4237e-02
803 0 +6.644720891e+02 +9.486920891e+02 +9.486920891e+02 +1.0425e+00 -1.1036e+00 -3.0519e-01 -6.6512e-01 +4.5925e-01 -2.7229e+00 +6.6888e-01 +2.3944e+00 -1.6942e+00 +2.5908e+00 -2.7198e-01 -5.8104e-01 -1.5599e+00 -1.9906e+00 -1.0771e+00 +1.6438e+00 +5.0642e-01 +4.9045e-02 -2.2757e-01 -7.1633e-01
906 0 +6.570848382e+02 +9.413048382e+02 +9.413048382e+02 +1.0949e+00 -1.1713e+00 -2.6861e-01 -7.3961e-01 +3.8928e-01 -2.7376e+00 +6.9968e-01 +2.3786e+00 -1.6662e+00 +2.5923e+00 -3.0730e-01 -4.3372e-01 -1.5269e+00 -1.9535e+00 -1.1156e+00 +1.6872e+00 +5.1811e-01 +2.5724e-03 -3.1293e-01 -6.6179e-01
1006 0 +6.252125400e+02 +9.094325400e+02 +9.094325400e+02 +1.1708e+00 -5.5844e-01 -1.3833e-01 -1.1578e+00 +2.1885e-01 -2.8463e+00 +7.8769e-01 +2.2736e+00 -1.3217e+00 +1.9077e+00 -7.4342e-01 +3.9406e-01 -1.3710e+00 -2.0408e+00 -8.8462e-01 +2.0820e+00 +2.4526e-01 +6.9036e-03 -7.0595e-01 -3.8144e-01
1264 0 +6.134145327e+02 +8.976345327e+02 +8.976345327e+02 +1.7070e+00 -2.0360e+00 +1.5901e-01 -1.6104e+00 -4.2872e-01 -2.9093e+00 +1.0598e+00 +2.1941e+00 -1.3395e+00 +2.3927e-02 -7.2026e-01 +6.2532e-01 -1.1408e+00 -1.5199e+00 -1.5659e+00 +2.1945e+00 +6.5485e-01 -7.0374e-01 -1.3716e+00 -2.4237e-02
1410 0 +5.874665061e+02 +8.716865061e+02 +8.716865061e+02 +1.0949e+00 -1.1713e+00 -1.6271e-01 -7.3961e-01 +3.8928e-01 -2.7376e+00 +6.9968e-01 +2.3786e+00 -1.2964e+00 +7.8678e-01 -3.0730e-01 -4.3372e-01 -1.5269e+00 -1.9535e+00 -1.1156e+00 +1.6872e+00 +5.1811e-01 +2.5724e-03 -3.1293e-01 -6.6179e-01
1463 0 +5.701435739e+02 +8.543635739e+02 +8.543635739e+02 +1.0949e+00 -1.1713e+00 -1.6271e-01 -1.7938e-01 +3.8928e-01 -2.7376e+00 +6.9968e-01 +2.3786e+00 -1.2964e+00 +7.8678e-01 -3.0730e-01 -4.3372e-01 -1.5269e+00 -1.9535e+00 -1.1156e+00 +1.6872e+00 +5.1811e-01 +2.5724e-03 -3.1293e-01 -6.6179e-01
1810 0 +5.588618014e+02 +8.430818014e+02 +8.430818014e+02 +1.0949e+00 -1.1713e+00 -1.6271e-01 -3.5112e-01 +3.8928e-01 -2.7376e+00 +6.9968e-01 +2.3786e+00 -1.2964e+00 +2.7524e-01 -3.0730e-01 -4.3372e-01 -1.5269e+00 -1.9535e+00 -1.1156e+00 +1.6872e+00 +5.1811e-01 +2.5724e-03 -3.1293e-01 -6.6179e-01
1910 0 +5.470417180e+02 +8.312617180e+02 +8.312617180e+02 +1.0949e+00 -1.1713e+00 -1.6271e-01 -3.5112e-01 +3.8928e-01 -2.7376e+00 +6.9968e-01 +2.3786e+00 -1.2964e+00 +7.8678e-01 -3.0730e-01 -4.3372e-01 -1.5269e+00 -1.9535e+00 -1.1716e-01 +1.6872e+00 +5.1811e-01 +2.5724e-03 -3.1293e-01 -6.6179e-01
% f evaluations | g evaluations | best noise-free fitness - Fopt (-3.217000000000e+01) + sum g_i+ | measured fitness | best measured fitness or single-digit g-values | x1 | x2...
1 0 +1.207830809e+04 +1.204613809e+04 +1.204613809e+04 -3.6241e+00 -3.3592e+00 +3.5032e+00 +7.2167e-01 -1.8390e+00 +4.3084e+00 -4.2559e+00 -2.5136e+00 +4.9982e+00 +1.9230e+00 +3.1107e+00 -1.0039e+00 +4.8151e+00 +1.7336e+00 -3.6140e+00 -2.3934e+00 +2.5195e+00 -3.5241e+00 -3.2290e+00 -2.8967e+00
2 0 +8.291583081e+03 +8.259413081e+03 +8.259413081e+03 +3.7823e+00 -3.8090e+00 +1.8085e+00 -4.5435e+00 +2.4096e+00 -2.1648e+00 -1.1156e+00 -4.7768e+00 +4.9721e+00 +1.4565e+00 +3.6840e+00 -2.2036e+00 +1.5078e+00 +2.3779e-01 -1.2027e+00 -1.2412e+00 +1.3785e+00 +1.4672e+00 +4.5788e+00 -3.6666e+00
4 0 +1.630220180e+03 +1.598050180e+03 +1.598050180e+03 +1.2901e+00 +4.1510e+00 -2.5907e+00 -1.0405e+00 +4.5477e+00 -5.9300e-02 +3.2184e-01 +3.5288e+00 -1.7874e+00 -4.7110e+00 +1.9553e+00 -4.5530e+00 -1.9961e+00 -4.4411e+00 +3.8651e-03 -1.7017e+00 -4.6830e+00 -2.9565e+00 +3.7137e+00 -2.8124e+00
16 0 +8.484251021e+02 +8.162551021e+02 +8.162551021e+02 +1.6670e+00 -4.7904e+00 -2.8529e+00 +3.4040e+00 -6.3374e-01 -2.3706e+00 -1.6407e+00 -1.6847e+00 +1.1053e+00 +3.5383e+00 -3.9877e+00 +4.1123e+00 +6.9048e-01 -3.3081e-01 +1.5646e+00 +1.6266e+00 -1.3106e+00 +2.3318e-01 +2.5304e+00 -2.7264e+00
56 0 +6.770579308e+02 +6.448879308e+02 +6.448879308e+02 -2.3614e-01 -2.2076e+00 +3.5543e-02 +1.7966e-01 +1.7648e+00 -1.3970e-01 -2.6089e+00 -1.4923e+00 +3.1833e-01 +9.3088e-01 -2.5703e+00 +2.0997e+00 -7.0750e-01 +4.7422e-02 +1.0874e+00 -3.3088e-01 -2.4895e+00 +7.7484e-01 +6.4658e-01 -1.0670e+00
57 0 +6.650924870e+02 +6.329224870e+02 +6.329224870e+02 -4.5938e-01 -1.9046e+00 +3.7436e-01 -1.9856e-01 +2.0462e+00 +1.2199e-01 -2.7224e+00 -1.4698e+00 +2.2601e-01 +6.2502e-01 -2.4040e+00 +1.8636e+00 -8.7149e-01 +9.1790e-02 +1.0315e+00 -5.6050e-01 -2.6278e+00 +8.3838e-01 +4.2560e-01 -8.7237e-01
153 0 +6.526262193e+02 +6.204562193e+02 +6.204562193e+02 -4.0097e-01 -1.9839e+00 +2.8571e-01 -9.9608e-02 +1.9725e+00 +5.3519e-02 -2.6927e+00 -1.4757e+00 +2.5017e-01 +7.0505e-01 -2.4475e+00 +1.9254e+00 -8.2858e-01 +8.0182e-02 +1.0461e+00 -5.0043e-01 -2.5916e+00 +8.2175e-01 +4.8342e-01 -9.2330e-01
211 0 +6.125856853e+02 +5.804156853e+02 +5.804156853e+02 -2.6961e-01 -1.9460e+00 +3.0852e-01 +5.2607e-02 +1.8901e+00 +9.8213e-02 -2.5467e+00 -1.3979e+00 +2.4055e-01 +7.6215e-01 -7.2017e-01 +2.0296e+00 -7.5143e-01 +1.1406e-01 +1.0550e+00 -5.8289e-01 -2.5583e+00 +8.8390e-01 +5.8739e-01 -9.3783e-01
257 0 +5.949101572e+02 +5.627401572e+02 +5.627401572e+02 +1.7197e+00 -2.1338e+00 -4.7731e-01 +2.0126e+00 -2.6832e-01 -2.8176e-02 -3.4577e-01 -7.9550e-01 +2.4330e-01 +1.9461e+00 -2.9511e+00 +3.7279e+00 +8.5411e-01 -1.4389e-01 +1.4459e+00 -4.8921e-01 -1.8145e+00 +3.3480e-01 +1.6421e+00 -1.5201e+00
306 0 +5.792523076e+02 +5.470823076e+02 +5.470823076e+02 -5.1902e-01 -1.8462e+00 -7.4398e-01 +6.9309e-01 +2.0487e+00 +1.1996e+00 -1.4433e+00 -1.6299e+00 +1.1830e+00 +9.5571e-01 -1.3852e+00 +1.6375e+00 -1.1995e+00 +7.0351e-01 +3.0487e-02 -1.5752e+00 -2.3172e+00 +1.3612e+00 +8.5169e-01 -1.3239e+00
355 0 +5.670678115e+02 +5.348978115e+02 +5.348978115e+02 +1.5954e+00 -3.1586e-01 -1.0886e+00 +1.1294e+00 +1.1247e+00 -3.7179e-02 -1.5266e-01 +4.5533e-01 -3.4409e-01 +2.0535e-02 -1.5319e+00 +1.3326e+00 +2.9684e-02 -1.3869e+00 +1.0288e+00 -8.3992e-01 -2.6443e+00 -6.1722e-01 +2.2413e+00 -1.8939e+00
508 0 +5.601914470e+02 +5.280214470e+02 +5.280214470e+02 +8.5413e-01 -8.8861e-01 -8.2650e-01 +8.8703e-01 +1.4422e+00 +2.7290e-01 -7.6741e-01 -2.7751e-01 +9.2737e-02 +3.3763e-01 -1.6208e+00 +1.4948e+00 -3.6206e-01 -6.9835e-01 +7.9602e-01 -9.8066e-01 -2.5558e+00 +4.4839e-02 +1.6988e+00 -1.6355e+00
605 0 +5.495387968e+02 +5.173687968e+02 +5.173687968e+02 +1.6388e+00 -9.5145e-01 -8.7488e-01 +1.4382e+00 +6.3769e-01 -3.4031e-02 -2.2017e-01 +1.8004e-02 -1.3872e-01 +6.9378e-01 -1.6667e+00 +2.1701e+00 +3.1793e-01 -9.5229e-01 +1.1747e+00 -7.1730e-01 -2.3542e+00 -2.8437e-01 +2.0318e+00 -1.7632e+00
760 0 +5.195033598e+02 +4.873333598e+02 +4.873333598e+02 +1.0590e+00 -8.5668e-01 -8.5568e-01 +1.0097e+00 +1.2660e+00 +1.9123e-01 -6.1706e-01 -1.6566e-01 +1.5625e-02 +3.8064e-01 -2.1627e-01 +1.6099e+00 -2.0369e-01 -7.9895e-01 +8.8532e-01 -9.2016e-01 -2.5245e+00 -6.7956e-02 +1.8032e+00 -1.6794e+00
863 0 +5.095172843e+02 +4.773472843e+02 +4.773472843e+02 +1.0590e+00 -5.0411e-02 -8.5568e-01 +1.0097e+00 +1.2660e+00 +1.9123e-01 -6.1706e-01 -1.6566e-01 +1.5625e-02 +3.8064e-01 -2.1627e-01 +1.6099e+00 -2.0369e-01 -7.9895e-01 +8.8532e-01 -9.2016e-01 -2.5245e+00 -6.7956e-02 +1.8032e+00 -1.6794e+00
1111 0 +4.876615302e+02 +4.554915302e+02 +4.554915302e+02 +1.1013e+00 -8.2450e-01 -5.3729e-01 +1.0349e+00 +1.2298e+00 +1.7436e-01 -5.8599e-01 -1.4245e-01 -3.5767e-04 +3.8934e-01 -3.3977e-01 +1.6302e+00 -1.7301e-01 -7.7568e-01 +9.0373e-01 -9.0770e-01 -2.5181e+00 -9.1343e-02 +1.8248e+00 -1.6796e+00
1513 0 +4.638948496e+02 +4.317248496e+02 +4.317248496e+02 +1.1015e+00 -8.2811e-01 -5.8392e-01 +1.0350e+00 +1.2296e+00 +1.7427e-01 -5.8582e-01 -1.4232e-01 -4.4573e-04 +3.8939e-01 -3.3824e-01 +1.6303e+00 -1.7284e-01 -7.7555e-01 +9.0383e-01 -9.0763e-01 -1.8569e+00 -9.1471e-02 +1.8249e+00 -1.6805e+00
1662 0 +4.295328669e+02 +3.973628669e+02 +3.973628669e+02 +1.0888e+00 -6.6403e-01 -6.6446e-01 +1.0274e+00 +1.2405e+00 +1.7934e-01 -5.9516e-01 -1.4930e-01 +4.3621e-03 +3.8677e-01 -3.3676e-01 +1.6242e+00 -1.8207e-01 -7.8255e-01 +8.9830e-01 -9.1138e-01 -2.6773e-01 -8.4436e-02 +1.8184e+00 -1.5073e+00
2012 0 +4.086801710e+02 +3.765101710e+02 +3.765101710e+02 +1.0888e+00 -6.6403e-01 -6.6446e-01 +7.3731e-01 +1.2405e+00 +1.7934e-01 -5.9516e-01 -1.4930e-01 +4.3621e-03 +3.8677e-01 -3.3676e-01 +1.6242e+00 -1.8207e-01 -7.8255e-01 +8.9830e-01 -9.1138e-01 -2.6773e-01 -8.4436e-02 +1.8184e+00 -1.5073e+00
% f evaluations | g evaluations | best noise-free fitness - Fopt (-5.858000000000e+01) + sum g_i+ | measured fitness | best measured fitness or single-digit g-values | x1 | x2...
1 0 +2.639672254e+03 +2.581092254e+03 +2.581092254e+03 -8.7944e-01 -2.6739e+00 -2.8150e+00 +3.6439e+00 -1.1565e+00 +4.9122e+00 +4.7932e+00 -2.1764e-01 +4.3058e+00 +4.5970e+00 -5.8098e-01 -1.8321e+00 -1.6439e+00 -1.9525e+00 -4.6486e+00 -4.3094e+00 +4.2923e-01 -4.0424e+00 -8.7291e-01 -5.6032e-01
2 0 +1.533033097e+03 +1.474453097e+03 +1.474453097e+03 -7.9520e-01 -1.5617e+00 +1.2533e+00 -1.4718e+00 +3.5312e+00 -3.2760e+00 +5.4944e-01 -1.0149e+00 -3.9567e+00 +4.8876e+00 -5.0824e-01 -2.7014e+00 -9.1778e-01 -4.3171e+00 +2.7107e+00 -3.4406e+00 +6.3402e-01 +1.7123e+00 -1.8462e-01 -4.9661e+00
3 0 +1.090842034e+03 +1.032262034e+03 +1.032262034e+03 +1.6190e+00 -4.1794e+00 -2.4671e+00 -4.0119e+00 -1.8872e+00 -2.3431e+00 +3.4829e+00 +1.0564e+00 +1.3941e+00 -1.3693e+00 -3.6589e+00 -2.2449e+00 -3.4013e+00 -2.3877e-01 +1.9953e+00 +2.2661e+00 -4.9168e+00 -2.6206e+00 +2.3332e+00 +1.6232e+00
52 0 +9.313650371e+02 +8.727850371e+02 +8.727850371e+02 -2.5463e+00 -7.7026e-01 -4.4009e+00 +3.5935e+00 -3.4302e-01 +2.7357e+00 -9.4897e-01 -4.7559e-01 -1.0303e+00 +2.7206e+00 -2.2210e+00 +1.6755e+00 -1.4419e+00 +2.8509e+00 -1.4950e+00 -1.4903e-01 -6.2888e-01 -7.1988e-01 +2.8141e+00 -2.5146e+00
102 0 +8.073912386e+02 +7.488112386e+02 +7.488112386e+02 -4.7226e-01 -1.4593e+00 -2.6942e+00 +1.6158e+00 -3.5893e+00 -1.5994e+00 -1.8293e+00 +6.1580e-04 -3.1971e-01 -1.1946e+00 +1.6515e-01 +8.7906e-01 -1.2055e+00 -4.1716e-01 -3.0257e+00 +7.2621e-01 -1.1728e+00 +7.0371e-01 +9.1058e-01 +1.3183e+00
103 0 +7.776686345e+02 +7.190886345e+02 +7.190886345e+02 +9.5184e-01 +2.0782e-01 -1.3424e+00 +1.1021e+00 -3.6215e+00 -1.6457e+00 -2.2687e+00 -3.9013e-01 -3.6019e-02 -8.6656e-01 +6.2448e-01 +6.6233e-01 -1.3007e+00 +2.3905e-01 -2.3456e+00 +6.0306e-01 +4.2846e-01 +1.2166e-02 +1.0548e+00 +1.4473e+00
207 0 +7.534569160e+02 +6.948769160e+02 +6.948769160e+02 -9.5170e-01 +3.1557e-01 -6.8619e-01 +2.8346e-01 -6.3861e-01 -1.0170e+00 +5.4355e-01 +1.5539e+00 +2.5818e-01 -2.0794e+00 +1.1640e+00 +2.3951e+00 -1.5299e+00 +1.1197e+00 -3.2296e+00 -2.4484e-01 -1.4630e+00 +1.9894e+00 +1.2369e+00 -7.3365e-01
257 0 +6.895634135e+02 +6.309834135e+02 +6.309834135e+02 -4.5882e-01 +2.8767e-01 -8.5611e-01 +4.9543e-01 -1.4110e+00 -1.1798e+00 -1.8462e-01 +1.0505e+00 +1.8200e-01 -1.7654e+00 +1.0243e+00 +1.9464e+00 -1.4706e+00 +8.9164e-01 -3.0007e+00 -2.5291e-02 -9.9976e-01 +1.4774e+00 +1.1897e+00 -1.6895e-01
360 0 +6.695453215e+02 +6.109653215e+02 +6.109653215e+02 -4.5882e-01 +2.8767e-01 -8.5611e-01 +4.9543e-01 -1.4110e+00 -1.1798e+00 -1.8462e-01 +1.0505e+00 +1.8200e-01 -3.9881e-01 +1.0243e+00 +1.9464e+00 -1.4706e+00 +8.9164e-01 -3.0007e+00 -2.5291e-02 -9.9976e-01 +1.4774e+00 +1.1897e+00 -1.6895e-01
403 0 +6.549777228e+02 +5.963977228e+02 +5.963977228e+02 -2.2992e-03 -2.9418e-01 -8.5977e-01 -1.0970e-01 -1.3500e+00 -1.1265e+00 -3.5837e-01 +4.9857e-01 -4.9753e-01 -1.5961e+00 +9.1991e-01 +1.5370e+00 -1.6404e+00 +5.8267e-01 -2.8321e+00 +2.8202e-01 -5.6127e-01 +1.2296e+00 +1.6879e+00 +3.9773e-01
514 0 +6.363326632e+02 +5.777526632e+02 +5.777526632e+02 -2.2992e-03 -2.9418e-01 -8.5977e-01 -1.0970e-01 -1.3500e+00 -1.1265e+00 -3.5837e-01 +4.9857e-01 -4.9753e-01 -1.5961e+00 +9.1991e-01 +1.5370e+00 -1.6404e+00 +5.8267e-01 -2.8321e+00 +2.8202e-01 -2.9603e-01 +1.2296e+00 +1.6879e+00 +3.9773e-01
813 0 +6.302478355e+02 +5.716678355e+02 +5.716678355e+02 -3.2297e-01 +1.1453e-01 -8.5720e-01 +3.1536e-01 -1.3928e+00 -1.1640e+00 -2.3632e-01 +8.5576e-01 -2.0209e-02 -7.5508e-01 +9.9322e-01 +4.2849e-01 -1.5211e+00 +7.9551e-01 -2.9505e+00 +6.6155e-02 -8.6928e-01 +1.4037e+00 +1.3380e+00 -3.1899e-04
1063 0 +5.774764798e+02 +5.188964798e+02 +5.188964798e+02 -2.2992e-03 -2.9418e-01 -8.5977e-01 -1.0970e-01 -1.3500e+00 -1.1265e+00 -3.5837e-01 +4.9857e-01 -4.9753e-01 -1.5961e+00 +8.9208e-01 +1.5370e+00 -1.6404e+00 +5.8267e-01 -1.0170e+00 +2.8202e-01 -2.9603e-01 +1.2296e+00 +1.6879e+00 +3.9773e-01
1102 0 +5.646767274e+02 +5.060967274e+02 +5.060967274e+02 -2.4183e-03 -2.9403e-01 -8.5977e-01 -1.0955e-01 -1.3501e+00 -1.1266e+00 -3.5832e-01 +4.9870e-01 -4.9735e-01 -1.5958e+00 +8.9496e-01 +1.5366e+00 -1.6404e+00 +5.8275e-01 -1.2027e+00 +2.8194e-01 -2.9625e-01 +1.2296e+00 +1.6878e+00 +3.9758e-01
1261 0 +5.498938929e+02 +4.913138929e+02 +4.913138929e+02 -2.2992e-03 -2.9418e-01 -8.5977e-01 -1.0970e-01 -1.3500e+00 -1.1265e+00 -3.5837e-01 +4.9857e-01 -4.9753e-01 -1.5961e+00 +8.9208e-01 +1.5370e+00 -1.6404e+00 +5.8267e-01 -1.4271e-02 +2.8202e-01 -2.9603e-01 +1.2296e+00 +1.6879e+00 +2.9796e-02
1353 0 +5.478222708e+02 +4.892422708e+02 +4.892422708e+02 -2.3072e-03 -2.9417e-01 -8.5977e-01 -1.0969e-01 -1.3501e+00 -1.1265e+00 -3.5836e-01 +4.9858e-01 -4.9752e-01 -1.5961e+00 +8.9228e-01 +1.5370e+00 -1.6404e+00 +5.8268e-01 -1.0900e-01 +2.8201e-01 -2.9605e-01 +1.2296e+00 +1.6879e+00 +5.9651e-02
1503 0 +5.358650618e+02 +4.772850618e+02 +4.772850618e+02 -2.3803e-03 -2.9408e-01 -8.5977e-01 -1.0960e-01 -1.3501e+00 -1.1265e+00 -3.5833e-01 +4.9866e-01 -4.9741e-01 -1.5959e+00 +8.9404e-01 +1.5368e+00 -1.6404e+00 +5.8272e-01 -3.0463e-01 +2.8196e-01 -2.9618e-01 +1.2296e+00 +1.6878e+00 +3.3495e-01
1611 0 +5.185139361e+02 +4.599339361e+02 +4.599339361e+02 -2.3803e-03 -2.9408e-01 -8.5977e-01 -1.0960e-01 -1.3501e+00 -1.1265e+00 -3.5833e-01 +4.9866e-01 -4.9741e-01 -2.5667e-01 +8.9404e-01 +1.5368e+00 -1.6404e+00 +5.8272e-01 -3.0463e-01 +2.8196e-01 -2.9618e-01 +1.2296e+00 +1.6878e+00 +3.3495e-01
1913 0 +4.999686644e+02 +4.413886644e+02 +4.413886644e+02 -2.3703e-03 -2.9409e-01 -8.5977e-01 -1.0961e-01 -1.3501e+00 -1.1265e+00 -3.5834e-01 +4.8049e-01 -4.9743e-01 -5.9151e-01 +7.7149e-01 +1.5510e-02 -8.8551e-01 +5.8272e-01 -3.3785e-01 +2.8197e-01 -2.9616e-01 +1.2296e+00 +1.6879e+00 +2.9746e-01
% f evaluations | g evaluations | best noise-free fitness - Fopt (-6.049200000000e+02) + sum g_i+ | measured fitness | best measured fitness or single-digit g-values | x1 | x2...
1 0 +1.412588124e+04 +1.352096124e+04 +1.352096124e+04 +5.4130e-01 +3.8065e+00 +5.5342e-01 +2.4685e+00 -4.7295e+00 -2.3781e+00 +3.5945e-01 +1.5139e+00 +3.6641e+00 -2.6952e+00 -3.8071e+00 +1.5725e+00 -1.6723e+00 +1.6912e-01 -1.6428e+00 +4.0612e+00 -2.2906e+00 -1.8257e+00 +4.0391e+00 -3.7357e+00
4 0 +3.225053254e+03 +2.620133254e+03 +2.620133254e+03 -1.4068e+00 +2.0041e+00 -2.6136e+00 +2.4852e+00 -3.3051e+00 -4.2664e+00 -1.7358e+00 -3.2985e+00 +1.7212e+00 -1.2661e+00 +2.1049e+00 +1.3977e+00 +2.7573e+00 +3.7471e+00 +3.3216e+00 +4.1838e+00 -8.2428e-01 +4.0268e+00 -2.9173e+00 +2.4455e-02
17 0 +1.214804189e+03 +6.098841889e+02 +6.098841889e+02 -3.0731e+00 -2.1560e+00 +2.6935e+00 -2.3261e+00 -2.8826e+00 -2.1895e-02 -1.7326e+00 -1.5255e+00 -4.7891e+00 +4.1569e+00 +3.2009e+00 -3.9093e+00 -1.7096e+00 +3.2050e+00 -1.3944e+00 +2.2267e+00 -4.8451e+00 +2.4260e+00 -1.6267e+00 +2.7530e+00
54 0 +1.189525533e+03 +5.846055330e+02 +5.846055330e+02 -2.1644e+00 +3.4256e+00 -2.1397e+00 +1.8372e+00 -5.4074e-01 -3.8254e+00 +1.9097e+00 -2.3960e-01 -5.0773e-01 -3.6277e+00 -9.3131e-01 -2.4134e+00 +3.0197e+00 +2.3945e+00 -9.6260e-01 -4.1892e-01 +4.2741e-01 +3.7501e-01 -1.1918e+00 -3.0024e+00
55 0 +6.952686612e+02 +9.034866121e+01 +9.034866121e+01 -1.7207e+00 +2.5931e+00 -2.4173e+00 +2.2167e+00 -2.1597e+00 -4.0837e+00 -2.2527e-01 -2.0311e+00 +7.9765e-01 -2.2446e+00 +8.4685e-01 -1.8147e-01 +2.8660e+00 +3.1866e+00 +1.5465e+00 +2.2767e+00 -3.0565e-01 +2.5137e+00 -2.2023e+00 -1.2297e+00
152 0 +5.679989660e+02 -3.692103400e+01 -3.692103400e+01 -1.3677e+00 +1.5618e+00 -1.3196e+00 +9.6314e-01 -1.9845e+00 -2.8319e+00 -2.4436e-01 -2.1661e+00 -1.7238e-01 -1.6194e+00 +7.1732e-01 -1.6072e-01 +1.6592e+00 +2.8352e+00 +8.0976e-01 +1.3664e+00 -9.1543e-01 +1.9357e+00 -1.9305e+00 -6.0903e-01
254 0 +5.506660813e+02 -5.425391874e+01 -5.425391874e+01 -1.4152e+00 +1.7007e+00 -1.4675e+00 +1.1320e+00 -2.0081e+00 -3.0005e+00 -2.4179e-01 -2.1479e+00 -4.1694e-02 -1.7036e+00 +7.3477e-01 -1.6352e-01 +1.8218e+00 +2.8826e+00 +9.0901e-01 +1.4890e+00 -8.3328e-01 +2.0135e+00 -1.9671e+00 -6.9265e-01
302 0 +5.349441848e+02 -6.997581522e+01 -6.997581522e+01 -1.4344e+00 +1.7653e+00 -1.5233e+00 +1.1481e+00 -2.0677e+00 -2.9679e+00 -2.4267e-01 -2.0336e+00 -4.9889e-02 -1.5882e+00 +6.4768e-01 -9.5289e-02 +1.7926e+00 +2.8210e+00 +9.9083e-01 +1.5142e+00 -8.7855e-01 +2.0181e+00 -1.9949e+00 -6.4082e-01
510 0 +5.203455935e+02 -8.457440649e+01 -8.457440649e+01 -1.4106e-02 +1.7889e+00 -1.5505e+00 +1.1869e+00 -2.0637e+00 -3.0146e+00 -2.4189e-01 -2.0478e+00 -1.6443e-02 -1.6277e+00 +6.6619e-01 -1.0711e-01 +1.8373e+00 +2.8427e+00 +1.0019e+00 +1.5402e+00 -8.5098e-01 +2.0365e+00 -1.9993e+00 -6.6983e-01
709 0 +4.990806478e+02 -1.058393522e+02 -1.058393522e+02 -1.1035e+00 +1.7519e+00 -1.5116e+00 +1.1443e+00 -2.0556e+00 -2.9740e+00 -2.4250e-01 -1.6673e+00 -4.8616e-02 -1.6113e+00 +6.5654e-01 -8.1457e-02 +1.7980e+00 +2.8333e+00 +9.7401e-01 +1.5087e+00 -8.6965e-01 +2.0169e+00 -1.9892e+00 -6.5105e-01
760 0 +4.616905823e+02 -1.432294177e+02 -1.432294177e+02 -9.5736e-01 +1.7611e+00 -1.5206e+00 +1.1513e+00 -2.0604e+00 -2.9777e+00 -2.4247e-01 -2.0485e+00 -4.4565e-02 -1.6065e+00 +6.6000e-01 -8.2339e-02 +1.8018e+00 +2.8308e+00 +9.8299e-01 +1.5147e+00 -8.6979e-01 +1.2473e+00 -1.9923e+00 -6.5052e-01
864 0 +4.482032461e+02 -1.567167539e+02 -1.567167539e+02 -1.4292e+00 +1.7494e+00 -1.5074e+00 +1.1336e+00 -2.0612e+00 -2.9573e+00 -2.4280e-01 -2.0440e+00 -5.9440e-02 -1.5906e+00 +6.5311e-01 -6.5397e-02 +1.7822e+00 +2.8221e+00 +9.7671e-01 +1.5027e+00 -8.8143e-01 +3.9166e-01 -1.9898e+00 -6.3834e-01
908 0 +4.442135318e+02 -1.607064682e+02 -1.607064682e+02 -1.3936e+00 +1.7499e+00 -1.5080e+00 +1.1349e+00 -2.0607e+00 -2.9590e+00 -2.4277e-01 -2.0128e+00 -5.8269e-02 -1.5926e+00 +6.5352e-01 -6.7039e-02 +1.7839e+00 +2.8232e+00 +9.7660e-01 +1.5034e+00 -8.8024e-01 +5.4216e-01 -1.9898e+00 -6.3962e-01
1163 0 +4.336350957e+02 -1.712849043e+02 -1.712849043e+02 -1.4013e+00 +1.7446e+00 -1.5034e+00 +1.1332e+00 -2.0561e+00 -2.9611e+00 -2.4100e-01 -1.7801e+00 -5.7997e-02 -1.6012e+00 +6.5219e-01 -7.0739e-02 +1.7857e+00 +2.8277e+00 +9.7010e-01 +1.5011e+00 -8.7701e-01 +3.6303e-01 -1.9876e+00 -6.4335e-01
1213 0 +4.162781583e+02 -1.886418417e+02 -1.886418417e+02 -9.9675e-01 +1.7588e+00 -1.5184e+00 +1.1495e+00 -2.0593e+00 -2.9766e+00 -2.4248e-01 -1.9620e+00 -4.5681e-02 -1.6074e+00 +6.5913e-01 -8.1624e-02 +1.8007e+00 +2.8313e+00 +9.8087e-01 +1.5132e+00 -8.6991e-01 +8.5529e-01 -7.8531e-01 -6.5048e-01
1662 0 +3.979995190e+02 -2.069204810e+02 -2.069204810e+02 -1.1479e+00 +1.7554e+00 -1.5144e+00 +1.1439e+00 -2.0598e+00 -2.9699e+00 -2.4259e-01 -1.9798e+00 -5.0474e-02 -1.6018e+00 +6.5699e-01 -7.6049e-02 +1.7943e+00 +2.8282e+00 +9.7921e-01 +1.5095e+00 -8.7383e-01 +1.8700e-01 -9.3716e-01 -6.4636e-01
1758 0 +3.856944610e+02 -2.192255390e+02 -2.192255390e+02 -1.1479e+00 +1.7554e+00 -1.5144e+00 +1.1439e+00 -2.0598e+00 -2.9699e+00 -2.4259e-01 -1.9798e+00 -5.0474e-02 -1.6018e+00 +6.5699e-01 -7.6049e-02 +1.7943e+00 +2.8282e+00 +9.7921e-01 +1.5095e+00 -8.7383e-01 +1.8700e-01 -1.0258e+00 -6.4636e-01
% f evaluations | g evaluations | best noise-free fitness - Fopt (1.337000000000e+02) + sum g_i+ | measured fitness | best measured fitness or single-digit g-values | x1 | x2...
1 0 +1.844534928e+03 +1.978234928e+03 +1.978234928e+03 +1.1385e+00 +1.2260e+00 -1.6799e+00 -3.4874e+00 +1.7444e+00 +2.4536e+00 +2.7537e+00 -4.9827e+00 -8.3669e-01 +2.5036e+00 +3.0306e+00 +3.0336e-01 +1.8381e+00 -4.5556e+00 -3.0527e+00 +3.6850e-01 -2.0619e+00 +1.4080e+00 -7.5689e-01 +6.9855e-01
6 0 +1.430343980e+03 +1.564043980e+03 +1.564043980e+03 -2.9001e+00 -1.6357e+00 +8.6670e-01 -1.6758e+00 +2.3620e+00 +4.1306e+00 +4.6301e-02 -1.6114e+00 +2.8116e+00 -3.3834e+00 +1.5752e+00 +4.6329e-01 -3.5497e+00 +2.0145e+00 -2.5819e+00 +1.8794e+00 -4.8228e+00 -3.0447e+00 +8.6826e-01 +2.1893e+00
48 0 +1.016566516e+03 +1.150266516e+03 +1.150266516e+03 +1.7875e+00 -4.7766e+00 -4.1097e+00 +2.0396e+00 -1.3962e+00 -5.0601e-01 -3.8297e+00 -3.0666e+00 -1.0931e+00 -4.7413e+00 +1.6357e-01 -1.2520e+00 -3.9821e-01 +2.6452e-01 +6.1606e-01 -4.5145e+00 +2.8310e+00 +2.9174e+00 -2.1470e+00 -4.7846e+00
56 0 +8.701231399e+02 +1.003823140e+03 +1.003823140e+03 -2.3581e+00 -3.3720e+00 -9.5998e-01 +3.0613e-01 +1.2817e+00 +3.2739e+00 -1.9867e-01 +4.9526e-01 -5.7934e-01 -2.3605e+00 -6.6996e-01 +7.0411e-01 -3.9192e+00 +5.8888e-02 +4.1436e-01 -5.5668e-01 -1.0809e+00 -8.6441e-01 -1.1591e+00 +2.6512e+00
58 0 +7.153065396e+02 +8.490065396e+02 +8.490065396e+02 +2.4722e+00 -2.0695e+00 -2.3854e+00 +1.5126e+00 -1.8514e+00 -1.0294e+00 -2.2339e-01 -2.6656e+00 -7.7325e-01 -3.2335e+00 -4.0622e-01 -1.9825e+00 +1.5410e+00 +1.4604e+00 -4.1066e-01 -4.3976e+00 +8.4416e-01 +3.5278e+00 +2.6585e-01 -4.2397e+00
103 0 +6.934480359e+02 +8.271480359e+02 +8.271480359e+02 -1.1523e-01 -2.1944e+00 -9.4355e-01 +1.5746e+00 -2.5442e+00 -7.2980e-01 +1.2288e+00 -8.0140e-01 +4.0454e-01 -3.5984e+00 -2.1208e+00 -3.2178e-01 +5.2315e-02 +3.5310e-01 -2.7996e-01 -3.7174e+00 +6.5488e-01 +3.0034e+00 -7.6746e-01 -2.0476e+00
157 0 +6.407551782e+02 +7.744551782e+02 +7.744551782e+02 -1.7197e+00 -8.3677e-01 +6.8996e-01 +1.0889e+00 -8.4666e-01 +3.3950e+00 -9.5928e-01 -5.8934e-01 -1.6915e+00 -1.7105e+00 -1.7006e+00 +1.0816e+00 -1.6401e+00 +1.0727e-01 -1.7889e-01 -9.2183e-02 +2.1847e-01 -1.2783e+00 -7.0889e-01 +2.1868e-01
158 0 +6.013069481e+02 +7.350069481e+02 +7.350069481e+02 -2.8882e-01 -3.8907e+00 -2.3213e+00 +9.6426e-01 -9.4718e-02 +1.6271e+00 -1.4272e+00 -9.9849e-01 -7.9387e-01 -3.0991e+00 -2.7538e-01 -6.5659e-02 -1.7894e+00 +2.8779e-01 +3.3809e-01 -2.4057e+00 +8.1870e-01 +7.4164e-01 -1.7432e+00 -7.2557e-01
212 0 +5.854874876e+02 +7.191874876e+02 +7.191874876e+02 -2.9075e-01 -3.8902e+00 -2.3200e+00 +9.6365e-01 -9.3433e-02 +1.2478e+00 -1.4261e+00 -9.9710e-01 -7.9367e-01 -3.0984e+00 -2.7574e-01 -6.4940e-02 -1.7913e+00 +2.8758e-01 +3.3816e-01 -2.4040e+00 +8.1692e-01 +7.4014e-01 -1.7426e+00 -7.2241e-01
257 0 +5.260580234e+02 +6.597580234e+02 +6.597580234e+02 +1.7943e-01 -3.5818e+00 -2.3322e+00 +1.0573e+00 -3.9265e-01 +1.1766e+00 -1.2230e+00 -1.2812e+00 -7.9038e-01 -3.1219e+00 -2.9757e-01 -3.9074e-01 -1.2245e+00 +4.8666e-01 +2.1111e-01 -2.7435e+00 +8.2301e-01 +1.2142e+00 -1.4024e+00 -1.3215e+00
506 0 +5.197547963e+02 +6.534547963e+02 +6.534547963e+02 +1.6812e-01 -3.5892e+00 -2.3319e+00 +9.2932e-01 -3.8545e-01 +1.1783e+00 -1.2279e+00 -1.2744e+00 -7.9046e-01 -3.1213e+00 -2.9704e-01 -3.8290e-01 -1.2382e+00 +4.8187e-01 +2.1416e-01 -2.7354e+00 +8.2287e-01 +1.2028e+00 -1.4106e+00 -1.2276e+00
656 0 +5.114180421e+02 +6.451180421e+02 +6.451180421e+02 +1.7312e-01 -3.5860e+00 -2.3320e+00 +9.8633e-01 -3.3826e-01 +1.1775e+00 -1.2258e+00 -1.2774e+00 -7.9042e-01 -3.1216e+00 -2.9727e-01 -3.8636e-01 -1.2322e+00 +4.8398e-01 +2.1281e-01 -2.7390e+00 +8.2293e-01 +1.2078e+00 -1.4070e+00 -1.2694e+00
764 0 +4.800936227e+02 +6.137936227e+02 +6.137936227e+02 +1.7433e-01 -3.5852e+00 -2.3320e+00 +1.0001e+00 -3.2425e-01 +1.1773e+00 -1.2252e+00 -1.2781e+00 -7.9041e-01 -1.9309e+00 -2.9733e-01 -3.8720e-01 -1.2307e+00 +4.8450e-01 +2.1248e-01 -2.7399e+00 +8.2295e-01 +1.2090e+00 -1.4061e+00 -1.2795e+00
858 0 +4.785624071e+02 +6.122624071e+02 +6.122624071e+02 +1.6822e-01 -3.5892e+00 -2.3319e+00 +1.0067e+00 -3.3748e-01 +1.1783e+00 -1.2279e+00 -1.2744e+00 -7.9046e-01 -3.1214e+00 -2.9704e-01 -3.8297e-01 -1.2381e+00 +4.8191e-01 +2.1413e-01 -2.7355e+00 +8.2287e-01 +1.2029e+00 -1.0172e+00 -1.2767e+00
1064 0 +4.655875490e+02 +5.992875490e+02 +5.992875490e+02 +1.7197e-01 -3.5867e+00 -2.3320e+00 +1.0018e+00 -3.3139e-01 +1.1777e+00 -1.1506e+00 -1.2767e+00 -7.9043e-01 -1.3729e+00 -2.9722e-01 -3.8557e-01 -1.2335e+00 +4.8350e-01 +2.1312e-01 -2.7382e+00 +8.2292e-01 +1.2066e+00 -1.4078e+00 -1.2779e+00
1312 0 +4.507147604e+02 +5.844147604e+02 +5.844147604e+02 +1.7144e-01 -3.5871e+00 -2.3320e+00 +1.0025e+00 -3.3223e-01 +1.1778e+00 -1.5867e-01 -1.2764e+00 -7.9043e-01 -1.6043e+00 -2.9719e-01 -3.8520e-01 -1.2342e+00 +4.8327e-01 +2.1327e-01 -2.7378e+00 +8.2245e-01 +1.2061e+00 -1.3566e+00 -1.2777e+00
1403 0 +4.332279289e+02 +5.669279289e+02 +5.669279289e+02 +1.7191e-01 -3.5868e+00 -2.3320e+00 +1.0019e+00 -3.3150e-01 +1.1777e+00 -1.0234e+00 -1.2767e+00 -2.0347e-01 -1.4026e+00 -2.9722e-01 -3.8552e-01 -1.2336e+00 +4.8347e-01 +2.1314e-01 -2.7381e+00 +8.2286e-01 +1.2066e+00 -1.2096e+00 -1.2779e+00
1708 0 +4.229737509e+02 +5.566737509e+02 +5.566737509e+02 +1.7183e-01 -3.5868e+00 -2.3320e+00 +1.0020e+00 -3.3162e-01 +1.1777e+00 -8.8006e-01 -1.2766e+00 -3.0074e-01 -1.4360e+00 -2.9721e-01 -3.8547e-01 -1.2337e+00 +4.8344e-01 +2.1316e-01 -2.7381e+00 +8.2279e-01 +1.2065e+00 -1.1041e+00 -1.2778e+00
1709 0 +4.157346017e+02 +5.494346017e+02 +5.494346017e+02 +1.7177e-01 -3.5869e+00 -2.3320e+00 +1.0021e+00 -3.3172e-01 +1.1777e+00 -7.6412e-01 -1.2766e+00 -3.7945e-01 -1.4631e+00 -2.9721e-01 -3.8543e-01 -1.2338e+00 +4.8341e-01 +2.1318e-01 -2.7380e+00 +8.2274e-01 +1.2064e+00 -9.8283e-01 -1.2778e+00
1863 0 +3.800188683e+02 +5.137188683e+02 +5.137188683e+02 +1.7046e-01 -3.5877e+00 -2.3319e+00 +1.0032e+00 -3.3343e-01 +1.1779e+00 -9.6426e-01 -1.2758e+00 -3.1241e-01 -1.8634e+00 -2.9715e-01 -3.8452e-01 -1.2354e+00 +4.8286e-01 +2.1353e-01 -2.7371e+00 +8.1732e-01 +9.6703e-01 -6.2004e-01 -1.2770e+00
% f evaluations | g evaluations | best noise-free fitness - Fopt (-2.098000000000e+01) + sum g_i+ | measured fitness | best measured fitness or single-digit g-values | x1 | x2...
1 0 +2.820849143e+03 +2.799869143e+03 +2.799869143e+03 -2.3857e-01 +3.4713e+00 +3.8562e+00 +1.0698e+00 +2.3941e+00 +3.6909e+00 -5.9688e-01 +4.5356e+00 +2.3729e+00 +3.0114e+00 -8.3725e-01 +1.0326e+00 -2.9885e+00 +2.5775e+00 -2.8622e+00 +4.5872e+00 -2.3996e+00 -3.2511e+00 +1.9941e+00 +1.2442e+00
6 0 +2.559838517e+03 +2.538858517e+03 +2.538858517e+03 -2.0183e+00 -2.5966e+00 +2.9362e+00 -3.3624e+00 -2.8506e+00 -5.5456e-01 +1.7351e+00 +9.9531e-01 -1.4692e+00 -3.8061e+00 -2.4990e+00 -1.0489e+00 +2.4165e+00 -3.6415e+00 -1.0393e+00 +4.0855e+00 +4.4243e-01 +2.6018e+00 -1.7090e-01 -3.0435e+00
10 0 +1.686902659e+03 +1.665922659e+03 +1.665922659e+03 -5.4391e-01 +1.0319e+00 -1.0864e+00 +3.3359e+00 +2.6792e+00 -1.7313e+00 -4.2939e+00 +6.6654e-01 -2.0667e-01 +4.7735e+00 +1.4134e+00 +9.8749e-02 -1.1013e+00 +3.2629e+00 -2.7501e+00 -1.0158e+00 -3.7515e+00 +6.4136e-01 -4.9426e+00 +1.1802e+00
16 0 +8.774451253e+02 +8.564651253e+02 +8.564651253e+02 -2.5865e+00 +2.8319e+00 -4.6918e+00 +4.8106e+00 -7.4703e-01 -8.6082e-01 +1.6186e+00 -1.1541e+00 -4.5347e-01 -1.8451e-02 -2.0951e+00 -3.9683e+00 -3.3299e+00 -3.7278e+00 -3.3628e+00 -1.5630e+00 +4.3123e-01 -1.9584e+00 +4.6796e-01 +2.0486e+00
102 0 +7.256003264e+02 +7.046203264e+02 +7.046203264e+02 -1.5112e+00 +2.9360e+00 -1.5748e+00 +1.1167e+00 -1.3280e+00 -6.3081e-01 +1.8640e+00 -1.7933e-01 -1.1965e-02 +7.0211e-01 -2.3232e+00 -1.6965e+00 -1.6782e+00 -1.6636e+00 -2.9284e+00 -6.0395e-01 +1.0521e+00 -1.5112e+00 +6.1713e-01 -3.9480e-01
152 0 +6.597624845e+02 +6.387824845e+02 +6.387824845e+02 -1.2535e+00 +3.0690e+00 -1.6295e+00 +1.4357e+00 -7.2242e-01 -1.2411e+00 +1.8752e+00 -4.9054e-01 +3.2552e-01 +9.5177e-01 -2.1524e+00 -1.8960e+00 -1.1687e+00 -9.9583e-01 -2.9323e+00 -1.0588e+00 +9.7841e-01 -1.9536e+00 +2.3942e-02 +2.6517e-01
259 0 +6.195411102e+02 +5.985611102e+02 +5.985611102e+02 -9.4399e-01 +2.6557e+00 -1.5298e+00 +1.2122e+00 -2.5852e-01 -1.0493e+00 +1.5984e+00 -1.6305e-01 +7.2809e-01 +1.5074e+00 -2.1649e+00 -1.8159e+00 -3.8493e-01 -4.4032e-01 -2.6322e+00 -8.1207e-01 +8.2991e-01 -1.5563e+00 -2.7242e-01 +4.6776e-01
304 0 +5.654033162e+02 +5.444233162e+02 +5.444233162e+02 -8.6723e-01 +2.8275e+00 -1.5042e+00 +1.3492e+00 -6.1849e-02 -1.4154e+00 +1.6459e+00 -3.7412e-01 +7.9849e-01 +1.5403e+00 -2.0579e+00 -1.8850e+00 -2.7469e-01 -1.5670e-01 -2.7044e+00 -1.0970e+00 +8.1590e-01 -1.8701e+00 -5.2257e-01 +7.3791e-01
811 0 +5.389914832e+02 +5.180114832e+02 +5.180114832e+02 -8.0047e-01 +2.7792e+00 -1.4862e+00 +1.3195e+00 +2.1290e-03 -1.4003e+00 +1.6092e+00 -3.3025e-01 +8.5048e-01 +1.5693e+00 -2.0553e+00 -5.0025e-01 -1.5635e-01 -7.3976e-02 -2.6680e+00 -1.0723e+00 +7.9497e-01 -1.8264e+00 -5.6792e-01 +7.7028e-01
1161 0 +5.292074708e+02 +5.082274708e+02 +5.082274708e+02 -8.0585e-01 +2.7798e+00 -1.4876e+00 +1.3198e+00 -3.5533e-03 -1.3971e+00 +1.6106e+00 -1.5801e-01 +8.4715e-01 +1.5679e+00 -2.0566e+00 -9.2813e-01 -1.6430e-01 -8.1414e-02 -2.6691e+00 -1.0706e+00 +7.9622e-01 -1.8252e+00 -5.5135e-01 +7.6583e-01
1403 0 +5.190729197e+02 +4.980929197e+02 +4.980929197e+02 -8.0847e-01 +2.7839e+00 -1.4879e+00 +1.2855e+00 +3.2094e-03 -1.4072e+00 +1.6119e+00 -2.9876e-01 +8.5000e-01 +1.5717e+00 -2.0539e+00 -2.9352e-01 -1.6268e-01 -7.3165e-02 -1.3088e+00 -1.0784e+00 +7.9579e-01 -1.8337e+00 -5.6771e-01 +7.7415e-01
1506 0 +5.060923892e+02 +4.851123892e+02 +4.851123892e+02 -8.0923e-01 +2.7851e+00 -1.4880e+00 +1.2755e+00 +5.1690e-03 -1.4101e+00 +1.6123e+00 -3.3954e-01 +8.5082e-01 +1.5728e+00 -2.0531e+00 -1.0963e-01 -1.6221e-01 -7.0775e-02 -7.7516e-01 -1.0806e+00 +7.9566e-01 -1.8361e+00 -5.7245e-01 +7.7656e-01
1703 0 +5.008977927e+02 +4.799177927e+02 +4.799177927e+02 -8.0869e-01 +2.7842e+00 -1.4879e+00 +1.2825e+00 +3.7935e-03 -1.4080e+00 +1.6120e+00 -3.1092e-01 +8.5024e-01 +1.5720e+00 -2.0536e+00 -2.3870e-01 -1.6254e-01 -7.2452e-02 -5.0132e-01 -1.0791e+00 +7.9575e-01 -1.8344e+00 -5.6912e-01 +7.7486e-01
1760 0 +4.893223175e+02 +4.683423175e+02 +4.683423175e+02 -8.0869e-01 +2.7842e+00 -1.4879e+00 +1.2825e+00 +3.7935e-03 -1.4080e+00 +1.6120e+00 -2.0197e-01 +8.5024e-01 +1.5720e+00 -2.0536e+00 -2.3870e-01 -1.6254e-01 -7.2452e-02 -5.0132e-01 -1.0791e+00 +7.9575e-01 -1.8344e+00 -5.6912e-01 +7.7486e-01
% f evaluations | g evaluations | best noise-free fitness - Fopt (1.353300000000e+02) + sum g_i+ | measured fitness | best measured fitness or single-digit g-values | x1 | x2...
1 0 +3.548022688e+03 +3.683352688e+03 +3.683352688e+03 -3.3909e-01 +2.4059e+00 -1.8872e+00 -4.7945e+00 +2.5345e+00 +4.4884e+00 -6.6541e-01 +1.8404e+00 +2.4698e-01 -2.4251e+00 +3.5971e+00 -3.7471e+00 +4.6698e+00 +2.6147e+00 -4.6019e+00 +1.0769e+00 -2.7439e-01 -3.0708e+00 -1.1633e+00 -4.8755e+00
4 0 +1.522369481e+03 +1.657699481e+03 +1.657699481e+03 -4.1674e+00 +1.1071e+00 +9.6010e-01 +4.4398e+00 -4.6361e+00 +2.7935e+00 +1.2881e+00 +1.4117e+00 +1.8613e+00 +2.4206e+00 +1.2189e+00 +8.6638e-01 -9.2459e-01 -2.6539e+00 -4.8240e+00 +7.4922e-01 -3.0197e+00 -2.1552e+00 -3.4758e+00 +1.5168e-01
12 0 +1.462031767e+03 +1.597361767e+03 +1.597361767e+03 -3.5098e+00 -3.3692e+00 +1.8849e+00 -2.7520e+00 +3.4079e+00 -3.0757e+00 +1.5115e+00 +1.4157e+00 +3.3054e+00 -4.5855e+00 +1.6384e+00 +1.8940e+00 +2.0511e+00 +2.8484e+00 -1.4703e+00 -2.9002e+00 -4.3802e+00 +3.6983e+00 -2.8423e+00 -3.9178e-01
13 0 +1.002986715e+03 +1.138316715e+03 +1.138316715e+03 -3.8973e+00 +3.6795e+00 -7.8148e-01 +8.0599e-01 +3.1824e+00 +3.1363e+00 +1.1800e+00 +3.7491e+00 +2.5401e+00 +3.0629e+00 +2.0410e-01 -4.5312e+00 +1.3747e+00 -1.2245e+00 -4.7623e+00 -4.1124e+00 -4.5694e+00 +1.0956e+00 +2.4662e+00 -1.5270e+00
55 0 +9.168657782e+02 +1.052195778e+03 +1.052195778e+03 -3.7803e+00 +1.5504e+00 +2.3928e-02 -2.6874e-01 +3.2505e+00 +1.2599e+00 +1.2801e+00 +3.0443e+00 +2.7712e+00 +7.5258e-01 +6.3735e-01 -2.5904e+00 +1.5790e+00 +5.7511e-03 -3.7679e+00 -3.7462e+00 -4.5122e+00 +1.8818e+00 +8.6270e-01 -1.1841e+00
103 0 +8.133587883e+02 +9.486887883e+02 +9.486887883e+02 -3.2003e+00 +1.0964e+00 +6.1319e-01 -4.2794e-01 +2.0143e+00 +3.3914e-01 +4.3039e-01 +2.4123e+00 +2.4782e+00 +5.0272e-01 +2.2798e-01 -2.6699e+00 +2.0935e+00 +6.9988e-01 -3.8388e+00 -3.3790e+00 -3.7856e+00 +1.0311e+00 +2.5694e-01 -5.9515e-01
161 0 +8.046921556e+02 +9.400221556e+02 +9.400221556e+02 -3.2003e+00 +4.2625e-03 +6.1319e-01 -4.2794e-01 +2.0143e+00 +3.3914e-01 +4.3039e-01 +2.4123e+00 +2.4782e+00 +5.0272e-01 +2.2798e-01 -2.6699e+00 +2.0935e+00 +6.9988e-01 -3.8388e+00 -3.3790e+00 -3.7856e+00 +1.0311e+00 +2.5694e-01 -5.9515e-01
253 0 +7.474835959e+02 +8.828135959e+02 +8.828135959e+02 -2.0379e+00 +1.0222e+00 +3.1642e-01 -2.4805e-01 +1.8805e+00 +6.5715e-01 +1.1510e-01 +2.3465e+00 +1.8970e+00 +3.5786e-01 +2.9763e-01 -2.5970e+00 +1.7094e+00 +1.4043e+00 -3.1071e+00 -3.2463e+00 -3.2349e+00 +1.1493e+00 +5.1299e-01 +2.6082e-01
363 0 +7.394130831e+02 +8.747430831e+02 +8.747430831e+02 -1.1615e-01 +1.0222e+00 +3.1642e-01 -2.4805e-01 +1.8805e+00 +6.5715e-01 +1.1510e-01 +2.3465e+00 +1.8970e+00 +3.5786e-01 +2.9763e-01 -2.5970e+00 +1.7094e+00 +1.4043e+00 -3.1071e+00 -3.2463e+00 -3.2349e+00 +1.1493e+00 +5.1299e-01 +2.6082e-01
510 0 +6.788399600e+02 +8.141699600e+02 +8.141699600e+02 -1.1615e-01 +1.0222e+00 +3.1642e-01 -2.4805e-01 +1.8805e+00 +6.5715e-01 +1.1510e-01 +2.3465e+00 +1.8970e+00 +3.5786e-01 +2.9763e-01 -7.5669e-01 +1.7094e+00 +1.4043e+00 -3.1071e+00 -3.2463e+00 -3.2349e+00 +1.1493e+00 +5.1299e-01 +2.6082e-01
613 0 +6.708025453e+02 +8.061325453e+02 +8.061325453e+02 -1.1615e-01 +1.0222e+00 +3.1642e-01 -2.4805e-01 +1.8805e+00 +6.5715e-01 +1.1510e-01 +2.3465e+00 +1.8970e+00 +3.5786e-01 +2.9763e-01 -7.5669e-01 +1.7094e+00 +1.4043e+00 -3.1071e+00 -3.2463e+00 -3.2349e+00 +1.1493e+00 +3.2348e-01 +2.6082e-01
852 0 +6.533310109e+02 +7.886610109e+02 +7.886610109e+02 -1.2278e+00 +1.0223e+00 +3.6552e-01 -2.7781e-01 +1.9027e+00 +6.0454e-01 +1.6726e-01 +2.3574e+00 +1.9931e+00 +3.8182e-01 +2.8611e-01 -2.3495e+00 +1.7729e+00 +1.2877e+00 -3.2282e+00 -2.8912e+00 -2.3812e+00 +9.9895e-01 +4.4390e-01 +1.1921e-01
864 0 +6.417991921e+02 +7.771291921e+02 +7.771291921e+02 -1.8961e-01 +1.0235e+00 +3.2142e-01 -2.5108e-01 +1.8023e+00 +6.5179e-01 +1.2041e-01 +2.3477e+00 +1.9068e+00 +3.6030e-01 +2.9646e-01 -8.8599e-01 +1.7158e+00 +1.3924e+00 -3.1195e+00 -3.2485e+00 -2.2769e+00 +1.1330e+00 +3.3377e-01 +2.4640e-01
1062 0 +6.288735118e+02 +7.642035118e+02 +7.642035118e+02 -1.8961e-01 +1.0235e+00 +3.2142e-01 -2.5108e-01 +1.8023e+00 +6.5179e-01 +1.2041e-01 +2.3477e+00 +1.9068e+00 +3.6030e-01 +2.9646e-01 -8.8599e-01 +1.7158e+00 +1.3924e+00 -3.1195e+00 -2.4814e+00 -2.2769e+00 +1.1330e+00 +3.3377e-01 +2.4640e-01
1064 0 +5.751996276e+02 +7.105296276e+02 +7.105296276e+02 -1.4026e-01 +1.0226e+00 +2.3779e-01 -2.4905e-01 +1.8549e+00 +6.5539e-01 +1.1684e-01 +2.3469e+00 +1.9002e+00 +3.5866e-01 +2.9725e-01 -7.9913e-01 +1.7115e+00 +1.4004e+00 -3.1112e+00 -3.2470e+00 -1.1032e+00 +9.1190e-01 +3.6673e-01 +2.5609e-01
1264 0 +5.617151550e+02 +6.970451550e+02 +6.970451550e+02 -1.4026e-01 +1.0226e+00 +2.3779e-01 -2.4905e-01 +1.8549e+00 +6.5539e-01 +1.1684e-01 +2.3469e+00 +1.9002e+00 +3.5866e-01 +2.9725e-01 -7.9913e-01 +1.7115e+00 +1.4004e+00 -3.1112e+00 -3.2470e+00 -1.0226e+00 +9.1190e-01 +3.6673e-01 +2.5609e-01
1602 0 +5.481704938e+02 +6.835004938e+02 +6.835004938e+02 -1.6560e-01 +1.0230e+00 +2.6760e-01 -2.4972e-01 +1.8379e+00 +6.3370e-01 +1.1833e-01 +2.3472e+00 +1.9031e+00 +3.5960e-01 +2.9666e-01 -8.3994e-01 +1.7045e+00 +1.3968e+00 -8.4209e-01 -3.2327e+00 -1.5451e+00 +8.0961e-01 +3.5699e-01 +2.5164e-01
1708 0 +5.343930453e+02 +6.697230453e+02 +6.697230453e+02 -1.4316e-01 +1.0227e+00 +2.4867e-01 -2.4915e-01 +1.8522e+00 +6.2131e-01 +1.1704e-01 +2.3469e+00 +1.9005e+00 +3.4069e-01 +2.9719e-01 -8.0406e-01 +1.2715e+00 +1.3338e+00 -3.1116e+00 -2.6538e+00 -1.3422e+00 +9.4224e-01 +3.6186e-01 +2.5554e-01
1755 0 +4.982582202e+02 +6.335882202e+02 +6.335882202e+02 -1.5465e-01 +1.0229e+00 +2.5596e-01 -2.4944e-01 +1.8451e+00 +6.1191e-01 +1.1769e-01 +2.3471e+00 +1.9018e+00 +3.5629e-01 +2.9691e-01 -8.2236e-01 +1.2895e+00 +1.3600e+00 -1.8608e+00 -2.6538e+00 -1.3880e+00 +8.6040e-01 +3.5633e-01 +2.5355e-01
% f evaluations | g evaluations | best noise-free fitness - Fopt (4.066000000000e+01) + sum g_i+ | measured fitness | best measured fitness or single-digit g-values | x1 | x2...
1 0 +1.293961813e+03 +1.334621813e+03 +1.334621813e+03 -3.5059e-01 +4.3564e+00 -2.8308e+00 +1.7424e+00 -3.1382e+00 -4.1172e+00 +3.3778e+00 +8.0103e-01 +1.1869e-01 +4.4105e+00 -4.8375e+00 -2.1027e+00 -2.8070e+00 +5.7166e-01 +1.7767e+00 +3.6740e+00 -4.4572e+00 +3.7035e+00 +1.3037e+00 +2.9952e+00
18 0 +6.035629174e+02 +6.442229174e+02 +6.442229174e+02 +1.1182e+00 -4.8589e+00 -4.6279e+00 +3.3289e+00 -2.2273e+00 +7.0963e-01 +2.1138e+00 -6.3829e-01 -4.5596e+00 +4.0526e+00 -8.5745e-01 +3.2077e-01 +2.9311e+00 +4.3130e+00 +9.0895e-01 +3.1585e+00 -1.2580e+00 +3.5331e+00 +1.1462e+00 +4.1644e+00
253 0 +5.985859847e+02 +6.392459847e+02 +6.392459847e+02 +2.1512e-01 +1.0224e+00 -5.3017e-01 -1.7712e-01 +3.5860e-01 +4.2352e-02 +2.2330e-01 +1.2487e+00 +1.5993e+00 +1.6893e+00 -1.1667e+00 -2.1605e+00 -2.3554e-01 -1.3053e+00 -9.9510e-02 +1.2617e+00 -2.4451e+00 +1.8287e+00 +1.5558e+00 +1.9264e+00
254 0 +5.076538440e+02 +5.483138440e+02 +5.483138440e+02 +1.2997e+00 -1.9014e+00 -2.0184e+00 +8.6847e-01 +9.5371e-01 +1.0109e+00 +2.5953e-01 +8.0109e-02 -7.0860e-01 +3.8477e+00 +2.2627e-01 +1.4378e-01 +1.1101e+00 -2.6749e-02 -1.5627e+00 +4.9911e-01 -2.5731e+00 +3.8124e+00 +2.4476e+00 +2.0013e+00
407 0 +4.922664914e+02 +5.329264914e+02 +5.329264914e+02 +1.2510e+00 -2.6948e+00 -2.7185e+00 +1.5286e+00 +1.0029e-01 +9.3009e-01 +7.5702e-01 -1.1263e-01 -1.7418e+00 +3.9027e+00 -6.4483e-02 +1.9127e-01 +1.5986e+00 +1.1375e+00 -8.9961e-01 +1.2126e+00 -2.2203e+00 +3.7375e+00 +2.0985e+00 +2.5816e+00
504 0 +4.808863022e+02 +5.215463022e+02 +5.215463022e+02 +1.0460e+00 -2.0895e+00 -2.4602e+00 +1.3740e+00 -1.9561e-01 +6.7206e-01 +8.3001e-01 +1.5261e-01 -1.3298e+00 +3.3615e+00 -4.6626e-01 -4.2944e-03 +6.5512e-01 +1.0115e+00 -4.1389e-01 +1.5291e+00 -2.1276e+00 +3.2182e+00 +1.8132e+00 +2.6619e+00
514 0 +4.757043969e+02 +5.163643969e+02 +5.163643969e+02 +1.2997e+00 -1.9014e+00 -2.0184e+00 +8.6847e-01 +9.5371e-01 +1.0109e+00 +2.5953e-01 +8.0109e-02 -7.0860e-01 +3.8477e+00 +2.2627e-01 +1.4378e-01 +1.1101e+00 -2.6749e-02 -9.7489e-01 +4.9911e-01 -2.5731e+00 +3.8124e+00 +2.4476e+00 +2.0013e+00
661 0 +4.675144588e+02 +5.081744588e+02 +5.081744588e+02 +1.2600e+00 -2.5489e+00 -2.5898e+00 +1.4072e+00 +2.5721e-01 +9.4495e-01 +6.6555e-01 -7.7191e-02 -1.5518e+00 +3.8926e+00 -1.1024e-02 +1.8254e-01 +8.3273e-01 +9.2347e-01 -1.0215e+00 +1.0814e+00 -7.5573e-01 +3.7513e+00 +2.1627e+00 +2.4749e+00
1053 0 +4.484407202e+02 +4.891007202e+02 +4.891007202e+02 +1.1660e+00 -2.4867e+00 -2.5677e+00 +1.3970e+00 +2.1129e-01 +9.0344e-01 +6.8045e-01 -4.7970e-02 -1.5156e+00 +3.8288e+00 -6.2549e-02 +1.5981e-01 +8.1477e-01 +9.2306e-01 -9.4855e-01 +1.1280e+00 -9.4036e-01 +3.6884e+00 +2.1243e+00 +2.4917e+00
1202 0 +4.349846804e+02 +4.756446804e+02 +4.756446804e+02 +1.1657e+00 -2.4865e+00 -1.5373e+00 +1.3970e+00 +2.1116e-01 +9.0331e-01 +6.8049e-01 -4.7882e-02 -1.5155e+00 +3.8286e+00 -6.2704e-02 +1.5974e-01 +8.1471e-01 +9.2306e-01 -9.4833e-01 +1.1282e+00 -9.4092e-01 +3.6882e+00 +2.1242e+00 +2.4917e+00
1411 0 +4.225075764e+02 +4.631675764e+02 +4.631675764e+02 +1.1657e+00 -2.4865e+00 -1.5373e+00 +1.3970e+00 +2.1116e-01 +9.0331e-01 +6.8049e-01 -4.7882e-02 -8.8561e-01 +3.8286e+00 -6.2704e-02 +1.5974e-01 +8.1471e-01 +9.2306e-01 -9.4833e-01 +1.1282e+00 -9.4092e-01 +3.6882e+00 +2.1242e+00 +2.4917e+00
1756 0 +4.130884415e+02 +4.537484415e+02 +4.537484415e+02 +1.1704e+00 -2.4709e+00 -1.6426e+00 +8.0386e-01 +2.1344e-01 +9.0537e-01 +6.7975e-01 -4.9333e-02 -1.0048e+00 +3.8317e+00 -5.9711e-02 +1.6087e-01 +8.1561e-01 +9.2308e-01 -9.5195e-01 +1.1259e+00 -9.3175e-01 +3.6914e+00 +2.1261e+00 +2.4813e+00
