% f evaluations | g evaluations | best noise-free fitness - Fopt (4.078000000000e+01) + sum g_i+ | measured fitness | best measured fitness or single-digit g-values | x1 | x2...
1 0 +8.622257846e+01 +1.270025785e+02 +1.270025785e+02 -3.8600e+00 -1.9141e+00 +1.5352e+00 -4.7453e+00 +3.6448e+00 -4.1873e+00 -4.4898e+00 +4.2533e+00 -4.1541e+00 +4.0463e+00 -3.6921e+00 +3.7679e+00 -2.5088e+00 +3.4068e+00 +4.0971e-01 +1.9478e+00 +4.4913e-01 -4.8718e-01 -3.4770e+00 -3.5481e-01
3 0 +8.428690109e+01 +1.250669011e+02 +1.250669011e+02 -1.0244e+00 +2.3421e+00 -4.6763e+00 +3.0931e+00 -3.9905e+00 +2.2350e-01 -2.1734e+00 +4.9309e+00 +1.9985e+00 +1.7421e+00 +1.3397e+00 +1.0277e+00 +4.0648e+00 -1.1132e+00 -2.2713e+00 -1.6822e-01 +3.7840e-01 +1.1785e+00 +3.1783e+00 -2.7310e+00
15 0 +8.249087295e+01 +1.232708729e+02 +1.232708729e+02 -1.6859e+00 +4.1677e+00 +4.7606e+00 +1.3957e+00 -2.5393e+00 +2.1617e+00 +1.1034e+00 -2.3490e+00 +1.9239e+00 +4.2536e-01 +4.6302e+00 -5.8259e-01 -9.3871e-01 -4.3077e-01 -2.4916e+00 +2.5370e-01 -2.0462e-01 -2.1529e+00 -4.4909e+00 -4.2625e+00
26 0 +8.117937315e+01 +1.219593731e+02 +1.219593731e+02 -4.3615e+00 +4.5923e+00 -1.7379e+00 +1.9388e+00 +4.8335e+00 +2.6083e+00 +2.1632e+00 -2.7010e+00 +1.7565e+00 +1.2242e+00 -8.3143e-01 +2.4443e+00 +2.8603e+00 -2.6712e+00 +3.5400e-02 +1.9329e+00 +5.2431e-01 +8.7323e-01 -2.3698e+00 -2.2331e+00
33 0 +7.366429932e+01 +1.144442993e+02 +1.144442993e+02 -1.5468e+00 -1.5871e+00 +4.5118e+00 -2.9080e+00 +4.1236e-01 +3.2882e+00 -3.5268e+00 -1.9820e+00 +3.3412e+00 -3.0517e+00 +1.5307e+00 -3.8840e+00 +4.7236e+00 +3.8753e+00 -1.8301e-01 +1.7951e+00 +1.1406e+00 +2.4926e-01 -8.5732e-01 -3.3199e-01
106 0 +6.756784727e+01 +1.083478473e+02 +1.083478473e+02 -1.6916e+00 -1.5456e+00 +3.5406e+00 -1.9809e+00 +3.0237e-01 +2.2001e+00 -3.3653e+00 -1.7545e+00 +2.9404e+00 -1.9657e+00 +8.1237e-01 -3.4098e+00 +3.8229e+00 +2.5649e+00 +1.6325e-01 +2.4137e+00 +1.5253e+00 -7.6401e-01 -1.0530e+00 +3.9728e-01
154 0 +6.413811584e+01 +1.049181158e+02 +1.049181158e+02 -2.3156e+00 +3.4708e-01 +2.3172e+00 -7.5532e-01 +1.4956e+00 +7.0040e-01 -2.6220e+00 -2.3026e+00 +2.1727e+00 -8.0932e-01 -8.3067e-01 -3.7540e+00 +3.4942e+00 +3.4055e+00 +9.3832e-01 +1.8909e+00 +5.4573e-01 +1.1507e-02 -2.0323e+00 +1.5980e+00
454 0 +6.308409219e+01 +1.038640922e+02 +1.038640922e+02 -2.1601e+00 +4.1571e-01 +2.0926e+00 -4.8437e-01 +1.1949e+00 +5.2001e-01 -2.2600e+00 -2.1927e+00 +2.1401e+00 -7.5431e-01 -7.0458e-01 -3.0394e+00 +2.6742e+00 +2.8456e+00 +6.6636e-01 +1.5036e+00 +4.2285e-01 -2.8773e-01 -2.0856e+00 +1.4237e+00
761 0 +6.029473508e+01 +1.010747351e+02 +1.010747351e+02 -2.2721e+00 +4.1949e-01 +2.2086e+00 -6.0555e-01 +1.3839e+00 +6.1680e-01 -2.4460e+00 -2.2428e+00 +2.1401e+00 -7.6205e-01 -7.8751e-01 -3.4278e+00 +9.9714e-01 +3.1439e+00 +8.1622e-01 +1.7076e+00 +4.8933e-01 -1.3941e-01 -2.0897e+00 +1.5158e+00
852 0 +6.023361880e+01 +1.010136188e+02 +1.010136188e+02 -2.2531e+00 +4.1906e-01 +2.1888e+00 -5.8472e-01 +1.3518e+00 +5.6934e-01 -2.4142e+00 -2.2342e+00 +2.1400e+00 -7.6061e-01 -7.7342e-01 -3.3615e+00 +1.2945e+00 +3.0929e+00 +7.9064e-01 +1.6728e+00 +4.7798e-01 -1.6481e-01 -2.0892e+00 +1.3788e+00
913 0 +5.025987809e+01 +9.103987809e+01 +9.103987809e+01 -2.2637e+00 +3.6847e-01 +2.1997e+00 -5.9603e-01 +5.3083e-01 +6.0937e-01 -2.4316e+00 -2.2389e+00 +2.1400e+00 -7.6126e-01 -7.8128e-01 -3.3980e+00 +1.1659e+00 +3.1209e+00 +8.0475e-01 +1.6919e+00 +4.8386e-01 -1.5091e-01 -2.0897e+00 +1.5087e+00
1111 0 +4.965219464e+01 +9.043219464e+01 +9.043219464e+01 -2.2637e+00 +3.6847e-01 +2.1997e+00 -5.9603e-01 +5.3083e-01 +6.0937e-01 -2.4316e+00 -2.2389e+00 +2.1400e+00 -7.6126e-01 -6.0418e-01 -3.3980e+00 +1.1659e+00 +3.1209e+00 +8.0475e-01 +1.6919e+00 +4.8386e-01 -1.5091e-01 -2.0897e+00 +1.5087e+00
1412 0 +4.891754159e+01 +8.969754159e+01 +8.969754159e+01 -2.2637e+00 +3.6915e-01 +2.1996e+00 -5.9596e-01 +4.0741e-01 +3.1724e-01 -2.4315e+00 -2.2388e+00 +2.1400e+00 -7.6125e-01 -7.4785e-01 -3.3978e+00 +1.1552e+00 +3.1208e+00 +8.0466e-01 +1.6918e+00 +4.8382e-01 -1.5100e-01 -2.0897e+00 +1.5079e+00
1562 0 +4.695398339e+01 +8.773398339e+01 +8.773398339e+01 -2.2637e+00 +3.6847e-01 +2.1997e+00 -5.9603e-01 +3.3412e-01 +6.0937e-01 -2.4316e+00 -2.2389e+00 +2.1400e+00 -7.6126e-01 -6.0418e-01 -3.3980e+00 +1.1659e+00 +3.1209e+00 +8.0475e-01 +1.6919e+00 +4.8386e-01 -1.5091e-01 -2.0897e+00 +1.5087e+00
1614 0 +4.326437063e+01 +8.404437063e+01 +8.404437063e+01 -2.2637e+00 +3.6847e-01 +2.1997e+00 -5.9603e-01 +6.1780e-02 +6.0937e-01 -2.4316e+00 -2.2389e+00 +2.1400e+00 -7.6126e-01 -6.0160e-01 -3.3980e+00 +1.1659e+00 +3.1209e+00 +8.0475e-01 +1.6919e+00 +4.8386e-01 -1.5091e-01 -2.0897e+00 +1.5087e+00
1762 0 +3.979165065e+01 +8.057165065e+01 +8.057165065e+01 -2.2637e+00 +3.6848e-01 +2.1997e+00 -5.9603e-01 +5.3103e-01 +6.0937e-01 -2.4316e+00 -2.2389e+00 +2.1400e+00 -7.6126e-01 -4.1050e-01 -3.3980e+00 +1.1659e+00 +3.1209e+00 +7.9296e-01 +1.6919e+00 +4.8386e-01 -1.5091e-01 -6.2129e-01 +1.5087e+00
% f evaluations | g evaluations | best noise-free fitness - Fopt (-1.600000000000e+00) + sum g_i+ | measured fitness | best measured fitness or single-digit g-values | x1 | x2...
1 0 +8.522316495e+01 +8.362316495e+01 +8.362316495e+01 -6.0967e-01 +2.5502e+00 -3.9999e+00 +4.0431e+00 -3.3582e+00 +7.5684e-01 +9.6486e-01 +1.2721e+00 -1.3478e+00 +1.6932e+00 -5.4099e-01 -4.9551e+00 -1.1435e+00 +2.5382e+00 -3.5477e+00 -3.6461e+00 +4.3122e+00 -4.5577e+00 +4.3682e-02 -3.9673e+00
7 0 +8.440634219e+01 +8.280634219e+01 +8.280634219e+01 -2.8205e+00 +6.1739e-02 -1.3485e+00 +2.6092e+00 -1.6293e+00 -3.4350e+00 -4.1887e-01 -3.1514e+00 +3.2529e+00 +8.7894e-01 -3.1329e+00 +3.9752e+00 -1.4398e+00 -4.5236e-02 -1.4125e+00 -2.2924e+00 +4.7541e+00 +3.4782e-01 +3.6466e+00 +3.5023e+00
15 0 +8.098424322e+01 +7.938424322e+01 +7.938424322e+01 +5.3000e-01 -1.5429e+00 -9.1591e-01 -9.7280e-01 -4.0388e-01 +3.6398e+00 +3.8767e+00 +3.4771e+00 +7.5497e-01 -1.4360e+00 +1.9444e+00 +3.0661e+00 +2.7647e+00 +2.0253e+00 -4.3628e-01 +3.5199e+00 +4.2922e+00 +5.6705e-01 -4.3370e+00 -4.6206e-01
41 0 +7.038756817e+01 +6.878756817e+01 +6.878756817e+01 -2.2792e+00 -3.7106e+00 +2.8214e+00 -2.3333e+00 -2.2934e-02 -4.5704e-01 +2.6575e+00 +4.6361e+00 -2.7673e+00 +8.8000e-01 -2.9235e+00 -2.7614e+00 +6.0356e-01 +2.3047e+00 -1.1051e+00 -4.5900e+00 -1.4917e-01 -1.0151e+00 +3.3391e+00 +2.0084e+00
252 0 +6.889667867e+01 +6.729667867e+01 +6.729667867e+01 -1.9237e+00 -3.1609e+00 +2.3171e+00 -2.3235e+00 -1.2747e-02 -3.1844e-01 +2.1680e+00 +4.3836e+00 -2.0370e+00 +1.0890e+00 -2.4725e+00 -2.2289e+00 +6.5320e-01 +1.6920e+00 -1.2095e+00 -3.7585e+00 +2.3031e-01 -1.1339e+00 +3.3952e+00 +1.3204e+00
506 0 +6.754493389e+01 +6.594493389e+01 +6.594493389e+01 -2.0953e+00 -3.4262e+00 +1.1798e+00 -2.3282e+00 -1.7664e-02 -3.8534e-01 +2.4043e+00 +4.4035e+00 -2.3895e+00 +9.8812e-01 -2.6902e+00 -2.4859e+00 +6.2924e-01 +1.9877e+00 -1.1591e+00 -4.1599e+00 +4.7147e-02 -1.0766e+00 +3.3681e+00 +1.6524e+00
% f evaluations | g evaluations | best noise-free fitness - Fopt (-3.708400000000e+02) + sum g_i+ | measured fitness | best measured fitness or single-digit g-values | x1 | x2...
1 0 +8.510021326e+01 -2.857397867e+02 -2.857397867e+02 -1.5649e-01 -1.1988e+00 -2.8129e+00 -2.8187e+00 -4.0607e+00 +3.8703e+00 +4.9307e+00 +2.3613e+00 +1.9977e+00 -1.5941e-02 +4.7401e+00 +3.5747e+00 +1.5433e+00 -2.4159e+00 +4.6431e+00 -2.6476e+00 -1.0260e+00 +3.9417e+00 +6.3244e-01 +4.4216e+00
2 0 +8.248253454e+01 -2.883574655e+02 -2.883574655e+02 +4.9474e+00 -2.3533e+00 -1.5736e+00 -2.5692e+00 -3.6657e+00 -2.7505e-01 -3.1025e+00 -1.0729e+00 -6.7848e-01 +7.0423e-01 -3.1289e+00 -7.6811e-01 -1.7515e+00 +4.6524e+00 -1.9468e+00 +2.4050e+00 -1.8171e+00 -7.6173e-01 +3.9019e+00 -1.8058e+00
12 0 +8.127144673e+01 -2.895685533e+02 -2.895685533e+02 -2.0136e+00 +3.5157e-01 -3.5897e+00 -2.1724e+00 -2.9819e+00 -4.8753e+00 -7.7531e-01 -4.9926e+00 -1.0537e+00 +3.7372e+00 +6.5232e-01 +2.8889e+00 +2.1133e+00 -1.8819e+00 +1.9171e+00 +1.4431e+00 -7.2827e-01 +4.4245e+00 -2.9094e-01 -8.4461e-01
28 0 +7.614054222e+01 -2.946994578e+02 -2.946994578e+02 -4.4993e+00 -3.1614e-01 -3.8106e+00 +3.4838e+00 -2.4673e+00 -3.9763e+00 +4.4450e+00 +2.1737e+00 +1.2165e+00 -2.4074e+00 +3.7837e+00 +3.3121e-01 +2.3837e+00 -1.4551e+00 -1.8560e+00 +4.0234e+00 -1.7653e+00 +1.1241e+00 -1.9768e+00 +3.6497e-01
64 0 +7.581827224e+01 -2.950217278e+02 -2.950217278e+02 -4.4993e+00 -3.1614e-01 -3.8106e+00 +3.4838e+00 -2.4673e+00 -3.9763e+00 +4.4450e+00 +2.1737e+00 +1.2165e+00 -2.4074e+00 +3.7837e+00 +6.2377e-02 +2.3837e+00 -1.4551e+00 -1.8560e+00 +4.0234e+00 -1.7653e+00 +1.1241e+00 -1.9768e+00 +3.6497e-01
162 0 +7.384355045e+01 -2.969964496e+02 -2.969964496e+02 -4.1390e+00 -3.2530e-03 -3.5328e+00 +3.0668e+00 -1.9287e+00 -3.4000e+00 +4.0575e+00 +1.8399e+00 +1.1866e+00 -2.3501e+00 +3.5992e+00 +3.2002e-01 +2.5802e+00 -9.0523e-01 -1.4901e+00 +3.0179e+00 -1.0720e+00 +1.1086e+00 -1.8416e+00 +5.2238e-02
258 0 +7.177449831e+01 -2.990655017e+02 -2.990655017e+02 -3.5754e+00 +2.6396e-01 -3.5430e+00 +2.8161e+00 -2.5454e+00 -3.0202e+00 +4.1347e+00 +1.0607e+00 +9.3305e-01 -2.0324e+00 +3.0633e+00 +3.9896e-01 +1.8150e+00 -1.1316e+00 -1.1645e+00 +4.0485e+00 -1.9138e+00 +6.9981e-01 -2.1027e+00 +4.7114e-02
461 0 +7.065295467e+01 -3.001870453e+02 -3.001870453e+02 -3.5754e+00 +2.6396e-01 -3.5430e+00 +2.8161e+00 -2.5454e+00 -4.9688e-01 +4.1347e+00 +1.0607e+00 +9.3305e-01 -2.0324e+00 +3.0633e+00 +3.9896e-01 +1.8150e+00 -1.1316e+00 -1.1645e+00 +3.1747e+00 -1.9138e+00 +6.9981e-01 -2.1027e+00 +4.7114e-02
1162 0 +6.907903606e+01 -3.017609639e+02 -3.017609639e+02 -3.5172e+00 +2.6396e-01 -3.5430e+00 +2.8161e+00 -2.5454e+00 -6.1406e-01 +4.1347e+00 +1.0607e+00 +9.3305e-01 -2.0324e+00 +3.0633e+00 +7.5784e-02 +6.9212e-01 -1.1316e+00 -1.1645e+00 +3.1927e+00 -1.9138e+00 +6.9981e-01 -2.1027e+00 +4.7114e-02
1312 0 +6.721976776e+01 -3.036202322e+02 -3.036202322e+02 -3.5172e+00 +2.6396e-01 -3.5430e+00 +2.8161e+00 -4.0132e-01 -6.1406e-01 +4.1347e+00 +1.0607e+00 +9.3305e-01 -2.0324e+00 +3.0633e+00 +7.5784e-02 +6.9212e-01 -1.1316e+00 -1.1645e+00 +3.1927e+00 -1.9138e+00 +6.9981e-01 -2.1027e+00 +4.7114e-02
1810 0 +6.585802686e+01 -3.049819731e+02 -3.049819731e+02 -3.4975e+00 +2.6396e-01 -3.5430e+00 +1.7563e+00 -6.2518e-01 -6.1465e-01 +4.1347e+00 +1.0607e+00 +9.3305e-01 -2.0324e+00 +2.7046e+00 +7.5974e-02 +7.0707e-01 -1.1316e+00 -1.1645e+00 +3.1931e+00 -1.9138e+00 +6.9981e-01 -2.1027e+00 +4.7003e-02
% f evaluations | g evaluations | best noise-free fitness - Fopt (-3.256000000000e+01) + sum g_i+ | measured fitness | best measured fitness or single-digit g-values | x1 | x2...
1 0 +7.734877766e+01 +4.478877766e+01 +4.478877766e+01 -4.6715e+00 -2.3929e+00 -5.2440e-01 +4.5317e+00 -1.8221e+00 -4.7834e+00 +1.3349e+00 -4.2538e+00 -1.6054e+00 +3.3612e+00 -4.7550e+00 +3.9948e+00 -3.0059e+00 +4.4160e-01 -1.8796e+00 +8.9235e-01 +2.1965e+00 +1.4186e+00 -1.0863e+00 -3.0326e-01
56 0 +7.479307504e+01 +4.223307504e+01 +4.223307504e+01 -4.6373e+00 -2.5230e+00 -7.1736e-01 +4.4756e+00 -2.0622e+00 -4.3330e+00 +1.1977e+00 -4.0490e+00 -1.4886e+00 +3.2095e+00 -4.6885e+00 +3.5392e+00 -3.0201e+00 +4.8939e-01 -1.9975e+00 +5.2389e-01 +2.1690e+00 +1.2605e+00 -1.0666e+00 -2.4030e-01
204 0 +7.383499666e+01 +4.127499666e+01 +4.127499666e+01 -4.6078e+00 -2.5948e+00 -8.2066e-01 +4.4491e+00 -2.1750e+00 -4.0704e+00 +1.1065e+00 -3.9350e+00 -1.4418e+00 +3.1078e+00 -4.6219e+00 +3.2764e+00 -3.0063e+00 +5.2761e-01 -2.0408e+00 +3.2926e-01 +1.9084e+00 +1.1631e+00 -1.0632e+00 -2.2479e-01
254 0 +6.948094437e+01 +3.692094437e+01 +3.692094437e+01 -4.4492e+00 -3.2375e+00 -1.7767e+00 +4.1674e+00 -3.3807e+00 -1.8600e+00 +4.4443e-01 -2.9249e+00 -8.4757e-01 +2.3771e+00 -4.3235e+00 +1.0382e+00 -3.0976e+00 +7.5180e-01 -2.6449e+00 -1.4989e+00 +1.1336e+00 +3.9289e-01 -9.5859e-01 +1.0531e-01
355 0 +6.906035369e+01 +3.650035369e+01 +3.650035369e+01 -4.4850e+00 -3.1016e+00 -1.5752e+00 +4.2260e+00 -3.1298e+00 -2.3305e+00 +5.8775e-01 -3.1388e+00 -9.6954e-01 +2.5355e+00 -4.3929e+00 +1.5141e+00 -3.0829e+00 +7.0188e-01 -2.5217e+00 -1.1140e+00 +1.3305e+00 +5.5796e-01 -9.7914e-01 +3.9538e-02
460 0 +6.493992168e+01 +3.237992168e+01 +3.237992168e+01 -4.4620e+00 -3.1888e+00 -1.7045e+00 +5.8339e-01 -3.2908e+00 -2.0286e+00 +4.9578e-01 -3.0015e+00 -8.9126e-01 +2.4338e+00 -4.3483e+00 +1.2087e+00 -3.0923e+00 +7.3391e-01 -2.6007e+00 -1.3610e+00 +1.2042e+00 +4.5203e-01 -5.1791e-01 +8.1747e-02
661 0 +6.343023955e+01 +3.087023955e+01 +3.087023955e+01 -4.4620e+00 -3.1888e+00 -1.7045e+00 +5.8339e-01 -3.2908e+00 -2.0286e+00 +4.9578e-01 -3.0015e+00 -8.9126e-01 +2.4338e+00 -4.3483e+00 +1.2087e+00 -3.0923e+00 +7.3391e-01 -2.6007e+00 -1.3610e+00 +1.2042e+00 +4.5203e-01 -2.2068e-01 +8.1747e-02
860 0 +6.275576835e+01 +3.019576835e+01 +3.019576835e+01 -4.4620e+00 -3.1888e+00 -1.7045e+00 +5.8339e-01 -3.2908e+00 -2.0286e+00 +4.9578e-01 -1.1978e+00 -8.9126e-01 +2.4338e+00 -4.3483e+00 +1.2087e+00 -3.0923e+00 +7.3391e-01 -2.6007e+00 -1.3610e+00 +1.2042e+00 +4.5203e-01 -2.2068e-01 +8.1747e-02
962 0 +6.099639725e+01 +2.843639725e+01 +2.843639725e+01 -4.4620e+00 -3.1888e+00 -1.7045e+00 +5.8339e-01 -3.2908e+00 -2.0286e+00 +4.9578e-01 -3.0015e+00 -8.9126e-01 +5.5830e-01 -4.3483e+00 +1.2087e+00 -3.0923e+00 +7.3391e-01 -2.6007e+00 -1.3610e+00 +1.2042e+00 +4.5203e-01 -2.2068e-01 +8.1747e-02
1054 0 +6.011531339e+01 +2.755531339e+01 +2.755531339e+01 -4.4624e+00 -3.1874e+00 -1.7024e+00 +6.2377e-01 -3.2882e+00 -2.0334e+00 +4.9724e-01 -3.0037e+00 -8.9251e-01 +9.8642e-01 -4.3491e+00 +1.2136e+00 -3.0922e+00 +7.3340e-01 -2.5995e+00 -1.3571e+00 +1.2062e+00 +4.5372e-01 -2.2969e-01 +8.1074e-02
1410 0 +5.881230416e+01 +2.625230416e+01 +2.625230416e+01 -4.4624e+00 -3.1874e+00 -1.7024e+00 +6.2377e-01 -3.2882e+00 -2.0334e+00 +4.9724e-01 -3.0037e+00 -8.9251e-01 +9.8642e-01 -4.3491e+00 +1.2136e+00 -2.5867e+00 +7.3340e-01 -2.5995e+00 -1.3571e+00 +1.2062e+00 +4.5372e-01 -2.2969e-01 +8.1074e-02
1956 0 +5.752726946e+01 +2.496726946e+01 +2.496726946e+01 -4.4613e+00 -3.1872e+00 -1.5116e+00 +6.3006e-01 -3.2876e+00 -2.0341e+00 +4.7942e-01 -2.9481e+00 -8.9271e-01 +1.0166e+00 -4.3492e+00 +1.2144e+00 -2.1438e+00 +6.4479e-01 -2.5993e+00 -1.3565e+00 +1.2065e+00 +4.5399e-01 -2.0724e-01 +8.0970e-02
% f evaluations | g evaluations | best noise-free fitness - Fopt (5.154000000000e+02) + sum g_i+ | measured fitness | best measured fitness or single-digit g-values | x1 | x2...
1 0 +8.277314221e+01 +5.981731422e+02 +5.981731422e+02 -9.2206e-01 -4.0784e+00 +2.4107e+00 -2.6194e+00 +4.6426e+00 +2.3627e+00 +1.2246e+00 +2.8962e+00 -3.5933e+00 -1.0658e-01 -2.9669e+00 +3.6154e+00 +3.2522e+00 -1.2223e+00 -4.6063e+00 +1.1805e-01 +2.9115e+00 +8.6473e-02 +2.3740e+00 +4.8646e+00
17 0 +8.109822673e+01 +5.964982267e+02 +5.964982267e+02 +4.3863e+00 -2.1136e+00 +2.3812e+00 +4.9951e+00 -1.1168e+00 -3.9629e+00 -3.8953e+00 -4.2026e-02 +2.3166e-01 -2.9828e+00 +3.6641e+00 +1.2365e+00 -3.3480e+00 +3.4802e-01 +7.5780e-01 -1.1768e-01 +1.2596e+00 +3.2255e-01 +1.8185e+00 +4.7633e+00
22 0 +7.628806453e+01 +5.916880645e+02 +5.916880645e+02 +1.1675e+00 +2.4613e+00 +5.7433e-01 +5.6723e-01 +1.6001e-01 -7.2925e-01 -4.1493e+00 +2.5684e+00 -4.6393e+00 +2.9815e+00 -1.4176e+00 +1.8321e+00 -2.2439e+00 +2.6463e-01 +2.4804e+00 +4.0015e+00 +4.2301e+00 -2.2631e+00 -3.2020e+00 +4.3720e+00
53 0 +7.113811970e+01 +5.865381197e+02 +5.865381197e+02 -1.0936e-01 +3.1383e+00 +7.3001e-01 +1.0682e+00 -3.6292e-01 +7.6116e-02 -4.3386e+00 +1.0960e+00 -4.3545e+00 +2.5038e+00 -1.7977e+00 +2.6038e+00 -2.2943e+00 -7.3556e-01 +3.0106e+00 +2.1279e+00 +3.5254e+00 -2.1680e+00 -3.0550e+00 +2.3496e+00
202 0 +7.047469268e+01 +5.858746927e+02 +5.858746927e+02 +1.5898e-02 +2.9919e+00 +7.7602e-01 +1.1776e+00 -3.8393e-01 -3.6417e-02 -4.3263e+00 +1.0643e+00 -4.2267e+00 +2.3510e+00 -1.6455e+00 +2.5657e+00 -2.3237e+00 -7.0537e-01 +2.9478e+00 +2.0654e+00 +3.4622e+00 -2.0986e+00 -2.9192e+00 +2.4169e+00
762 0 +6.572100939e+01 +5.811210094e+02 +5.811210094e+02 +4.1380e-03 +3.0057e+00 +7.7170e-01 +1.1674e+00 -3.8196e-01 -2.5852e-02 -4.3274e+00 +1.0673e+00 -4.2387e+00 +4.9828e-01 -1.6598e+00 +2.5692e+00 -2.1103e+00 -7.0820e-01 +2.9537e+00 +2.0712e+00 +1.7770e+00 -2.1052e+00 -2.9319e+00 +2.4106e+00
1164 0 +6.419829709e+01 +5.795982971e+02 +5.795982971e+02 -1.9187e-02 +3.0329e+00 +7.1998e-01 +9.1297e-01 -3.7804e-01 -4.8962e-03 -4.3297e+00 +1.0732e+00 -4.1160e+00 +1.1141e+00 -1.6882e+00 +2.5763e+00 -2.1515e+00 -7.1382e-01 +2.9097e+00 +1.2340e+00 +1.7440e+00 -2.1010e+00 -2.9572e+00 +2.3980e+00
1312 0 +6.294557775e+01 +5.783455777e+02 +5.783455777e+02 +1.9735e-02 +2.9727e+00 +4.8865e-01 +1.1289e+00 -3.7253e-01 -5.3964e-02 -4.3003e+00 +1.0729e+00 -4.1608e+00 +4.7606e-01 -1.6286e+00 +2.5479e+00 -2.1735e+00 -2.8308e-01 +2.9468e+00 +2.0284e+00 +2.1764e+00 -2.0674e+00 -2.9056e+00 +2.4275e+00
1363 0 +6.164986119e+01 +5.770498612e+02 +5.770498612e+02 +4.1380e-03 +3.0057e+00 +3.9390e-01 +1.1674e+00 -3.8196e-01 -2.5852e-02 -4.3274e+00 +1.0673e+00 -4.2387e+00 +4.9828e-01 -1.6598e+00 +2.5692e+00 -2.1103e+00 -2.3253e-02 +2.9537e+00 +2.0712e+00 +1.7770e+00 -2.1052e+00 -2.9319e+00 +2.4106e+00
1511 0 +5.974647258e+01 +5.751464726e+02 +5.751464726e+02 +7.4043e-03 +2.9894e+00 +6.4507e-01 +1.6146e-01 -3.7229e-01 -4.0735e-02 -4.3054e+00 +1.0746e+00 -4.1268e+00 +9.2565e-01 -1.6440e+00 +2.5541e+00 -2.1793e+00 -1.2873e-01 +2.9205e+00 +1.5413e+00 +2.0526e+00 -2.0721e+00 -2.9204e+00 +2.4196e+00
1712 0 +5.876915022e+01 +5.741691502e+02 +5.741691502e+02 +7.4043e-03 +2.9894e+00 +6.4507e-01 +1.6146e-01 -3.7229e-01 -4.0735e-02 -4.3054e+00 +1.0746e+00 -4.1268e+00 +9.2565e-01 -1.6440e+00 +2.5541e+00 -2.1793e+00 -1.2873e-01 +2.9205e+00 +1.3300e+00 +2.0526e+00 -2.0721e+00 -2.9204e+00 +2.4196e+00
1713 0 +5.391169666e+01 +5.693116967e+02 +5.693116967e+02 +7.4043e-03 +2.9894e+00 +6.4507e-01 +1.6146e-01 -3.7229e-01 -4.0735e-02 -4.3054e+00 +1.0746e+00 -4.1268e+00 +9.2565e-01 -1.6440e+00 +2.5541e+00 -2.1793e+00 -1.2873e-01 +2.9205e+00 +1.7121e-01 +2.0526e+00 -2.0721e+00 -2.9204e+00 +2.4196e+00
1761 0 +5.275096735e+01 +5.681509674e+02 +5.681509674e+02 +7.4043e-03 +2.9894e+00 +6.4507e-01 +1.6146e-01 -3.7229e-01 -4.0735e-02 -4.3054e+00 +1.0746e+00 -4.1268e+00 +9.2565e-01 -1.0119e-01 +2.5541e+00 -2.1793e+00 -1.2873e-01 +2.9205e+00 +1.5413e+00 +2.0526e+00 -2.0721e+00 -2.9204e+00 +2.4196e+00
1960 0 +4.742745064e+01 +5.628274506e+02 +5.628274506e+02 +7.4043e-03 +2.9894e+00 +6.4507e-01 +1.6146e-01 -3.7229e-01 -4.0735e-02 -4.3054e+00 +1.0746e+00 -4.1268e+00 +9.2565e-01 -4.3151e-01 +2.5541e+00 -2.1793e+00 -1.2873e-01 +2.9205e+00 +3.0126e-01 +2.0526e+00 -2.0721e+00 -2.9204e+00 +2.4196e+00
% f evaluations | g evaluations | best noise-free fitness - Fopt (-8.628000000000e+01) + sum g_i+ | measured fitness | best measured fitness or single-digit g-values | x1 | x2...
1 0 +8.251814883e+01 -3.761851169e+00 -3.761851169e+00 -1.6494e+00 -1.3568e+00 -2.6181e+00 -2.2052e+00 +4.6716e-01 +4.1267e+00 +2.5295e+00 +1.9863e+00 +3.2534e+00 +2.8684e+00 -1.3141e+00 -2.4246e+00 +2.6081e+00 +3.0940e+00 +1.2229e+00 -3.1000e+00 -4.5663e+00 +1.1760e+00 +4.8878e+00 -4.1693e+00
9 0 +8.251562080e+01 -3.764379198e+00 -3.764379198e+00 +4.5653e+00 -3.1574e+00 -4.2221e+00 +6.0592e-02 +4.3186e+00 +4.8865e+00 +3.1250e-01 +1.8444e+00 -4.4618e+00 +4.7397e-01 -4.2493e+00 +1.4382e+00 +1.9206e-02 -3.9494e+00 +1.2305e+00 +3.8935e+00 -3.8846e+00 -3.3219e+00 -1.8847e+00 +1.6380e+00
11 0 +8.108751942e+01 -5.192480578e+00 -5.192480578e+00 -1.4709e+00 -4.0290e+00 -4.5166e+00 -1.9013e+00 +1.1912e+00 +4.8775e+00 +3.5451e+00 +2.2876e+00 +9.6713e-01 -8.6646e-01 +1.6185e+00 +4.4850e+00 +2.8177e+00 +2.1166e+00 -2.9528e+00 -3.7576e+00 -1.8066e+00 -8.9156e-02 +1.8120e+00 -3.9258e+00
23 0 +7.907614065e+01 -7.203859349e+00 -7.203859349e+00 +1.1994e+00 +4.5838e+00 +1.0574e+00 -4.7825e+00 -2.5132e+00 -4.7284e+00 +3.4092e+00 +7.4701e-01 +3.0632e-01 +2.2736e+00 -2.3829e+00 -1.5521e+00 -1.0584e+00 -3.1963e-01 +4.4849e+00 -9.8930e-01 +3.2390e+00 -2.3050e+00 -1.6093e+00 -3.5266e+00
31 0 +7.547426951e+01 -1.080573049e+01 -1.080573049e+01 -1.7187e+00 -3.4632e+00 -2.7484e+00 -3.8463e+00 -3.1599e-01 -1.8867e+00 +2.3778e+00 +8.6734e-01 -2.3755e+00 +2.1360e+00 -2.1724e+00 -1.7887e+00 -4.4254e+00 -3.7856e+00 -1.4656e+00 +2.3132e+00 +4.5752e+00 +3.9392e+00 -1.5787e+00 +2.7132e+00
108 0 +7.228701880e+01 -1.399298120e+01 -1.399298120e+01 -1.3933e+00 -3.1932e+00 -2.5101e+00 -3.2979e+00 +1.1718e-01 -3.1736e-01 +1.4640e+00 -4.1848e-01 -1.4979e+00 +1.1677e+00 -1.3339e+00 -1.5295e+00 -3.1992e+00 -3.9848e+00 +9.2473e-02 +2.8722e+00 +3.2367e+00 +3.6414e+00 -1.8463e+00 +2.0693e+00
361 0 +7.010575576e+01 -1.617424424e+01 -1.617424424e+01 -1.0559e+00 -2.5629e+00 -2.4956e+00 -2.5778e+00 -1.2260e-01 +2.1550e-01 +1.3133e+00 -4.1793e-01 -1.0557e+00 +5.5164e-01 -8.9192e-01 -1.4024e+00 -2.7049e+00 -3.4882e+00 -4.8804e-02 +1.4537e+00 +2.6913e+00 +3.4073e+00 -1.6405e+00 +2.0353e+00
410 0 +6.903552102e+01 -1.724447898e+01 -1.724447898e+01 -1.0559e+00 -2.5629e+00 -2.4956e+00 -2.5778e+00 -1.2260e-01 +2.1550e-01 +1.3133e+00 -4.1793e-01 -1.0557e+00 +5.5164e-01 -8.9192e-01 -1.4024e+00 -2.7049e+00 -3.4882e+00 -4.8804e-02 +1.4537e+00 +2.6913e+00 +2.7368e+00 -1.6405e+00 +2.0353e+00
510 0 +6.700921228e+01 -1.927078772e+01 -1.927078772e+01 -1.0638e+00 -2.5739e+00 -2.4985e+00 -2.5931e+00 -1.2433e-01 +1.9138e-01 +1.3254e+00 -4.0374e-01 -1.0710e+00 +5.7019e-01 -9.0682e-01 -1.4069e+00 -2.7247e+00 -3.4924e+00 -6.4206e-02 +1.7025e+00 +1.6266e+00 +3.4136e+00 -1.6402e+00 +2.0428e+00
860 0 +6.073061155e+01 -2.554938845e+01 -2.554938845e+01 -1.3674e+00 -2.9860e+00 -2.6144e+00 -3.1740e+00 -2.1349e-01 -7.7251e-01 +1.8136e+00 +1.8614e-01 -1.6760e+00 +1.2963e+00 -3.9340e-01 -1.5840e+00 -3.5135e+00 -3.6280e+00 -7.1470e-01 +2.4666e+00 +6.0846e-01 +3.6573e+00 -1.6114e+00 +2.3539e+00
1004 0 +5.896824186e+01 -2.731175814e+01 -2.731175814e+01 -1.2913e+00 -2.8826e+00 -2.5854e+00 -3.0283e+00 -1.9126e-01 -5.3101e-01 +1.6913e+00 +3.8464e-02 -1.5244e+00 +1.1143e+00 -5.5789e-01 -1.2512e+00 -3.3159e+00 -3.5939e+00 -5.5190e-01 +1.7282e+00 +1.0955e+00 +3.1144e+00 -1.6186e+00 +2.2760e+00
1308 0 +5.700116214e+01 -2.927883786e+01 -2.927883786e+01 -1.2125e+00 -2.7756e+00 -2.5554e+00 -2.8776e+00 -1.4038e-01 -2.8118e-01 +1.5648e+00 -1.1427e-01 -1.3675e+00 +9.2599e-01 -6.6455e-01 -1.3365e+00 -3.1114e+00 -3.5585e+00 -3.8354e-01 +1.6201e+00 +1.2069e+00 +2.0985e+00 -1.6259e+00 +2.1954e+00
1609 0 +5.601412923e+01 -3.026587077e+01 -3.026587077e+01 -1.2405e+00 -2.8136e+00 -2.0537e+00 -2.9310e+00 -1.4335e-01 -3.6978e-01 +1.6097e+00 -6.0107e-02 -1.4231e+00 +9.9277e-01 -6.2431e-01 -1.3224e+00 -3.1839e+00 -3.5701e+00 -4.4311e-01 +1.6041e+00 +1.1536e+00 +2.4441e+00 -1.6233e+00 +2.2240e+00
1713 0 +5.000752866e+01 -3.627247134e+01 -3.627247134e+01 -1.2948e+00 -2.8873e+00 -2.5867e+00 -3.0349e+00 -1.9227e-01 -5.4199e-01 +1.6969e+00 +4.5177e-02 -1.5313e+00 +1.1226e+00 -5.5003e-01 -1.2689e+00 -3.3249e+00 -3.5954e+00 -5.5930e-01 +1.7656e+00 +1.0710e+00 +3.5825e-01 -1.6182e+00 +2.2795e+00
2013 0 +4.797609559e+01 -3.830390441e+01 -3.830390441e+01 -1.2948e+00 -2.8873e+00 -1.3874e+00 -3.0349e+00 -1.9227e-01 -5.4199e-01 +1.6969e+00 +4.5177e-02 -1.5313e+00 +1.1226e+00 -5.5003e-01 -1.2689e+00 -3.3249e+00 -3.5954e+00 -5.5930e-01 +1.7656e+00 +1.0710e+00 +3.5825e-01 -1.6182e+00 +2.2795e+00
% f evaluations | g evaluations | best noise-free fitness - Fopt (2.224000000000e+01) + sum g_i+ | measured fitness | best measured fitness or single-digit g-values | x1 | x2...
1 0 +8.323854774e+01 +1.054785477e+02 +1.054785477e+02 -1.8173e+00 -4.4375e+00 -1.1606e-01 -5.7114e-02 +2.4461e+00 +3.3700e+00 +3.4392e+00 +2.5559e+00 +2.1379e+00 -1.8995e-01 +2.4108e-01 -3.4709e+00 +4.4840e+00 -1.0282e+00 +8.1058e-01 -4.2386e+00 -6.4823e-01 -6.1415e-01 +4.8427e+00 -2.1724e+00
11 0 +8.274669841e+01 +1.049866984e+02 +1.049866984e+02 +1.9291e+00 +1.9457e-01 +2.5616e+00 +4.5439e+00 +1.7968e-01 -5.6788e-01 +1.6866e-01 +7.1817e-01 -3.1434e+00 +1.0950e+00 +2.5129e+00 +1.0265e+00 +4.3235e+00 +3.2204e+00 -4.7339e+00 -3.6526e+00 -1.2365e+00 +2.2280e+00 -3.5888e+00 -4.1909e+00
22 0 +7.910325956e+01 +1.013432596e+02 +1.013432596e+02 -2.3874e+00 +8.8386e-01 +1.5542e+00 +7.2087e-01 +2.4935e+00 -3.2310e+00 -1.3368e+00 -4.0937e+00 +4.0575e+00 -3.5089e+00 -4.2146e+00 -3.7495e+00 +2.4709e+00 +4.8296e-01 +3.8559e+00 -1.0149e+00 +1.8769e-01 -2.6349e+00 -2.0421e+00 -1.3550e+00
54 0 +7.467427927e+01 +9.691427927e+01 +9.691427927e+01 +4.2174e+00 +1.0236e+00 -1.4785e+00 +1.4157e+00 -1.3142e+00 -1.8573e-01 +1.6165e+00 -4.5382e-01 -3.5837e+00 +3.9048e+00 +2.4376e+00 +1.3987e+00 +1.5187e+00 +1.2330e+00 +2.2455e+00 -6.3755e-01 -5.1190e-01 +1.8936e+00 +1.8601e+00 -1.3601e-01
107 0 +7.158748615e+01 +9.382748615e+01 +9.382748615e+01 +3.1928e+00 +1.0019e+00 -1.0080e+00 +1.3079e+00 -7.2346e-01 -6.5816e-01 +1.1583e+00 -1.0185e+00 -2.3983e+00 +2.7546e+00 +1.4056e+00 +6.0004e-01 +1.6664e+00 +1.1167e+00 +2.4954e+00 -6.9609e-01 -4.0337e-01 +1.1910e+00 +1.2547e+00 -3.2513e-01
258 0 +7.030196817e+01 +9.254196817e+01 +9.254196817e+01 +3.3452e+00 +9.8083e-01 -9.8494e-01 +1.4288e+00 -8.0588e-01 -5.6695e-01 +1.2133e+00 -8.5880e-01 -1.3889e+00 +2.9182e+00 +1.9309e+00 +7.6275e-01 +1.7214e+00 +1.2039e+00 +2.2236e+00 -7.7714e-01 -4.4960e-01 +1.3547e+00 +1.2173e+00 -4.1005e-01
562 0 +6.904012128e+01 +9.128012128e+01 +9.128012128e+01 +3.6527e+00 +9.9962e-01 -1.1676e+00 +1.4211e+00 -9.8499e-01 -4.2333e-01 +1.3513e+00 -7.0431e-01 -9.8836e-01 +3.2735e+00 +2.1078e+00 +9.9117e-01 +1.6428e+00 +1.2186e+00 +2.2297e+00 -7.2132e-01 -4.7427e-01 +1.5499e+00 +1.4489e+00 -3.0575e-01
810 0 +6.752667088e+01 +8.976667088e+01 +8.976667088e+01 +3.5842e+00 +9.9449e-01 -1.1247e+00 +1.4236e+00 -9.4513e-01 -4.5767e-01 +1.3216e+00 -7.4171e-01 -1.5898e+00 +3.1925e+00 +4.6650e-01 +9.3923e-01 +1.6622e+00 +1.2142e+00 +2.2288e+00 -7.3544e-01 -4.6809e-01 +1.5051e+00 +1.3961e+00 -3.3094e-01
1111 0 +6.584847551e+01 +8.808847551e+01 +8.808847551e+01 +2.8582e+00 +9.9594e-01 -1.1219e+00 +1.4228e+00 -9.4155e-01 -4.5813e-01 +1.2705e+00 -7.4140e-01 -1.5719e+00 +3.1880e+00 +5.9110e-01 +9.3679e-01 +1.6601e+00 +1.2129e+00 +2.1563e+00 -7.3523e-01 -4.6613e-01 +1.5024e+00 +1.3938e+00 -3.3256e-01
1262 0 +6.417459816e+01 +8.641459816e+01 +8.641459816e+01 +2.8582e+00 +9.9594e-01 -1.1219e+00 +1.4228e+00 -9.4155e-01 -4.5813e-01 +1.2705e+00 -7.4140e-01 -1.5719e+00 +3.1880e+00 +5.9110e-01 +9.3679e-01 +1.6601e+00 +1.2129e+00 +1.0692e+00 -7.3523e-01 -4.6613e-01 +1.5024e+00 +1.3938e+00 -3.3256e-01
1410 0 +6.137913198e+01 +8.361913198e+01 +8.361913198e+01 +2.8582e+00 +9.9594e-01 -1.1219e+00 +1.4228e+00 -9.4155e-01 -4.5813e-01 +1.2705e+00 -7.4140e-01 -1.5719e+00 +3.1880e+00 +5.9110e-01 +9.3679e-01 +1.6601e+00 +7.5241e-01 +1.0692e+00 -7.3523e-01 -4.6613e-01 +1.5024e+00 +1.3938e+00 -3.3256e-01
1963 0 +5.831054264e+01 +8.055054264e+01 +8.055054264e+01 +2.8582e+00 +9.9594e-01 -1.1219e+00 +1.3702e+00 -9.4155e-01 -4.5813e-01 +1.2705e+00 -7.4140e-01 -1.1855e-01 +3.1880e+00 +5.9110e-01 +9.3679e-01 +1.6601e+00 +7.5241e-01 +1.0692e+00 -7.3523e-01 -4.6613e-01 +1.5024e+00 +1.3938e+00 -3.3256e-01
% f evaluations | g evaluations | best noise-free fitness - Fopt (-2.301000000000e+01) + sum g_i+ | measured fitness | best measured fitness or single-digit g-values | x1 | x2...
1 0 +8.540797006e+01 +6.239797006e+01 +6.239797006e+01 +3.1331e+00 +2.3017e+00 -1.6430e+00 -4.7544e+00 +3.8551e+00 +8.8487e-01 +1.1633e+00 -3.7204e+00 -4.5717e+00 -3.7836e+00 -3.0524e+00 +4.0873e+00 +4.9848e+00 -3.4664e+00 +3.9562e+00 +5.4824e-02 -6.6424e-01 -2.3636e+00 +2.4699e+00 -3.9135e+00
3 0 +8.512268270e+01 +6.211268270e+01 +6.211268270e+01 +4.7641e+00 +4.2045e+00 -8.5442e-03 +1.1083e+00 +2.0148e-01 +1.5749e+00 +4.2535e+00 +4.3282e-01 -9.6910e-01 +4.2237e+00 -4.2717e+00 -4.8737e+00 +3.5139e+00 -1.5959e+00 +4.6173e+00 -4.0554e+00 +4.3773e+00 +3.9468e-01 +2.5956e+00 +1.8470e+00
4 0 +8.248757599e+01 +5.947757599e+01 +5.947757599e+01 -4.9415e+00 +5.9414e-01 +1.1067e+00 +1.1704e+00 -2.0408e+00 +1.6081e-01 -4.5480e+00 -1.4934e+00 -1.4946e+00 +3.1054e+00 -2.8117e+00 -1.5863e+00 -2.3208e+00 -5.6829e-01 +4.0385e+00 -2.4701e+00 +1.5537e+00 -5.9368e-01 +9.6205e-02 -1.5739e+00
8 0 +7.873520214e+01 +5.572520214e+01 +5.572520214e+01 +3.1526e+00 -2.6971e+00 -2.6745e+00 -4.2694e+00 +3.0381e+00 -2.2447e+00 -1.9152e+00 -1.8014e+00 -3.4020e+00 -1.2388e+00 -4.2430e-01 -2.5435e+00 -3.9034e+00 +2.4978e+00 -1.0916e+00 -2.7595e-01 +1.2137e+00 -1.5174e+00 -2.6688e+00 -4.6075e+00
52 0 +7.715015000e+01 +5.414015000e+01 +5.414015000e+01 +5.1415e-01 -1.6242e+00 -1.4419e+00 -2.4962e+00 +1.3825e+00 -1.4605e+00 -2.7734e+00 -1.7010e+00 -2.7802e+00 +1.7727e-01 -1.2025e+00 -2.2315e+00 -3.3875e+00 +1.4983e+00 +5.8066e-01 -9.9118e-01 +1.3245e+00 -1.2163e+00 -1.7675e+00 -3.6186e+00
152 0 +7.534879098e+01 +5.233879098e+01 +5.233879098e+01 +2.6826e+00 -2.3287e+00 -2.4690e+00 -3.7295e+00 +2.5097e+00 -2.0585e+00 -1.8792e+00 -1.8649e+00 -3.1869e+00 -1.0579e+00 -6.9262e-01 -2.4158e+00 -3.6384e+00 +2.0332e+00 -7.3958e-01 -5.5774e-01 +1.0718e+00 -1.3662e+00 -2.4846e+00 -4.1420e+00
208 0 +7.085996246e+01 +4.784996246e+01 +4.784996246e+01 +1.3971e+00 -1.8879e+00 -1.6788e+00 -3.5005e+00 +1.7651e+00 -1.7924e+00 -1.2855e+00 -1.8273e+00 -2.9338e+00 -6.7312e-01 -1.2787e+00 -2.7340e+00 -3.5153e+00 +9.9568e-01 +2.3662e-01 -1.9370e-01 +4.4523e-01 -1.2641e+00 -1.6849e+00 -3.0217e+00
310 0 +7.073663512e+01 +4.772663512e+01 +4.772663512e+01 +1.3971e+00 -1.8879e+00 -1.6788e+00 -3.5005e+00 +1.7651e+00 -1.7924e+00 -1.2855e+00 -1.8273e+00 -2.9338e+00 -6.7312e-01 -1.2787e+00 -2.7340e+00 -3.5153e+00 +9.9568e-01 +2.3662e-01 -1.9370e-01 +4.9204e-02 -1.2641e+00 -1.6849e+00 -3.0217e+00
811 0 +6.017117255e+01 +3.716117255e+01 +3.716117255e+01 +1.5767e+00 -1.9173e+00 -1.7785e+00 -3.4387e+00 +1.8338e+00 -1.7537e+00 -1.5269e+00 -1.7307e+00 -2.8939e+00 -7.3976e-01 -1.1456e+00 -2.6314e+00 -3.4556e+00 +1.2167e+00 +1.0238e-01 -3.5022e-01 +5.8890e-01 -1.2405e+00 -1.0901e+00 -1.7381e-01
863 0 +5.858928159e+01 +3.557928159e+01 +3.557928159e+01 +1.3989e+00 -1.8872e+00 -1.6787e+00 -3.4988e+00 +1.7647e+00 -1.7898e+00 -1.2894e+00 -1.8231e+00 -2.9309e+00 -6.7540e-01 -1.2766e+00 -2.7327e+00 -3.5124e+00 +9.9821e-01 +2.3597e-01 -1.9640e-01 +1.8696e-01 -1.2626e+00 -1.6825e+00 -8.6111e-02
1161 0 +5.588425591e+01 +3.287425591e+01 +3.287425591e+01 +1.3989e+00 -6.5342e-01 -1.6787e+00 -3.4988e+00 +1.7647e+00 -1.7898e+00 -1.2894e+00 -1.8231e+00 -2.9309e+00 -6.7540e-01 -1.2766e+00 -2.7327e+00 -3.5124e+00 +9.9821e-01 +2.3597e-01 -1.9640e-01 +1.8696e-01 -1.2626e+00 -1.6825e+00 -8.6111e-02
1560 0 +5.311612034e+01 +3.010612034e+01 +3.010612034e+01 +1.3989e+00 -9.7114e-01 -1.6787e+00 -3.4988e+00 +1.7647e+00 -1.7898e+00 -1.2894e+00 -1.8230e+00 -2.9309e+00 -6.7540e-01 -1.2766e+00 -2.7327e+00 -1.9891e+00 +9.9821e-01 +2.3598e-01 -1.9640e-01 +1.8696e-01 -1.2626e+00 -1.6825e+00 -8.6206e-02
1911 0 +5.028920067e+01 +2.727920067e+01 +2.727920067e+01 +1.3989e+00 -9.6981e-01 -1.6787e+00 -3.4988e+00 +1.7647e+00 -1.7898e+00 -1.2894e+00 -1.8230e+00 -2.9309e+00 -6.7540e-01 -1.2748e+00 -2.7327e+00 -2.4112e+00 +9.9821e-01 +2.3598e-01 -1.9640e-01 +1.8632e-01 -7.0430e-01 -1.6825e+00 -8.6196e-02
% f evaluations | g evaluations | best noise-free fitness - Fopt (-3.323700000000e+02) + sum g_i+ | measured fitness | best measured fitness or single-digit g-values | x1 | x2...
1 0 +8.516755039e+01 -2.472024496e+02 -2.472024496e+02 +1.2552e+00 -7.3906e-01 -2.0377e+00 -3.2212e-01 +4.8644e+00 -2.9603e+00 +4.1723e+00 -3.0592e+00 +1.5837e+00 +1.8506e-02 +5.6165e-01 +4.9519e+00 -2.9471e+00 +7.3686e-01 +3.1293e+00 -1.9530e+00 -3.9251e+00 +8.6273e-01 +3.0935e+00 +4.6646e+00
3 0 +8.317899838e+01 -2.491910016e+02 -2.491910016e+02 +1.1100e+00 -4.4705e+00 -2.2203e+00 +3.0984e+00 +2.3860e+00 +3.7700e-01 +2.5685e+00 +1.0965e+00 -2.2441e+00 +3.4404e+00 +2.8065e+00 -3.7540e-01 +4.4042e+00 -3.6511e+00 +1.1809e+00 -2.0303e+00 +2.7526e+00 +4.5740e-01 -5.7006e-01 -2.1335e+00
7 0 +8.101427101e+01 -2.513557290e+02 -2.513557290e+02 -4.3785e+00 +4.2213e+00 +3.1936e-01 -4.0525e+00 +8.8354e-01 +4.0274e+00 -1.7995e-01 +3.7140e+00 -1.2190e+00 +2.9915e+00 +4.6470e+00 +1.4239e+00 -3.2123e+00 -4.0073e+00 +4.7846e+00 -3.2651e+00 -3.2991e-01 -2.5378e+00 +4.9203e+00 +4.2525e+00
18 0 +7.688333416e+01 -2.554866658e+02 -2.554866658e+02 -1.8907e-01 +1.7258e+00 -4.6335e+00 -3.6402e-01 -4.2131e+00 +1.6321e+00 -2.6990e+00 +1.7513e+00 -3.9021e+00 +3.7103e+00 +2.6094e+00 -5.6818e-01 +8.0435e-01 +1.3476e+00 +4.2362e+00 -2.5101e+00 -3.3468e+00 +4.6342e-01 -3.2871e+00 -2.3068e+00
27 0 +7.384844531e+01 -2.585215547e+02 -2.585215547e+02 -2.0748e+00 +2.8058e+00 -8.1172e-01 +1.6340e-01 +3.0369e+00 -2.8901e+00 +2.8619e+00 -2.7972e+00 +2.9994e+00 +1.9514e+00 +3.1370e+00 +4.8652e+00 +7.6963e-01 -7.1653e-02 +4.1606e+00 -3.3759e+00 +4.5291e+00 -1.0950e+00 -2.5146e+00 +3.8109e+00
37 0 +7.070199516e+01 -2.616680048e+02 -2.616680048e+02 +3.2459e+00 -9.1080e-01 +3.8491e+00 +1.0364e+00 -3.9959e+00 -3.1929e+00 +4.4175e+00 -1.1313e+00 -3.3808e+00 +2.9870e+00 +1.8076e+00 -4.8019e+00 +3.1320e-01 +4.8143e+00 -3.5514e+00 +1.9956e+00 +1.5773e-01 +8.5943e-01 -1.1646e+00 +5.2938e-01
58 0 +5.761356252e+01 -2.747564375e+02 -2.747564375e+02 +8.4047e-01 +1.0213e+00 +1.6637e+00 +1.0934e+00 -2.0895e+00 -4.0566e-01 +8.0093e-01 +1.0530e+00 -6.3888e-01 +2.2121e+00 +9.1249e-02 -3.5927e+00 -1.1021e+00 +4.0206e+00 -2.0889e+00 +2.3609e+00 -2.1591e-01 +2.2574e-01 -8.8426e-01 +4.8347e-01
203 0 +5.449371323e+01 -2.778762868e+02 -2.778762868e+02 +1.0976e+00 +8.1478e-01 +1.8973e+00 +1.0873e+00 -2.2933e+00 -7.0361e-01 +1.1875e+00 +8.1952e-01 -9.3200e-01 +2.2949e+00 +2.7472e-01 -3.7220e+00 -9.5080e-01 +4.1054e+00 -2.2453e+00 +2.3219e+00 -1.7597e-01 +2.9348e-01 -9.1424e-01 +4.8837e-01
361 0 +5.271045720e+01 -2.796595428e+02 -2.796595428e+02 +1.0860e+00 +7.8389e-01 +1.8868e+00 +1.0876e+00 -2.2841e+00 -6.9018e-01 +1.1701e+00 +8.3004e-01 -9.1879e-01 +2.2912e+00 +2.6645e-01 -3.7161e+00 -9.5762e-01 +1.7541e+00 -2.2382e+00 +2.3236e+00 -1.7777e-01 +2.9043e-01 -9.1289e-01 +4.8815e-01
402 0 +5.126761868e+01 -2.811023813e+02 -2.811023813e+02 +1.0865e+00 +7.8523e-01 +1.8872e+00 +1.0875e+00 -2.2845e+00 -6.9076e-01 +1.1709e+00 +8.2959e-01 -9.1936e-01 +2.2913e+00 +2.6681e-01 -3.7164e+00 -9.5732e-01 +3.2492e+00 -2.2385e+00 +2.3236e+00 -1.7769e-01 +2.9056e-01 -9.1295e-01 +4.8816e-01
511 0 +4.929136228e+01 -2.830786377e+02 -2.830786377e+02 +1.0863e+00 +7.8465e-01 +1.8870e+00 +1.0875e+00 -2.2843e+00 -6.9051e-01 +1.1705e+00 +8.2978e-01 -9.1911e-01 +2.2913e+00 +2.6666e-01 -3.7163e+00 -9.5745e-01 +2.6067e+00 -4.1098e-01 +2.3236e+00 -1.7772e-01 +2.9050e-01 -9.1292e-01 +4.8816e-01
654 0 +4.858068674e+01 -2.837893133e+02 -2.837893133e+02 +1.0863e+00 +7.8466e-01 +1.8870e+00 +1.0875e+00 -2.2843e+00 -6.9052e-01 +1.1705e+00 +8.2978e-01 -9.1911e-01 +2.2913e+00 +2.6666e-01 -3.7163e+00 -9.5745e-01 +2.6122e+00 -7.8924e-01 +2.3236e+00 -1.7772e-01 +2.9050e-01 -9.1292e-01 +4.8816e-01
914 0 +4.343055429e+01 -2.889394457e+02 -2.889394457e+02 +1.0863e+00 +7.8465e-01 +1.8870e+00 +1.0875e+00 -2.2843e+00 -6.9051e-01 +1.1705e+00 +8.2978e-01 -9.1911e-01 +2.2913e+00 +2.6666e-01 -3.7163e+00 -2.1987e-01 +2.6067e+00 -4.1098e-01 +2.3236e+00 -1.7772e-01 +2.9050e-01 -6.4484e-01 +4.8816e-01
1360 0 +4.202101688e+01 -2.903489831e+02 -2.903489831e+02 +1.0868e+00 +4.7661e-01 +1.8875e+00 +1.0742e+00 -2.2847e+00 -6.9106e-01 +7.6078e-01 +8.2935e-01 -9.1965e-01 +2.2914e+00 +2.6699e-01 -3.7165e+00 -4.2053e-01 +2.6621e+00 -5.5947e-01 +2.3235e+00 -1.7765e-01 +2.9063e-01 -7.1793e-01 +4.8817e-01
1460 0 +4.020326768e+01 -2.921667323e+02 -2.921667323e+02 +1.0870e+00 +3.6609e-01 +1.8877e+00 +1.0676e+00 -2.2849e+00 -6.9132e-01 +1.1716e+00 +8.2915e-01 -9.1990e-01 +2.2915e+00 +2.6715e-01 -3.7166e+00 -5.2321e-01 +2.6903e+00 -6.3605e-01 +2.3235e+00 -1.7762e-01 +2.9068e-01 -7.5534e-01 +2.1428e-01
1756 0 +3.941432557e+01 -2.929556744e+02 -2.929556744e+02 +1.0865e+00 +5.5744e-01 +1.8872e+00 +1.0689e+00 -2.2844e+00 -6.9071e-01 +1.1708e+00 +8.2963e-01 -9.1930e-01 +2.2913e+00 +2.6674e-01 -3.7164e+00 -5.5053e-01 +2.6976e+00 -6.7374e-01 +1.5543e+00 -1.7770e-01 +2.9054e-01 -7.6568e-01 +2.8779e-01
2012 0 +3.888087217e+01 -2.934891278e+02 -2.934891278e+02 +1.0865e+00 +4.9607e-02 +1.8872e+00 +1.0700e+00 -2.2845e+00 -6.9071e-01 +1.1696e+00 +8.2963e-01 -9.1931e-01 +2.2913e+00 +2.6675e-01 -3.7164e+00 -5.2935e-01 +2.6918e+00 -6.5647e-01 +1.8697e+00 -1.7770e-01 +2.9055e-01 -7.5793e-01 +3.1358e-01
% f evaluations | g evaluations | best noise-free fitness - Fopt (-1.231300000000e+02) + sum g_i+ | measured fitness | best measured fitness or single-digit g-values | x1 | x2...
1 0 +8.606493290e+01 -3.706506710e+01 -3.706506710e+01 -4.4860e+00 -4.1805e+00 -4.4381e+00 +7.8701e-01 -3.4823e+00 -2.7286e+00 -2.4590e+00 -4.4104e+00 +3.6211e+00 -2.2677e+00 -2.6858e+00 -2.7770e+00 +1.6816e+00 +4.1383e+00 +4.9481e+00 -2.7155e+00 -4.9172e+00 +1.9777e+00 -1.0981e+00 +2.0122e+00
2 0 +8.547195365e+01 -3.765804635e+01 -3.765804635e+01 +3.1273e+00 -3.2385e+00 -3.8189e+00 -1.9031e+00 +4.1708e+00 -1.9461e+00 +1.8275e+00 +7.0124e-03 +1.7786e+00 +9.3364e-02 +1.1722e+00 +2.9891e+00 +1.9402e-01 +1.8408e+00 -1.5921e+00 +3.1704e+00 -5.8608e-01 +4.7294e+00 +2.0473e+00 -4.6948e+00
4 0 +8.200561864e+01 -4.112438136e+01 -4.112438136e+01 +1.0901e+00 -4.3963e+00 +9.7692e-01 -1.7683e+00 +1.3913e+00 +1.2270e+00 +1.5966e+00 +4.0609e+00 +4.3655e+00 +9.3402e-01 -1.6587e+00 -1.8276e+00 +3.2197e+00 +4.7631e+00 -4.6084e+00 +9.3506e-01 -1.5738e+00 +1.8864e+00 +4.8240e+00 +2.3794e+00
5 0 +8.028692870e+01 -4.284307130e+01 -4.284307130e+01 +2.8715e+00 -1.6668e+00 -1.7617e+00 -2.7891e+00 -1.3077e+00 -3.6588e+00 -1.6480e+00 -3.1992e+00 +4.4312e+00 -1.5029e-01 -8.7760e-01 -3.2161e+00 -1.4046e+00 +4.1903e+00 +1.4774e+00 -3.7742e+00 -2.8602e+00 +3.1924e+00 +3.4608e+00 +2.7987e+00
57 0 +7.814820308e+01 -4.498179692e+01 -4.498179692e+01 +2.6384e+00 -1.4166e+00 -1.6719e+00 -2.6643e+00 -7.3851e-01 -3.0575e+00 -9.7722e-01 -2.8632e+00 +3.6644e+00 +1.9324e-01 -1.1878e+00 -3.1546e+00 -1.0149e+00 +4.1651e+00 +1.0483e+00 -3.8347e+00 -2.8764e+00 +3.2896e+00 +3.3608e+00 +2.8081e+00
109 0 +7.672513004e+01 -4.640486996e+01 -4.640486996e+01 +1.4459e+00 +7.6221e-03 -3.7599e-01 -1.0447e+00 -1.5821e+00 -5.9492e-01 +6.7644e-01 -2.8372e+00 +3.1742e+00 +1.4617e+00 -1.6482e+00 -3.1585e+00 -9.9148e-01 +2.3071e+00 +9.0026e-02 -4.0234e+00 -1.0252e+00 +2.2381e+00 +5.0436e-01 +1.1926e+00
205 0 +7.578554173e+01 -4.734445827e+01 -4.734445827e+01 +1.6684e+00 -2.5813e-01 -6.1781e-01 -1.3469e+00 -1.4247e+00 -1.0544e+00 +3.6787e-01 -2.8054e+00 +3.2657e+00 +1.2250e+00 -1.5623e+00 -3.1577e+00 -9.9585e-01 +2.6538e+00 +2.6884e-01 -3.9882e+00 -1.3706e+00 +2.4343e+00 +1.0374e+00 +1.4940e+00
464 0 +7.404193512e+01 -4.908806488e+01 -4.908806488e+01 +2.4297e+00 -1.4471e+00 -9.9033e-01 -1.8893e+00 -6.6475e-01 -2.4686e+00 -1.0691e+00 -1.3060e-02 +3.4917e+00 -9.2942e-03 -1.0921e+00 -2.5491e+00 -1.1714e+00 +3.2933e+00 +5.9675e-01 -3.1285e+00 -1.9901e+00 +2.1069e+00 +2.1631e+00 +2.2566e+00
1663 0 +7.205588723e+01 -5.107411277e+01 -5.107411277e+01 +2.4149e+00 -1.5818e+00 -7.7633e-01 -1.8422e+00 -5.9337e-01 -2.1651e+00 -4.6363e-01 -1.1737e-01 +3.7211e+00 +2.5125e-02 -1.2020e+00 -2.4837e+00 -1.0266e+00 +3.2678e+00 +4.5728e-01 -1.4533e+00 -1.7252e+00 +2.0458e+00 +2.0758e+00 +2.2957e+00
% f evaluations | g evaluations | best noise-free fitness - Fopt (-1.537900000000e+02) + sum g_i+ | measured fitness | best measured fitness or single-digit g-values | x1 | x2...
1 0 +8.523779793e+01 -6.855220207e+01 -6.855220207e+01 +1.2578e+00 +2.3528e+00 +4.1278e+00 -4.9618e+00 -1.5279e+00 -2.1176e+00 +3.3783e+00 -4.2131e+00 +2.6378e+00 +3.0218e+00 -4.4264e+00 +5.9249e-01 +1.2299e+00 -3.1758e+00 +3.1910e+00 +3.8565e+00 -1.5134e+00 +2.9325e+00 +5.6435e-02 -2.4758e+00
5 0 +8.395964196e+01 -6.983035804e+01 -6.983035804e+01 +1.6369e+00 +4.5534e+00 +4.9056e+00 -2.8201e+00 -2.0152e+00 +9.9413e-01 -4.6501e+00 +2.1232e+00 -1.4986e+00 +4.0087e+00 -3.0686e+00 +4.8414e-01 +3.4844e+00 +1.1526e+00 +2.4009e+00 +1.9286e+00 +4.7168e+00 +3.9109e+00 -1.3182e+00 +1.4982e+00
10 0 +8.260110395e+01 -7.118889605e+01 -7.118889605e+01 +4.1591e+00 +9.8908e-01 +2.6257e+00 +6.9527e-01 +3.2051e-01 +3.1810e+00 +1.2043e+00 -7.2007e-02 -3.1629e+00 +1.5289e+00 -3.8993e+00 +3.9642e-01 +6.0177e-01 -5.7639e-01 +3.1951e+00 +3.4669e+00 +2.0572e+00 -1.2288e+00 -3.0432e-01 +2.6271e+00
53 0 +8.127615000e+01 -7.251385000e+01 -7.251385000e+01 +8.0619e-01 -3.4152e+00 +3.4641e+00 -2.8878e+00 -9.0503e-01 +1.6189e-01 -1.9489e+00 -2.4527e+00 -2.9817e+00 +1.6139e+00 +5.6677e-01 +3.1720e-01 +3.5499e+00 +1.2193e+00 -3.2771e+00 +7.9189e-01 -5.1407e-01 -3.6081e+00 +4.0473e+00 -9.5522e-01
58 0 +7.692315863e+01 -7.686684137e+01 -7.686684137e+01 +2.5253e+00 +2.9952e+00 +3.1581e+00 -2.1848e+00 +1.5683e+00 -8.5762e-01 -3.5635e+00 +2.9913e+00 -5.3806e-01 +1.0702e+00 -1.4168e+00 +1.2206e+00 +3.8859e+00 -6.3831e-01 -1.7664e+00 +2.1420e+00 -2.1625e-01 +5.9831e-01 -5.4125e-01 +1.9604e+00
511 0 +7.362137573e+01 -8.016862427e+01 -8.016862427e+01 +2.5104e+00 +2.4514e+00 +9.8336e-01 -1.3767e+00 +9.0827e-01 -7.9400e-01 -3.0045e+00 +1.8773e+00 -7.8521e-01 +1.0660e+00 -1.8971e+00 +1.4375e+00 +1.4975e+00 +2.5627e-01 +5.0713e-01 +4.2649e-01 +1.5175e+00 +1.9254e+00 -1.2778e+00 +1.3320e+00
1012 0 +7.189382936e+01 -8.189617064e+01 -8.189617064e+01 +2.5104e+00 +2.4514e+00 +9.8336e-01 -1.3767e+00 +9.0827e-01 -6.1653e-01 -3.0045e+00 +1.8773e+00 -7.8521e-01 +1.0660e+00 -1.8971e+00 +1.4375e+00 +1.4975e+00 +2.5627e-01 +5.0713e-01 +4.2649e-01 +3.8517e-01 +1.9254e+00 -1.2778e+00 +1.3320e+00
1960 0 +7.075680179e+01 -8.303319821e+01 -8.303319821e+01 +2.5104e+00 +2.4514e+00 +1.9988e-01 -1.3767e+00 +9.0827e-01 -7.9400e-01 -3.0045e+00 +1.8773e+00 -7.8521e-01 +1.0660e+00 -1.8971e+00 +1.4375e+00 +1.4975e+00 +2.5627e-01 +2.3807e-01 +4.2649e-01 +5.5185e-01 +1.9254e+00 -1.2778e+00 +1.3320e+00
% f evaluations | g evaluations | best noise-free fitness - Fopt (-4.860000000000e+01) + sum g_i+ | measured fitness | best measured fitness or single-digit g-values | x1 | x2...
1 0 +8.420785583e+01 +3.560785583e+01 +3.560785583e+01 +3.1247e+00 +2.7848e+00 -3.3071e+00 +2.3424e+00 +4.5758e+00 +1.0712e-01 +2.7630e+00 -1.7173e+00 -3.6888e+00 -1.4420e+00 -4.7784e+00 +2.7258e+00 +1.7861e+00 +3.1990e+00 -4.5019e+00 -1.9839e+00 +7.6857e-01 +3.4194e+00 +1.0062e+00 +2.3666e+00
5 0 +8.163513573e+01 +3.303513573e+01 +3.303513573e+01 +1.4779e+00 +4.1662e+00 -1.8047e-01 -1.2774e+00 -1.0505e+00 +2.5230e-01 +1.3084e-01 +2.1916e+00 -3.2253e+00 -7.5014e-01 +3.0198e+00 -1.1451e+00 -8.2413e-01 -2.2259e+00 -4.6942e+00 -2.8926e-01 +1.8894e+00 +1.3552e+00 +1.0767e+00 +4.5860e+00
14 0 +8.057706923e+01 +3.197706923e+01 +3.197706923e+01 -3.4136e+00 +1.6964e+00 +3.5387e+00 -4.2489e+00 -4.0579e+00 +3.4415e+00 +3.1755e+00 -1.0858e+00 +1.6354e+00 +4.0634e+00 -3.5759e-01 +3.1595e+00 -2.8473e+00 +1.5887e+00 +4.5327e+00 -1.5910e+00 -1.2679e+00 -1.2781e+00 -4.8059e-01 -2.4925e+00
52 0 +7.925954755e+01 +3.065954755e+01 +3.065954755e+01 -2.2330e+00 +2.1746e+00 +8.8909e-01 -6.2038e-01 -3.2762e+00 -4.2259e-01 +9.6764e-01 +1.3856e-01 +9.7741e-01 +2.6345e+00 +8.3935e-01 -6.2111e-01 -1.5166e+00 +6.7863e-01 +1.6921e+00 -8.6709e-02 -7.5696e-01 +1.6065e+00 -6.3836e-01 -3.5318e+00
54 0 +6.913823976e+01 +2.053823976e+01 +2.053823976e+01 -2.4078e-01 +2.2497e+00 +1.1216e-01 -1.3328e+00 +3.2499e-01 -1.9684e-01 +1.0407e+00 +5.2307e-02 -1.1165e+00 +9.0707e-01 +1.7242e+00 -1.1657e-01 -2.0232e-01 -1.7409e+00 -3.1751e+00 +1.0711e+00 +2.0668e+00 -6.4543e-01 +6.8187e-01 +3.7342e+00
258 0 +6.620797926e+01 +1.760797926e+01 +1.760797926e+01 -1.0091e+00 +1.3122e+00 -2.7511e-03 -1.0816e+00 +9.3476e-01 -2.7044e-01 +1.5696e+00 -7.9560e-01 -3.9556e-02 +1.4801e+00 +9.8040e-01 +4.4093e-01 +2.7660e-01 -1.5203e+00 -2.1401e+00 +1.2937e+00 +2.1664e+00 -1.2855e+00 +2.9647e-01 +3.0769e+00
410 0 +6.597790054e+01 +1.737790054e+01 +1.737790054e+01 -6.9131e-01 +1.7000e+00 +4.4775e-02 -1.1855e+00 +6.8256e-01 -2.4000e-01 +1.3508e+00 -2.7312e-01 -4.8496e-01 +1.2431e+00 +1.2880e+00 +2.1035e-01 +7.8524e-02 -1.6115e+00 -1.3180e+00 +1.2016e+00 +2.1252e+00 -1.0208e+00 +4.5587e-01 +3.3488e+00
612 0 +6.431321940e+01 +1.571321940e+01 +1.571321940e+01 -6.1924e-01 +1.0883e+00 +4.9454e-02 -1.2091e+00 +6.2537e-01 -2.3310e-01 +1.3012e+00 -2.2106e-01 -5.8598e-01 +1.1894e+00 +1.3578e+00 +1.5806e-01 +3.3602e-02 -1.6322e+00 -1.8854e+00 +1.1807e+00 +2.1159e+00 -9.6072e-01 +4.9202e-01 +3.4104e+00
963 0 +6.262228962e+01 +1.402228962e+01 +1.402228962e+01 -7.1120e-01 +9.0769e-01 +4.1799e-02 -1.1790e+00 +6.9835e-01 -2.4191e-01 +1.3645e+00 -3.0583e-01 -4.5707e-01 +1.2579e+00 +1.2688e+00 +2.2479e-01 +9.0926e-02 -1.6058e+00 -1.3695e+00 +6.5429e-01 +2.1278e+00 -1.0373e+00 +4.4589e-01 +3.3318e+00
1554 0 +6.164205289e+01 +1.304205289e+01 +1.304205289e+01 -6.5992e-01 +5.5995e-01 -7.8365e-02 -1.1410e+00 +7.6356e-01 -1.7675e-01 +1.3425e+00 -2.3334e-01 -3.7752e-01 +1.1415e+00 +6.5639e-01 +1.4958e-01 +1.1498e-01 -1.5795e+00 -1.6144e+00 +9.4060e-01 +2.2050e+00 -8.1277e-01 +4.2229e-01 +3.2824e+00
1661 0 +5.981806642e+01 +1.121806642e+01 +1.121806642e+01 -7.1031e-01 +1.4540e-01 +4.1875e-02 -1.1793e+00 +3.8643e-01 -2.4182e-01 +1.2679e+00 -3.0499e-01 -4.5832e-01 +1.2573e+00 +5.0514e-01 +2.2414e-01 +9.0372e-02 -1.6061e+00 -1.3742e+00 +1.1776e+00 +2.1277e+00 -1.0366e+00 +4.4300e-01 +3.3325e+00
1960 0 +5.841850917e+01 +9.818509172e+00 +9.818509172e+00 -7.0214e-01 +1.4566e-01 +4.1737e-02 -1.1792e+00 +3.8677e-01 -2.4175e-01 +1.2680e+00 -3.0491e-01 -4.5823e-01 +1.2571e+00 +5.0535e-01 +2.2406e-01 +9.0400e-02 -1.6061e+00 -1.3745e+00 +4.9421e-01 +2.1278e+00 -1.0363e+00 +4.4298e-01 +3.3325e+00
% f evaluations | g evaluations | best noise-free fitness - Fopt (2.770000000000e+01) + sum g_i+ | measured fitness | best measured fitness or single-digit g-values | x1 | x2...
1 0 +8.535521696e+01 +1.130552170e+02 +1.130552170e+02 -2.2408e+00 -3.8288e+00 +3.8550e+00 +2.3719e+00 -1.9051e+00 -2.1300e+00 -1.9234e+00 +2.1925e+00 -2.1502e+00 +2.4697e+00 -1.4096e+00 -2.7124e+00 +1.3740e+00 -2.2977e+00 +3.5269e+00 +1.9965e+00 -2.3654e+00 -2.7199e+00 +2.8855e+00 -4.8091e+00
2 0 +8.295566899e+01 +1.106556690e+02 +1.106556690e+02 -3.7865e+00 -1.8143e+00 +6.7672e-01 -1.4008e+00 +2.1300e+00 +1.5859e+00 -9.7473e-01 -4.2036e+00 +3.2905e+00 +2.2664e+00 +2.9281e+00 +2.0532e+00 -4.7974e+00 -9.0374e-01 +3.8342e-01 +3.0496e+00 -4.8332e+00 -3.2015e+00 -7.2010e-01 +4.0044e+00
12 0 +7.301087655e+01 +1.007108766e+02 +1.007108766e+02 -1.6056e+00 +4.8336e+00 -6.4065e-01 +3.1322e+00 -8.9568e-02 -8.5081e-01 +8.1978e-01 -1.0225e+00 +4.1324e+00 -2.0910e+00 +4.8931e+00 +1.2274e+00 +4.2331e-01 -1.3121e+00 -7.6102e-01 +1.3769e+00 -2.8338e+00 -2.2241e-01 -3.0882e-01 +4.5884e+00
154 0 +7.182221038e+01 +9.952221038e+01 +9.952221038e+01 -1.5455e+00 +4.4661e+00 -5.4426e-01 +3.1078e+00 -4.6809e-01 -8.5938e-01 +8.2894e-01 -9.8651e-01 +3.7157e+00 -1.8380e+00 +4.6950e+00 +1.4455e+00 +6.5742e-01 -9.8031e-01 -9.4155e-01 +1.1566e+00 -2.8271e+00 +2.7950e-02 -5.8459e-01 +4.4429e+00
209 0 +6.642659008e+01 +9.412659008e+01 +9.412659008e+01 -1.9601e+00 +3.1784e+00 +2.6427e-01 +7.6606e-01 -1.4349e+00 +8.0978e-01 +7.6513e-01 -2.2356e+00 +2.3246e+00 -1.7086e+00 +4.1941e+00 +2.4136e+00 +7.1382e-01 -2.2232e+00 -2.1112e+00 +1.0083e+00 -3.2825e+00 +3.2611e-01 -1.7253e+00 +3.4100e+00
361 0 +6.590557697e+01 +9.360557697e+01 +9.360557697e+01 -1.9234e+00 +3.2924e+00 +1.9272e-01 +9.7328e-01 -1.3493e+00 +2.1997e-01 +7.7077e-01 -2.1251e+00 +2.4477e+00 -1.7200e+00 +4.2384e+00 +2.3280e+00 +7.0883e-01 -2.1132e+00 -2.0077e+00 +1.0214e+00 -3.2422e+00 +2.9973e-01 -1.6243e+00 +3.5014e+00
812 0 +6.452101127e+01 +9.222101127e+01 +9.222101127e+01 -1.8204e+00 +3.2390e+00 +1.7571e-01 +9.5621e-01 -1.3344e+00 +6.9296e-01 +4.1302e-01 -2.0563e+00 +2.4617e+00 -2.1218e-01 +4.1219e+00 +2.2726e+00 +6.8640e-01 -2.1101e+00 -1.9671e+00 +9.4141e-01 -3.1241e+00 +2.8534e-01 -1.5902e+00 +3.4167e+00
1010 0 +6.036866153e+01 +8.806866153e+01 +8.806866153e+01 -1.8354e+00 +3.2561e+00 +1.7356e-01 +3.3546e-01 -1.3309e+00 +6.7729e-01 +5.7102e-01 -2.0602e+00 +2.4680e+00 -1.4542e+00 +4.1448e+00 +2.2760e+00 +6.8986e-01 -2.1029e+00 -1.9667e+00 +9.5595e-01 -3.1414e+00 +2.8593e-01 -4.7217e-01 +3.4376e+00
1310 0 +5.952555090e+01 +8.722555090e+01 +8.722555090e+01 -1.8204e+00 +3.2390e+00 +1.7571e-01 +2.6111e-01 -1.3344e+00 +6.9296e-01 +4.1302e-01 -2.0563e+00 +2.4617e+00 -9.4145e-01 +4.1219e+00 +2.2726e+00 +6.8640e-01 -2.1101e+00 -1.9671e+00 +9.4141e-01 -3.1241e+00 +2.8534e-01 -8.1462e-01 +3.4167e+00
1656 0 +5.879052110e+01 +8.649052110e+01 +8.649052110e+01 -1.8195e+00 +3.2257e+00 +1.7515e-01 +3.3253e-01 -1.3328e+00 +6.9224e-01 +4.3401e-01 -1.0794e+00 +2.4626e+00 -9.9232e-01 +4.1214e+00 +2.2558e+00 +6.8523e-01 -2.1094e+00 -1.8235e+00 +9.4090e-01 -3.0385e+00 +2.8508e-01 -8.8734e-01 +3.4167e+00
% f evaluations | g evaluations | best noise-free fitness - Fopt (2.993000000000e+01) + sum g_i+ | measured fitness | best measured fitness or single-digit g-values | x1 | x2...
1 0 +8.000898734e+01 +1.099389873e+02 +1.099389873e+02 -3.1698e+00 +4.8560e+00 +2.2725e+00 +2.2740e+00 -6.2607e-01 -3.2746e+00 +8.5226e-01 +2.2084e+00 +4.7736e+00 +8.1693e-01 -3.4952e+00 -3.6234e+00 -1.8352e+00 -4.1093e+00 -3.0697e+00 +4.0763e-01 +3.3416e+00 +1.8897e+00 +4.2717e+00 -1.1886e-01
53 0 +7.958012283e+01 +1.095101228e+02 +1.095101228e+02 -3.0651e+00 +1.0698e+00 +2.8246e-02 -3.8884e+00 -7.5356e-01 +4.2710e-01 -4.3151e+00 -2.7093e-01 -3.0240e+00 -5.3440e-01 +2.7599e+00 +6.6082e-01 -3.5076e-01 -1.7883e+00 -3.7473e+00 +2.1968e+00 -7.5554e-01 +1.0233e+00 -2.7790e+00 +1.5862e+00
56 0 +7.728875765e+01 +1.072187577e+02 +1.072187577e+02 -1.2563e+00 +3.8888e+00 +1.3361e+00 +3.2266e+00 +1.0760e+00 -2.3856e+00 +9.8892e-02 +1.6201e+00 +1.6376e+00 +3.1259e-01 -3.0081e+00 -1.6171e+00 -4.6117e-01 -3.2556e+00 -2.5831e+00 +8.5012e-01 +1.5262e+00 +1.4694e+00 +2.9915e+00 -1.7295e+00
107 0 +7.566220437e+01 +1.055922044e+02 +1.055922044e+02 -8.5927e-01 +2.7369e+00 -1.5528e+00 -2.0593e+00 -5.2546e-01 +2.7047e-01 -3.6012e+00 +1.2137e+00 -8.0082e-01 +6.0392e-01 +1.2158e+00 +3.0521e+00 -2.9784e+00 +2.3392e+00 -1.4925e+00 -2.4315e-01 -1.4413e+00 +6.2356e-01 -1.3053e+00 +2.7642e+00
209 0 +7.363873822e+01 +1.035687382e+02 +1.035687382e+02 -1.2558e+00 +2.7545e+00 -1.4202e+00 -1.1154e+00 -1.7018e-01 +7.3316e-01 -2.9389e+00 +1.2735e+00 -1.1035e+00 +2.5196e-01 +1.0123e+00 +2.2804e+00 -2.1980e+00 +1.4245e+00 -1.2642e+00 -1.7819e-01 -7.4614e-01 +8.6282e-01 -1.6052e+00 +3.0895e+00
712 0 +7.113102400e+01 +1.010610240e+02 +1.010610240e+02 -1.2560e+00 +1.3537e+00 -1.4078e+00 -1.0098e+00 -1.3272e-01 +7.2730e-01 -2.8774e+00 +1.2701e+00 -1.1056e+00 +2.0671e-01 +9.4902e-01 +2.2224e+00 -2.1331e+00 +1.6640e-01 -1.2425e+00 -1.7254e-01 -7.0591e-01 +8.7938e-01 -1.5899e+00 +3.0676e+00
1062 0 +7.066589619e+01 +1.005958962e+02 +1.005958962e+02 -1.2560e+00 +2.5432e-01 -1.4075e+00 -1.0082e+00 -1.3222e-01 +7.2723e-01 -2.8766e+00 +1.2700e+00 -1.1056e+00 +2.0611e-01 +9.4819e-01 +2.2216e+00 -2.1323e+00 +1.6734e-01 -1.2422e+00 -1.7247e-01 -7.0538e-01 +8.7960e-01 -1.5897e+00 +3.0673e+00
1860 0 +6.897011633e+01 +9.890011633e+01 +9.890011633e+01 -1.2560e+00 +3.1515e-01 -1.1069e+00 -7.9367e-01 -1.3225e-01 +7.2723e-01 -2.8766e+00 +1.2048e+00 -1.1056e+00 +2.0615e-01 +9.4825e-01 +2.2217e+00 -2.1323e+00 +1.6728e-01 -1.2422e+00 -1.7248e-01 -7.0542e-01 +3.1492e-01 -1.5897e+00 +3.0674e+00
% f evaluations | g evaluations | best noise-free fitness - Fopt (-1.983000000000e+01) + sum g_i+ | measured fitness | best measured fitness or single-digit g-values | x1 | x2...
1 0 +8.421329673e+01 +6.438329673e+01 +6.438329673e+01 +3.1834e+00 -4.2491e+00 +3.4799e+00 -2.1562e+00 -3.5328e+00 -4.2779e+00 -3.9685e+00 -1.1645e-01 -4.0167e+00 -4.0214e+00 -2.8299e+00 -2.8400e+00 -3.9826e+00 +3.7637e+00 -4.4162e+00 +2.5454e+00 +4.6065e+00 +1.2743e+00 -1.1070e+00 +1.7847e+00
3 0 +8.230881267e+01 +6.247881267e+01 +6.247881267e+01 -1.0754e+00 -1.1468e-01 -4.4635e+00 +2.0557e+00 -4.9709e+00 +4.5566e+00 +2.8615e+00 -2.3647e+00 -2.3425e+00 +3.4448e+00 +3.9857e+00 +3.2111e+00 +3.8232e+00 +2.5259e+00 -1.0312e+00 +1.0010e+00 -1.1018e+00 -2.7008e+00 +4.8466e+00 +1.7154e-02
10 0 +8.071721016e+01 +6.088721016e+01 +6.088721016e+01 -4.9956e+00 -5.0104e-01 -4.6157e+00 +2.6626e+00 -3.2376e+00 -1.3412e+00 +1.7753e+00 +7.3663e-01 -3.3823e+00 +1.0611e+00 -9.3453e-01 +2.5070e+00 +4.1498e+00 +1.3835e+00 -3.3573e+00 +3.9154e+00 +7.8421e-01 +4.9964e+00 -3.8075e+00 -2.3868e+00
58 0 +7.594672369e+01 +5.611672369e+01 +5.611672369e+01 -1.1591e+00 +3.1249e-01 -1.8027e+00 +1.9903e+00 -2.6230e+00 +2.8879e+00 +3.3912e+00 -1.1213e+00 -1.3756e+00 +1.8312e+00 +2.9250e+00 +2.2952e+00 +2.4351e+00 +2.4397e+00 -2.2761e+00 +4.0291e-01 -1.6678e+00 -1.9972e+00 +2.8983e+00 +1.1641e+00
102 0 +7.515416531e+01 +5.532416531e+01 +5.532416531e+01 -6.0720e-01 +1.3596e-01 -1.5005e+00 +5.9116e-01 -6.9786e-01 +2.6093e+00 +2.6656e+00 -3.4503e-01 -2.0800e-01 +1.0000e+00 +1.2157e+00 +2.2093e+00 +1.4544e+00 +1.5136e+00 -2.4916e+00 +5.0704e-01 -1.8451e+00 -6.5719e-01 +2.2194e+00 +7.1792e-01
255 0 +7.395522491e+01 +5.412522491e+01 +5.412522491e+01 -5.6689e-01 -4.1683e-01 +5.6244e-01 -1.0003e+00 -1.1798e+00 -7.1368e-01 -5.0921e-01 -5.2975e-01 -5.9562e-01 -2.3261e-01 -2.7541e-01 -8.5022e-02 -8.3130e-02 +3.0963e+00 -1.7935e+00 +7.5462e-01 +1.9612e+00 -5.1001e-01 +1.0808e+00 +1.9301e+00
354 0 +7.219101480e+01 +5.236101480e+01 +5.236101480e+01 -3.1211e-01 -3.4786e-01 +9.2604e-02 -9.1839e-01 -1.3818e+00 -5.2222e-01 +1.1188e-01 -2.8855e-01 -6.9747e-01 -2.9981e-01 +3.0716e-01 -2.4129e-01 +5.2638e-01 +2.6436e+00 -1.3923e+00 +8.8398e-01 +1.5486e+00 -6.4599e-01 +1.5198e+00 +1.5560e+00
711 0 +7.045641284e+01 +5.062641284e+01 +5.062641284e+01 -3.1211e-01 -3.4786e-01 +9.2604e-02 -9.1839e-01 -1.3818e+00 -5.2222e-01 +1.1188e-01 -2.8855e-01 -6.9747e-01 -2.9981e-01 +3.0716e-01 -2.4129e-01 +5.2638e-01 +2.6436e+00 -1.3923e+00 +8.8398e-01 +1.5486e+00 -6.4599e-01 +5.2156e-01 +1.5560e+00
1161 0 +6.723975891e+01 +4.740975891e+01 +4.740975891e+01 -3.1211e-01 -3.4786e-01 +9.2604e-02 -9.1839e-01 -1.3818e+00 -5.2222e-01 +1.1188e-01 -2.8855e-01 -6.9747e-01 -2.9981e-01 +3.0716e-01 -2.4129e-01 +5.2638e-01 +2.2877e+00 -1.9810e-01 +8.8398e-01 +1.5486e+00 -6.4599e-01 +7.0093e-01 +1.5560e+00
1760 0 +6.404840476e+01 +4.421840476e+01 +4.421840476e+01 -3.1211e-01 -3.4786e-01 +9.2604e-02 -9.1839e-01 -2.9938e-01 -5.2222e-01 +1.1188e-01 -2.8855e-01 -5.5699e-01 -2.9981e-01 +3.0716e-01 -2.4129e-01 +5.2638e-01 +2.1714e+00 -3.1243e-01 +8.8398e-01 +1.5486e+00 -6.4599e-01 +6.9227e-01 +1.5560e+00
