% f evaluations | g evaluations | best noise-free fitness - Fopt (4.078000000000e+01) + sum g_i+ | measured fitness | best measured fitness or single-digit g-values | x1 | x2...
1 0 +7.723880693e+01 +1.180188069e+02 +1.180188069e+02 +9.8213e-01 +4.7354e+00 +1.8220e+00 +4.0085e-01 -2.8705e+00 +8.0438e-01 -2.2362e+00 +2.5029e+00 -1.0805e+00 +1.1306e+00
2 0 +7.368007643e+01 +1.144600764e+02 +1.144600764e+02 -3.1845e+00 +4.8622e+00 +1.4902e+00 -3.2434e+00 -4.1547e-01 -1.3163e+00 -3.5998e+00 +2.5190e+00 +5.5093e-01 +2.7277e+00
11 0 +7.159611054e+01 +1.123761105e+02 +1.123761105e+02 -2.7284e+00 -3.1830e-01 -3.2976e+00 -4.1522e+00 +2.3226e+00 -3.2143e+00 +1.4720e+00 +4.4569e+00 +8.2076e-01 +3.5899e-01
58 0 +5.969313077e+01 +1.004731308e+02 +1.004731308e+02 -1.6082e+00 +1.4885e-01 -1.9037e+00 -3.5663e+00 +1.0792e+00 -2.4304e+00 +1.7582e+00 +3.7600e+00 +1.5356e+00 +1.2265e+00
302 0 +5.878759297e+01 +9.956759297e+01 +9.956759297e+01 -1.4243e+00 +6.6769e-02 -1.9124e+00 -3.4106e+00 +1.1097e+00 -2.3432e+00 +1.8013e+00 +3.4578e+00 +1.4732e+00 +1.2947e+00
502 0 +5.638600064e+01 +9.716600064e+01 +9.716600064e+01 -8.9970e-01 +3.1337e-01 -1.6012e+00 -3.0024e+00 +8.3709e-01 -1.9545e+00 +1.6127e+00 +2.9884e+00 +1.2498e+00 +1.4276e+00
560 0 +4.733256486e+01 +8.811256486e+01 +8.811256486e+01 -8.6185e-03 -1.0358e-02 -1.8449e+00 -3.1856e+00 +1.0775e+00 -2.1079e+00 +1.8813e+00 +2.9168e+00 +1.3702e+00 +1.4842e+00
% f evaluations | g evaluations | best noise-free fitness - Fopt (-1.600000000000e+00) + sum g_i+ | measured fitness | best measured fitness or single-digit g-values | x1 | x2...
1 0 +8.266430154e+01 +8.106430154e+01 +8.106430154e+01 +3.0416e-01 -7.1369e-01 -4.9127e+00 +7.5484e-01 +3.8084e+00 -3.2950e+00 -1.5289e+00 +2.7089e+00 -4.5984e+00 -8.5652e-01
2 0 +6.946975938e+01 +6.786975938e+01 +6.786975938e+01 +3.5909e+00 +3.3498e-01 +3.2928e+00 +3.9520e+00 +4.4243e+00 +2.0093e+00 +4.2310e+00 -4.8391e+00 -1.8547e+00 +1.3499e+00
5 0 +6.306081163e+01 +6.146081163e+01 +6.146081163e+01 +2.5890e+00 -1.1831e+00 -1.1717e+00 +1.2329e+00 -2.8344e+00 -1.4236e+00 -4.3960e-01 -2.6443e+00 -1.4128e+00 +4.8600e+00
32 0 +3.552265396e+01 +3.392265396e+01 +3.392265396e+01 +2.3153e-01 +1.6292e+00 +4.8316e+00 +3.9082e+00 +3.1310e+00 +8.1119e-01 +2.8806e+00 +1.0359e+00 +5.2953e-01 +3.4523e+00
152 0 +2.587902487e+01 +2.427902487e+01 +2.427902487e+01 +4.8483e-01 +6.4541e-01 +3.8117e+00 +2.8188e+00 +3.1737e+00 +1.8896e+00 +3.1342e+00 +1.7267e+00 -2.3724e-01 +3.7014e+00
202 0 +2.271994016e+01 +2.111994016e+01 +2.111994016e+01 +3.8102e-01 +1.0486e+00 +4.2297e+00 +3.2653e+00 +3.1562e+00 +1.4476e+00 +3.0303e+00 +1.4436e+00 +7.7004e-02 +3.5993e+00
510 0 +2.183459008e+01 +2.023459008e+01 +2.023459008e+01 +3.6179e-01 +9.4610e-01 +4.2549e+00 +3.2922e+00 +3.1552e+00 +1.4210e+00 +3.0240e+00 +1.4265e+00 +9.5935e-02 +3.5932e+00
514 0 +1.906309145e+01 +1.746309145e+01 +1.746309145e+01 +3.6179e-01 +8.9005e-02 +4.2549e+00 +3.2922e+00 +3.1552e+00 +1.4210e+00 +3.0240e+00 +1.4265e+00 +9.5935e-02 +3.5932e+00
605 0 +1.887234670e+01 +1.727234670e+01 +1.727234670e+01 +3.5991e-01 +1.9734e-01 +4.2671e+00 +3.3052e+00 +3.1547e+00 +1.4081e+00 +3.0210e+00 +1.4183e+00 +1.0510e-01 +3.5902e+00
761 0 +1.663775111e+01 +1.503775111e+01 +1.503775111e+01 +3.2209e-01 +1.0345e+00 +3.6276e+00 +3.5056e+00 +3.1468e+00 +1.2097e+00 +2.9743e+00 +7.2093e-01 +2.4615e-01 +3.5444e+00
762 0 +1.362298301e+01 +1.202298301e+01 +1.202298301e+01 +3.6179e-01 +8.9005e-02 +4.2549e+00 +3.2922e+00 +3.1552e+00 +1.4210e+00 +3.0240e+00 +3.0406e-01 +9.5935e-02 +3.5932e+00
909 0 +1.339323601e+01 +1.179323601e+01 +1.179323601e+01 +3.5909e-01 +1.5330e-01 +4.2122e+00 +3.3067e+00 +3.1546e+00 +1.4066e+00 +3.0207e+00 +3.3241e-01 +1.0615e-01 +3.5899e+00
962 0 +1.270084226e+01 +1.110084226e+01 +1.110084226e+01 +3.6179e-01 +8.9005e-02 +4.2549e+00 +3.2922e+00 +3.1552e+00 +9.1373e-01 +3.0240e+00 +3.0406e-01 +9.5935e-02 +3.5932e+00
% f evaluations | g evaluations | best noise-free fitness - Fopt (-3.708400000000e+02) + sum g_i+ | measured fitness | best measured fitness or single-digit g-values | x1 | x2...
1 0 +8.246666861e+01 -2.883733314e+02 -2.883733314e+02 -4.3254e+00 +6.5050e-01 +1.0747e+00 -2.2123e+00 -1.3830e+00 -2.1789e+00 -2.0902e+00 -1.2055e+00 +3.0556e+00 +3.5074e+00
2 0 +6.840828931e+01 -3.024317107e+02 -3.024317107e+02 -8.0713e-01 +1.6622e-01 +2.0757e+00 -1.7659e+00 -1.1888e-01 -1.2401e+00 -2.9441e+00 +6.7272e-01 +5.9772e-01 +4.0052e-01
44 0 +6.617300082e+01 -3.046669992e+02 -3.046669992e+02 -1.4236e+00 -1.3423e-01 +1.7099e+00 +2.8470e+00 +3.7500e+00 -3.2227e+00 +2.3089e+00 +4.3253e+00 -1.4478e+00 -1.9046e+00
54 0 +6.582831000e+01 -3.050116900e+02 -3.050116900e+02 -1.4157e+00 -1.3240e-01 +1.7295e+00 +2.7244e+00 +3.6302e+00 -3.2196e+00 +2.3473e+00 +4.3083e+00 -1.3484e+00 -1.8509e+00
163 0 +6.419050870e+01 -3.066494913e+02 -3.066494913e+02 -1.4157e+00 -1.3240e-01 +1.7295e+00 +2.7244e+00 +3.6302e+00 -3.2196e+00 +2.3473e+00 +1.9010e+00 -1.3484e+00 -1.8509e+00
202 0 +6.250617039e+01 -3.083338296e+02 -3.083338296e+02 +2.2168e+00 +3.8139e-01 -2.1851e+00 +2.2152e+00 +2.0969e+00 +1.1983e+00 +2.2371e+00 -5.8430e-01 -2.2181e+00 +1.1457e-01
304 0 +5.980408810e+01 -3.110359119e+02 -3.110359119e+02 +3.1891e+00 +5.0776e-05 -3.9488e+00 -1.1798e-01 -7.8261e-01 +4.9866e-01 +6.3409e-01 -8.7430e-01 -4.7062e-01 -2.8150e+00
361 0 +5.869887474e+01 -3.121411253e+02 -3.121411253e+02 +2.4195e+00 +3.0189e-01 -2.5528e+00 +7.2162e-02 +1.4966e+00 +1.0525e+00 +1.9029e+00 -6.4476e-01 -1.8538e+00 -4.9615e-01
508 0 +5.667335788e+01 -3.141666421e+02 -3.141666421e+02 +2.4833e+00 +2.7683e-01 -2.6687e+00 +5.6383e-02 +1.3075e+00 +1.0065e+00 +1.7976e+00 -6.6381e-01 -1.7390e+00 -6.8859e-01
555 0 +5.493595964e+01 -3.159040404e+02 -3.159040404e+02 +2.4873e+00 +2.4489e-01 -2.8164e+00 +3.6255e-02 +1.0662e+00 +9.4787e-01 +1.6633e+00 -6.8811e-01 -1.5926e+00 -9.3406e-01
559 0 +5.263129940e+01 -3.182087006e+02 -3.182087006e+02 +2.6391e+00 +2.1170e-01 -2.9699e+00 +1.5350e-02 +8.1561e-01 +8.8698e-01 +1.5238e+00 -7.1335e-01 -1.4405e+00 -1.1890e+00
603 0 +5.180227589e+01 -3.190377241e+02 -3.190377241e+02 +2.9406e+00 +9.7483e-02 -3.4980e+00 +3.6880e-01 -4.6634e-02 +6.7748e-01 +1.0438e+00 -8.0018e-01 -9.1725e-01 -2.0662e+00
710 0 +5.102004828e+01 -3.198199517e+02 -3.198199517e+02 +2.7202e+00 +1.8269e-01 -3.1041e+00 -2.9265e-03 +5.9652e-01 +2.3386e-01 +1.4018e+00 -7.3541e-01 -1.3076e+00 -1.4119e+00
% f evaluations | g evaluations | best noise-free fitness - Fopt (-3.256000000000e+01) + sum g_i+ | measured fitness | best measured fitness or single-digit g-values | x1 | x2...
1 0 +7.995680922e+01 +4.739680922e+01 +4.739680922e+01 -3.7299e+00 +2.6358e+00 +1.9705e+00 +3.5378e-01 -1.8045e+00 +4.1896e+00 -3.2830e+00 -3.0443e-03 +3.7550e+00 -3.2176e-01
4 0 +7.931413501e+01 +4.675413501e+01 +4.675413501e+01 -4.3932e+00 +1.1787e+00 +8.1705e-01 -3.9781e+00 -8.4090e-01 +2.0203e+00 -2.0922e+00 -2.3285e-01 -3.5791e-01 -1.4525e+00
6 0 +7.271784351e+01 +4.015784351e+01 +4.015784351e+01 +3.7275e+00 -1.2437e+00 +2.6415e+00 -1.1974e+00 -3.6628e+00 -2.8158e+00 -5.1977e-02 -2.6355e+00 +1.7344e+00 -2.0292e+00
7 0 +6.585786079e+01 +3.329786079e+01 +3.329786079e+01 -1.2376e+00 -4.2465e+00 +1.2552e+00 +1.5433e+00 -4.0962e+00 +3.4413e+00 -4.6563e+00 +3.7897e+00 -1.7556e+00 +7.2106e-01
13 0 +4.984719198e+01 +1.728719198e+01 +1.728719198e+01 -4.8213e+00 +3.2648e+00 +2.6348e+00 -1.9515e-01 +3.3711e-01 +2.9402e+00 +2.7840e+00 -1.2107e+00 +9.9543e-01 -1.2826e+00
110 0 +4.166288726e+01 +9.102887262e+00 +9.102887262e+00 +1.4776e+00 -1.2846e+00 -3.9640e-02 -3.6986e+00 +4.7517e+00 -4.2828e+00 -3.0677e+00 +2.4820e+00 -3.6393e-01 +3.0018e-01
206 0 +2.472446408e+01 -7.835535922e+00 -7.835535922e+00 +1.2879e+00 -1.4581e+00 +8.5470e-02 -3.3076e+00 +4.0260e+00 -3.6713e+00 -3.0685e+00 +2.4681e+00 -5.1764e-01 +3.2507e-01
413 0 +2.449565195e+01 -8.064348047e+00 -8.064348047e+00 +1.5211e+00 -1.1169e+00 +1.3629e-01 -2.9754e+00 +3.4601e+00 -2.7686e+00 -2.8397e+00 +1.8020e+00 -6.9570e-01 +3.4751e-01
457 0 +2.326682273e+01 -9.293177274e+00 -9.293177274e+00 +1.3530e+00 -1.4846e+00 +1.3693e-01 -3.2484e+00 +3.7808e+00 -3.5708e+00 -2.9621e+00 +2.3272e+00 -6.1406e-01 +3.2312e-01
608 0 +2.290841039e+01 -9.651589611e+00 -9.651589611e+00 +1.4131e+00 -1.2450e+00 +4.3074e-02 -3.1293e+00 +3.7223e+00 -3.1868e+00 -2.9457e+00 +2.1106e+00 -6.1320e-01 +3.3711e-01
611 0 +2.232139158e+01 -1.023860842e+01 -1.023860842e+01 +8.8985e-01 -1.1223e+00 +1.4418e-01 -2.9591e+00 +3.4180e+00 -3.2549e+00 -2.8295e+00 +1.7866e+00 -7.0878e-01 +3.4805e-01
653 0 +2.184821341e+01 -1.071178659e+01 -1.071178659e+01 +1.0498e+00 -1.2226e+00 +1.4074e-01 -3.0436e+00 +3.5246e+00 -3.3193e+00 -2.8752e+00 +1.9552e+00 -6.6380e-01 +3.3836e-01
% f evaluations | g evaluations | best noise-free fitness - Fopt (5.154000000000e+02) + sum g_i+ | measured fitness | best measured fitness or single-digit g-values | x1 | x2...
1 0 +8.351581382e+01 +5.989158138e+02 +5.989158138e+02 +2.3623e+00 -4.4504e+00 -4.8800e+00 +7.1837e-01 +4.2931e+00 -2.9384e+00 -8.2601e-01 +4.0013e+00 +8.0419e-01 +4.4327e+00
2 0 +7.581743785e+01 +5.912174378e+02 +5.912174378e+02 +3.7068e+00 -2.6257e+00 +2.0067e+00 -2.0081e-01 -2.3648e+00 -4.6797e-01 +3.5734e+00 -2.7671e+00 +2.4398e+00 -3.5983e-01
6 0 +7.000468253e+01 +5.854046825e+02 +5.854046825e+02 -2.4491e+00 -2.8188e+00 +4.6659e+00 +2.5689e+00 +1.6204e+00 +4.5673e+00 +3.3376e-03 -1.0681e-01 +1.6265e+00 -3.8803e+00
24 0 +6.656089778e+01 +5.819608978e+02 +5.819608978e+02 +3.1874e+00 -3.4619e+00 -3.0828e+00 -4.2397e+00 -4.5766e+00 -1.7381e+00 +1.5286e-02 +2.7624e+00 +2.5578e+00 +1.6302e-01
34 0 +5.753412700e+01 +5.729341270e+02 +5.729341270e+02 -1.5276e+00 -3.3536e+00 -1.9396e+00 -1.6805e+00 +4.4562e+00 -3.2815e+00 +1.3870e+00 +3.3267e+00 -4.4892e+00 -3.0800e+00
52 0 +4.238142456e+01 +5.577814246e+02 +5.577814246e+02 -1.3418e+00 -3.4731e+00 -2.3168e+00 -1.5954e+00 +4.4628e+00 -2.5019e+00 +2.0103e+00 +3.1197e+00 -3.3542e+00 -1.6562e+00
104 0 +3.994281083e+01 +5.553428108e+02 +5.553428108e+02 -1.3762e+00 -3.4510e+00 -2.2470e+00 -1.6111e+00 +4.4616e+00 -2.6460e+00 +1.8950e+00 +3.1579e+00 -3.5641e+00 -1.9195e+00
156 0 +3.975457107e+01 +5.551545711e+02 +5.551545711e+02 -1.3842e+00 -3.4459e+00 -2.2307e+00 -1.6148e+00 +4.4613e+00 -2.6797e+00 +1.8681e+00 +3.1669e+00 -3.6131e+00 -1.9811e+00
514 0 +2.632420963e+01 +5.417242096e+02 +5.417242096e+02 -1.0563e+00 -3.4173e+00 -2.1409e+00 -2.0394e-01 +4.4597e+00 -2.8655e+00 +1.7196e+00 +3.2161e+00 -3.8835e+00 -2.3202e+00
961 0 +2.614292200e+01 +5.415429220e+02 +5.415429220e+02 -1.0563e+00 -3.4173e+00 -2.1409e+00 -1.7470e-01 +4.4597e+00 -2.8655e+00 +1.7196e+00 +3.2161e+00 -3.8835e+00 -2.3202e+00
962 0 +2.464127101e+01 +5.400412710e+02 +5.400412710e+02 -1.2922e+00 -3.3921e+00 -2.1915e+00 -4.8409e-02 +4.4525e+00 -2.7196e+00 +1.7834e+00 +3.1545e+00 -3.7002e+00 -1.9277e+00
% f evaluations | g evaluations | best noise-free fitness - Fopt (-8.628000000000e+01) + sum g_i+ | measured fitness | best measured fitness or single-digit g-values | x1 | x2...
1 0 +7.579575396e+01 -1.048424604e+01 -1.048424604e+01 -8.7390e-01 -4.3897e+00 -1.1965e+00 +1.6257e+00 +1.4786e+00 +5.3573e-01 -1.1535e+00 +3.0696e+00 -2.7630e+00 +3.8439e+00
2 0 +7.560530567e+01 -1.067469433e+01 -1.067469433e+01 +7.5377e-02 -3.5080e+00 +6.7437e-01 -4.1329e+00 -1.7942e+00 +2.6981e+00 +6.3382e-01 +9.6770e-01 -6.6008e-01 +4.4680e+00
5 0 +7.280492691e+01 -1.347507309e+01 -1.347507309e+01 -4.4262e+00 -3.3807e+00 -2.5898e+00 -9.8798e-01 +1.9409e+00 -4.1558e+00 +3.6421e+00 +2.7354e+00 -3.2725e+00 +1.3258e+00
7 0 +6.776989917e+01 -1.851010083e+01 -1.851010083e+01 +4.7100e+00 -2.7770e+00 +2.5132e+00 -2.1871e+00 -1.9412e+00 -4.8843e+00 -2.5967e+00 -8.6141e-01 +4.0472e+00 -3.4363e+00
13 0 +6.095952471e+01 -2.532047529e+01 -2.532047529e+01 -1.6954e-01 +1.2208e+00 -3.6529e-01 -1.3775e+00 +3.8580e+00 -2.6590e+00 +3.7731e+00 +1.1403e+00 -3.0768e+00 +3.3473e+00
28 0 +1.668806714e+01 -6.959193286e+01 -6.959193286e+01 +8.5780e-01 -2.7760e+00 +4.6367e+00 +1.7901e+00 +1.9864e+00 -2.0187e+00 -1.2542e-01 +4.9818e+00 -1.9685e+00 +3.2845e+00
60 0 +1.508698712e+01 -7.119301288e+01 -7.119301288e+01 +8.5780e-01 -2.7760e+00 +4.6367e+00 +1.7901e+00 +1.9864e+00 -2.0187e+00 -1.2542e-01 +4.9818e+00 -1.6264e+00 +3.2845e+00
454 0 +1.400230590e+01 -7.227769410e+01 -7.227769410e+01 +8.5780e-01 -2.7760e+00 +4.6367e+00 +1.7901e+00 +1.9864e+00 -2.0187e+00 -1.2542e-01 +4.9818e+00 -1.6264e+00 +2.8509e+00
614 0 +1.157782034e+01 -7.470217966e+01 -7.470217966e+01 +4.5211e-01 -2.7760e+00 +4.6367e+00 +1.7901e+00 +1.9864e+00 -2.0187e+00 -1.2542e-01 +4.9818e+00 -1.6264e+00 +1.5140e+00
755 0 +1.108933016e+01 -7.519066984e+01 -7.519066984e+01 +8.5744e-01 -2.7757e+00 +4.6363e+00 +1.7899e+00 +1.2263e+00 -2.0187e+00 -1.2511e-01 +4.9815e+00 -1.6267e+00 +2.6427e+00
806 0 +1.094607765e+01 -7.533392235e+01 -7.533392235e+01 +7.4881e-01 -2.7759e+00 +4.6365e+00 +1.7900e+00 +1.6613e+00 -2.0187e+00 -1.2529e-01 +4.9817e+00 -1.6265e+00 +2.2814e+00
912 0 +9.931759167e+00 -7.634824083e+01 -7.634824083e+01 +5.9765e-01 -2.7760e+00 +4.6367e+00 +1.7901e+00 +5.7219e-01 -2.0187e+00 -1.2542e-01 +4.9818e+00 -1.6264e+00 +1.8293e+00
961 0 +7.634798236e+00 -7.864520176e+01 -7.864520176e+01 +3.0895e-02 -2.7757e+00 +4.6363e+00 +1.7899e+00 +1.6978e+00 -2.0187e+00 -1.2508e-01 +4.9814e+00 -1.6267e+00 +2.3008e+00
% f evaluations | g evaluations | best noise-free fitness - Fopt (2.224000000000e+01) + sum g_i+ | measured fitness | best measured fitness or single-digit g-values | x1 | x2...
1 0 +7.038032088e+01 +9.262032088e+01 +9.262032088e+01 +2.2346e+00 -2.7461e+00 -9.5590e-01 -2.8940e+00 +2.1119e-02 +3.7882e+00 +3.3080e-01 +1.3617e-01 +2.5750e+00 +3.0663e+00
9 0 +6.418465857e+01 +8.642465857e+01 +8.642465857e+01 +3.7123e+00 -2.2798e+00 +2.8490e+00 +3.4296e+00 -2.5892e+00 -2.6478e+00 -2.8170e+00 +5.9719e-01 +7.0656e-02 -2.1941e-01
52 0 +5.423353405e+01 +7.647353405e+01 +7.647353405e+01 +2.5934e+00 -1.1355e+00 +2.2928e+00 +3.0653e+00 -2.6237e+00 -2.5067e+00 -2.6636e+00 -1.9635e-01 +4.8056e-01 -1.1662e-01
58 0 +5.307860079e+01 +7.531860079e+01 +7.531860079e+01 +1.8952e+00 -4.2143e-01 +1.9458e+00 +2.8380e+00 -2.6453e+00 -2.4186e+00 -2.5678e+00 -6.9153e-01 +7.3635e-01 -5.2472e-02
103 0 +4.406323311e+01 +6.630323311e+01 +6.630323311e+01 -1.1222e+00 +2.2091e+00 +5.7136e-01 +1.7857e+00 -2.0739e+00 -1.0863e+00 -5.2926e-01 -1.4849e+00 +1.6349e+00 +3.8935e-02
304 0 +4.150255616e+01 +6.374255616e+01 +6.374255616e+01 -1.1780e+00 +2.2901e+00 +5.3703e-01 +1.7671e+00 -2.1107e+00 -1.1295e+00 -6.0738e-01 -1.5414e+00 +1.6663e+00 +5.3865e-02
513 0 +2.843160019e+01 +5.067160019e+01 +5.067160019e+01 -1.1222e+00 +2.2091e+00 +5.7136e-01 +5.4615e-01 -2.0739e+00 -1.0863e+00 -5.2926e-01 -1.4849e+00 +1.6349e+00 +3.8935e-02
810 0 +2.749503990e+01 +4.973503990e+01 +4.973503990e+01 -1.1317e+00 +2.2229e+00 +5.6550e-01 +8.5277e-01 -2.0802e+00 -6.8345e-01 -5.4260e-01 -1.4945e+00 +1.6403e+00 +4.1484e-02
814 0 +2.563180568e+01 +4.787180568e+01 +4.787180568e+01 -1.1285e+00 +1.7722e+00 +5.6746e-01 +6.8492e-01 -2.0780e+00 -1.0912e+00 -5.3814e-01 -1.4913e+00 +1.6385e+00 +4.0632e-02
% f evaluations | g evaluations | best noise-free fitness - Fopt (-2.301000000000e+01) + sum g_i+ | measured fitness | best measured fitness or single-digit g-values | x1 | x2...
1 0 +8.431063763e+01 +6.130063763e+01 +6.130063763e+01 -5.2163e-01 -3.5871e+00 +2.2000e-01 +3.7418e+00 +4.9356e+00 +1.9059e+00 +3.9863e+00 +4.6868e+00 +2.2562e+00 -3.3328e+00
2 0 +7.814105364e+01 +5.513105364e+01 +5.513105364e+01 -2.2733e+00 +1.0729e+00 +4.6874e+00 -6.8557e-02 -3.9306e+00 -3.6879e+00 +3.0036e+00 -2.2924e+00 -3.3347e+00 -2.1729e+00
5 0 +7.601105516e+01 +5.300105516e+01 +5.300105516e+01 +3.6618e+00 +1.3388e+00 -3.6923e+00 -2.4502e+00 +2.4853e+00 +1.1262e+00 +3.1459e+00 +1.1017e+00 -1.4323e+00 +1.4274e+00
7 0 +7.311966047e+01 +5.010966047e+01 +5.010966047e+01 -2.7427e+00 +1.5607e+00 +1.7826e+00 +2.1372e+00 -2.5285e-01 +3.9793e+00 -4.9755e+00 +1.5714e+00 +3.2216e+00 -2.9790e+00
9 0 +7.031364367e+01 +4.730364367e+01 +4.730364367e+01 -6.8689e-02 -3.4380e+00 -4.9320e+00 -2.3292e+00 -1.2326e+00 +4.7843e+00 -2.5500e-01 -2.5191e+00 +2.1261e+00 -1.3891e+00
15 0 +4.243252455e+01 +1.942252455e+01 +1.942252455e+01 +8.4613e-01 -1.8992e+00 -7.2465e-01 +2.4698e+00 -3.5354e+00 -1.4772e+00 +7.2575e-01 -1.9777e+00 -3.3524e+00 -7.4047e-01
204 0 +4.090774854e+01 +1.789774854e+01 +1.789774854e+01 +1.0225e+00 -1.9184e+00 -8.0438e-01 +2.4458e+00 -3.3645e+00 -1.3638e+00 +7.7135e-01 -2.0424e+00 -3.2456e+00 -6.4145e-01
760 0 +4.047788508e+01 +1.746788508e+01 +1.746788508e+01 +1.0225e+00 -1.9184e+00 -8.0438e-01 +2.4458e+00 -3.3645e+00 -1.3638e+00 +7.7135e-01 -2.0424e+00 -3.1362e+00 -6.4145e-01
% f evaluations | g evaluations | best noise-free fitness - Fopt (-3.323700000000e+02) + sum g_i+ | measured fitness | best measured fitness or single-digit g-values | x1 | x2...
1 0 +7.187731077e+01 -2.604926892e+02 -2.604926892e+02 -9.4378e-01 -3.6410e-01 -3.3482e-01 -2.8340e+00 +1.0045e+00 +3.8118e+00 -1.9678e+00 -1.3163e+00 -1.0485e+00 +2.5774e+00
11 0 +7.139711598e+01 -2.609728840e+02 -2.609728840e+02 +8.1860e-01 +6.6964e-02 +2.1370e+00 +2.8777e+00 +4.7929e+00 +4.3842e+00 +3.1323e+00 -3.5788e+00 +1.3692e+00 -2.0381e+00
18 0 +7.069479023e+01 -2.616752098e+02 -2.616752098e+02 -3.7910e+00 -2.0612e+00 -4.1159e+00 +1.8790e+00 +3.9692e+00 +4.1103e+00 +2.2190e+00 +7.5612e-01 -2.0247e+00 -1.8699e+00
22 0 +6.803835383e+01 -2.643316462e+02 -2.643316462e+02 -1.6732e+00 -1.7103e+00 +1.3802e-01 +3.8457e-01 -4.4171e+00 +1.4842e+00 +2.4339e+00 -3.8325e+00 +1.8782e+00 -3.7551e+00
52 0 +6.533567517e+01 -2.670343248e+02 -2.670343248e+02 -6.3704e-02 -3.0420e+00 +8.3924e-01 -1.6108e+00 +3.1316e-01 -1.9981e+00 +2.1391e-01 -7.2359e-01 +4.2730e-01 -4.1101e+00
53 0 +6.292440236e+01 -2.694455976e+02 -2.694455976e+02 -4.2561e-01 -2.7426e+00 +6.8157e-01 -1.1621e+00 -7.5045e-01 -1.2151e+00 +7.1309e-01 -1.4226e+00 +7.5353e-01 -4.0303e+00
111 0 +6.007500816e+01 -2.722949918e+02 -2.722949918e+02 -3.0178e-01 +3.0730e+00 -3.4711e+00 +3.1197e+00 -9.1419e-01 -1.1608e+00 -1.6170e+00 +1.3365e+00 +1.9331e-01 -1.3570e+00
202 0 +5.744341701e+01 -2.749265830e+02 -2.749265830e+02 -3.8336e-01 +2.6363e+00 -3.0726e+00 +2.3632e+00 -6.7038e-01 -5.2894e-01 -1.6616e+00 +9.9939e-01 +3.5515e-02 -8.5702e-01
608 0 +5.612894474e+01 -2.762410553e+02 -2.762410553e+02 -3.2913e-01 +2.3356e+00 -2.8997e+00 +2.4147e+00 -6.7737e-01 -8.6845e-01 -1.4959e+00 +9.8002e-01 +1.0097e-01 -9.9633e-01
760 0 +5.468647068e+01 -2.776835293e+02 -2.776835293e+02 -3.5721e-01 +2.1685e+00 -2.7613e+00 +2.1530e+00 -5.9301e-01 -6.5074e-01 -1.5109e+00 +8.6331e-01 +5.8869e-02 -4.7712e-01
761 0 +4.961989104e+01 -2.827501090e+02 -2.827501090e+02 -3.0178e-01 +1.7472e+00 -3.4711e+00 +3.1197e+00 -9.1419e-01 -1.1608e+00 -1.6170e+00 +1.3365e+00 +1.3262e-01 -1.3570e+00
812 0 +4.734549002e+01 -2.850245100e+02 -2.850245100e+02 -3.0178e-01 +1.1673e+00 -3.4711e+00 +3.1197e+00 -9.1419e-01 -1.1608e+00 -1.6170e+00 +1.3365e+00 +1.3262e-01 -1.3570e+00
952 0 +4.642793407e+01 -2.859420659e+02 -2.859420659e+02 -3.1183e-01 +1.2651e+00 -3.3068e+00 +2.9078e+00 -8.4334e-01 -1.0618e+00 -1.5867e+00 +1.2309e+00 +1.2001e-01 -1.2160e+00
% f evaluations | g evaluations | best noise-free fitness - Fopt (-1.231300000000e+02) + sum g_i+ | measured fitness | best measured fitness or single-digit g-values | x1 | x2...
1 0 +8.525151182e+01 -3.787848818e+01 -3.787848818e+01 -4.3159e+00 -4.8505e-02 -4.3274e+00 -2.5720e+00 +2.9802e+00 -1.5589e-01 -2.4097e+00 +5.4841e-01 +4.9973e+00 +4.8636e+00
2 0 +7.812802501e+01 -4.500197499e+01 -4.500197499e+01 -2.3070e+00 -4.2844e+00 -4.0826e+00 +3.5287e-01 -1.7729e+00 +2.6683e+00 +1.4294e+00 +4.3576e+00 +3.9936e+00 -3.6846e+00
3 0 +7.104043242e+01 -5.208956758e+01 -5.208956758e+01 +3.0843e+00 +1.5591e+00 +1.2196e+00 -3.7230e+00 +7.9612e-01 -2.2234e+00 -3.7843e+00 +2.9259e+00 +2.3524e-01 -4.7333e+00
22 0 +6.804379953e+01 -5.508620047e+01 -5.508620047e+01 -2.6675e+00 -4.2666e+00 -3.1387e+00 -2.1712e+00 -6.5389e-01 +4.5515e+00 -1.0309e+00 +4.4430e+00 +8.2490e-01 +2.3807e+00
32 0 +4.202513810e+01 -8.110486190e+01 -8.110486190e+01 -3.5022e+00 +2.8915e+00 -2.3738e+00 -3.3052e+00 +9.4246e-01 -4.2789e+00 +2.2997e+00 -1.4064e+00 -5.5103e-01 +2.1119e+00
161 0 +4.070092136e+01 -8.242907864e+01 -8.242907864e+01 -3.5022e+00 +2.8915e+00 -2.3738e+00 -3.3052e+00 +9.4246e-01 -4.2789e+00 +2.2997e+00 -1.4064e+00 -4.0109e-01 +2.1119e+00
258 0 +3.970464350e+01 -8.342535650e+01 -8.342535650e+01 -3.4221e+00 +2.7006e+00 -2.2717e+00 -3.2570e+00 +8.4348e-01 -4.1092e+00 +2.2349e+00 -1.4601e+00 -3.8721e-01 +1.9939e+00
513 0 +3.357920447e+01 -8.955079553e+01 -8.955079553e+01 -3.4128e+00 +1.3175e+00 -2.2752e+00 -3.2335e+00 +7.8271e-01 -4.1124e+00 +2.2210e+00 -1.4459e+00 -3.9248e-01 +1.9984e+00
555 0 +3.301912764e+01 -9.011087236e+01 -9.011087236e+01 -3.4105e+00 +1.4702e+00 -2.2751e+00 -3.2288e+00 +7.8603e-01 -4.1119e+00 +2.2180e+00 -1.4436e+00 -3.9336e-01 +1.9984e+00
762 0 +3.196429976e+01 -9.116570024e+01 -9.116570024e+01 -3.4141e+00 +1.5571e+00 -2.2746e+00 -3.2368e+00 +7.9230e-01 -4.1119e+00 +2.2229e+00 -1.4479e+00 -3.2264e-01 +1.9977e+00
911 0 +2.934151979e+01 -9.378848021e+01 -9.378848021e+01 -3.4117e+00 +1.5477e+00 -2.2751e+00 -3.2314e+00 +7.8640e-01 -4.1120e+00 +2.2196e+00 -1.4450e+00 -3.1086e-02 +1.9983e+00
1010 0 +2.850813155e+01 -9.462186845e+01 -9.462186845e+01 -3.4117e+00 +1.5477e+00 -1.2212e+00 -3.2314e+00 +7.8640e-01 -4.1120e+00 +2.2196e+00 -1.4450e+00 -3.1086e-02 +1.9983e+00
% f evaluations | g evaluations | best noise-free fitness - Fopt (-1.537900000000e+02) + sum g_i+ | measured fitness | best measured fitness or single-digit g-values | x1 | x2...
1 0 +8.434878322e+01 -6.944121678e+01 -6.944121678e+01 -6.6431e-01 +2.6140e+00 -4.0846e+00 +2.6480e+00 +2.3169e+00 +3.3952e+00 -4.8986e+00 +3.6821e+00 +3.4288e+00 -1.2864e-01
2 0 +8.403252292e+01 -6.975747708e+01 -6.975747708e+01 +4.7836e+00 +1.5207e+00 +1.9368e+00 -3.3380e+00 +7.5530e-01 +4.4530e+00 +2.6361e+00 +4.0894e+00 -2.8393e+00 -3.3993e+00
3 0 +7.233404251e+01 -8.145595749e+01 -8.145595749e+01 -7.2347e-01 -3.5854e+00 +1.6030e+00 +2.6504e+00 -1.9788e-01 +4.7166e+00 +4.5413e+00 +5.8601e-02 +9.8979e-01 -1.0564e+00
35 0 +6.799622467e+01 -8.579377533e+01 -8.579377533e+01 -3.2827e+00 +1.3015e+00 +1.0205e+00 -1.7221e+00 +1.3217e+00 -3.0356e-01 -1.6757e+00 +3.8668e+00 +8.2269e-01 +1.0933e+00
54 0 +6.315613131e+01 -9.063386869e+01 -9.063386869e+01 -2.0149e+00 +2.7271e+00 +3.3847e+00 -4.2371e+00 -2.2236e+00 -1.3735e+00 -4.8450e-01 -3.7021e+00 -8.2024e-02 -1.1879e+00
108 0 +3.633719879e+01 -1.174528012e+02 -1.174528012e+02 -7.6998e-01 +1.9956e+00 +3.4368e+00 -2.0325e+00 -1.7664e+00 -2.8827e-01 -1.0030e+00 -2.3585e+00 +3.6133e-01 -1.0111e+00
258 0 +3.125738062e+01 -1.225326194e+02 -1.225326194e+02 -1.2266e+00 +2.1443e+00 +3.0801e+00 -2.7485e+00 -1.7218e+00 -6.5819e-01 -3.8154e-01 -2.9890e+00 +1.5411e-01 -5.4075e-01
305 0 +3.071692418e+01 -1.230730758e+02 -1.230730758e+02 -8.6030e-01 +1.9099e+00 +3.0412e+00 -2.0849e+00 -1.5532e+00 -3.3438e-01 -4.6469e-01 -2.6159e+00 +2.7736e-01 -4.0260e-01
453 0 +3.011760956e+01 -1.236723904e+02 -1.236723904e+02 -9.4290e-01 +1.9623e+00 +3.0495e+00 -2.2342e+00 -1.5911e+00 -4.0729e-01 -4.4571e-01 -2.7000e+00 +2.4967e-01 -4.3360e-01
613 0 +2.044254808e+01 -1.333474519e+02 -1.333474519e+02 -1.1500e+00 +2.0953e+00 +3.0720e+00 -2.6097e+00 -8.3054e-01 -5.9047e-01 -3.9893e-01 -2.9110e+00 +1.7988e-01 -5.1186e-01
661 0 +1.951792162e+01 -1.342720784e+02 -1.342720784e+02 -8.9857e-01 +1.9338e+00 +3.0447e+00 -2.1538e+00 -4.6238e-01 -3.6809e-01 -4.5574e-01 -2.6548e+00 +2.6460e-01 -4.1686e-01
857 0 +1.936391152e+01 -1.344260885e+02 -1.344260885e+02 -9.7028e-01 +1.9799e+00 +3.0525e+00 -2.2838e+00 -5.6738e-01 -4.3151e-01 -4.3953e-01 -2.7279e+00 +2.4044e-01 -4.4395e-01
914 0 +1.594131913e+01 -1.378486809e+02 -1.378486809e+02 -1.1523e+00 +2.0964e+00 +3.0719e+00 -2.6135e+00 -2.6956e-01 -5.9240e-01 -3.9825e-01 -2.9133e+00 +1.7919e-01 -5.1260e-01
% f evaluations | g evaluations | best noise-free fitness - Fopt (-4.860000000000e+01) + sum g_i+ | measured fitness | best measured fitness or single-digit g-values | x1 | x2...
1 0 +7.847935155e+01 +2.987935155e+01 +2.987935155e+01 -3.2540e-01 +1.4556e+00 -2.9156e-01 -2.1297e+00 -3.4464e+00 -2.2599e-01 -1.8702e+00 -4.9888e+00 -2.0286e+00 +2.7117e+00
4 0 +7.733840808e+01 +2.873840808e+01 +2.873840808e+01 -2.1697e+00 +3.0923e-01 -1.1177e+00 +1.2615e-01 -6.7663e-01 +4.5816e+00 +3.7694e+00 -2.0096e+00 +2.9541e+00 -2.2767e+00
5 0 +6.348967214e+01 +1.488967214e+01 +1.488967214e+01 +1.7467e+00 -2.7629e+00 +1.6544e+00 -2.8942e+00 +8.0973e-01 +2.7751e+00 -2.3801e-01 +9.0837e-01 +3.6736e+00 -4.7027e+00
22 0 +2.046690007e+01 -2.813309993e+01 -2.813309993e+01 +1.3452e+00 -1.8945e+00 -1.9908e-01 -2.7894e+00 -1.0231e+00 +1.6834e+00 -9.7588e-01 +3.2289e+00 -2.3155e-02 -1.1809e-01
352 0 +1.956407459e+01 -2.903592541e+01 -2.903592541e+01 +1.2555e+00 -1.7824e+00 -2.0071e-01 -2.7257e+00 -8.9828e-01 +1.5447e+00 -9.5868e-01 +3.2203e+00 -1.6170e-02 -1.2046e-02
409 0 +1.934620953e+01 -2.925379047e+01 -2.925379047e+01 +1.2097e+00 -1.7252e+00 -2.0154e-01 -2.6931e+00 -8.3458e-01 +1.4739e+00 -9.4990e-01 +3.2158e+00 -1.2603e-02 +4.2098e-02
512 0 +1.738901273e+01 -3.121098727e+01 -3.121098727e+01 +1.0897e+00 -1.7824e+00 -2.0071e-01 -2.7257e+00 -8.9828e-01 +1.5447e+00 -9.5868e-01 +3.2203e+00 -1.6170e-02 -1.2046e-02
703 0 +1.735986766e+01 -3.124013234e+01 -3.124013234e+01 +1.1003e+00 -1.7810e+00 -2.0073e-01 -2.7248e+00 -8.6353e-01 +1.5429e+00 -9.5846e-01 +3.2201e+00 -1.6078e-02 -1.0651e-02
811 0 +1.644858916e+01 -3.215141084e+01 -3.215141084e+01 +1.1003e+00 -1.7810e+00 -4.9496e-02 -2.7248e+00 -8.6353e-01 +1.5429e+00 -9.5846e-01 +3.2201e+00 -1.6078e-02 -1.0651e-02
963 0 +8.280886530e+00 -4.031911347e+01 -4.031911347e+01 +3.4571e-01 -1.7714e+00 -2.0087e-01 -2.7194e+00 -1.2144e-01 +1.5311e+00 -9.5699e-01 +3.2194e+00 -8.3141e-03 +1.3346e-03
% f evaluations | g evaluations | best noise-free fitness - Fopt (2.770000000000e+01) + sum g_i+ | measured fitness | best measured fitness or single-digit g-values | x1 | x2...
1 0 +7.675165391e+01 +1.044516539e+02 +1.044516539e+02 +3.3510e+00 +2.2692e+00 +2.7071e+00 +9.7315e-01 -4.2996e+00 -1.0245e-01 -1.5218e+00 -2.8882e+00 +1.0373e+00 +7.5006e-01
4 0 +7.006998707e+01 +9.776998707e+01 +9.776998707e+01 -1.4187e+00 +1.2968e+00 +2.9381e+00 +2.8075e+00 +9.4371e-01 -1.2190e+00 +1.3461e+00 +1.7043e+00 -5.5406e-01 +2.1945e+00
9 0 +6.529182803e+01 +9.299182803e+01 +9.299182803e+01 -1.1130e+00 +3.2626e-01 +7.2578e-02 -3.1369e+00 -4.1976e+00 -2.2740e+00 -3.7105e+00 -2.1167e-01 +1.2171e-01 -8.9519e-01
22 0 +6.111706969e+01 +8.881706969e+01 +8.881706969e+01 +2.8213e+00 -3.8081e+00 -9.6995e-01 -9.4248e-02 +7.5627e-01 +3.5003e+00 -3.5963e+00 -1.8198e+00 +3.7626e+00 +1.7695e+00
35 0 +4.128788512e+01 +6.898788512e+01 +6.898788512e+01 -7.8157e-01 -3.0613e+00 +8.1362e-01 +2.2785e+00 -4.6578e+00 +2.2945e+00 +3.8070e+00 +2.4989e+00 +1.4639e+00 -1.4735e-02
153 0 +3.881551844e+01 +6.651551844e+01 +6.651551844e+01 +1.6582e+00 -1.3709e-01 +2.7329e-01 +3.0079e+00 -2.4989e-01 -1.3138e+00 -1.4171e+00 -3.8427e-01 -2.8966e-03 +1.5876e+00
256 0 +2.743590926e+01 +5.513590926e+01 +5.513590926e+01 +1.4673e+00 -4.3740e-01 +9.1859e-01 +2.7543e+00 -3.1158e-01 -1.3609e+00 -1.0369e+00 -2.2287e-01 +5.5562e-01 +1.7849e+00
453 0 +2.686969352e+01 +5.456969352e+01 +5.456969352e+01 +1.4192e+00 -5.1301e-01 +1.0810e+00 +2.6905e+00 -3.2711e-01 -1.3728e+00 -9.4121e-01 -1.8224e-01 +6.9623e-01 +1.8346e+00
614 0 +2.623801604e+01 +5.393801604e+01 +5.393801604e+01 +1.4231e+00 -5.0689e-01 +1.0679e+00 +2.6956e+00 -3.2586e-01 -1.3718e+00 -9.4896e-01 -8.3396e-02 +6.8484e-01 +1.8306e+00
854 0 +2.553796540e+01 +5.323796540e+01 +5.323796540e+01 +1.4539e+00 -3.4810e-01 +9.6368e-01 +2.7337e+00 -2.9344e-01 -1.3642e+00 -1.0104e+00 -1.8153e-01 +5.9464e-01 +1.1910e+00
% f evaluations | g evaluations | best noise-free fitness - Fopt (2.993000000000e+01) + sum g_i+ | measured fitness | best measured fitness or single-digit g-values | x1 | x2...
1 0 +8.221314372e+01 +1.121431437e+02 +1.121431437e+02 -3.9620e+00 +9.0592e-01 -1.9668e+00 -1.4693e+00 -4.2090e+00 +1.2993e-01 +4.0808e+00 -3.1082e+00 -3.9942e+00 -4.0374e+00
2 0 +7.110722506e+01 +1.010372251e+02 +1.010372251e+02 -2.8100e+00 -4.2565e+00 +1.4533e+00 +1.7253e+00 -4.9755e+00 +6.9341e-01 -3.1311e+00 -2.9835e+00 +4.0731e-01 -2.0092e+00
13 0 +4.103669715e+01 +7.096669715e+01 +7.096669715e+01 -1.6541e+00 -3.0543e+00 +2.2701e+00 +2.3013e+00 -4.8844e+00 -1.7463e+00 +3.9292e+00 -2.7022e+00 +3.1619e+00 -4.8055e+00
258 0 +4.017227402e+01 +7.010227402e+01 +7.010227402e+01 -2.0499e+00 -2.9310e+00 +2.4767e+00 +2.5048e+00 -3.1754e+00 -2.1397e+00 +3.9861e+00 -2.5128e+00 +2.6683e+00 -4.1666e+00
263 0 +3.532060196e+01 +6.525060196e+01 +6.525060196e+01 -1.6541e+00 -3.0543e+00 +2.2701e+00 +1.8996e+00 -4.8844e+00 -1.7463e+00 +3.9292e+00 -2.7022e+00 +3.1619e+00 -4.8055e+00
504 0 +3.386902613e+01 +6.379902613e+01 +6.379902613e+01 -1.6800e+00 -3.0288e+00 +2.3090e+00 +2.0406e+00 -4.5375e+00 -1.8225e+00 +3.9360e+00 -2.6614e+00 +3.0515e+00 -4.6687e+00
560 0 +2.578197259e+01 +5.571197259e+01 +5.571197259e+01 -1.6800e+00 -3.0288e+00 +2.3090e+00 +7.0579e-01 -4.5375e+00 -1.8225e+00 +3.9360e+00 -2.6614e+00 +3.0515e+00 -4.6687e+00
712 0 +2.563680957e+01 +5.556680957e+01 +5.556680957e+01 -1.6800e+00 -3.0288e+00 +2.3090e+00 +7.0579e-01 -4.5375e+00 -1.8225e+00 +3.9360e+00 -6.3438e-02 +3.0515e+00 -4.6687e+00
802 0 +2.281284421e+01 +5.274284421e+01 +5.274284421e+01 -1.6795e+00 -3.0295e+00 +2.3078e+00 +7.5210e-01 -4.5476e+00 -1.8202e+00 +3.9357e+00 -4.8883e-01 +3.0544e+00 -4.6725e+00
804 0 +2.140801829e+01 +5.133801829e+01 +5.133801829e+01 -1.6774e+00 -3.0286e+00 +2.3071e+00 +8.7113e-01 -4.5403e+00 -1.8204e+00 +3.9332e+00 -7.6861e-01 +3.0493e+00 -4.6669e+00
854 0 +2.116234733e+01 +5.109234733e+01 +5.109234733e+01 -1.6781e+00 -3.0321e+00 +2.3035e+00 +9.0757e-01 -4.5836e+00 -1.8120e+00 +3.9346e+00 -9.2829e-01 +3.0650e+00 -4.6861e+00
856 0 +2.055637730e+01 +5.048637730e+01 +5.048637730e+01 -1.6755e+00 -3.0284e+00 +2.3056e+00 +9.9352e-01 -4.5424e+00 -1.8188e+00 +3.9310e+00 -1.2906e+00 +3.0478e+00 -4.6655e+00
956 0 +1.471509776e+01 +4.464509776e+01 +4.464509776e+01 -1.6760e+00 -3.0361e+00 +2.1880e+00 +1.1371e+00 -3.7064e+00 -1.7997e+00 +3.9330e+00 -1.0375e+00 +3.0812e+00 -4.7068e+00
% f evaluations | g evaluations | best noise-free fitness - Fopt (-1.983000000000e+01) + sum g_i+ | measured fitness | best measured fitness or single-digit g-values | x1 | x2...
1 0 +7.712624271e+01 +5.729624271e+01 +5.729624271e+01 -7.8749e-01 -1.7000e+00 +2.5684e+00 +3.0545e+00 +1.2359e+00 -1.4620e+00 -3.9972e+00 -2.7335e+00 +3.5419e+00 +4.4960e+00
2 0 +6.013561348e+01 +4.030561348e+01 +4.030561348e+01 +1.1456e+00 +2.4735e+00 -1.0972e+00 +3.5467e+00 +4.3075e-01 +1.0308e+00 +4.3523e+00 -4.9777e+00 +2.9731e+00 +1.2498e-01
26 0 +4.447414662e+01 +2.464414662e+01 +2.464414662e+01 -3.2949e-02 -1.5390e-01 +4.9382e+00 -3.4954e+00 +3.8396e+00 +3.2436e+00 +4.9391e-01 -1.6069e+00 +1.0028e+00 +1.7995e+00
211 0 +4.281578682e+01 +2.298578682e+01 +2.298578682e+01 -3.2949e-02 -1.5390e-01 +4.9382e+00 -2.0456e+00 +3.8396e+00 +3.2436e+00 +4.9391e-01 -1.6069e+00 +1.0028e+00 +1.7995e+00
256 0 +4.020836714e+01 +2.037836714e+01 +2.037836714e+01 -3.2949e-02 -1.5390e-01 +4.9382e+00 -2.4126e+00 +3.8396e+00 +3.2436e+00 +4.9391e-01 -1.6069e+00 +1.0028e+00 +1.7995e+00
305 0 +3.961018446e+01 +1.978018446e+01 +1.978018446e+01 -3.2949e-02 -1.5390e-01 +4.9382e+00 -2.7332e+00 +3.8396e+00 +3.2436e+00 +4.9391e-01 -1.6069e+00 +1.0028e+00 +1.7995e+00
361 0 +3.563486894e+01 +1.580486894e+01 +1.580486894e+01 -3.2949e-02 -1.5390e-01 +4.9382e+00 -2.4408e+00 +3.8396e+00 +3.2436e+00 +3.1597e-01 -1.6069e+00 +1.0028e+00 +1.7995e+00
763 0 +3.106465922e+01 +1.123465922e+01 +1.123465922e+01 -3.2927e-02 -9.8294e-02 +4.9382e+00 -2.7167e+00 +3.8396e+00 +3.2436e+00 +1.0024e-01 -1.6069e+00 +1.0028e+00 +1.7995e+00
