% f evaluations | g evaluations | best noise-free fitness - Fopt (1.238300000000e+02) + sum g_i+ | measured fitness | best measured fitness or single-digit g-values | x1 | x2...
1 0 +1.759692987e+05 +1.760931287e+05 +1.760931287e+05 +1.9952e+00 +1.7276e+00 -3.8364e+00 +4.6066e+00 -2.9807e+00 -2.2413e+00 +4.2689e+00 -2.9847e+00 +3.6555e+00 +2.2281e+00
2 0 +1.231169300e+05 +1.232407600e+05 +1.232407600e+05 +1.3183e+00 +3.8814e+00 +2.3882e+00 +2.9289e+00 -1.5421e+00 +3.7643e+00 -1.3668e+00 -9.3209e-01 -2.7361e+00 -4.7208e+00
3 0 +7.115057607e+04 +7.127440607e+04 +7.127440607e+04 -2.1284e+00 +1.6957e-01 +4.0852e+00 +2.2220e+00 +2.2491e+00 -3.1964e+00 +4.8198e+00 -1.5655e+00 +6.9259e-01 +6.3746e-01
4 0 +6.229489955e+04 +6.241872955e+04 +6.241872955e+04 -4.2415e+00 -1.1882e+00 +2.0121e+00 +2.0869e+00 -1.1485e-01 +4.7033e+00 +1.6837e+00 +7.2024e-01 +2.3240e+00 +8.9961e-01
7 0 +6.164956278e+04 +6.177339278e+04 +6.177339278e+04 +6.7562e-01 +3.0189e+00 -5.5030e-01 +2.3163e+00 +9.3469e-01 -2.3358e+00 +3.2356e+00 -1.8977e+00 -1.6956e+00 +7.4053e-01
11 0 +4.982523811e+04 +4.994906811e+04 +4.994906811e+04 -3.8502e+00 -4.8189e+00 -2.1762e+00 -1.5670e+00 +3.5916e-01 -2.6471e+00 -1.3597e+00 +1.7890e+00 -1.2386e+00 -6.7927e-01
24 0 +3.546115033e+04 +3.558498033e+04 +3.558498033e+04 +5.0570e-01 +2.5256e+00 +6.1995e-01 -1.0823e+00 +3.0583e+00 +3.0857e+00 -2.1214e+00 +1.6989e-01 +3.5355e+00 -3.1845e+00
32 0 +1.904327750e+04 +1.916710750e+04 +1.916710750e+04 +1.2576e-02 +2.6095e+00 -1.2912e-01 +9.9906e-02 -7.9129e-01 +3.1259e+00 +3.4596e+00 -1.8245e+00 +5.3025e-01 -2.6173e+00
57 0 +1.109980794e+04 +1.122363794e+04 +1.122363794e+04 +9.4398e-02 +1.5255e+00 -3.3220e-01 -7.1625e-01 -1.1627e+00 +1.5789e+00 +2.3661e+00 -1.6587e+00 +1.1616e+00 -1.9158e+00
153 0 +9.487823490e+03 +9.611653490e+03 +9.611653490e+03 -8.1749e-02 +1.7235e+00 -1.6282e-01 -1.3951e-01 -1.1700e+00 +1.8862e+00 +2.6572e+00 -1.4872e+00 +8.7728e-01 -2.0502e+00
205 0 +4.560461582e+03 +4.684291582e+03 +4.684291582e+03 +7.3647e-02 +1.9357e+00 +4.4240e-02 -3.8891e-01 -5.1496e-02 +2.2035e+00 +1.3932e+00 -1.0489e+00 +1.5805e+00 -2.3503e+00
252 0 +4.304601870e+03 +4.428431870e+03 +4.428431870e+03 -1.0930e+00 -2.4304e+00 -9.9281e-01 -8.9983e-01 -7.0216e-01 -1.7019e+00 -8.6684e-01 -1.0449e-01 +9.1031e-01 -3.9428e-01
306 0 +1.983223041e+03 +2.107053041e+03 +2.107053041e+03 -1.1113e+00 -1.0300e-01 -7.8355e-01 -4.5026e-01 -4.0397e-01 +8.3588e-01 +7.6190e-01 -5.2735e-01 +4.3675e-01 -1.4250e+00
406 0 +1.792375736e+03 +1.916205736e+03 +1.916205736e+03 -8.6472e-01 +8.1150e-01 -6.2206e-01 -5.6954e-02 -1.7067e-01 +1.4448e+00 +1.2522e+00 -6.2036e-01 +2.1822e-01 -1.9135e+00
460 0 +1.276872125e+03 +1.400702125e+03 +1.400702125e+03 -1.9814e+00 -1.2782e+00 -3.6399e-01 -5.3629e-01 +1.4358e-01 +2.9968e-01 -3.9580e-01 +2.8906e-01 -8.6328e-02 -1.0708e+00
608 0 +1.114898457e+03 +1.238728457e+03 +1.238728457e+03 -8.6631e-01 -8.9105e-01 -7.2290e-02 +1.3926e+00 +1.0696e+00 +6.4979e-01 -9.8481e-01 +3.1581e-01 -6.4305e-01 -5.9820e-01
% f evaluations | g evaluations | best noise-free fitness - Fopt (4.751000000000e+01) + sum g_i+ | measured fitness | best measured fitness or single-digit g-values | x1 | x2...
1 0 +1.710397550e+05 +1.710872650e+05 +1.710872650e+05 +3.6456e-01 +3.5710e+00 -2.3399e+00 +3.3702e+00 +1.2042e-01 +3.8005e+00 +8.4455e-01 +2.8654e-01 -4.8143e+00 +2.7808e+00
4 0 +1.229255116e+05 +1.229730216e+05 +1.229730216e+05 +1.7411e+00 +4.8366e+00 -4.5823e+00 -1.6815e+00 +2.4666e+00 -1.8212e-01 +3.6134e+00 +1.6788e-01 +4.7049e+00 -4.3677e+00
8 0 +4.871241884e+04 +4.875992884e+04 +4.875992884e+04 -3.3837e+00 -3.3517e+00 -2.8373e+00 -1.2846e+00 +6.7463e-02 +1.6708e+00 -3.6665e+00 +2.5326e+00 -4.5422e-01 +4.5952e+00
11 0 +4.422399502e+04 +4.427150502e+04 +4.427150502e+04 -2.5806e+00 +2.8287e+00 -9.1094e-02 +2.1192e+00 +2.8187e+00 -7.0564e-01 +2.0531e+00 -3.5285e+00 -1.4696e+00 -5.4734e-02
17 0 +2.671703163e+04 +2.676454163e+04 +2.676454163e+04 -3.9427e+00 -3.1030e+00 +2.0593e+00 +1.7462e+00 -9.7908e-01 -5.0238e-01 -1.8009e+00 -2.7582e+00 -3.8948e+00 +4.1363e+00
28 0 +2.516174692e+04 +2.520925692e+04 +2.520925692e+04 -1.3027e+00 +1.0903e+00 +1.1426e+00 -2.7647e+00 +2.6921e+00 +3.5000e+00 -1.3908e+00 -9.5354e-01 +3.3825e+00 -2.5182e+00
29 0 +2.056578444e+04 +2.061329444e+04 +2.061329444e+04 +4.5775e+00 +4.4428e+00 +9.9494e-01 -5.7404e-01 +5.3912e-04 +1.4094e+00 +4.4596e-01 +3.0404e+00 +2.8576e+00 +2.1714e+00
54 0 +1.201031653e+04 +1.205782653e+04 +1.205782653e+04 +7.6095e-02 -2.1240e-01 -1.5171e-01 +2.5600e+00 +9.5765e-01 +1.8224e+00 +5.6708e-01 +3.2041e+00 -7.5982e-01 -1.4376e+00
107 0 +7.966604260e+03 +8.014114260e+03 +8.014114260e+03 +5.2902e-01 +2.5601e-01 -3.6334e-02 +2.2446e+00 +8.6135e-01 +1.7808e+00 +5.5489e-01 +3.1876e+00 -3.9584e-01 -1.0744e+00
108 0 +5.659147635e+03 +5.706657635e+03 +5.706657635e+03 +3.5258e+00 +3.1602e+00 +1.2981e+00 +1.0678e+00 -6.1171e-01 -4.0440e-01 +6.8063e-01 +4.2589e-01 +3.0695e+00 +3.7765e-01
204 0 +3.382469055e+03 +3.429979055e+03 +3.429979055e+03 -6.5593e-02 -9.4478e-01 -9.2483e-01 +1.0822e+00 +4.5538e-01 +1.2873e+00 -7.4413e-01 +1.7077e+00 -9.4102e-01 +1.2606e+00
356 0 +2.794155838e+03 +2.841665838e+03 +2.841665838e+03 +1.1880e+00 +1.5835e+00 +4.9713e-02 +1.3111e+00 -4.7614e-01 +8.1419e-01 +5.7635e-01 +1.6175e-01 -4.8135e-01 +1.8072e+00
460 0 +2.388994844e+03 +2.436504844e+03 +2.436504844e+03 -1.2073e-01 -1.0221e+00 -1.3405e+00 +1.3820e+00 +2.2414e-02 +1.1821e+00 -5.1773e-01 +4.6216e-01 -4.8046e-01 +3.7543e-01
461 0 +2.051154507e+03 +2.098664507e+03 +2.098664507e+03 +1.4104e+00 +6.3714e-01 +6.9617e-02 +1.1386e+00 -2.6941e-01 +8.0127e-01 +6.5124e-01 +2.8558e-01 -1.3079e-01 +1.7515e+00
505 0 +1.907363124e+03 +1.954873124e+03 +1.954873124e+03 -1.4679e-02 -4.0866e-01 -1.1175e+00 +1.2664e+00 +5.5242e-03 +1.0791e+00 -3.2554e-01 +4.8270e-01 -1.1389e+00 +5.4879e-01
% f evaluations | g evaluations | best noise-free fitness - Fopt (5.534000000000e+01) + sum g_i+ | measured fitness | best measured fitness or single-digit g-values | x1 | x2...
1 0 +2.322759927e+05 +2.323313327e+05 +2.323313327e+05 +1.5061e+00 -6.6205e-01 -3.3176e+00 +4.1895e+00 +2.7017e+00 -4.2572e+00 -2.9253e+00 -5.7305e-01 +4.6519e+00 -2.7337e+00
2 0 +1.325818382e+05 +1.326371782e+05 +1.326371782e+05 -4.4089e+00 +2.7757e+00 +3.3640e+00 +1.3107e+00 +7.5708e-01 -4.4990e+00 -2.4396e+00 -1.7772e+00 -2.7096e+00 -2.1335e+00
5 0 +3.465432787e+04 +3.470966787e+04 +3.470966787e+04 -2.7402e+00 +3.4230e+00 +4.8250e-01 -3.2717e+00 -1.0942e+00 -1.8493e+00 +2.1478e-01 -1.8191e+00 +4.8995e+00 -1.3501e+00
52 0 +8.164854352e+03 +8.220194352e+03 +8.220194352e+03 +1.1911e+00 +1.5165e+00 +7.2443e-01 -8.5377e-01 +1.0383e+00 -5.5275e-01 -2.6802e+00 -1.0366e-01 -3.2188e-01 +4.1027e-01
53 0 +5.641445471e+03 +5.696785471e+03 +5.696785471e+03 +2.0643e+00 +5.8891e-01 +2.4103e-01 -7.6413e-01 +1.8392e+00 -1.4773e-02 -2.3399e+00 +1.3957e-01 -8.4266e-01 +7.8999e-01
203 0 +5.147756173e+03 +5.203096173e+03 +5.203096173e+03 +1.9394e+00 +1.8705e+00 +1.4734e+00 +5.3242e-01 +1.3656e+00 -7.4532e-01 +1.2827e+00 -3.6710e-01 -1.2545e+00 +6.1357e-01
208 0 +2.013686337e+03 +2.069026337e+03 +2.069026337e+03 +9.5428e-01 -3.9186e-01 +2.0216e+00 -4.0387e-01 +1.2935e+00 -6.1820e-01 +9.2775e-01 +9.4327e-01 +7.2013e-01 +1.0646e+00
353 0 +1.593723235e+03 +1.649063235e+03 +1.649063235e+03 +1.6008e+00 +1.7096e+00 +8.4924e-01 +5.2937e-01 -8.9514e-02 -1.9712e-01 +2.0207e+00 +1.0878e+00 -7.2721e-01 +9.0626e-01
402 0 +1.203312973e+03 +1.258652973e+03 +1.258652973e+03 -2.8029e-01 +1.7408e+00 -2.0365e-01 -1.9638e-01 -1.1932e-01 -1.5118e+00 -1.0446e+00 +1.6383e+00 -7.4345e-01 +8.4713e-01
653 0 +8.552118273e+02 +9.105518273e+02 +9.105518273e+02 +9.6838e-01 +1.1817e+00 +7.0734e-01 +8.7898e-01 -3.7947e-03 -9.6515e-01 -7.9266e-01 +1.1683e+00 -7.9180e-01 +9.6141e-01
902 0 +8.467111989e+02 +9.020511989e+02 +9.020511989e+02 -3.4787e-01 +2.2571e+00 -4.9530e-01 -8.0432e-01 -6.7593e-01 -1.3495e+00 -3.9475e-02 +1.6226e+00 +4.8967e-01 +3.8728e-01
905 0 +6.483173933e+02 +7.036573933e+02 +7.036573933e+02 -5.4261e-02 +2.4024e+00 -5.7761e-02 -8.9394e-01 -1.0574e+00 -7.7514e-01 -7.2095e-02 +1.0815e+00 +1.0142e+00 +1.3873e-01
961 0 +5.216164561e+02 +5.769564561e+02 +5.769564561e+02 +5.8746e-01 +1.3241e-01 -3.3695e-01 -4.2635e-01 -1.2779e+00 -1.0498e+00 -6.0546e-01 +9.0448e-01 +6.9724e-01 +5.3752e-01
% f evaluations | g evaluations | best noise-free fitness - Fopt (-9.033000000000e+01) + sum g_i+ | measured fitness | best measured fitness or single-digit g-values | x1 | x2...
1 0 +1.703179420e+05 +1.702276120e+05 +1.702276120e+05 -3.2001e+00 +3.2083e+00 +1.3779e+00 -1.7018e+00 +1.4666e+00 +1.5973e+00 +4.5725e+00 +2.8297e+00 +7.4406e-01 -9.6617e-01
2 0 +7.946423111e+04 +7.937390111e+04 +7.937390111e+04 -1.8173e+00 -4.9024e+00 -3.9691e+00 -4.1214e+00 -1.3983e+00 -6.2508e-01 -2.5537e+00 -3.1466e-01 +3.0901e-01 +6.6065e-01
3 0 +4.942340224e+04 +4.933307224e+04 +4.933307224e+04 -3.4709e-01 -8.1590e-01 +1.4287e+00 +5.5028e-01 +2.9641e+00 -3.4612e+00 -2.3809e+00 +2.0074e+00 -4.5660e+00 -9.1393e-01
37 0 +3.444168894e+04 +3.435135894e+04 +3.435135894e+04 +4.8225e+00 +3.6674e+00 +1.8196e+00 -2.8369e+00 -6.3806e-01 -6.8466e-01 +3.2138e+00 -1.6995e-01 -1.5136e+00 -1.8516e+00
53 0 +1.987924303e+04 +1.978891303e+04 +1.978891303e+04 +4.1078e+00 +2.6986e+00 +1.5310e+00 -2.5609e+00 -1.4541e+00 +4.2429e-01 +2.4899e+00 +1.0404e+00 -1.3414e+00 -6.9480e-01
108 0 +3.381068395e+03 +3.290738395e+03 +3.290738395e+03 +2.1192e+00 +1.3352e+00 -8.0205e-01 +4.2593e-01 -5.8108e-01 -2.7978e-01 -1.3388e+00 -1.0297e+00 -1.6622e+00 -1.1633e-01
109 0 +3.265291169e+03 +3.174961169e+03 +3.174961169e+03 +2.0953e+00 +1.3808e+00 -9.2275e-01 +1.9480e-01 -5.2918e-01 -3.6707e-01 -1.2931e+00 -9.9631e-01 -1.5827e+00 +5.6642e-02
511 0 +1.611179083e+03 +1.520849083e+03 +1.520849083e+03 +6.1604e-01 +1.3808e+00 -9.2275e-01 +1.9480e-01 -3.3621e-01 -3.6707e-01 -1.2931e+00 -3.7629e-04 -1.5827e+00 +5.6642e-02
1012 0 +1.122506592e+03 +1.032176592e+03 +1.032176592e+03 +7.4822e-01 +8.8541e-01 -1.3209e+00 -7.2118e-01 -1.4833e-01 -1.0311e+00 -5.0417e-01 -6.3457e-01 -1.6593e+00 +2.8804e-01
% f evaluations | g evaluations | best noise-free fitness - Fopt (6.561000000000e+01) + sum g_i+ | measured fitness | best measured fitness or single-digit g-values | x1 | x2...
1 0 +1.531271797e+05 +1.531927897e+05 +1.531927897e+05 +4.7702e+00 +1.8458e+00 +4.8828e+00 +1.6949e+00 -3.9344e+00 -1.4577e-01 -2.3357e+00 +6.6592e-01 +3.6077e+00 -4.4867e+00
2 0 +1.302807829e+05 +1.303463929e+05 +1.303463929e+05 -4.2500e+00 -2.9739e+00 +3.4574e+00 +1.1347e+00 -1.7145e+00 +2.1517e+00 +2.7655e+00 +1.1509e+00 -1.9721e+00 -4.9244e+00
5 0 +2.592610891e+04 +2.599171891e+04 +2.599171891e+04 -7.4157e-01 +4.0863e-01 +1.9227e+00 -2.0515e+00 -1.3535e+00 +4.0486e+00 +4.5258e-01 +1.1240e+00 +2.7270e+00 -1.0564e+00
7 0 +8.975775794e+03 +9.041385794e+03 +9.041385794e+03 +2.8611e+00 +2.7518e+00 +3.8771e-01 -1.4139e-01 +5.0052e-01 +2.0223e+00 +7.0657e-01 +2.0799e+00 -4.8904e-01 +4.7366e-01
52 0 +6.084247878e+03 +6.149857878e+03 +6.149857878e+03 -1.8593e+00 -1.1840e-01 -7.0471e-01 -2.5003e+00 -1.5386e+00 +1.1072e+00 -1.6788e+00 +1.4181e+00 -1.8769e+00 -6.5031e-01
102 0 +4.515331660e+03 +4.580941660e+03 +4.580941660e+03 +1.1957e+00 -1.6846e+00 -4.4488e-01 -5.5152e-01 -2.3774e+00 +1.1345e+00 -6.9042e-01 +1.3450e+00 -1.5149e+00 -2.5357e-01
155 0 +4.427701305e+03 +4.493311305e+03 +4.493311305e+03 -5.6256e-01 +1.1024e+00 -2.1646e+00 -2.2032e+00 -2.6019e-01 +8.9943e-01 -1.4166e+00 +2.2565e+00 +9.5790e-02 +1.8777e+00
202 0 +4.267180021e+03 +4.332790021e+03 +4.332790021e+03 -6.2069e-01 +1.1017e+00 -2.1929e+00 -2.1429e+00 -2.1149e-01 +9.3081e-01 -1.4507e+00 +2.1674e+00 +9.8393e-02 +1.8204e+00
204 0 +4.070637661e+03 +4.136247661e+03 +4.136247661e+03 -1.1920e+00 +5.7708e-01 -1.9026e+00 -1.5984e+00 +1.8953e-01 +3.0985e-01 -1.5351e+00 +2.6432e+00 +3.8476e-01 +2.2636e+00
412 0 +3.383418437e+03 +3.449028437e+03 +3.449028437e+03 +2.5340e+00 +1.8740e+00 +1.4391e-01 -3.3834e-01 +4.2785e-01 +1.2549e+00 +1.3535e-01 +2.0967e+00 -4.3318e-01 +6.0778e-01
505 0 +2.938041133e+03 +3.003651133e+03 +3.003651133e+03 +3.7638e-01 +4.9061e-01 -4.4617e-01 -2.8499e-01 +1.7130e-01 +1.7205e-01 +6.9099e-01 +2.5616e+00 -3.3532e-01 -1.3717e+00
% f evaluations | g evaluations | best noise-free fitness - Fopt (9.348200000000e+02) + sum g_i+ | measured fitness | best measured fitness or single-digit g-values | x1 | x2...
1 0 +1.287967547e+05 +1.297315747e+05 +1.297315747e+05 +4.5068e+00 +1.3366e+00 +1.0322e+00 +3.9759e+00 -1.4801e+00 +3.1530e+00 -8.5442e-01 +2.4980e+00 -1.9405e+00 -2.3132e-01
2 0 +1.198981157e+05 +1.208329357e+05 +1.208329357e+05 +5.7713e-01 +3.5619e+00 -2.2404e+00 -2.9114e+00 +3.3195e+00 -4.2933e+00 -1.7864e+00 +9.4659e-01 +1.2668e+00 +2.0158e+00
4 0 +1.389771188e+04 +1.483253188e+04 +1.483253188e+04 -8.8683e-01 +1.0259e+00 +7.7988e-01 -2.5063e-01 +2.2153e+00 +1.3684e+00 +4.3462e-01 +3.8545e-01 -4.5722e+00 -5.0898e-02
53 0 +1.035710395e+04 +1.129192395e+04 +1.129192395e+04 -2.4425e+00 +7.7445e-01 -1.7059e+00 +4.0609e+00 +8.2159e-01 +4.4184e-01 -3.0374e-01 +6.0974e-01 -1.0629e+00 +5.2306e-01
56 0 +1.019422510e+04 +1.112904510e+04 +1.112904510e+04 -1.0471e+00 +1.0192e+00 +4.1586e-01 +3.1111e-01 +2.0266e+00 +1.3399e+00 +3.1392e-01 +5.1667e-01 -4.2733e+00 +1.7528e-02
107 0 +7.970542627e+03 +8.905362627e+03 +8.905362627e+03 -1.3974e+00 +1.1810e+00 -1.0463e+00 +3.3708e+00 -4.3956e-01 +3.2130e-01 +1.0429e+00 -7.4227e-01 -1.9612e+00 +1.0698e+00
153 0 +7.718765174e+03 +8.653585174e+03 +8.653585174e+03 -1.4058e+00 +1.1650e+00 -1.0763e+00 +3.3629e+00 -4.0152e-01 +3.2316e-01 +9.9613e-01 -7.1354e-01 -1.9211e+00 +1.0720e+00
156 0 +6.393061679e+03 +7.327881679e+03 +7.327881679e+03 -4.8662e-01 +9.2332e-01 +2.7292e-01 -4.5155e-01 +2.0122e+00 +1.2148e+00 +2.4818e-01 +8.2338e-02 -3.8861e+00 +4.7579e-01
252 0 +5.091784113e+03 +6.026604113e+03 +6.026604113e+03 -1.6909e+00 +9.3659e-01 -1.2874e+00 +3.0840e+00 +5.1354e-01 +6.8110e-01 +5.0737e-01 +1.1874e+00 -1.4699e+00 +4.7925e-01
308 0 +4.182812320e+03 +5.117632320e+03 +5.117632320e+03 -1.2596e+00 +9.8447e-01 -1.7849e-01 +1.2953e+00 +1.4264e+00 +1.0498e+00 +4.6835e-01 +7.5721e-01 -3.1340e+00 +1.9487e-01
309 0 +3.744811867e+03 +4.679631867e+03 +4.679631867e+03 -1.3182e+00 +9.7797e-01 -3.2905e-01 +1.5381e+00 +1.3024e+00 +9.9971e-01 +4.7364e-01 +8.1561e-01 -2.9081e+00 +2.3348e-01
756 0 +2.558297908e+03 +3.493117908e+03 +3.493117908e+03 -1.5110e+00 +9.4594e-01 -1.0237e+00 +7.5584e-01 +1.3209e+00 +1.3394e+00 -5.1639e-02 +9.1162e-01 -1.6831e+00 +1.0043e-01
757 0 +2.229592281e+03 +3.164412281e+03 +3.164412281e+03 -1.4330e+00 +9.3845e-01 -6.6544e-01 +5.8739e-01 +1.5187e+00 +1.4012e+00 +1.0080e-01 +7.4515e-01 -2.0517e+00 -2.3382e-02
812 0 +1.977856654e+03 +2.912676654e+03 +2.912676654e+03 -8.8683e-01 +1.0259e+00 +7.7988e-01 -2.5063e-01 +2.2153e+00 +1.3684e+00 +4.3462e-01 +3.8545e-01 -1.0606e+00 -5.0898e-02
% f evaluations | g evaluations | best noise-free fitness - Fopt (-6.371000000000e+01) + sum g_i+ | measured fitness | best measured fitness or single-digit g-values | x1 | x2...
1 0 +1.546690044e+05 +1.546052944e+05 +1.546052944e+05 -3.6712e+00 +3.9877e+00 +1.3102e+00 +4.8714e+00 -7.2854e-01 -2.8388e+00 +1.9425e+00 -2.1343e+00 +2.4256e+00 +1.5958e+00
5 0 +9.452186357e+04 +9.445815357e+04 +9.445815357e+04 +2.0003e+00 -2.8226e+00 -2.3823e+00 +2.0306e+00 +2.4187e+00 -4.6917e+00 +4.3988e+00 +3.2617e-01 +9.4404e-01 -1.7898e+00
8 0 +7.453412442e+04 +7.447041442e+04 +7.447041442e+04 +1.4242e-01 -4.0918e+00 -2.9023e+00 -1.7942e+00 -4.0020e+00 +1.6120e+00 +3.8860e+00 -2.3728e+00 +1.7123e-01 +2.1196e+00
13 0 +7.022202084e+04 +7.015831084e+04 +7.015831084e+04 +1.1958e+00 -1.9424e+00 +2.5332e+00 -3.7134e+00 +9.5315e-01 -9.3275e-01 +5.7573e-02 -1.1487e+00 -4.8378e+00 -4.1591e+00
14 0 +1.601886469e+04 +1.595515469e+04 +1.595515469e+04 +8.7619e-01 -7.3918e-01 +1.2735e+00 +3.1363e+00 -6.4999e-01 +2.7674e+00 +1.4793e+00 +9.7313e-02 +1.8416e+00 +2.1839e+00
58 0 +1.313438266e+04 +1.307067266e+04 +1.307067266e+04 +2.2121e-02 -6.6496e-01 +9.5553e-01 +2.5279e+00 -1.5253e+00 +2.5443e+00 -9.9097e-02 -3.7487e-01 +1.0905e-01 +1.5720e+00
159 0 +1.249459662e+04 +1.243088662e+04 +1.243088662e+04 +5.8235e-01 +1.6802e+00 +1.5517e-01 +6.2640e-01 +8.7818e-02 +9.8661e-02 -1.4206e-01 -2.2165e-01 +1.6960e+00 +2.5248e+00
252 0 +5.701695766e+03 +5.637985766e+03 +5.637985766e+03 +1.9937e+00 +3.7944e-01 -9.7587e-01 -1.0039e+00 -1.5853e-01 +4.0120e-01 +3.0873e+00 +1.0845e+00 +1.6926e-02 -3.6823e-01
264 0 +3.888677080e+03 +3.824967080e+03 +3.824967080e+03 +5.8235e-01 +1.6802e+00 +1.5517e-01 +6.2640e-01 +8.7818e-02 +9.8661e-02 -1.4206e-01 -2.2165e-01 +1.6960e+00 +1.9096e-01
356 0 +2.104538573e+03 +2.040828573e+03 +2.040828573e+03 +1.6366e+00 -9.6771e-02 -2.5025e-02 +4.2251e-01 +1.6869e-02 +1.2818e+00 +2.3179e+00 +7.4107e-01 +4.4126e-01 +3.9266e-01
457 0 +2.079195961e+03 +2.015485961e+03 +2.015485961e+03 +5.3403e-01 +9.4882e-01 +4.9912e-01 +5.0522e-01 -3.8525e-01 +8.6275e-02 +2.0819e-01 -3.3522e-01 +1.2644e+00 +2.5878e-01
504 0 +1.325777390e+03 +1.262067390e+03 +1.262067390e+03 +2.5784e-01 -6.9311e-01 +1.4166e+00 +2.2022e-01 -1.6016e+00 -1.1519e-01 +7.6414e-01 -7.6746e-01 +3.2494e-01 +3.7293e-01
603 0 +1.309201185e+03 +1.245491185e+03 +1.245491185e+03 +1.0380e+00 -1.2183e+00 +8.5825e-01 +2.0650e-02 -1.2994e+00 +1.2603e-01 +2.1756e+00 -4.5937e-02 -5.6517e-01 -1.8617e-02
660 0 +1.220481244e+03 +1.156771244e+03 +1.156771244e+03 +1.1300e+00 -2.0663e-01 +3.2822e-01 +8.6852e-01 -4.8193e-01 +6.0134e-01 +1.8158e+00 +5.7637e-01 +3.5547e-01 +5.4393e-01
704 0 +7.007238783e+02 +6.370138783e+02 +6.370138783e+02 +1.4097e+00 -8.0829e-01 +1.7705e-01 -6.2465e-01 -3.0527e-01 +2.5216e-01 +2.1480e+00 +4.0330e-01 -7.2456e-01 -2.9355e-01
754 0 +6.585040837e+02 +5.947940837e+02 +5.947940837e+02 +1.3273e+00 -6.3104e-01 +2.2159e-01 -1.8476e-01 -3.5731e-01 +3.7851e-01 +2.0501e+00 +4.5429e-01 -4.0639e-01 -4.6827e-02
% f evaluations | g evaluations | best noise-free fitness - Fopt (1.000000000000e+03) + sum g_i+ | measured fitness | best measured fitness or single-digit g-values | x1 | x2...
1 0 +1.110549175e+05 +1.120549175e+05 +1.120549175e+05 +3.3873e+00 +3.5263e+00 +1.2147e+00 +3.2330e+00 -1.5136e-01 +3.2267e-01 +1.2986e+00 -6.8937e-01 +1.1057e+00 -2.5191e+00
6 0 +2.353525970e+04 +2.453525970e+04 +2.453525970e+04 -4.2523e+00 -9.4063e-02 +1.4394e+00 +2.7557e+00 +2.7473e+00 +1.0310e+00 -4.0069e-01 +1.4503e+00 -1.7095e+00 +1.6817e+00
52 0 +1.343194774e+04 +1.443194774e+04 +1.443194774e+04 -7.0831e-01 -2.2690e+00 -5.8511e-01 -3.6151e+00 -1.5455e+00 +5.5524e-01 -9.5304e-01 +2.4324e-01 +1.1751e+00 -1.2821e+00
53 0 +8.575272856e+03 +9.575272856e+03 +9.575272856e+03 -1.1886e+00 -1.8824e+00 +5.9777e-01 -2.8382e+00 -2.0038e-01 +1.2512e+00 -5.0727e-02 +1.3350e+00 +1.7716e-01 +1.1396e+00
58 0 +4.893128234e+03 +5.893128234e+03 +5.893128234e+03 +3.0679e-01 -3.5862e-01 -2.0250e+00 -5.3049e-01 -8.1658e-01 -6.3730e-01 -2.8528e+00 +9.2905e-01 +1.2086e+00 +1.6276e+00
59 0 +3.533040844e+03 +4.533040844e+03 +4.533040844e+03 -1.4453e+00 -2.5695e-01 -6.9360e-01 +7.3241e-01 +5.5303e-01 +3.8392e-03 -1.9104e+00 +1.1294e+00 +8.7171e-02 +1.6484e+00
502 0 +2.555487298e+03 +3.555487298e+03 +3.555487298e+03 -2.2731e+00 -2.3177e+00 -4.2215e-01 -2.5233e+00 +9.8633e-01 -8.2870e-01 -2.7640e-01 -2.1092e+00 +1.9835e+00 -7.2915e-01
504 0 +1.467891662e+03 +2.467891662e+03 +2.467891662e+03 -9.3821e-01 +7.3580e-02 +1.2258e+00 +7.7675e-01 +1.2673e+00 -5.0770e-01 -4.5587e-01 -9.0553e-01 +1.6250e+00 -2.5294e-01
614 0 +1.220377620e+03 +2.220377620e+03 +2.220377620e+03 -1.6595e+00 -1.4179e+00 +1.0332e-01 -3.5363e-01 +2.0734e+00 -1.5755e-01 -1.1508e-01 -7.4021e-01 +1.3377e+00 +2.5191e-01
705 0 +8.924059738e+02 +1.892405974e+03 +1.892405974e+03 -1.3257e+00 -1.4564e+00 -2.5136e-01 +6.2084e-02 -1.5775e-03 +1.0205e+00 -2.4299e-01 +5.3697e-01 +1.3229e+00 -2.8624e-01
711 0 +8.843119007e+02 +1.884311901e+03 +1.884311901e+03 -1.6595e+00 -1.4179e+00 +1.0332e-01 -3.5363e-01 +2.0734e+00 -1.5755e-01 -1.1508e-01 -7.4021e-01 +7.6867e-01 +2.5191e-01
810 0 +6.254594663e+02 +1.625459466e+03 +1.625459466e+03 -1.3082e+00 -1.0126e+00 +6.2854e-01 +6.3257e-01 +8.3213e-01 +3.2647e-01 -1.0273e-02 +4.8082e-02 -1.8933e-01 +7.1755e-01
% f evaluations | g evaluations | best noise-free fitness - Fopt (3.197000000000e+01) + sum g_i+ | measured fitness | best measured fitness or single-digit g-values | x1 | x2...
1 0 +5.384002047e+04 +5.387199047e+04 +5.387199047e+04 +4.3648e+00 +2.8978e+00 +2.4893e+00 -4.7310e-01 +6.2783e-01 -3.5990e+00 +1.0873e+00 +2.8770e+00 -4.5025e+00 -1.3113e+00
3 0 +4.448067970e+04 +4.451264970e+04 +4.451264970e+04 -8.5057e-01 +1.4676e+00 -9.0740e-02 +1.2318e+00 +4.0782e+00 +3.6151e-01 -2.8081e-01 +1.6318e+00 +4.9759e+00 -7.5720e-01
21 0 +2.790656729e+04 +2.793853729e+04 +2.793853729e+04 -1.7543e+00 +2.1551e+00 +1.5401e+00 -2.6158e+00 -3.2576e-01 +7.2390e-01 +2.9609e+00 +3.5333e+00 -1.2957e+00 -6.8531e-01
52 0 +2.596676818e+04 +2.599873818e+04 +2.599873818e+04 +8.5373e-02 -3.8893e+00 -2.1369e+00 -1.0100e+00 +3.0919e+00 -3.0348e+00 -7.5615e-01 +2.9315e-01 +2.0234e+00 -8.8003e-01
58 0 +1.752925341e+04 +1.756122341e+04 +1.756122341e+04 +2.5618e+00 +2.4033e+00 +1.5973e+00 +1.1632e-01 +1.8207e+00 -2.2298e+00 +6.1431e-01 +2.4465e+00 -1.2257e+00 -1.1198e+00
59 0 +1.633377263e+04 +1.636574263e+04 +1.636574263e+04 +9.5246e-01 +1.9620e+00 +8.0121e-01 +6.4242e-01 +2.8854e+00 -1.0077e+00 +1.9216e-01 +2.0623e+00 +1.6991e+00 -9.4877e-01
105 0 +1.569278725e+04 +1.572475725e+04 +1.572475725e+04 +2.1877e-01 +7.3950e-01 -2.2235e+00 -6.7306e-01 +5.5641e-01 +3.3287e+00 -9.2191e-01 +1.6377e+00 +6.5267e-01 +1.4467e+00
106 0 +1.016423879e+04 +1.019620879e+04 +1.019620879e+04 -1.4329e+00 +1.0745e+00 +6.9493e-01 -2.3711e+00 +4.3335e-01 -1.0066e-01 +2.1686e+00 +2.9820e+00 -7.7443e-01 -6.3654e-01
108 0 +6.437628983e+03 +6.469598983e+03 +6.469598983e+03 +1.2045e+00 +1.9628e-02 +2.8725e-02 -1.9226e+00 +5.2014e-01 -3.0975e+00 +2.4569e-01 -5.7577e-01 -6.7580e-01 -3.0282e-01
156 0 +4.530299744e+03 +4.562269744e+03 +4.562269744e+03 +1.1570e+00 -7.2414e-01 -9.6672e-01 +4.1419e-01 -3.3551e-01 +2.7198e+00 -8.2646e-01 -2.5585e-01 +8.0431e-01 +1.1136e+00
202 0 +2.650753173e+03 +2.682723173e+03 +2.682723173e+03 -9.8690e-01 -9.8463e-01 +5.8480e-01 -2.1198e+00 +4.4193e-01 -7.3212e-01 +1.1075e+00 +8.9523e-01 -5.2874e-02 +5.3343e-01
206 0 +1.354365134e+03 +1.386335134e+03 +1.386335134e+03 +3.6959e-01 -1.7730e-01 -4.6153e-01 -4.3263e-01 -1.0176e-01 +1.8623e+00 +8.4117e-02 +7.2854e-01 +3.2433e-01 +5.8149e-01
% f evaluations | g evaluations | best noise-free fitness - Fopt (5.819000000000e+01) + sum g_i+ | measured fitness | best measured fitness or single-digit g-values | x1 | x2...
1 0 +3.221890499e+04 +3.227709499e+04 +3.227709499e+04 -1.8014e+00 -2.0451e+00 +8.0351e-01 +2.2214e+00 -4.6274e+00 +1.7263e+00 +3.8644e+00 -6.4312e-01 +1.1303e+00 -1.9091e+00
32 0 +2.319896065e+04 +2.325715065e+04 +2.325715065e+04 -5.2218e-01 -2.2238e+00 -1.4833e+00 +1.4950e-01 -1.5173e-01 +2.5190e+00 +4.5069e+00 -1.7442e+00 +1.0241e+00 +2.4055e+00
53 0 +1.618053043e+04 +1.623872043e+04 +1.623872043e+04 -1.6802e+00 -1.6735e+00 +5.5109e-01 +2.0451e+00 -4.0298e+00 +1.5307e+00 +3.3920e+00 -1.1301e-01 +8.5512e-01 -1.3901e+00
59 0 +1.366847003e+04 +1.372666003e+04 +1.372666003e+04 +1.0924e+00 -1.5578e+00 -2.6714e+00 +1.1441e+00 +1.8354e+00 +3.0017e+00 +3.8396e+00 -6.5327e-01 +1.0654e+00 -4.6059e-01
104 0 +1.031093067e+04 +1.036912067e+04 +1.036912067e+04 +1.2611e+00 -5.1244e-01 -2.0261e+00 -9.4853e-01 +7.4406e-02 +4.6611e-01 +1.0471e+00 +2.4580e+00 -2.5636e+00 +1.2721e+00
105 0 +1.016228368e+04 +1.022047368e+04 +1.022047368e+04 +9.4079e-01 -2.2710e-01 -1.9314e+00 -6.8987e-01 +1.7230e-01 +3.8915e-01 +8.2449e-01 +2.7175e+00 -2.3620e+00 +1.5028e+00
112 0 +9.507201745e+03 +9.565391745e+03 +9.565391745e+03 -7.2441e-01 +1.2564e+00 -1.4390e+00 +6.5495e-01 +6.8127e-01 -1.1009e-02 -3.3287e-01 +1.2077e+00 -1.3144e+00 +2.7019e+00
154 0 +7.279668675e+03 +7.337858675e+03 +7.337858675e+03 -8.1190e-01 +9.6484e-01 -1.2547e+00 +7.8099e-01 +2.3960e-01 +1.4642e-01 +4.0215e-02 +1.0684e+00 -1.0998e+00 +2.3208e+00
203 0 +6.088390779e+03 +6.146580779e+03 +6.146580779e+03 -1.5988e+00 -1.1130e+00 +4.2457e-02 +1.5224e+00 -3.1116e+00 +1.0832e+00 +2.7483e+00 -2.8165e-01 +6.4872e-01 -6.6373e-01
303 0 +5.670952058e+03 +5.729142058e+03 +5.729142058e+03 +1.9682e+00 -7.8561e-01 -2.1309e+00 +5.8571e-01 +8.3731e-01 +3.1355e+00 +2.2908e+00 -1.0079e-01 -2.5783e-01 -4.9127e-01
312 0 +3.362332954e+03 +3.420522954e+03 +3.420522954e+03 -8.1190e-01 +9.6484e-01 -1.2547e+00 +7.8099e-01 +2.3960e-01 +1.4642e-01 +4.0215e-02 +1.0684e+00 -1.0998e+00 +9.4602e-01
% f evaluations | g evaluations | best noise-free fitness - Fopt (-4.840000000000e+00) + sum g_i+ | measured fitness | best measured fitness or single-digit g-values | x1 | x2...
1 0 +1.319624649e+05 +1.319576249e+05 +1.319576249e+05 +9.2089e-01 -2.1571e+00 -2.7483e+00 +4.8547e-01 +3.6231e+00 +7.6206e-01 -4.3823e+00 +5.7306e-01 -4.6924e+00 +2.5376e-01
2 0 +8.415084755e+04 +8.414600755e+04 +8.414600755e+04 +3.9375e+00 +2.8565e+00 +6.1510e-01 -3.4419e+00 -1.4145e+00 -2.2817e+00 -3.0099e+00 +1.9594e-01 -7.5626e-01 -2.4419e+00
7 0 +6.630905956e+04 +6.630421956e+04 +6.630421956e+04 -3.8332e+00 +3.8357e+00 -1.2142e+00 +2.0835e+00 +2.9389e+00 +3.8731e+00 +1.1959e+00 +2.2397e+00 +8.8214e-02 +3.6793e-01
9 0 +2.818052749e+04 +2.817568749e+04 +2.817568749e+04 +1.5803e+00 +1.9427e+00 -2.9947e+00 -2.4991e+00 -2.0373e+00 -3.1615e+00 -1.5314e+00 -9.1094e-01 +6.6189e-01 -6.0738e-01
52 0 +1.518203270e+04 +1.517719270e+04 +1.517719270e+04 -9.7473e-01 +1.7655e+00 -1.1291e+00 +2.1729e-01 -1.4064e+00 +3.3679e+00 -3.8548e-01 +3.1438e+00 +1.0082e+00 -2.1140e-01
256 0 +1.477733284e+04 +1.477249284e+04 +1.477249284e+04 +2.4027e+00 +9.5788e-01 +1.0898e+00 +1.2192e-01 -2.3255e+00 -1.1750e+00 +1.6451e+00 -1.7157e-01 -1.7359e+00 -1.3435e+00
257 0 +7.696192634e+03 +7.691352634e+03 +7.691352634e+03 +2.1475e+00 +1.7503e+00 +2.7788e-01 +1.7319e+00 -1.3792e+00 +2.4623e-01 -6.5618e-01 -1.7216e+00 +1.5995e-01 -7.2953e-01
514 0 +6.954379976e+03 +6.949539976e+03 +6.949539976e+03 +1.8387e+00 +1.7503e+00 +2.7788e-01 +1.7319e+00 -1.3792e+00 +2.4623e-01 -6.5618e-01 -1.7216e+00 +1.5995e-01 -7.2953e-01
661 0 +5.397613737e+03 +5.392773737e+03 +5.392773737e+03 +2.1475e+00 +1.7503e+00 +2.7788e-01 +4.7899e-01 -1.3792e+00 +2.4623e-01 -6.5618e-01 -1.7216e+00 +1.5995e-01 -7.2953e-01
710 0 +4.031088187e+03 +4.026248187e+03 +4.026248187e+03 +1.0478e+00 +1.7503e+00 +2.7788e-01 +4.7899e-01 -1.3792e+00 +2.4623e-01 -6.5618e-01 -1.7216e+00 +1.5995e-01 -7.2953e-01
% f evaluations | g evaluations | best noise-free fitness - Fopt (-6.337000000000e+01) + sum g_i+ | measured fitness | best measured fitness or single-digit g-values | x1 | x2...
1 0 +5.552657899e+05 +5.552024199e+05 +5.552024199e+05 -2.6402e+00 +4.1142e+00 +2.9495e+00 -4.3101e+00 +4.9613e+00 +3.4858e+00 +3.7878e+00 +3.6316e+00 +1.9542e+00 -3.6571e+00
2 0 +4.360138817e+04 +4.353801817e+04 +4.353801817e+04 -6.9264e-01 -4.9703e-01 +6.5556e-01 +4.4148e-01 -3.5903e+00 -3.6373e+00 -1.8129e+00 -4.0993e+00 -1.3293e+00 -2.8122e-01
8 0 +1.823300458e+04 +1.816963458e+04 +1.816963458e+04 -1.1844e-01 -1.6078e+00 +9.1664e-01 +1.1779e+00 +5.2358e-02 -3.3934e+00 -3.1605e+00 -5.1624e-01 +1.3607e+00 +7.8406e-01
55 0 +8.687317607e+03 +8.623947607e+03 +8.623947607e+03 +5.0094e-01 -7.3949e-01 +6.2900e-01 +9.5048e-01 -2.8636e-01 -2.2849e+00 -3.1891e+00 -7.4798e-01 +1.3862e+00 +6.9318e-01
102 0 +6.405359007e+03 +6.341989007e+03 +6.341989007e+03 -1.4008e-01 -1.4678e+00 +1.0682e+00 +9.2949e-02 +2.0313e-01 -2.9638e+00 -1.8947e+00 -9.8083e-01 +5.1732e-01 +9.4732e-02
206 0 +4.095136314e+03 +4.031766314e+03 +4.031766314e+03 -1.1566e-01 -9.4053e-01 +7.7618e-01 -1.4055e+00 +6.8907e-01 -2.2595e+00 -1.0125e+00 -1.0017e+00 +1.8657e-01 +3.4313e-01
305 0 +3.830036115e+03 +3.766666115e+03 +3.766666115e+03 -5.3632e-02 -8.8508e-01 +6.2192e-01 -9.8536e-01 +6.4344e-01 -2.3352e+00 -1.6489e+00 -7.0937e-01 +6.4804e-01 +7.8672e-01
353 0 +3.791484061e+03 +3.728114061e+03 +3.728114061e+03 -7.8091e-01 +3.6442e-01 +1.3544e+00 -2.0669e+00 +1.7891e+00 -7.9139e-01 +2.2936e-01 +2.3851e-01 +6.9949e-01 -6.5471e-01
403 0 +2.388995931e+03 +2.325625931e+03 +2.325625931e+03 -3.5079e-01 -1.4449e-01 +9.7081e-01 -1.1301e+00 +1.1235e+00 -1.4965e+00 -1.0850e+00 -3.6408e-03 +9.6994e-01 +1.4316e-01
457 0 +2.103864711e+03 +2.040494711e+03 +2.040494711e+03 +2.7404e-01 -8.3628e-01 +7.7349e-01 -3.5148e-02 +3.8586e-02 -2.2282e+00 -6.9851e-01 -7.0081e-01 +7.2400e-01 +3.9655e-01
560 0 +2.042974918e+03 +1.979604918e+03 +1.979604918e+03 +2.7404e-01 -8.3628e-01 +7.0841e-01 -3.5148e-02 +3.8586e-02 -2.2282e+00 -6.9851e-01 -7.0081e-01 +7.2400e-01 +3.9655e-01
864 0 +1.006359885e+03 +9.429898853e+02 +9.429898853e+02 -3.1563e-02 -1.2714e+00 +8.3926e-01 -3.4309e-01 +5.0204e-01 -4.8429e-01 -1.5905e+00 -7.1907e-01 +3.9818e-01 +2.6079e-01
% f evaluations | g evaluations | best noise-free fitness - Fopt (2.750000000000e+00) + sum g_i+ | measured fitness | best measured fitness or single-digit g-values | x1 | x2...
1 0 +1.162190880e+05 +1.162218380e+05 +1.162218380e+05 +2.3585e+00 +2.1991e+00 -3.6234e+00 -2.0583e+00 -1.7823e+00 +3.9308e+00 +2.4926e+00 +2.5360e-01 +4.7895e+00 +7.9806e-02
5 0 +4.370927578e+04 +4.371202578e+04 +4.371202578e+04 +3.9667e-01 -9.4319e-01 -1.6710e+00 +4.0024e+00 +2.4644e+00 +4.0743e+00 -1.1014e+00 -3.3058e+00 +3.2394e+00 -3.2620e+00
16 0 +1.740134415e+04 +1.740409415e+04 +1.740409415e+04 +1.3371e+00 +1.9940e-01 -1.3267e+00 -6.2201e-01 -1.1803e+00 -2.3507e+00 +2.3556e+00 +3.3187e-01 +6.3980e-01 +2.3948e+00
46 0 +1.498066278e+04 +1.498341278e+04 +1.498341278e+04 -3.5923e-01 -1.6881e+00 +4.1482e+00 +6.3945e-01 +5.2085e-01 +2.6696e+00 +5.7021e-01 +8.1731e-01 +5.1668e-01 -9.6597e-01
54 0 +7.135738988e+03 +7.138488988e+03 +7.138488988e+03 +9.0838e-01 +1.0229e+00 -1.2173e+00 -9.3519e-01 -4.2222e-01 -1.6588e+00 +2.5266e+00 -1.4884e-01 +1.2304e+00 +1.1143e+00
258 0 +2.178801388e+03 +2.181551388e+03 +2.181551388e+03 -4.9852e-02 -2.5788e-01 +6.6691e-01 +5.6032e-02 +5.7688e-01 -3.5807e-01 -2.1110e+00 +1.2187e-01 +7.2962e-01 -3.7848e-01
354 0 +1.494083637e+03 +1.496833637e+03 +1.496833637e+03 +3.7652e-01 -1.0028e+00 +1.5109e+00 -2.5558e-02 -4.0768e-01 +1.2326e+00 +2.9436e-01 -1.4455e+00 +1.6692e+00 +6.7138e-03
812 0 +8.563668486e+02 +8.591168486e+02 +8.591168486e+02 -3.7718e-02 -2.3526e-01 +6.9881e-01 +1.2712e-01 +5.8649e-01 -3.2254e-01 -1.2534e+00 +6.7864e-03 +9.2277e-01 -4.1101e-01
% f evaluations | g evaluations | best noise-free fitness - Fopt (-4.681000000000e+01) + sum g_i+ | measured fitness | best measured fitness or single-digit g-values | x1 | x2...
1 0 +1.094782592e+05 +1.094314492e+05 +1.094314492e+05 +6.2066e-01 -3.0396e+00 +1.0204e+00 +4.5958e-01 -3.1054e+00 -3.2484e-01 +1.1708e+00 -4.0099e+00 -4.9516e+00 +2.2113e+00
3 0 +5.806040463e+04 +5.801359463e+04 +5.801359463e+04 +1.8866e+00 +4.5683e+00 -1.4488e+00 +3.2796e+00 +6.9913e-02 -4.5319e+00 +4.8691e+00 -3.4161e-01 +1.9449e+00 +1.7513e+00
21 0 +1.452232761e+04 +1.447551761e+04 +1.447551761e+04 -3.6921e+00 -1.4621e+00 +4.0538e-01 +3.3814e+00 -7.0740e-02 +2.8205e+00 -3.1872e+00 -3.8692e-01 -9.6223e-02 +8.9434e-01
53 0 +1.056938537e+04 +1.052257537e+04 +1.052257537e+04 -3.4297e+00 -1.2255e+00 +5.8555e-01 +3.2239e+00 -3.3792e-02 +2.6803e+00 -2.8427e+00 -3.7225e-01 -5.1818e-02 +6.4327e-01
55 0 +9.576566435e+03 +9.529756435e+03 +9.529756435e+03 +2.8159e+00 +3.0800e+00 +8.0813e-01 -2.7135e+00 -3.2896e+00 -2.5957e+00 +3.2205e+00 -4.4654e+00 -4.7517e-01 +5.6638e-01
105 0 +6.257405315e+03 +6.210595315e+03 +6.210595315e+03 -2.5848e+00 -1.4236e+00 +1.0302e+00 +2.6661e+00 +4.5914e-01 +2.0022e+00 -2.1273e+00 -8.8207e-01 +8.5940e-02 +8.9871e-02
106 0 +4.385619590e+03 +4.338809590e+03 +4.338809590e+03 -2.5000e+00 -3.8728e-01 +1.2239e+00 +2.6661e+00 +9.7121e-02 +2.1836e+00 -1.6219e+00 -3.2028e-01 +1.0551e-01 -2.4634e-01
403 0 +4.306952713e+03 +4.260142713e+03 +4.260142713e+03 -1.9618e+00 +1.6538e-01 +1.6110e+00 +2.4674e+00 +2.0597e-01 +2.0472e+00 -1.1944e+00 -3.8111e-01 +9.5968e-02 -5.3944e-01
457 0 +3.771032022e+03 +3.724222022e+03 +3.724222022e+03 -1.3081e+00 +6.2345e-01 +2.0166e+00 +2.0355e+00 +2.2470e-01 +1.7042e+00 -5.7618e-01 -4.3648e-01 +2.6042e-01 -1.1616e+00
507 0 +2.638471702e+03 +2.591661702e+03 +2.591661702e+03 -1.3994e+00 +8.1456e-01 +1.6982e+00 +1.7545e+00 +1.4522e-01 +1.3540e+00 -6.2584e-01 -5.5643e-01 +4.6522e-01 -9.1607e-01
654 0 +2.158944116e+03 +2.112134116e+03 +2.112134116e+03 -1.4414e+00 +6.4917e-01 +1.9694e+00 +1.3516e+00 +2.6979e-01 +1.7305e+00 -4.3691e-01 -3.2850e-01 +2.1231e-01 -1.1009e+00
864 0 +1.250676745e+03 +1.203866745e+03 +1.203866745e+03 -1.3988e+00 +5.7846e-01 +1.9381e+00 +2.0882e-01 +2.2889e-01 +1.7826e+00 -7.3873e-01 -4.4131e-01 +2.2353e-01 -2.2475e-01
911 0 +1.142196273e+03 +1.095386273e+03 +1.095386273e+03 -1.3988e+00 +5.7846e-01 +1.9381e+00 +4.8890e-03 +2.2889e-01 +1.7826e+00 -7.3873e-01 -4.4131e-01 +2.2353e-01 -2.2475e-01
% f evaluations | g evaluations | best noise-free fitness - Fopt (6.134000000000e+01) + sum g_i+ | measured fitness | best measured fitness or single-digit g-values | x1 | x2...
1 0 +5.758621890e+04 +5.764755890e+04 +5.764755890e+04 +1.5633e+00 -1.5942e+00 -5.8343e-01 +6.7980e-01 -5.3298e-01 +4.5663e+00 -5.8365e-01 -4.0412e+00 -2.8564e+00 +2.1877e+00
4 0 +2.950117989e+04 +2.956251989e+04 +2.956251989e+04 +4.8167e-01 -4.0608e+00 +2.8788e+00 -1.0298e+00 -6.8266e-01 -9.7485e-01 +2.2871e+00 +1.0662e+00 +2.0220e+00 +2.4187e+00
11 0 +5.781570577e+03 +5.842910577e+03 +5.842910577e+03 +1.4144e+00 +2.0874e+00 -2.8914e+00 -1.0736e+00 -5.8438e-01 +2.1187e+00 +2.6217e+00 +1.4612e+00 -1.1364e+00 +8.3070e-01
103 0 +5.407009922e+03 +5.468349922e+03 +5.468349922e+03 +1.4664e+00 +1.9567e+00 -2.8699e+00 -1.1536e+00 -5.1432e-01 +2.1804e+00 +2.5360e+00 +1.3524e+00 -1.1062e+00 +9.0528e-01
114 0 +5.258307037e+03 +5.319647037e+03 +5.319647037e+03 +1.5171e+00 -1.8690e+00 -2.4212e+00 -1.7200e+00 +1.3325e+00 +2.0880e+00 +4.9741e-01 -1.9239e+00 +9.5549e-02 +7.6197e-01
253 0 +5.092185126e+03 +5.153525126e+03 +5.153525126e+03 -2.0700e-02 +2.5923e+00 -2.2724e+00 -2.5755e-01 -1.5875e+00 +1.8701e+00 +2.0196e+00 +8.1758e-01 +5.5286e-01 +2.1791e-01
304 0 +3.686599339e+03 +3.747939339e+03 +3.747939339e+03 -1.1563e+00 -9.0862e-01 -2.0434e+00 -1.3579e+00 -1.2190e+00 +9.1908e-01 +1.8624e+00 +6.4404e-01 -1.1254e-02 -1.7746e+00
359 0 +2.874731673e+03 +2.936071673e+03 +2.936071673e+03 -1.4796e+00 -1.0891e+00 -1.2929e+00 -6.2671e-01 -1.1020e+00 +6.3944e-02 +1.5062e+00 +7.5651e-01 -3.3875e-06 -1.1951e+00
361 0 +1.521418270e+03 +1.582758270e+03 +1.582758270e+03 -1.1563e+00 -9.0862e-01 -2.0434e+00 -1.3579e+00 -1.2190e+00 +9.1908e-01 +1.8624e+00 +6.4404e-01 -1.1254e-02 -6.6776e-01
407 0 +1.059817126e+03 +1.121157126e+03 +1.121157126e+03 +1.4003e-02 +3.9032e-02 -4.9139e-01 -9.4378e-01 -7.0651e-01 -1.1885e-01 +6.1667e-01 +1.6312e+00 -6.0430e-02 -6.9334e-01
658 0 +9.869376651e+02 +1.048277665e+03 +1.048277665e+03 -1.1112e+00 -1.2797e+00 -6.0699e-01 +1.0638e-01 -4.0440e-02 +4.9444e-01 +1.8349e-01 +1.3599e-01 +4.2092e-01 -1.0883e+00
757 0 +4.241397685e+02 +4.854797685e+02 +4.854797685e+02 -2.1557e-01 +2.4952e-01 -1.6042e+00 +2.7213e-01 -3.1366e-01 +8.9306e-01 +1.4763e+00 +8.3489e-01 -3.8939e-01 +3.6434e-01
