% f evaluations | g evaluations | best noise-free fitness - Fopt (-1.694000000000e+01) + sum g_i+ | measured fitness | best measured fitness or single-digit g-values | x1 | x2...
1 0 +2.194037340e+01 +5.000373398e+00 +5.000373398e+00 +1.0914e+00 +1.2222e+00 -4.0476e+00 -3.3340e-03 +1.4962e+00 +1.9466e+00 -1.4757e-01 +1.4377e-02 -3.8036e+00 -3.8699e+00
6 0 +1.836214852e+01 +1.422148519e+00 +1.422148519e+00 +9.0116e-01 +2.9358e+00 +1.4628e+00 -3.7152e+00 +1.3238e+00 -4.9203e+00 +1.4299e+00 +1.3265e+00 +1.1379e+00 -4.5277e+00
52 0 +1.639987969e+01 -5.401203076e-01 -5.401203076e-01 +9.9845e-01 +2.5573e+00 -3.9736e+00 +1.4493e-01 +3.6485e+00 -1.5260e+00 -4.1022e+00 +2.7590e+00 +3.2586e+00 -1.6018e+00
54 0 +1.612639469e+01 -8.136053078e-01 -8.136053078e-01 +8.1035e-01 +2.7550e+00 -2.3304e+00 -1.0510e+00 +2.9705e+00 -2.9044e+00 -2.3478e+00 +2.4794e+00 +2.7351e+00 -2.7777e+00
104 0 +1.569285274e+01 -1.247147264e+00 -1.247147264e+00 +9.0475e-01 +3.1008e+00 -1.5934e+00 -1.3984e+00 +1.7557e+00 -2.4924e+00 -1.0359e+00 +2.3795e+00 +2.2598e+00 -2.3358e+00
106 0 +1.268281575e+01 -4.257184254e+00 -4.257184254e+00 +9.4633e-01 +2.0134e+00 -3.1613e+00 -5.4271e-01 +2.2571e+00 -5.5718e-01 -1.2832e+00 +1.2867e+00 -4.2871e-01 -3.3062e+00
157 0 +9.239756191e+00 -7.700243809e+00 -7.700243809e+00 +1.0194e+00 +1.9468e+00 -3.1011e+00 -5.4138e-01 +1.5963e+00 +2.3457e-01 -4.9018e-01 +9.2658e-01 -1.4651e+00 -3.2782e+00
760 0 +9.105389338e+00 -7.834610662e+00 -7.834610662e+00 +9.3788e-01 +1.9663e+00 -3.1187e+00 -5.4177e-01 +1.7901e+00 +2.3296e-03 -7.2280e-01 +1.0322e+00 -1.1611e+00 -3.2864e+00
808 0 +8.489930912e+00 -8.450069088e+00 -8.450069088e+00 +1.0912e+00 +1.9783e+00 -2.1580e+00 -1.0404e+00 +7.6643e-01 -2.6372e-01 +1.7728e-01 +1.2578e+00 -6.6035e-01 -2.6204e+00
% f evaluations | g evaluations | best noise-free fitness - Fopt (1.881000000000e+01) + sum g_i+ | measured fitness | best measured fitness or single-digit g-values | x1 | x2...
1 0 +2.357465474e+01 +4.238465474e+01 +4.238465474e+01 -1.9453e+00 -1.3636e+00 -3.9849e+00 -9.2141e-01 -3.5904e-01 +6.7335e-01 -6.5661e-01 +4.8479e+00 +4.2786e+00 -2.3936e+00
4 0 +1.485751491e+01 +3.366751491e+01 +3.366751491e+01 -1.5188e+00 -1.9909e-01 -1.2329e+00 -3.3820e+00 -1.0779e+00 -3.5773e+00 -2.9114e+00 +2.9731e+00 +2.8741e+00 +1.8604e-01
6 0 +1.419988242e+01 +3.300988242e+01 +3.300988242e+01 -3.1500e+00 +1.9291e+00 -6.8183e-01 +2.6179e+00 -6.6380e-01 -2.6647e+00 +2.6764e+00 -3.5978e+00 -1.2141e+00 +1.0362e+00
8 0 +1.175409084e+01 +3.056409084e+01 +3.056409084e+01 -1.0626e+00 +4.3214e+00 +1.8612e+00 -3.5913e-01 +3.4776e+00 -9.0966e-01 +1.3778e+00 +1.9576e-01 -8.7909e-01 +4.9508e+00
41 0 +1.032699820e+01 +2.913699820e+01 +2.913699820e+01 +2.8765e+00 -2.9472e-01 +3.1349e-01 +3.8180e+00 +2.6239e+00 +4.1164e+00 -5.2534e-01 +3.8244e+00 +3.9402e-01 +3.3202e-01
53 0 +9.114980803e+00 +2.792498080e+01 +2.792498080e+01 +2.7489e+00 -1.4817e+00 +2.5808e+00 -3.2436e+00 +1.5658e+00 -7.1803e-01 +2.8280e+00 -2.5946e+00 -6.9829e-01 -1.1090e-01
58 0 +7.842252429e+00 +2.665225243e+01 +2.665225243e+01 +2.1125e+00 -1.2797e-02 +1.8731e-01 +3.6659e+00 +2.2071e+00 +3.2567e+00 -1.1944e-01 +2.8834e+00 +1.9015e-01 +4.2129e-01
152 0 +7.652591332e+00 +2.646259133e+01 +2.646259133e+01 +3.9391e+00 +1.0864e+00 +1.8772e+00 -4.9743e-02 +2.8642e+00 -1.9661e+00 -2.6753e+00 +2.7571e+00 -1.1349e+00 +1.4435e+00
153 0 +6.082378393e+00 +2.489237839e+01 +2.489237839e+01 +3.4273e+00 +3.2162e-01 +1.4778e+00 +7.9441e-01 +2.6502e+00 +2.7195e-01 -1.2765e+00 +2.4615e+00 -5.4994e-01 +8.3623e-01
553 0 +5.772160032e+00 +2.458216003e+01 +2.458216003e+01 +2.4312e+00 +3.8020e-01 +2.6763e-01 +1.9271e+00 +1.5873e+00 +2.7834e+00 -6.5569e-02 +2.6487e+00 +6.9063e-02 +1.0779e+00
613 0 +5.576598337e+00 +2.438659834e+01 +2.438659834e+01 +2.8968e+00 +3.2162e-01 +1.4778e+00 +7.9441e-01 +2.6502e+00 +2.7195e-01 -1.2765e+00 +2.4615e+00 -5.4994e-01 +8.3623e-01
% f evaluations | g evaluations | best noise-free fitness - Fopt (2.731500000000e+02) + sum g_i+ | measured fitness | best measured fitness or single-digit g-values | x1 | x2...
1 0 +2.178477941e+01 +2.949347794e+02 +2.949347794e+02 -5.7141e-01 -4.2586e-01 -3.1749e+00 -4.2793e+00 -1.0185e+00 -4.1809e+00 +2.1068e-01 -4.6412e+00 -1.0318e+00 -1.8564e+00
5 0 +2.122344771e+01 +2.943734477e+02 +2.943734477e+02 -4.0557e+00 +9.7527e-01 -4.6297e+00 -3.1177e+00 -3.7992e-01 -1.4936e+00 -1.0338e+00 -3.8973e-01 -5.6021e-01 +1.6801e+00
12 0 +1.840321920e+01 +2.915532192e+02 +2.915532192e+02 -3.4362e+00 +4.1542e+00 +1.6161e+00 +1.4455e-01 +4.8404e+00 +9.8873e-01 -3.1673e+00 +2.6747e-01 -2.3683e+00 +4.4436e+00
14 0 +1.053605691e+01 +2.836860569e+02 +2.836860569e+02 -3.6495e+00 -1.4646e+00 -2.4382e+00 +3.2535e+00 +2.3412e+00 -1.1389e+00 -2.4648e+00 -3.0730e+00 -9.0395e-01 -1.2827e-02
53 0 +8.455058646e+00 +2.816050586e+02 +2.816050586e+02 -2.3749e+00 +2.8977e+00 +3.0411e-01 +4.0768e-01 +2.1164e+00 -5.8655e-01 +1.5766e+00 -3.9345e+00 +1.3266e+00 -5.8648e-01
104 0 +7.905459222e+00 +2.810554592e+02 +2.810554592e+02 -2.5519e+00 +2.1111e+00 -8.7244e-02 +7.5112e-01 +2.2417e+00 -7.3211e-01 +1.1046e+00 -3.7104e+00 +1.0834e+00 -5.8924e-01
255 0 +7.574184471e+00 +2.807241845e+02 +2.807241845e+02 -3.0007e+00 +1.1628e-01 -1.0798e+00 +1.6221e+00 +2.5597e+00 -9.1159e-01 -9.2365e-02 -3.1419e+00 +4.6646e-01 -5.9626e-01
356 0 +6.933804211e+00 +2.800838042e+02 +2.800838042e+02 -3.1855e+00 -7.0494e-01 -1.4884e+00 +1.9807e+00 +1.1583e+00 -1.2393e+00 -5.8512e-01 -2.9079e+00 +2.1250e-01 -5.9915e-01
508 0 +6.767636562e+00 +2.799176366e+02 +2.799176366e+02 -3.1640e+00 -6.0914e-01 -1.4407e+00 +1.9389e+00 +1.1955e+00 -1.2202e+00 -5.2763e-01 -2.9352e+00 +2.4212e-01 -5.9881e-01
664 0 +6.586266752e+00 +2.797362668e+02 +2.797362668e+02 -3.0237e+00 +1.4466e-02 -1.1305e+00 +1.6666e+00 +2.3859e+00 -9.5222e-01 -1.5345e-01 -3.1129e+00 +4.3498e-01 -6.8900e-02
704 0 +6.409575382e+00 +2.795595754e+02 +2.795595754e+02 -3.0370e+00 -4.4990e-02 -1.1600e+00 +1.6926e+00 +2.2845e+00 -9.7595e-01 -1.8913e-01 -3.0959e+00 +4.1659e-01 -1.1399e-01
911 0 +6.174844751e+00 +2.793248448e+02 +2.793248448e+02 -3.0066e+00 -4.4990e-02 -1.1600e+00 +1.6926e+00 +2.2845e+00 -9.7595e-01 -3.6766e-02 -3.0959e+00 +4.1659e-01 -1.1399e-01
1007 0 +6.100633945e+00 +2.792506339e+02 +2.792506339e+02 -3.0125e+00 -4.5328e-02 -1.1602e+00 +1.6927e+00 +2.2839e+00 -9.7608e-01 -6.5865e-02 -3.0958e+00 +4.1649e-01 -1.1433e-01
% f evaluations | g evaluations | best noise-free fitness - Fopt (3.718000000000e+01) + sum g_i+ | measured fitness | best measured fitness or single-digit g-values | x1 | x2...
1 0 +4.749760755e+01 +8.467760755e+01 +8.467760755e+01 -4.8459e+00 -6.6753e-01 -4.5848e+00 +4.4886e+00 -7.0661e-01 +2.9990e+00 -1.2114e-01 -1.8835e+00 -3.4611e+00 +2.9370e+00
2 0 +3.030783253e+01 +6.748783253e+01 +6.748783253e+01 -1.3849e+00 -3.0234e+00 +3.9597e+00 +1.5979e+00 -3.8766e+00 +2.3821e-01 +3.7786e+00 +3.2268e+00 -3.6059e+00 +2.6236e+00
4 0 +2.827096740e+01 +6.545096740e+01 +6.545096740e+01 +4.6367e+00 -3.1310e+00 +1.6215e+00 +8.0418e-01 -6.4085e-01 +2.3449e-02 +1.4914e+00 -2.9016e+00 -3.6330e+00 -1.0574e+00
7 0 +1.543469511e+01 +5.261469511e+01 +5.261469511e+01 -8.0892e-01 +1.8729e-02 +3.4513e+00 +4.4505e+00 -4.8479e+00 +2.6007e+00 -4.3519e+00 -4.3151e+00 -3.1385e+00 +4.1573e+00
39 0 +1.435584057e+01 +5.153584057e+01 +5.153584057e+01 -3.0326e+00 -2.2160e+00 +4.5553e+00 +5.2970e-01 +2.6004e+00 -2.6702e+00 -3.5730e+00 -2.3430e+00 -9.0280e-01 +4.2182e+00
54 0 +1.333101575e+01 +5.051101575e+01 +5.051101575e+01 +1.9928e+00 +2.1857e+00 +1.6288e+00 +1.1005e+00 -2.5832e+00 -2.6549e+00 -1.9848e-01 -3.3825e+00 +2.9117e+00 -6.7796e-01
58 0 +1.195852605e+01 +4.913852605e+01 +4.913852605e+01 -2.3995e+00 -5.0266e-01 +6.3528e-01 +3.6399e-01 -1.8056e+00 -2.2667e+00 -2.4191e+00 +1.5691e+00 -4.9635e-01 +1.6268e+00
108 0 +1.077619272e+01 +4.795619272e+01 +4.795619272e+01 +1.5793e+00 +2.5100e+00 +1.4789e+00 +2.4596e+00 -3.2981e+00 +6.3764e-01 +1.5531e-01 -2.6138e+00 +2.3033e+00 +1.7970e+00
209 0 +7.469136047e+00 +4.464913605e+01 +4.464913605e+01 +3.4743e-01 +2.5816e+00 +1.5578e+00 +2.2378e+00 -3.2100e+00 +8.0293e-01 -7.0122e-01 -1.2786e+00 +1.0761e+00 +1.7112e+00
261 0 +7.097153523e+00 +4.427715352e+01 +4.427715352e+01 +3.1788e-01 +7.0935e-02 +1.4789e+00 +2.4596e+00 -3.2981e+00 +6.3764e-01 +1.5531e-01 -2.6138e+00 +2.3033e+00 +1.7970e+00
358 0 +6.601986254e+00 +4.378198625e+01 +4.378198625e+01 +2.7041e-01 +6.9683e-01 +1.4985e+00 +2.4043e+00 -3.2762e+00 +6.7885e-01 -5.8219e-02 -2.2810e+00 +1.9974e+00 +1.7756e+00
613 0 +6.270097595e+00 +4.345009759e+01 +4.345009759e+01 +2.7041e-01 +6.9683e-01 +1.4638e+00 +2.4043e+00 -3.2762e+00 +6.7885e-01 -5.8219e-02 -2.2810e+00 +1.9974e+00 +1.7756e+00
711 0 +6.128634268e+00 +4.330863427e+01 +4.330863427e+01 +3.1788e-01 +7.0935e-02 +1.4789e+00 +2.4596e+00 -3.2981e+00 +6.3764e-01 +1.5531e-01 -2.6138e+00 +2.1394e+00 +1.7970e+00
863 0 +5.795576052e+00 +4.297557605e+01 +4.297557605e+01 +3.0867e-01 +7.2811e-01 +1.5040e+00 +2.4159e+00 -8.6214e-01 +6.8719e-01 -4.3176e-02 -2.3025e+00 +2.0155e+00 +1.0280e+00
% f evaluations | g evaluations | best noise-free fitness - Fopt (-1.479000000000e+02) + sum g_i+ | measured fitness | best measured fitness or single-digit g-values | x1 | x2...
1 0 +2.334890693e+01 -1.245510931e+02 -1.245510931e+02 +4.1481e+00 -1.1687e+00 +2.9453e+00 -2.3804e-01 +2.4396e+00 -1.5185e+00 +3.3734e+00 +3.2394e-01 -3.2936e+00 -4.5806e+00
3 0 +1.499054980e+01 -1.329094502e+02 -1.329094502e+02 +5.3832e-01 +3.9140e+00 -1.6860e+00 -4.4143e+00 -4.6086e+00 +4.0703e+00 +3.0074e-01 -4.8194e+00 +2.2426e+00 -3.5855e+00
22 0 +1.394121872e+01 -1.339587813e+02 -1.339587813e+02 -2.5372e+00 +1.5021e-02 -1.9595e+00 -3.3316e-02 -1.1757e-01 -9.4468e-01 -2.8794e+00 -1.3328e+00 -3.7988e+00 -3.6531e+00
30 0 +1.304036512e+01 -1.348596349e+02 -1.348596349e+02 -4.2046e+00 -6.9330e-01 +1.5437e+00 -1.5772e+00 -9.0947e-01 +1.1988e+00 +4.1886e+00 +6.8065e-01 +1.9438e-01 +1.2775e-01
38 0 +1.233803871e+01 -1.355619613e+02 -1.355619613e+02 +1.9980e+00 +3.9943e+00 -1.7333e-01 -1.9924e+00 -2.8283e+00 -2.0703e+00 +2.5159e-01 -4.7023e+00 +4.0524e-01 -9.8225e-01
47 0 +1.027761163e+01 -1.376223884e+02 -1.376223884e+02 +1.4059e+00 -2.6448e+00 -2.4145e+00 -4.3078e+00 -8.6934e-01 +3.2369e+00 -7.0067e-01 -1.4025e+00 -4.0321e+00 +4.7568e+00
49 0 +9.326818612e+00 -1.385731814e+02 -1.385731814e+02 +2.3644e+00 +2.5673e+00 -1.8513e+00 -4.1145e+00 -1.3743e+00 +2.9352e+00 -1.8074e+00 +2.5557e+00 -3.0843e+00 +1.5209e+00
55 0 +6.412976284e+00 -1.414870237e+02 -1.414870237e+02 +8.1116e-01 +1.9339e+00 +3.2359e+00 -2.0123e+00 -3.1350e+00 -7.4041e-01 +1.7966e+00 -1.7244e+00 +6.8319e-01 -8.0843e-01
107 0 +5.261816252e+00 -1.426381837e+02 -1.426381837e+02 +3.1724e-01 +1.5976e+00 +6.5365e-01 -2.8164e+00 -1.8612e+00 +1.2914e+00 +7.9952e-01 +6.7564e-01 -1.0520e+00 +4.1133e-01
310 0 +5.177470578e+00 -1.427225294e+02 -1.427225294e+02 +2.9374e-01 +1.8216e+00 -3.0852e-01 -2.4095e+00 -7.4526e-01 +1.6143e+00 +1.7964e-02 -7.8386e-02 -8.4948e-01 +3.4988e-01
453 0 +4.875471061e+00 -1.430245289e+02 -1.430245289e+02 +3.0476e-01 +1.6934e+00 +2.2993e-01 -2.6376e+00 -1.3670e+00 +1.4381e+00 +4.5525e-01 +3.4911e-01 -9.6396e-01 +4.0701e-01
505 0 +4.688869062e+00 -1.432111309e+02 -1.432111309e+02 +3.0393e-01 +1.6926e+00 +2.0203e-01 -2.6259e+00 -1.3344e+00 +1.4478e+00 +4.3257e-01 +3.2760e-01 -9.5816e-01 +4.0673e-01
812 0 +3.945083379e+00 -1.439549166e+02 -1.439549166e+02 +3.0393e-01 +1.6926e+00 +2.0203e-01 -5.1531e-01 -1.3344e+00 +1.4478e+00 +4.3257e-01 +3.2760e-01 -9.5816e-01 +4.0673e-01
% f evaluations | g evaluations | best noise-free fitness - Fopt (4.817100000000e+02) + sum g_i+ | measured fitness | best measured fitness or single-digit g-values | x1 | x2...
1 0 +1.980183871e+02 +6.797283871e+02 +6.797283871e+02 -4.7983e+00 +1.1292e+00 +4.3931e+00 -3.8556e+00 +2.1749e+00 -4.5862e+00 -1.6526e+00 -2.5753e+00 +1.7484e+00 +5.2588e-01
2 0 +3.279461475e+01 +5.145046147e+02 +5.145046147e+02 +4.0961e+00 -3.4816e+00 +2.1529e+00 -9.8446e-01 +1.5433e+00 +3.1886e+00 -3.1239e+00 -3.9158e+00 -3.5773e+00 -3.4527e+00
13 0 +1.089303989e+01 +4.926030399e+02 +4.926030399e+02 +2.5900e+00 -1.2623e+00 -4.1361e+00 +4.4878e+00 -2.4603e+00 -2.5374e+00 -8.1919e-01 -4.6389e+00 -2.2693e+00 +2.3911e+00
158 0 +1.052348761e+01 +4.922334876e+02 +4.922334876e+02 +1.8262e+00 -3.1934e+00 -2.4002e-01 -1.6954e-01 -4.4109e-01 -3.7734e+00 +1.6907e+00 -4.4513e+00 +1.8594e+00 -1.0564e-01
159 0 +6.440690876e+00 +4.881506909e+02 +4.881506909e+02 +2.2094e+00 -2.2246e+00 -2.1947e+00 +2.1671e+00 -1.4541e+00 -3.1533e+00 +4.3150e-01 -4.5454e+00 -2.1199e-01 +1.1469e+00
204 0 +5.564533763e+00 +4.872745338e+02 +4.872745338e+02 +2.1881e+00 -1.7138e+00 -3.0234e+00 +4.0272e+00 -2.0922e+00 -2.4330e+00 -9.7754e-01 -3.3810e+00 -1.8536e+00 +1.7162e+00
253 0 +4.760679017e+00 +4.864706790e+02 +4.864706790e+02 +2.3131e+00 -1.1528e+00 -2.8024e+00 +2.9206e+00 -1.5663e+00 -2.3840e+00 -1.2823e+00 -2.5946e+00 -2.2947e+00 +8.1508e-01
306 0 +4.476440728e+00 +4.861864407e+02 +4.861864407e+02 +1.6497e+00 -2.6247e+00 -9.8285e-01 +2.0014e+00 -9.6960e-01 -3.0611e+00 -1.7535e-01 -1.5378e+00 -2.3260e-01 +9.8786e-02
556 0 +4.376326811e+00 +4.860863268e+02 +4.860863268e+02 +1.8767e+00 -2.3339e+00 -1.6349e+00 +2.5308e+00 -1.2782e+00 -2.9731e+00 -3.6403e-01 -2.2073e+00 -6.5359e-01 +5.1342e-01
611 0 +3.902379716e+00 +4.856123797e+02 +4.856123797e+02 +2.3121e+00 -1.2172e+00 -2.8474e+00 +3.0244e+00 -1.6229e+00 -2.4206e+00 -1.1979e+00 -2.7328e+00 -2.2141e+00 +6.8620e-01
652 0 +3.647067438e+00 +4.853570674e+02 +4.853570674e+02 +2.2957e+00 -1.2014e+00 -2.8199e+00 +3.0137e+00 -1.6186e+00 -2.3992e+00 -1.1995e+00 -2.7023e+00 -2.2242e+00 +6.9208e-01
654 0 +2.783040022e+00 +4.844930400e+02 +4.844930400e+02 +1.8480e+00 -2.3310e+00 -1.5348e+00 +2.4471e+00 -1.2317e+00 -2.9621e+00 -3.5194e-01 -2.0883e+00 -6.2361e-01 +4.5445e-01
906 0 +2.646699732e+00 +4.843566997e+02 +4.843566997e+02 +1.8419e+00 -2.3304e+00 -1.5136e+00 +2.4294e+00 -1.2219e+00 -2.9598e+00 -3.4938e-01 -2.0631e+00 -6.1727e-01 +4.4198e-01
% f evaluations | g evaluations | best noise-free fitness - Fopt (-3.646000000000e+01) + sum g_i+ | measured fitness | best measured fitness or single-digit g-values | x1 | x2...
1 0 +4.294694141e+01 +6.486941412e+00 +6.486941412e+00 -4.9288e+00 +2.4198e+00 -1.1212e+00 -4.0871e+00 -3.4588e+00 +4.8864e+00 +3.1880e+00 +4.5950e+00 -4.7599e-01 -9.2956e-01
6 0 +3.306265034e+01 -3.397349659e+00 -3.397349659e+00 -2.5023e-01 +3.6722e+00 -1.6554e-01 +3.6379e+00 -3.8074e+00 +2.3676e+00 +1.9081e+00 +1.0772e+00 -1.6555e+00 +3.0714e+00
7 0 +1.945431177e+01 -1.700568823e+01 -1.700568823e+01 -2.3938e+00 -3.9858e+00 -4.7495e+00 +3.5768e+00 -1.2533e+00 +2.7666e+00 +4.4140e+00 +2.8286e+00 +1.4282e+00 -2.5908e+00
17 0 +7.768051894e+00 -2.869194811e+01 -2.869194811e+01 -4.8042e-01 -2.0362e+00 -4.5525e+00 +3.3259e+00 +3.6289e+00 +3.5944e+00 +4.5912e+00 +9.6142e-01 -3.3613e+00 -2.3846e+00
53 0 +7.623346132e+00 -2.883665387e+01 -2.883665387e+01 -5.7093e-01 -2.1285e+00 -4.5618e+00 +3.3377e+00 +3.3979e+00 +3.5552e+00 +4.5828e+00 +1.0497e+00 -3.1348e+00 -2.3943e+00
56 0 +7.479362447e+00 -2.898063755e+01 -2.898063755e+01 -6.5082e-01 -2.0085e+00 -4.4764e+00 +3.3193e+00 +3.6348e+00 +3.3902e+00 +4.4545e+00 +8.8409e-01 -3.1305e+00 -2.1761e+00
513 0 +6.987717376e+00 -2.947228262e+01 -2.947228262e+01 -6.5082e-01 -2.0085e+00 -4.4764e+00 +3.3193e+00 +3.6348e+00 +2.3279e+00 +4.4404e+00 +8.8409e-01 -3.1305e+00 -2.1761e+00
703 0 +6.848762785e+00 -2.961123722e+01 -2.961123722e+01 -6.3308e-01 -2.0351e+00 -4.4954e+00 +3.3234e+00 +3.5822e+00 +2.8188e+00 +4.4748e+00 +9.2088e-01 -3.1315e+00 -2.2246e+00
706 0 +5.945814860e+00 -3.051418514e+01 -3.051418514e+01 -6.2861e-01 -1.2463e+00 -4.5001e+00 +3.3244e+00 +3.5689e+00 +2.9425e+00 +4.4835e+00 +9.3014e-01 -3.1317e+00 -2.2368e+00
707 0 +5.825115286e+00 -3.063488471e+01 -3.063488471e+01 -6.3154e-01 -1.3470e+00 -4.4970e+00 +3.3238e+00 +3.5776e+00 +2.8613e+00 +4.4778e+00 +9.2406e-01 -3.1316e+00 -2.2288e+00
911 0 +5.251800459e+00 -3.120819954e+01 -3.120819954e+01 -6.4463e-01 -1.0731e+00 -4.4830e+00 +3.3208e+00 +3.6164e+00 +2.8990e+00 +4.4572e+00 +8.9694e-01 -3.1309e+00 -2.1931e+00
% f evaluations | g evaluations | best noise-free fitness - Fopt (3.920000000000e+01) + sum g_i+ | measured fitness | best measured fitness or single-digit g-values | x1 | x2...
1 0 +1.229853019e+01 +5.149853019e+01 +5.149853019e+01 +4.9779e+00 -1.7098e+00 +4.1758e+00 +2.9056e+00 +1.9481e+00 -3.0073e+00 +4.3026e+00 +1.0906e+00 -4.2542e+00 +1.8888e+00
39 0 +1.213139777e+01 +5.133139777e+01 +5.133139777e+01 +1.3097e-01 +3.8140e+00 +2.7737e+00 +4.7991e+00 +1.3044e+00 +1.5984e+00 +1.8980e-01 -2.8794e+00 -2.4833e+00 +3.3969e+00
54 0 +9.571299419e+00 +4.877129942e+01 +4.877129942e+01 +1.5379e+00 +1.4256e+00 +4.0224e-01 +1.0003e+00 +1.2363e+00 +9.4886e-01 +2.1026e+00 -2.6363e+00 -3.7079e-01 +1.5477e+00
57 0 +8.765965576e+00 +4.796596558e+01 +4.796596558e+01 +1.5640e+00 -1.3155e+00 +2.2154e+00 +6.5660e-01 +1.7462e+00 -2.8680e+00 +2.8103e+00 -1.2997e+00 -7.1643e-02 +9.5752e-01
206 0 +8.577773493e+00 +4.777777349e+01 +4.777777349e+01 +7.2413e-01 +2.8070e+00 +1.7739e+00 +3.1975e+00 +1.2757e+00 +1.1255e+00 +9.9625e-01 -2.7769e+00 -1.5926e+00 +2.6172e+00
552 0 +8.364636045e+00 +4.756463605e+01 +4.756463605e+01 +7.7329e-01 +2.8092e+00 +1.7572e+00 +3.1441e+00 +1.2176e+00 +1.1184e+00 +1.0291e+00 -2.8027e+00 -1.6015e+00 +2.5603e+00
% f evaluations | g evaluations | best noise-free fitness - Fopt (-3.225000000000e+01) + sum g_i+ | measured fitness | best measured fitness or single-digit g-values | x1 | x2...
1 0 +4.429578397e+01 +1.204578397e+01 +1.204578397e+01 +6.4160e-01 -6.5287e-01 -4.7511e+00 +7.9801e-01 +1.5115e+00 -1.2794e-01 -1.9233e+00 -1.0199e+00 +4.1840e+00 -1.6296e+00
10 0 +4.055544695e+01 +8.305446947e+00 +8.305446947e+00 -1.7426e+00 -2.3988e+00 +3.0951e-01 +2.8777e+00 +4.3641e+00 +2.1154e+00 -2.4413e+00 -2.4242e+00 +1.6020e+00 +4.1040e+00
15 0 +1.682608006e+01 -1.542391994e+01 -1.542391994e+01 +1.0456e+00 -3.4565e+00 -1.7198e+00 -4.7047e+00 -4.5338e+00 -3.9389e+00 -3.0298e+00 +1.4141e+00 -4.5188e+00 +1.7190e+00
309 0 +1.655172242e+01 -1.569827758e+01 -1.569827758e+01 +1.8903e-02 -1.0105e+00 -6.6687e-01 -1.2124e+00 +2.2811e+00 -3.2461e+00 -8.4937e-01 -1.9049e+00 -1.3834e+00 -7.1546e-01
357 0 +1.619178465e+01 -1.605821535e+01 -1.605821535e+01 +1.1793e+00 -1.6866e+00 -2.4661e-01 -1.8821e+00 +3.0476e+00 -3.2544e+00 -2.6560e-01 -2.9151e+00 -3.8532e-01 +2.6554e-02
456 0 +1.570614557e+01 -1.654385443e+01 -1.654385443e+01 +1.0136e+00 -2.0675e+00 -7.3024e-01 -2.6499e+00 +4.1905e-01 -3.3560e+00 -1.1570e+00 -1.3184e+00 -1.9417e+00 +6.0184e-01
457 0 +1.269260677e+01 -1.955739323e+01 -1.955739323e+01 +9.5034e-01 -2.2129e+00 -9.1494e-01 -2.9432e+00 -5.8475e-01 -3.3948e+00 -1.4975e+00 -7.0867e-01 -2.5361e+00 +8.2153e-01
507 0 +1.219860647e+01 -2.005139353e+01 -2.005139353e+01 +1.0105e+00 -2.3153e+00 -9.1406e-01 -3.0224e+00 -5.5560e-01 -3.4546e+00 -1.5222e+00 -7.6184e-01 -2.4632e+00 +8.2221e-01
553 0 +1.166264452e+01 -2.058735548e+01 -2.058735548e+01 +8.3012e-01 -2.0779e+00 -8.6909e-01 -2.6931e+00 -3.9556e-02 -3.4167e+00 -1.3998e+00 -9.6979e-01 -2.2668e+00 +5.4247e-01
611 0 +1.068325254e+01 -2.156674746e+01 -2.156674746e+01 +1.0105e+00 -2.3153e+00 -9.1406e-01 -3.0224e+00 -5.5560e-01 -3.4546e+00 -1.5222e+00 -7.0768e-01 -2.4632e+00 +8.2221e-01
1002 0 +1.039593302e+01 -2.185406698e+01 -2.185406698e+01 +1.0102e+00 -2.1954e+00 -9.2689e-01 -3.0480e+00 -6.1798e-01 -3.4614e+00 -1.5452e+00 -6.7983e-01 -2.4962e+00 +8.3612e-01
% f evaluations | g evaluations | best noise-free fitness - Fopt (3.681200000000e+02) + sum g_i+ | measured fitness | best measured fitness or single-digit g-values | x1 | x2...
1 0 +7.245984941e+01 +4.405798494e+02 +4.405798494e+02 +4.9433e+00 -4.9523e+00 -3.3349e+00 +4.9617e+00 -1.7654e+00 +1.0445e+00 +2.6878e+00 +1.1740e+00 -3.1766e-01 +2.3593e+00
2 0 +4.200909728e+01 +4.101290973e+02 +4.101290973e+02 +6.6926e-01 +3.8461e+00 -1.8036e+00 +7.6366e-01 +2.1038e+00 -4.5520e+00 -8.0704e-01 +7.9436e-01 +4.0309e+00 -8.6030e-01
4 0 +1.620120510e+01 +3.843212051e+02 +3.843212051e+02 -1.7668e+00 -1.2737e+00 +5.0125e-01 -2.9573e+00 +4.3607e+00 -9.9685e-01 +2.9432e+00 -2.1715e+00 +1.2934e+00 -2.4903e+00
14 0 +1.326164178e+01 +3.813816418e+02 +3.813816418e+02 -3.9336e+00 +1.8254e+00 +2.3519e+00 -7.4869e-01 +2.0277e+00 -2.8443e+00 +1.6305e+00 -3.0195e-01 +2.3561e-01 -4.8648e+00
53 0 +1.176716000e+01 +3.798871600e+02 +3.798871600e+02 -3.9055e+00 +1.7299e+00 -1.6970e+00 -3.6938e-01 +3.9073e+00 -2.0392e+00 +2.4026e+00 -1.1666e+00 +4.7649e+00 +1.7332e+00
55 0 +8.484733969e+00 +3.766047340e+02 +3.766047340e+02 -2.4259e+00 +2.7423e-01 +1.0633e+00 -3.2848e+00 +4.5324e+00 -1.2597e+00 +8.7009e-01 -2.0930e+00 +2.9419e-01 -2.6778e+00
102 0 +7.652710967e+00 +3.757727110e+02 +3.757727110e+02 -2.8763e+00 +5.8022e-01 +3.2652e-02 -2.1047e+00 +4.3448e+00 -1.7549e+00 +1.4915e+00 -1.9083e+00 +1.6819e+00 -1.0951e+00
159 0 +7.309577251e+00 +3.754295773e+02 +3.754295773e+02 -2.5963e+00 +1.4270e+00 +1.2078e+00 -2.8342e+00 +3.0846e+00 -6.9668e-01 -1.3048e+00 -1.6337e+00 -4.9423e-01 -3.0627e+00
206 0 +7.068891588e+00 +3.751888916e+02 +3.751888916e+02 -2.8883e+00 +5.8430e-01 +4.7289e-02 -2.1007e+00 +4.3296e+00 -1.7518e+00 +1.4904e+00 -1.8865e+00 +1.6321e+00 -1.1230e+00
354 0 +6.640594013e+00 +3.747605940e+02 +3.747605940e+02 -2.9220e+00 +8.6010e-01 +9.4155e-01 -2.5313e+00 +3.6815e+00 -1.2395e+00 +4.3424e-01 -1.4247e+00 -3.3372e-01 -2.6507e+00
559 0 +6.587401569e+00 +3.747074016e+02 +3.747074016e+02 -2.9220e+00 +8.6010e-01 +7.4625e-01 -2.5313e+00 +3.6815e+00 -1.2395e+00 +4.3424e-01 -1.4247e+00 -3.3372e-01 -2.6507e+00
653 0 +6.174927011e+00 +3.742949270e+02 +3.742949270e+02 -2.6546e+00 +1.3256e+00 +1.1601e+00 -2.7800e+00 +3.1914e+00 -7.9382e-01 -9.9359e-01 -1.5697e+00 -1.5241e-01 -2.9890e+00
1012 0 +5.819775721e+00 +3.739397757e+02 +3.739397757e+02 -2.6546e+00 +1.3256e+00 +1.1601e+00 -2.7800e+00 +3.1914e+00 -7.9382e-01 -9.9359e-01 -1.5697e+00 -3.2448e-02 -2.9890e+00
% f evaluations | g evaluations | best noise-free fitness - Fopt (4.739000000000e+01) + sum g_i+ | measured fitness | best measured fitness or single-digit g-values | x1 | x2...
1 0 +2.287837356e+01 +7.026837356e+01 +7.026837356e+01 -2.5930e+00 -9.2740e-01 -4.1154e+00 -5.6269e-01 +2.5043e+00 -2.9878e-01 -1.0650e+00 +2.1635e+00 +4.6002e+00 -1.0976e+00
2 0 +1.668195251e+01 +6.407195251e+01 +6.407195251e+01 +3.4407e+00 -4.8434e+00 +1.6265e+00 +4.7077e+00 -1.3352e+00 +2.5320e+00 -4.1769e+00 +5.6457e-02 +2.1216e+00 +4.6266e+00
5 0 +1.553207743e+01 +6.292207743e+01 +6.292207743e+01 +2.8649e+00 -1.3845e+00 -2.8511e+00 +4.4512e+00 -4.9582e+00 -4.4469e+00 -1.7983e+00 +2.8548e+00 -2.2493e+00 -1.7040e+00
6 0 +1.532107780e+01 +6.271107780e+01 +6.271107780e+01 -1.3707e+00 +1.3735e-01 -3.6675e+00 +1.0570e+00 +1.7742e+00 -2.1739e+00 -4.2757e+00 +4.0475e+00 -2.4110e+00 +1.2237e+00
13 0 +1.361103911e+01 +6.100103911e+01 +6.100103911e+01 +2.2480e+00 -2.3672e+00 +2.4749e-01 -1.8407e+00 +2.0695e+00 +8.5093e-01 -4.0307e+00 -2.4088e-01 -4.0108e+00 -4.7162e-02
15 0 +1.216717273e+01 +5.955717273e+01 +5.955717273e+01 +5.3184e-01 +4.5146e+00 -2.0507e-01 -1.7887e+00 -2.6180e+00 -2.0210e+00 -3.8892e+00 -1.9487e+00 -3.8707e+00 -2.3446e+00
32 0 +1.105542365e+01 +5.844542365e+01 +5.844542365e+01 +2.6326e+00 -1.7939e+00 +2.2677e+00 -2.9862e+00 +1.2489e+00 -2.5184e+00 -2.9296e+00 +2.2103e+00 -7.6890e-01 -1.6723e+00
48 0 +8.937863947e+00 +5.632786395e+01 +5.632786395e+01 -3.6704e+00 +2.5861e+00 -1.7703e+00 -4.9182e-01 +3.0969e+00 -4.5373e+00 -4.4041e+00 +3.2195e+00 -4.2152e+00 -3.2815e+00
158 0 +5.823350654e+00 +5.321335065e+01 +5.321335065e+01 -2.4612e+00 +1.9135e+00 -6.3428e-02 -1.9070e+00 +2.2551e+00 -3.9468e+00 -2.0250e+00 +2.6349e+00 -2.5471e+00 -2.4462e+00
208 0 +5.643158898e+00 +5.303315890e+01 +5.303315890e+01 -1.9554e+00 +1.6322e+00 +6.5046e-01 -2.4989e+00 +1.9031e+00 -3.6999e+00 -1.0300e+00 +2.3905e+00 -1.8494e+00 -2.0968e+00
312 0 +5.531359694e+00 +5.292135969e+01 +5.292135969e+01 -2.4487e+00 +1.4484e+00 -8.7430e-01 -6.0309e-01 +2.1259e+00 -1.7686e+00 -2.3435e+00 +1.1068e+00 -2.0205e+00 -1.3234e+00
704 0 +5.292505453e+00 +5.268250545e+01 +5.268250545e+01 -2.4487e+00 +1.4143e+00 -8.7430e-01 -4.6835e-01 +2.1259e+00 -1.7686e+00 -2.3435e+00 +1.1068e+00 -2.0205e+00 -1.3234e+00
811 0 +5.176017797e+00 +5.256601780e+01 +5.256601780e+01 -2.2653e+00 +1.5146e+00 -3.1128e-01 -3.9102e-01 +2.0425e+00 -2.4766e+00 -1.8568e+00 +1.5770e+00 -1.9546e+00 -1.6058e+00
858 0 +5.079026708e+00 +5.246902671e+01 +5.246902671e+01 -2.2745e+00 +1.5096e+00 -3.3965e-01 -3.9491e-01 +2.0467e+00 -2.4409e+00 -1.8813e+00 +1.5533e+00 -1.9579e+00 -1.5915e+00
903 0 +4.777410471e+00 +5.216741047e+01 +5.216741047e+01 -2.3066e+00 +1.4995e+00 -4.3836e-01 -5.8665e-01 +2.0612e+00 -2.3163e+00 -1.9665e+00 +1.4705e+00 -1.9692e+00 -1.5417e+00
% f evaluations | g evaluations | best noise-free fitness - Fopt (-3.428900000000e+02) + sum g_i+ | measured fitness | best measured fitness or single-digit g-values | x1 | x2...
1 0 +4.853612657e+01 -2.943538734e+02 -2.943538734e+02 +4.6273e-01 -3.3361e+00 -4.6109e+00 -4.6131e+00 -3.6710e-03 +1.3796e+00 +2.8197e+00 -4.8191e+00 -4.0967e+00 -1.5560e+00
4 0 +3.369185757e+01 -3.091981424e+02 -3.091981424e+02 +4.8973e+00 -4.8150e+00 -3.3550e+00 -1.9344e+00 +1.5197e+00 +1.9778e+00 -4.9433e+00 -4.5332e+00 +2.2597e+00 +1.2865e+00
5 0 +2.717474554e+01 -3.157152545e+02 -3.157152545e+02 +3.0607e-01 +1.9037e+00 -3.1880e+00 -3.7341e+00 +3.1326e+00 +2.3259e+00 +1.7709e-01 -2.7951e+00 +4.6302e+00 -3.0377e+00
7 0 +1.698869493e+01 -3.259013051e+02 -3.259013051e+02 +2.7279e+00 -7.6341e-01 -6.6524e-01 -5.8408e-01 -4.1009e+00 +7.1271e-01 +9.7047e-01 +3.5179e+00 -2.1934e+00 -4.3114e+00
15 0 +1.416017945e+01 -3.287298205e+02 -3.287298205e+02 +1.0098e+00 +3.3107e+00 +7.0662e-01 -3.6089e+00 -1.8387e+00 -1.8056e+00 +5.7879e-01 -2.3294e+00 +3.8000e+00 +3.4421e-01
49 0 +1.231529499e+01 -3.305747050e+02 -3.305747050e+02 +3.4406e+00 -1.9543e+00 -2.9941e-01 -3.5334e+00 -1.3497e+00 -1.9703e+00 -2.2540e+00 +1.7008e+00 -1.0301e+00 -3.0650e+00
54 0 +8.718037915e+00 -3.341719621e+02 -3.341719621e+02 +1.2286e+00 -3.4449e+00 -2.2355e-01 -3.0578e+00 -1.1855e+00 -2.2360e+00 +1.1395e+00 +3.0627e+00 +3.4140e+00 +3.6343e+00
152 0 +8.239021181e+00 -3.346509788e+02 -3.346509788e+02 +1.7150e+00 -1.4950e+00 +8.5237e-01 -3.1128e+00 -7.8977e-02 -2.1823e+00 -1.9797e+00 +1.1514e+00 -2.9015e-01 -1.5041e+00
153 0 +6.588945754e+00 -3.363010542e+02 -3.363010542e+02 +4.1065e-01 -1.5387e+00 +1.7230e+00 -2.7949e+00 +8.8156e-01 -2.3427e+00 -1.7722e+00 +7.3610e-01 +2.6918e-01 -3.2414e-01
208 0 +5.694389454e+00 -3.371956105e+02 -3.371956105e+02 +2.3824e+00 -5.0012e-01 -5.2941e-01 -3.6511e+00 -1.1059e+00 -1.6491e+00 -1.8115e-01 +4.3804e-01 +1.8250e+00 +5.9860e-01
210 0 +4.981990488e+00 -3.379080095e+02 -3.379080095e+02 +1.3627e+00 -3.1002e+00 -1.7502e-01 -2.8809e+00 -1.1920e+00 -2.3144e+00 +9.1092e-01 +2.5757e+00 +2.8733e+00 +4.3310e-01
259 0 +4.216869703e+00 -3.386731303e+02 -3.386731303e+02 +7.3834e-01 -2.3024e+00 +9.4316e-01 -2.9002e+00 +5.3424e-02 -2.2999e+00 -6.0566e-01 +1.6682e+00 +1.5291e+00 +1.2618e+00
302 0 +3.927466754e+00 -3.389625332e+02 -3.389625332e+02 +1.5397e+00 -2.6455e+00 -1.1100e-01 -2.6477e+00 -1.2006e+00 -2.4178e+00 +6.0935e-01 +1.9334e+00 +2.1601e+00 -5.0807e-01
604 0 +3.069806757e+00 -3.398201932e+02 -3.398201932e+02 +1.4792e+00 -2.6328e+00 -3.9923e-02 -2.6691e+00 -1.1143e+00 -2.4079e+00 +5.3621e-01 +1.9291e+00 +2.1351e+00 -2.8465e-01
912 0 +2.925566187e+00 -3.399644338e+02 -3.399644338e+02 +1.4792e+00 -2.6328e+00 -1.2904e-03 -2.6691e+00 -1.1143e+00 -2.4079e+00 +5.3621e-01 +1.9291e+00 +2.1351e+00 -2.8465e-01
% f evaluations | g evaluations | best noise-free fitness - Fopt (9.102000000000e+01) + sum g_i+ | measured fitness | best measured fitness or single-digit g-values | x1 | x2...
1 0 +1.370240543e+01 +1.047224054e+02 +1.047224054e+02 +2.5672e+00 -4.1603e+00 -1.9749e+00 +2.6600e-01 +1.4570e+00 -3.6454e+00 -4.1906e+00 -4.5495e+00 +4.9263e+00 -4.5681e+00
8 0 +9.643623899e+00 +1.006636239e+02 +1.006636239e+02 +5.5228e-01 -7.5161e-01 +7.0197e-01 -3.9555e-01 +2.0238e+00 -3.7788e-01 -3.0205e+00 +2.0953e+00 -5.8632e-01 +2.1329e+00
40 0 +9.385828930e+00 +1.004058289e+02 +1.004058289e+02 +1.9024e+00 -1.3439e+00 +4.7572e+00 -1.5734e+00 -4.6090e+00 +7.6541e-01 -1.3683e+00 +1.5564e+00 -3.8942e+00 -3.6177e+00
59 0 +8.958195432e+00 +9.997819543e+01 +9.997819543e+01 +1.6807e+00 -1.1237e+00 +4.2514e+00 -1.3802e+00 -4.4451e+00 +6.2087e-01 -1.3640e+00 +1.6600e+00 -3.3039e+00 -3.7213e+00
102 0 +4.946128452e+00 +9.596612845e+01 +9.596612845e+01 +1.7863e+00 +5.9961e-01 +2.6919e+00 -9.2886e-01 -4.5864e+00 -1.9746e+00 -2.1265e+00 +1.2215e-01 -5.2988e-01 -8.5429e-01
153 0 +3.826033172e+00 +9.484603317e+01 +9.484603317e+01 +1.7373e+00 -6.8971e-02 +3.2104e+00 -9.7491e-01 -4.3696e+00 -1.2361e+00 -1.7947e+00 +7.3570e-01 -1.3996e+00 -1.7961e+00
257 0 +3.261735788e+00 +9.428173579e+01 +9.428173579e+01 +1.1562e+00 +4.9281e-01 +2.3109e+00 -3.9938e-01 -3.1671e+00 -1.7833e+00 -1.3905e+00 +4.6414e-01 -2.6968e-01 -1.2992e+00
% f evaluations | g evaluations | best noise-free fitness - Fopt (7.324200000000e+02) + sum g_i+ | measured fitness | best measured fitness or single-digit g-values | x1 | x2...
1 0 +3.009523555e+01 +7.625152356e+02 +7.625152356e+02 -1.2068e+00 -2.8540e+00 +1.7356e+00 -8.8270e-01 -4.6843e+00 -5.5405e-01 +3.8303e+00 +4.0203e+00 -4.2553e+00 +2.4190e+00
2 0 +2.724853242e+01 +7.596685324e+02 +7.596685324e+02 -3.3639e+00 +4.3113e+00 -2.9915e+00 +3.2258e+00 +2.7836e+00 +4.4972e+00 +1.7815e-01 +2.4998e+00 +1.1221e+00 -7.5853e-01
5 0 +2.030112196e+01 +7.527211220e+02 +7.527211220e+02 -4.6083e-01 -1.7825e+00 +1.6623e-01 -6.1756e-02 +4.0697e+00 -4.3712e+00 +9.2329e-01 +3.2675e+00 +4.8721e-01 -3.0012e+00
8 0 +1.672940873e+01 +7.491494087e+02 +7.491494087e+02 -4.8033e+00 -3.6649e+00 +3.2650e+00 -4.2897e+00 +1.2432e+00 +9.1985e-01 -1.0693e+00 -1.5158e+00 -4.5205e+00 -7.7915e-01
9 0 +1.239311472e+01 +7.448131147e+02 +7.448131147e+02 -3.0496e+00 +2.4198e+00 +1.5970e+00 -3.0333e+00 -2.0786e+00 +1.2686e+00 +1.6559e-01 +3.4991e-01 -1.7122e+00 +6.4140e-01
10 0 +1.149724914e+01 +7.439172491e+02 +7.439172491e+02 -6.3579e-01 +3.3584e+00 +3.9542e+00 -2.2978e+00 -4.1736e+00 -7.3956e-01 -1.9318e+00 -1.4736e+00 +1.7697e+00 +2.5599e+00
20 0 +9.070403150e+00 +7.414904032e+02 +7.414904032e+02 -3.7243e+00 -2.0909e+00 +7.4287e-01 +6.0143e-01 -4.3540e+00 +2.0690e+00 -3.6132e-01 -2.5553e+00 -2.6145e+00 -1.9361e+00
38 0 +6.961189250e+00 +7.393811892e+02 +7.393811892e+02 -2.9371e+00 +7.9738e-01 +3.0302e+00 +3.6119e+00 -4.5852e+00 -1.4767e+00 +1.6307e+00 +8.1879e-01 -1.8358e+00 +1.1637e+00
106 0 +6.622554689e+00 +7.390425547e+02 +7.390425547e+02 -1.8599e-01 -3.8789e-01 +1.1409e+00 +3.8239e+00 -3.0202e+00 -2.8983e+00 +3.6683e-01 +2.4567e+00 +5.2932e-02 +5.2470e-01
111 0 +5.598784941e+00 +7.380187849e+02 +7.380187849e+02 -9.2637e-01 +7.9738e-01 +3.0302e+00 +3.6119e+00 -4.5852e+00 -1.4767e+00 +1.6307e+00 +8.1879e-01 -1.8358e+00 +1.1637e+00
153 0 +4.773599855e+00 +7.371935999e+02 +7.371935999e+02 -2.1073e+00 +1.1602e+00 +2.9681e+00 +2.4415e+00 -4.2952e+00 -1.5149e+00 +7.4149e-01 +5.7017e-01 -8.5538e-01 +1.3624e+00
158 0 +4.330176252e+00 +7.367501763e+02 +7.367501763e+02 -3.3435e+00 -1.5782e+00 +5.3201e-01 +1.6291e+00 -2.1233e+00 -5.3487e-01 +1.2049e+00 -1.4722e+00 -4.1380e-01 +1.5277e+00
302 0 +4.144241396e+00 +7.365642414e+02 +7.365642414e+02 -2.2076e+00 -3.2218e-02 +1.7983e+00 +2.3413e+00 -3.3046e+00 -1.2811e+00 +8.6075e-01 +9.8325e-02 -6.0516e-01 +1.2042e+00
352 0 +2.725575367e+00 +7.351455754e+02 +7.351455754e+02 -2.0159e+00 +2.1376e-01 +2.2176e+00 +2.6380e+00 -3.7145e+00 -1.3044e+00 +1.1156e+00 +1.7757e-01 -9.7855e-01 +1.3052e+00
514 0 +2.684995974e+00 +7.351049960e+02 +7.351049960e+02 -1.9234e+00 +3.1017e-02 +2.2360e+00 +2.7407e+00 -3.7518e+00 -1.2571e+00 +1.2383e+00 +1.4128e-01 -1.1129e+00 +1.3015e+00
564 0 +2.360610929e+00 +7.347806109e+02 +7.347806109e+02 -1.9234e+00 +3.1017e-02 +2.2360e+00 +2.7407e+00 -3.7518e+00 -9.6708e-01 +1.2383e+00 +1.4128e-01 -1.1129e+00 +1.3015e+00
% f evaluations | g evaluations | best noise-free fitness - Fopt (3.542000000000e+01) + sum g_i+ | measured fitness | best measured fitness or single-digit g-values | x1 | x2...
1 0 +8.180970132e+01 +1.172297013e+02 +1.172297013e+02 -4.5408e+00 -2.8159e+00 -3.5841e+00 -3.4162e+00 -9.8004e-02 +4.9210e+00 -1.0347e+00 -1.8641e-01 +3.4016e-02 +4.2717e+00
3 0 +7.936939346e+01 +1.147893935e+02 +1.147893935e+02 -2.2555e-01 +3.2404e+00 -1.4827e+00 -4.2907e+00 -4.9502e+00 +1.5611e+00 +1.2207e+00 -1.2773e+00 -5.6386e-01 -4.9235e+00
4 0 +2.561742722e+01 +6.103742722e+01 +6.103742722e+01 +3.6334e+00 -1.5984e+00 +9.0089e-01 -4.0378e+00 +3.2793e+00 -4.5568e+00 -3.8312e+00 +2.9593e+00 +2.5634e+00 +3.1163e-01
14 0 +2.500341848e+01 +6.042341848e+01 +6.042341848e+01 +2.2346e-01 +2.0227e+00 -2.2394e+00 -2.7941e+00 -3.3659e-01 +4.3349e+00 -1.7830e+00 -1.1543e+00 +9.1218e-02 +2.7576e+00
44 0 +1.739790217e+01 +5.281790217e+01 +5.281790217e+01 +3.3975e+00 +2.0233e+00 +1.8141e+00 +1.4645e+00 +3.3507e-01 +3.3523e+00 -2.5746e+00 -1.4347e+00 +3.3953e-02 +1.4789e+00
54 0 +1.452559337e+01 +4.994559337e+01 +4.994559337e+01 +1.4150e+00 +5.7271e-01 +4.5252e+00 -4.1814e+00 -1.5208e+00 +3.8343e+00 -1.3506e-01 -1.0381e+00 -1.0936e+00 -3.3304e+00
158 0 +1.302329675e+01 +4.844329675e+01 +4.844329675e+01 +1.0282e+00 +8.9163e-02 +3.7573e+00 -3.2072e+00 -1.3320e+00 +3.8107e+00 -6.3139e-01 -9.1030e-01 -7.5204e-01 -2.1470e+00
660 0 +1.286554373e+01 +4.828554373e+01 +4.828554373e+01 +1.0282e+00 +5.2316e-02 +3.7573e+00 -3.2072e+00 -1.3320e+00 +3.8107e+00 -6.3139e-01 -9.1030e-01 -7.5204e-01 -2.1470e+00
752 0 +1.241218526e+01 +4.783218526e+01 +4.783218526e+01 +1.0282e+00 +8.9163e-02 +3.7573e+00 -3.2072e+00 -1.3320e+00 +3.8107e+00 -5.3296e-01 -9.1030e-01 -7.5204e-01 -2.1470e+00
805 0 +1.225462488e+01 +4.767462488e+01 +4.767462488e+01 +1.0282e+00 +6.0702e-02 +3.7573e+00 -3.2072e+00 -1.3320e+00 +3.8107e+00 -5.6629e-01 -9.1030e-01 -7.5204e-01 -2.1470e+00
911 0 +1.024746667e+01 +4.566746667e+01 +4.566746667e+01 +1.0282e+00 +8.4413e-03 +3.7573e+00 -3.2072e+00 -1.3320e+00 +3.2694e+00 -6.3139e-01 -9.1030e-01 -1.5327e-01 -2.1470e+00
