% f evaluations | g evaluations | best noise-free fitness - Fopt (-1.694000000000e+01) + sum g_i+ | measured fitness | best measured fitness or single-digit g-values | x1 | x2...
1 0 +4.227192539e+01 +2.533192539e+01 +2.533192539e+01 -3.6883e+00 -4.5727e+00 +3.8588e+00 -3.0614e+00 +1.0937e+00 -1.8358e-01 -3.2956e+00 -3.1634e+00 +4.0581e+00 +1.4104e-01 +7.8976e-03 +9.2249e-01 -1.3972e-01 -1.4844e+00 +4.3301e+00 +1.4391e+00 -3.6413e-02 +3.4470e+00 -4.1716e+00 +2.4355e+00
2 0 +1.883754293e+01 +1.897542933e+00 +1.897542933e+00 +2.2721e+00 +1.5421e+00 +8.8232e-01 +3.1903e+00 +4.0585e+00 -3.4890e+00 +4.0958e+00 -8.3064e-02 -4.7551e+00 -2.6168e+00 +3.7193e+00 +3.7494e+00 -2.0911e-01 -2.5219e+00 +4.6612e+00 -3.4356e+00 +1.0998e+00 +1.9712e+00 -1.5763e+00 +1.5863e+00
36 0 +1.276221433e+01 -4.177785673e+00 -4.177785673e+00 -6.3493e-01 +7.6339e-01 -4.4706e+00 +1.4395e+00 +3.0176e+00 +1.8708e+00 +1.3684e+00 +1.8459e+00 +1.1610e-01 +2.6836e+00 +3.7353e+00 +9.1787e-01 -7.4840e-01 +1.8898e+00 +2.0754e+00 +4.9923e+00 +4.3353e+00 +2.5419e-01 -1.3573e+00 +1.6212e+00
104 0 +1.125023294e+01 -5.689767061e+00 -5.689767061e+00 -3.7941e-01 +8.2364e-01 -4.1574e+00 +9.2679e-01 +2.4187e+00 +1.6182e+00 +9.0437e-01 +1.9187e+00 +3.7957e-01 +2.1193e+00 +3.6046e+00 +1.2634e+00 -4.2489e-01 +1.5020e+00 +1.9932e+00 +4.8186e+00 +3.7316e+00 -9.7775e-02 -1.1322e+00 +1.2771e+00
157 0 +1.110604378e+01 -5.833956225e+00 -5.833956225e+00 -6.3036e-01 +7.1013e-01 -3.5271e+00 +7.9971e-01 +1.8296e+00 +1.4746e+00 +7.5536e-01 +1.5360e+00 +6.5750e-01 +1.3060e+00 +3.6989e+00 +5.0257e-01 -5.3209e-01 +1.0759e+00 +1.6136e+00 +4.6943e+00 +3.3203e+00 +1.3770e-02 -3.7147e-01 +4.9687e-01
253 0 +1.060661075e+01 -6.333389250e+00 -6.333389250e+00 -2.8910e-01 +6.4340e-01 -3.4846e+00 +4.7379e-01 +2.1441e+00 +1.2168e+00 +5.2718e-01 +1.4018e+00 +5.0409e-01 +1.4252e+00 +3.4829e+00 +8.2167e-01 -2.8049e-01 +8.8266e-01 +1.5304e+00 +4.6323e+00 +3.3712e+00 -2.8033e-01 -7.5148e-01 +8.8687e-01
306 0 +1.000262594e+01 -6.937374058e+00 -6.937374058e+00 -4.3513e-01 +6.7196e-01 -3.5028e+00 +6.1326e-01 +2.0095e+00 +1.3271e+00 +6.2482e-01 +1.4592e+00 +5.6974e-01 +1.3742e+00 +3.5753e+00 +6.8512e-01 -3.8815e-01 +9.6533e-01 +1.5660e+00 +4.6588e+00 +3.3494e+00 -1.5448e-01 -5.8886e-01 +7.1998e-01
352 0 +9.996663746e+00 -6.943336254e+00 -6.943336254e+00 -3.9752e-01 +6.6460e-01 -3.4981e+00 +5.7733e-01 +2.0442e+00 +1.2987e+00 +5.9967e-01 +1.4444e+00 +5.5283e-01 +1.3873e+00 +3.5515e+00 +7.2030e-01 -3.6042e-01 +9.4403e-01 +1.5568e+00 +4.6520e+00 +3.3550e+00 -1.8690e-01 -6.3075e-01 +7.6297e-01
354 0 +8.436363692e+00 -8.503636308e+00 -8.503636308e+00 +9.9647e-02 +8.5002e-01 -2.9139e+00 +3.7703e-01 +1.8410e+00 +7.5605e-01 +1.6085e-01 +1.4704e+00 +2.4285e-01 +6.8990e-01 +3.3999e+00 +6.9134e-01 +1.6183e-01 +7.2876e-01 +1.0865e+00 +3.9682e+00 +3.3690e+00 -3.3801e-01 -9.1746e-02 +1.0807e+00
1211 0 +8.112976700e+00 -8.827023300e+00 -8.827023300e+00 +7.2825e-02 +8.5002e-01 -2.9139e+00 +3.7703e-01 +1.8410e+00 +7.5605e-01 +1.6085e-01 +1.4704e+00 +2.4285e-01 +6.8990e-01 +3.3999e+00 +6.9134e-01 +1.6183e-01 +7.2876e-01 +1.0865e+00 +3.9682e+00 +3.3690e+00 -3.3801e-01 -4.3242e-02 +1.0807e+00
% f evaluations | g evaluations | best noise-free fitness - Fopt (1.881000000000e+01) + sum g_i+ | measured fitness | best measured fitness or single-digit g-values | x1 | x2...
1 0 +4.612152504e+01 +6.493152504e+01 +6.493152504e+01 -5.6515e-01 +4.6012e+00 -3.0805e+00 -4.4245e-01 -4.8173e+00 -3.0711e+00 +3.9560e+00 -4.3752e+00 -4.2520e+00 -3.4909e+00 -4.5716e+00 +1.7832e+00 -7.7941e-02 -4.8810e+00 +1.1586e+00 +1.9893e+00 -3.5986e+00 -3.0113e-01 -1.7218e+00 -4.5076e+00
3 0 +3.277782559e+01 +5.158782559e+01 +5.158782559e+01 +3.1263e+00 +2.7820e+00 -9.7083e-01 +9.7683e-01 +2.1745e+00 -1.6927e+00 -9.1451e-01 +1.5504e+00 -4.4918e+00 -3.7900e+00 +2.7704e+00 -3.5016e+00 +2.9915e+00 -3.1309e+00 +1.6385e+00 +1.2528e+00 -3.1916e+00 -4.5080e+00 -3.9650e-01 +4.8021e+00
4 0 +1.607641692e+01 +3.488641692e+01 +3.488641692e+01 -2.2125e-01 -2.2638e-01 +3.2695e+00 +3.4657e+00 -4.9228e+00 +2.5040e+00 +1.4441e+00 +2.7323e+00 +3.8824e-01 +2.8926e+00 -1.8617e+00 +1.4342e+00 -9.7545e-01 -1.5691e+00 +2.6383e+00 -1.0850e+00 -6.7937e-01 -1.2022e+00 -3.4971e+00 -1.7767e+00
5 0 +1.250723764e+01 +3.131723764e+01 +3.131723764e+01 -8.2525e-01 -4.8622e+00 -5.2513e-01 -1.3731e+00 +1.5844e+00 +3.9425e+00 +2.8276e+00 +1.3719e+00 +1.0189e+00 +2.6030e+00 -4.5506e+00 +3.2062e+00 +2.1327e+00 +2.8364e+00 +2.7753e-01 +6.6155e-01 -3.4911e+00 +1.6599e+00 +1.5487e+00 +4.1901e+00
102 0 +1.197504363e+01 +3.078504363e+01 +3.078504363e+01 +9.2922e-01 -1.0068e+00 -2.4270e+00 +3.2126e+00 +2.3934e+00 -2.1190e+00 -2.8337e-02 +9.5353e-01 -1.4472e+00 +2.3383e+00 -2.7975e+00 +3.5965e+00 +6.7267e-02 -1.2509e+00 -7.3056e-01 +1.2470e+00 +7.3225e-01 -8.1956e-03 -2.1673e+00 +3.2840e+00
105 0 +1.072921058e+01 +2.953921058e+01 +2.953921058e+01 +4.8802e-01 -5.4795e-01 +1.3920e+00 +7.2480e-01 +3.9661e+00 -2.7245e+00 +3.2944e-01 -1.8501e+00 +1.6245e+00 -5.9455e-01 -2.4895e+00 +7.2746e-01 +2.4792e+00 +2.6094e+00 +6.1804e-01 -1.9799e+00 -7.3221e-01 +2.3712e+00 -3.6687e+00 +2.1567e+00
106 0 +1.038121593e+01 +2.919121593e+01 +2.919121593e+01 -2.5075e-01 -3.3176e-02 +1.5326e+00 +2.4952e+00 -2.1090e+00 +1.1810e+00 +1.4017e+00 +1.6619e+00 -2.0884e-01 +2.0646e+00 -1.7023e+00 +2.1879e+00 +6.2551e-02 -9.2143e-01 +1.8685e+00 -6.5612e-01 +2.9994e-01 -3.0733e-01 -3.2888e+00 +3.0702e-01
202 0 +9.936971161e+00 +2.874697116e+01 +2.874697116e+01 -2.8202e-01 +1.7161e-01 -3.0845e-01 +1.4667e+00 +8.7336e-01 -2.2131e-01 +1.3567e+00 +5.2732e-01 -8.4171e-01 +1.1871e+00 -1.5333e+00 +2.9867e+00 +1.1628e+00 -2.3494e-01 +1.0525e+00 -2.0153e-01 +1.3380e+00 +6.4121e-01 -3.0680e+00 +2.5156e+00
205 0 +9.452254398e+00 +2.826225440e+01 +2.826225440e+01 -3.5695e-01 -9.2586e-01 +1.1522e+00 +1.7801e+00 -1.4263e+00 +1.6915e+00 +1.6653e+00 +1.6083e+00 +1.8121e-02 +2.1642e+00 -2.2288e+00 +2.3761e+00 +4.4524e-01 -2.2677e-01 +1.5744e+00 -4.1254e-01 -4.0085e-01 +5.6319e-02 -2.3946e+00 +1.0248e+00
303 0 +8.950443573e+00 +2.776044357e+01 +2.776044357e+01 -3.2055e-01 -6.4100e-01 +7.7306e-01 +1.6988e+00 -8.2937e-01 +1.1950e+00 +1.5852e+00 +1.3277e+00 -2.0506e-01 +1.9105e+00 -2.0483e+00 +2.5346e+00 +6.3148e-01 -2.2889e-01 +1.4389e+00 -3.5777e-01 +5.0478e-02 +2.0814e-01 -2.5694e+00 +1.4118e+00
306 0 +8.161674061e+00 +2.697167406e+01 +2.697167406e+01 +5.9266e-01 -2.2292e+00 +1.7041e-01 +1.3490e+00 +1.2143e+00 +6.3844e-01 +1.9136e+00 +1.4487e+00 +5.6695e-01 +1.6720e+00 -1.1656e+00 +2.9461e+00 +1.1949e+00 -3.6896e-02 +8.8477e-01 -3.1809e-01 -1.3648e+00 +3.9121e-01 -1.4142e+00 +2.9427e+00
559 0 +8.044647022e+00 +2.685464702e+01 +2.685464702e+01 +5.7276e-01 -2.1826e+00 +1.6805e-01 +1.3530e+00 +1.1936e+00 +6.3083e-01 +1.9031e+00 +1.4345e+00 +5.3283e-01 +1.6669e+00 -1.1447e+00 +2.9436e+00 +1.1902e+00 -4.0802e-02 +8.9139e-01 -3.1656e-01 -1.3151e+00 +3.9360e-01 -1.4466e+00 +2.9248e+00
653 0 +7.925571012e+00 +2.673557101e+01 +2.673557101e+01 +5.6226e-01 -2.1581e+00 +1.6680e-01 +1.3551e+00 +1.1827e+00 +6.2682e-01 +1.8976e+00 +1.4269e+00 +5.1483e-01 +1.6643e+00 -1.1336e+00 +2.9422e+00 +1.1877e+00 -4.2863e-02 +8.9488e-01 -3.1575e-01 -1.2889e+00 +3.6988e-01 -1.4637e+00 +2.9154e+00
654 0 +7.719276838e+00 +2.652927684e+01 +2.652927684e+01 +5.2930e-01 -2.0549e+00 +1.2911e-01 +1.3538e+00 +1.2005e+00 +5.7119e-01 +1.8731e+00 +1.3780e+00 +4.2064e-01 +1.6337e+00 -1.0115e+00 +2.9520e+00 +1.1965e+00 -4.8724e-02 +8.9394e-01 -3.0801e-01 -1.1656e+00 +4.1273e-01 -1.5330e+00 +2.9198e+00
762 0 +7.366126529e+00 +2.617612653e+01 +2.617612653e+01 +5.9266e-01 -2.2292e+00 +1.7041e-01 +1.3490e+00 +1.2143e+00 +6.3844e-01 +1.9136e+00 +1.4487e+00 +5.6695e-01 +1.3953e+00 -1.1656e+00 +2.9461e+00 +1.1949e+00 -3.6896e-02 +8.8477e-01 -2.6576e-01 -1.3648e+00 +3.9121e-01 -1.4142e+00 +2.9427e+00
902 0 +7.222784434e+00 +2.603278443e+01 +2.603278443e+01 +5.7995e-01 -2.1948e+00 +1.6287e-01 +1.3502e+00 +1.2104e+00 +6.2590e-01 +1.9056e+00 +1.4351e+00 +5.3842e-01 +1.4502e+00 -1.1366e+00 +2.9470e+00 +1.1948e+00 -3.9283e-02 +8.8687e-01 -2.7561e-01 -1.3257e+00 +3.9407e-01 -1.4377e+00 +2.9373e+00
1556 0 +7.040650319e+00 +2.585065032e+01 +2.585065032e+01 +3.1840e-01 -2.1708e+00 +1.5886e-01 +1.3513e+00 +1.2052e+00 +5.9260e-01 +1.9001e+00 +1.4263e+00 +5.1925e-01 +1.5223e+00 -1.1193e+00 +2.9470e+00 +1.1941e+00 -4.1054e-02 +8.8894e-01 -2.8888e-01 -1.2060e+00 +3.9625e-01 -1.4542e+00 +2.9319e+00
1612 0 +6.906530554e+00 +2.571653055e+01 +2.571653055e+01 +5.7692e-02 -2.1619e+00 +1.5736e-01 +1.3518e+00 +1.2033e+00 +5.8017e-01 +1.8981e+00 +1.4230e+00 +5.1209e-01 +1.5492e+00 -1.1128e+00 +2.9470e+00 +1.1938e+00 -4.1715e-02 +8.8971e-01 -2.9384e-01 -1.2890e+00 +3.9706e-01 -1.4603e+00 +2.9299e+00
% f evaluations | g evaluations | best noise-free fitness - Fopt (2.731500000000e+02) + sum g_i+ | measured fitness | best measured fitness or single-digit g-values | x1 | x2...
1 0 +1.309411079e+02 +4.040911079e+02 +4.040911079e+02 +1.3591e+00 -4.2161e+00 +3.9078e+00 +8.5878e-01 -1.2828e+00 +1.4843e+00 +2.9485e+00 -8.6456e-01 +4.0153e+00 +3.8602e+00 +2.4133e+00 +2.6001e+00 -5.4711e-01 +3.6511e+00 -2.3641e+00 -1.4011e+00 +2.1388e+00 +3.4980e+00 -3.0759e+00 -3.3668e+00
3 0 +8.238247851e+01 +3.555324785e+02 +3.555324785e+02 -3.6555e+00 +2.8421e+00 -1.1084e+00 -4.6852e-01 +4.5511e+00 -3.7461e+00 +2.1706e+00 -1.9143e+00 +3.2754e+00 -4.5936e+00 +3.3513e+00 +1.5777e+00 -2.5954e+00 +1.7622e-02 -1.3125e+00 +2.4857e+00 +2.4728e+00 -2.3888e+00 -4.4946e+00 +5.9117e-01
4 0 +7.460164477e+01 +3.477516448e+02 +3.477516448e+02 -1.7765e+00 +8.1655e-01 -3.2550e-01 +2.8171e+00 -3.3700e+00 -3.6246e+00 -8.9132e-01 -3.5090e+00 +4.8286e+00 -1.6472e+00 -3.6476e-01 -2.0325e+00 +2.2414e+00 +3.8983e+00 +7.7031e-01 +1.5956e+00 +2.5860e+00 +4.9659e+00 -8.2978e-01 +4.2154e+00
5 0 +5.227660101e+01 +3.254266010e+02 +3.254266010e+02 -1.8434e+00 -1.4598e+00 +1.5968e-01 -3.6232e+00 -1.6559e+00 +4.1270e-01 -2.4899e+00 +3.5479e+00 -7.3823e-01 +3.0532e+00 -1.7836e+00 +9.3733e-01 +4.1140e+00 -1.5194e+00 -1.9149e+00 +1.3453e+00 +3.7786e+00 -3.3028e+00 +8.6166e-01 -2.3133e+00
9 0 +1.396067189e+01 +2.871106719e+02 +2.871106719e+02 -2.4039e+00 -2.4063e-01 +4.5878e+00 -3.4807e+00 +2.2057e+00 -2.8018e+00 -2.2314e+00 -4.5977e+00 -3.2302e+00 +7.2697e-01 +1.6424e+00 -1.0366e+00 +8.6360e-01 +4.3696e+00 -3.0164e-02 -3.7386e+00 +2.2720e+00 +1.0350e+00 +4.4334e+00 -2.3685e+00
109 0 +1.166504356e+01 +2.848150436e+02 +2.848150436e+02 -2.1531e+00 -9.7145e-02 +4.2176e+00 -3.4446e+00 +1.9788e+00 -2.5708e+00 -2.2764e+00 -4.2143e+00 -3.1832e+00 +7.8386e-01 +1.4760e+00 -1.1021e+00 +8.7340e-01 +4.3143e+00 -5.8394e-02 -3.6957e+00 +1.9799e+00 +8.7871e-01 +4.4548e+00 -2.3062e+00
355 0 +9.215996769e+00 +2.823659968e+02 +2.823659968e+02 -2.3280e+00 +7.2065e-01 +3.0242e+00 -2.4791e+00 +1.2185e+00 -2.9193e+00 -2.2506e+00 -3.8475e+00 -2.4000e+00 +1.9986e-01 +1.4120e+00 -1.5095e-01 +5.9412e-01 +3.5283e+00 +5.7439e-01 -3.7550e+00 +1.8654e+00 +6.0430e-01 +4.1832e+00 -2.1326e+00
963 0 +9.063208021e+00 +2.822132080e+02 +2.822132080e+02 -2.3280e+00 +7.2065e-01 +3.0242e+00 -2.4791e+00 +1.2185e+00 -2.9193e+00 -2.2506e+00 -3.8475e+00 -2.4000e+00 +1.9986e-01 +1.4120e+00 -2.8764e-02 +5.9412e-01 +3.5283e+00 +5.7439e-01 -3.7550e+00 +1.8654e+00 +6.0430e-01 +4.1832e+00 -2.1326e+00
% f evaluations | g evaluations | best noise-free fitness - Fopt (3.718000000000e+01) + sum g_i+ | measured fitness | best measured fitness or single-digit g-values | x1 | x2...
1 0 +1.658272192e+01 +5.376272192e+01 +5.376272192e+01 +3.5661e+00 -4.3304e+00 +4.7823e+00 -4.9217e+00 -3.5491e+00 +2.9273e-01 -1.3552e+00 -1.9281e-01 +1.0056e+00 +2.6280e+00 -2.2462e+00 +1.1945e+00 -5.2410e-01 -2.7469e-01 +4.5718e-01 -3.1195e+00 -4.2698e+00 +3.8147e+00 +1.9303e+00 +2.9651e+00
10 0 +1.317198730e+01 +5.035198730e+01 +5.035198730e+01 +2.0859e+00 +6.8474e-01 -1.9896e-01 -2.5986e-01 -4.5268e+00 +4.8880e+00 +7.6083e-01 -8.3528e-01 -2.6710e+00 -1.1575e+00 +3.1071e-02 +7.6204e-01 +5.8552e-03 -4.5038e-01 +1.8487e+00 +1.7794e+00 -2.4994e+00 +2.0618e+00 +1.7984e+00 +2.3686e+00
53 0 +1.228158272e+01 +4.946158272e+01 +4.946158272e+01 +5.2735e-01 -3.8809e+00 -3.5838e+00 +1.1669e+00 +3.7412e-01 +3.3226e-01 -4.5391e+00 -5.0634e-01 -3.6374e+00 +3.1009e+00 -3.8256e+00 -1.0182e+00 -7.1851e-01 -3.3942e+00 +2.7021e+00 -2.0647e+00 +6.3713e-01 -6.7531e-01 -3.5182e+00 +1.0093e+00
55 0 +1.096793732e+01 +4.814793732e+01 +4.814793732e+01 -4.2029e-01 -6.0033e-01 +1.4123e+00 +1.7575e+00 -3.5207e+00 +4.3017e+00 +9.7217e-01 -7.5691e-01 -2.8111e+00 +7.9634e-01 -1.8483e+00 -1.3564e+00 +1.7874e+00 +5.9093e-01 +1.6359e+00 +1.5737e+00 -1.0451e-01 -1.5997e-01 +2.7034e+00 +9.7769e-01
252 0 +1.047519323e+01 +4.765519323e+01 +4.765519323e+01 -3.5902e-01 -1.5200e+00 -5.5793e-01 -3.5561e-01 -1.5427e+00 +5.3598e-01 -1.6328e+00 -1.4085e+00 -1.4151e+00 +1.1773e+00 -2.0520e+00 -1.6300e-01 +1.5127e-01 -1.3800e+00 +1.1436e+00 -3.5746e-01 +2.6149e-01 +4.4750e-01 -2.9864e+00 -1.0495e+00
253 0 +9.334751673e+00 +4.651475167e+01 +4.651475167e+01 -1.5110e+00 -7.0736e-01 +7.2846e-01 -1.4330e+00 -2.7893e+00 +1.3730e+00 -1.5581e+00 -2.5740e+00 -8.2246e-01 +3.1781e-01 -1.4307e+00 -9.8221e-02 -6.8407e-01 -7.1697e-01 +1.1066e+00 -1.2710e+00 +1.3302e+00 -3.6734e-01 -2.7963e+00 -1.8825e+00
505 0 +9.071059396e+00 +4.625105940e+01 +4.625105940e+01 -1.4956e+00 -7.1175e-01 +7.3068e-01 -1.3909e+00 -2.7895e+00 +1.3991e+00 -1.5308e+00 -2.5481e+00 -8.4695e-01 +3.2948e-01 -1.4404e+00 -1.1415e-01 -6.5099e-01 -7.0530e-01 +1.1120e+00 -1.2354e+00 +1.3113e+00 -3.6273e-01 -2.7374e+00 -1.8482e+00
762 0 +8.746617157e+00 +4.592661716e+01 +4.592661716e+01 -2.5265e+00 -1.0159e-01 +2.1990e+00 -1.2636e-01 -3.9588e+00 +2.7603e+00 -8.5466e-01 -3.1508e+00 -7.9872e-01 -8.2857e-02 -1.1842e+00 -5.7171e-01 -6.3022e-01 +2.9560e-01 +1.1801e+00 -3.8176e-01 +2.1769e+00 -1.2704e+00 -1.1956e+00 -1.9949e+00
808 0 +8.398109573e+00 +4.557810957e+01 +4.557810957e+01 -2.4631e+00 -1.3913e-01 +2.1085e+00 -2.0445e-01 -3.8868e+00 +2.6764e+00 -8.9643e-01 -3.1138e+00 -8.0146e-01 -5.7541e-02 -1.1998e+00 -5.4343e-01 -6.3167e-01 +2.3389e-01 +1.1759e+00 -4.3449e-01 +2.1237e+00 -1.2145e+00 -1.2909e+00 -1.9860e+00
963 0 +8.126969319e+00 +4.530696932e+01 +4.530696932e+01 -1.4979e+00 -7.0984e-01 +7.2933e-01 -1.4023e+00 -2.7903e+00 +1.3935e+00 -1.5375e+00 -2.5543e+00 -8.3493e-01 +3.2540e-01 -1.4323e+00 -1.0910e-01 -6.6015e-01 -7.0863e-01 +1.1049e+00 -1.2440e+00 +1.3146e+00 -3.6270e-01 -2.7519e+00 -1.1178e+00
1005 0 +7.833311436e+00 +4.501331144e+01 +4.501331144e+01 -1.5007e+00 -7.0931e-01 +7.2914e-01 -1.4088e+00 -2.7901e+00 +1.3891e+00 -1.5419e+00 -2.5585e+00 -8.3227e-01 +3.2378e-01 -1.4320e+00 -1.0678e-01 -6.6525e-01 -7.1041e-01 +1.1052e+00 -1.2498e+00 +1.3179e+00 -3.6369e-01 -2.7613e+00 -1.2808e+00
1406 0 +7.352922134e+00 +4.453292213e+01 +4.453292213e+01 -2.0374e+00 -3.9093e-01 +1.4997e+00 -7.3402e-01 -3.4028e+00 +2.1096e+00 -1.1799e+00 -2.8673e+00 -8.1563e-01 +1.1123e-01 -1.3021e+00 -3.4714e-01 -6.4492e-01 -1.8237e-01 +1.1437e+00 -7.9252e-01 +1.7669e+00 -8.3860e-01 -1.9369e+00 -1.6320e+00
1458 0 +7.166888655e+00 +4.434688865e+01 +4.434688865e+01 -1.9830e+00 -4.2316e-01 +1.4217e+00 -8.0233e-01 -3.3408e+00 +2.0367e+00 -1.2166e+00 -2.8361e+00 -8.1731e-01 +1.3275e-01 -1.3153e+00 -3.1509e-01 -6.4698e-01 -2.3583e-01 +1.1398e+00 -8.3881e-01 +1.7214e+00 -7.9053e-01 -2.0204e+00 -1.5965e+00
1610 0 +7.066724556e+00 +4.424672456e+01 +4.424672456e+01 -1.9837e+00 -4.2274e-01 +1.4227e+00 -8.0144e-01 -3.3416e+00 +2.0376e+00 -1.2161e+00 -2.8365e+00 -8.1729e-01 +1.0217e-01 -1.3151e+00 -3.2313e-01 -6.4695e-01 -2.3513e-01 +1.1399e+00 -8.3821e-01 +1.7220e+00 -7.9115e-01 -2.0193e+00 -1.5513e+00
% f evaluations | g evaluations | best noise-free fitness - Fopt (-1.479000000000e+02) + sum g_i+ | measured fitness | best measured fitness or single-digit g-values | x1 | x2...
1 0 +3.589218176e+01 -1.120078182e+02 -1.120078182e+02 -2.8039e-01 -2.0979e+00 +3.5965e+00 +2.4503e+00 +1.4989e+00 +7.1630e-01 +3.3330e+00 +2.4942e+00 +4.1978e+00 -3.2120e+00 +4.7459e+00 -3.0830e+00 -4.4103e+00 +4.4951e+00 +4.9160e+00 +3.5149e+00 -3.2875e+00 -4.6169e+00 -3.0024e+00 +1.4027e+00
2 0 +3.169739383e+01 -1.162026062e+02 -1.162026062e+02 -4.7692e+00 -3.1142e+00 -4.0502e+00 -3.6014e-01 +4.6101e+00 +4.7231e+00 -2.6916e+00 +8.6350e-01 -1.6644e+00 -4.5058e+00 +2.0813e+00 -3.0988e+00 +4.8208e+00 +2.4890e+00 +8.9598e-01 +1.9276e+00 +2.4458e-01 +3.7384e+00 -7.6713e-01 -4.0245e+00
3 0 +2.323283047e+01 -1.246671695e+02 -1.246671695e+02 -2.0668e+00 +1.4455e+00 -2.0607e+00 +4.6524e+00 +3.3018e+00 -1.6085e+00 -1.3546e-01 +2.0447e+00 -2.6162e-01 -3.0501e+00 -4.0224e+00 -2.7246e-04 +2.4465e+00 -4.4354e+00 +3.7860e+00 -2.4795e+00 +1.6922e+00 +4.1804e+00 -1.0074e+00 -1.0180e+00
4 0 +1.808289101e+01 -1.298171090e+02 -1.298171090e+02 +3.0259e+00 -3.6565e+00 -2.8115e+00 -1.4706e+00 +2.8053e+00 -2.0726e+00 +3.1936e+00 -2.1558e+00 -1.4541e+00 -4.3997e+00 +2.4542e+00 +2.0150e+00 +1.1960e+00 +8.7964e-01 +1.2755e+00 -9.3779e-01 +4.8452e+00 +5.2292e-01 -3.0852e+00 -3.2005e+00
19 0 +1.508154325e+01 -1.328184567e+02 -1.328184567e+02 -9.8899e-01 +2.4379e+00 -1.2994e+00 -1.5577e+00 +4.8650e+00 +1.5509e+00 -4.1497e+00 -3.9701e+00 -2.6496e-01 +5.8236e-01 -2.1840e+00 +4.5447e+00 -3.0011e+00 -4.8783e+00 -4.4111e+00 +2.0442e+00 -2.0169e+00 +4.5751e-01 -2.9241e+00 +1.1410e+00
102 0 +1.288285274e+01 -1.350171473e+02 -1.350171473e+02 -8.5159e-02 +3.2560e-01 -3.1081e+00 -1.5120e+00 +1.8153e+00 +7.7900e-01 -3.7397e+00 +4.4991e-01 -1.7616e+00 +4.9058e-02 +6.1389e-01 +1.0654e+00 -4.8870e-01 -2.2893e+00 +3.0438e+00 +1.9313e+00 +6.7218e-01 +7.8867e-01 -9.7217e-01 -2.6349e+00
106 0 +1.203946756e+01 -1.358605324e+02 -1.358605324e+02 -1.1375e+00 +2.1775e+00 -1.2040e+00 -1.4445e+00 +4.6577e+00 +1.6343e+00 -3.9359e+00 -3.6288e+00 -3.6401e-01 +4.7773e-01 -2.2125e+00 +4.2271e+00 -2.6999e+00 -4.7409e+00 -4.0311e+00 +1.8950e+00 -2.0991e+00 +4.4920e-01 -2.9849e+00 +1.1782e+00
206 0 +1.199875428e+01 -1.359012457e+02 -1.359012457e+02 -2.2623e+00 +1.3574e-01 -4.3949e-01 -6.7842e-01 +3.1042e+00 +2.0204e+00 -2.3689e+00 -1.0418e+00 -8.6296e-01 -4.2389e-01 -2.1925e+00 +1.6409e+00 -1.8250e-01 -3.6335e+00 -1.4267e+00 +7.7576e-01 -2.4332e+00 +2.6482e-01 -3.0048e+00 +1.6898e+00
207 0 +9.513358418e+00 -1.383866416e+02 -1.383866416e+02 -1.8773e+00 +8.3452e-01 -7.0113e-01 -9.4063e-01 +3.6359e+00 +1.8882e+00 -2.9052e+00 -1.9272e+00 -6.9220e-01 -1.1531e-01 -2.1994e+00 +2.5261e+00 -1.0441e+00 -4.0125e+00 -2.3181e+00 +1.1588e+00 -2.3189e+00 +3.2793e-01 -2.9980e+00 +1.5147e+00
352 0 +8.805141339e+00 -1.390948587e+02 -1.390948587e+02 -2.2387e+00 +1.7542e-01 -2.1031e-01 -1.7540e+00 +2.9061e+00 +1.3268e+00 -2.1122e+00 -2.1619e+00 -1.1214e+00 +2.0768e-01 -1.7085e+00 +3.6092e+00 -1.9436e+00 -3.3574e+00 -3.0910e+00 +1.5721e-01 -1.3131e+00 -3.8955e-01 -1.8908e+00 +1.3336e+00
806 0 +8.579235193e+00 -1.393207648e+02 -1.393207648e+02 -1.9754e+00 +6.5586e-01 -6.1053e-01 -9.7788e-01 +3.4771e+00 +1.8544e+00 -2.7390e+00 -1.8055e+00 -7.6218e-01 -1.3355e-01 -2.1514e+00 +2.4876e+00 -9.9188e-01 -3.8860e+00 -2.2490e+00 +9.5212e-01 -2.2381e+00 +2.4691e-01 -2.1855e+00 +7.9623e-01
813 0 +8.343295549e+00 -1.395567045e+02 -1.395567045e+02 -1.9176e+00 +7.6237e-01 -1.2542e-02 -9.1197e-01 +3.5800e+00 +1.9054e+00 -2.8484e+00 -1.8346e+00 -7.1348e-01 -1.4610e-01 -2.1385e+00 +2.4359e+00 -9.5717e-01 -3.9738e+00 -2.2211e+00 +1.1186e+00 -2.3347e+00 +3.2298e-01 -3.0047e+00 +1.5299e+00
1308 0 +8.246380987e+00 -1.396536190e+02 -1.396536190e+02 -1.9384e+00 +7.2374e-01 -2.3438e-01 -9.4894e-01 +3.5395e+00 +1.8784e+00 -2.8045e+00 -1.8369e+00 -7.3454e-01 -1.3369e-01 -2.1363e+00 +2.4778e+00 -9.9080e-01 -3.9380e+00 -2.2512e+00 +1.0588e+00 -2.2856e+00 +2.8715e-01 -2.7368e+00 +1.3040e+00
1612 0 +7.822921393e+00 -1.400770786e+02 -1.400770786e+02 -1.9176e+00 +7.6237e-01 -1.2542e-02 -6.1676e-01 +3.5800e+00 +1.9054e+00 -2.8484e+00 -1.8346e+00 -7.1348e-01 -1.4610e-01 -2.1385e+00 +2.4359e+00 -9.5717e-01 -3.9738e+00 -1.7191e+00 +1.1186e+00 -2.3347e+00 +3.2298e-01 -3.0047e+00 +1.5299e+00
1752 0 +7.751362988e+00 -1.401486370e+02 -1.401486370e+02 -1.9193e+00 +7.5909e-01 -3.1393e-02 -6.4809e-01 +3.5766e+00 +1.9031e+00 -2.8446e+00 -1.8348e+00 -7.1527e-01 -1.4504e-01 -2.1146e+00 +2.4395e+00 -9.6003e-01 -3.9707e+00 -1.7695e+00 +1.1135e+00 -2.3306e+00 +3.1993e-01 -2.9819e+00 +1.5107e+00
1856 0 +7.485336230e+00 -1.404146638e+02 -1.404146638e+02 -1.9251e+00 +7.4843e-01 -9.2634e-02 -7.3985e-01 +3.5654e+00 +1.8956e+00 -2.8325e+00 -1.8354e+00 -7.2108e-01 -1.4162e-01 -2.1377e+00 +2.4511e+00 -9.6931e-01 -3.9609e+00 -1.9165e+00 +1.0970e+00 -2.3170e+00 +3.1004e-01 -2.9080e+00 +1.4484e+00
% f evaluations | g evaluations | best noise-free fitness - Fopt (4.817100000000e+02) + sum g_i+ | measured fitness | best measured fitness or single-digit g-values | x1 | x2...
1 0 +2.387757965e+01 +5.055875796e+02 +5.055875796e+02 +4.0388e+00 +1.0069e+00 +9.6143e-01 +3.9343e+00 +1.7455e+00 +1.7170e+00 +4.3271e+00 -3.8047e-01 +1.4874e+00 +1.8615e+00 -1.5428e+00 +4.6726e+00 +1.5696e+00 +1.0022e+00 -2.4234e+00 +2.2054e+00 -4.3425e+00 +2.6225e-01 +4.3044e+00 +3.3909e+00
7 0 +1.997171380e+01 +5.016817138e+02 +5.016817138e+02 -4.2288e+00 -1.2902e+00 +3.3531e+00 +2.8136e+00 +3.3899e+00 -4.7161e+00 -1.5104e-01 +2.3255e+00 +4.1610e+00 -1.4835e+00 -4.8525e+00 -3.4033e+00 +8.0659e-01 +4.2501e+00 +1.8583e+00 -3.9976e+00 +1.6522e+00 +3.3854e+00 +3.0616e+00 -1.5086e+00
19 0 +1.722993890e+01 +4.989399389e+02 +4.989399389e+02 +4.3401e+00 -3.4512e+00 +3.0920e+00 +4.1052e+00 +1.5844e+00 -2.5474e+00 -2.5964e+00 +1.3323e+00 -2.7731e+00 +1.7741e+00 +8.0508e-01 -2.0553e+00 +3.5064e+00 +1.3557e+00 +2.7787e+00 -3.5634e+00 +9.0571e-01 +3.2267e+00 -1.7963e+00 +2.3612e+00
29 0 +1.556984235e+01 +4.972798423e+02 +4.972798423e+02 +3.1797e+00 +2.7340e+00 -3.7475e+00 +4.1474e+00 +5.6983e-01 +9.3058e-01 -7.6944e-01 -9.3364e-02 +4.8004e+00 -3.1098e+00 -3.2521e+00 -2.8456e+00 +4.7279e+00 +3.0084e+00 +9.5696e-01 -2.3467e+00 +4.6708e+00 -2.8083e+00 +2.7385e+00 +3.8419e+00
52 0 +1.130530126e+01 +4.930153013e+02 +4.930153013e+02 +2.8222e+00 -1.8026e+00 -1.5053e+00 -4.7033e-02 -2.4244e+00 -3.7656e+00 +5.7523e-01 -2.3575e+00 -1.4308e+00 +9.4479e-01 +1.0542e+00 -9.6198e-01 +8.4338e-01 -5.5058e-01 +4.2392e-01 +2.7624e+00 -2.3201e+00 -1.0501e+00 +1.6052e+00 +2.4917e+00
56 0 +1.108373379e+01 +4.927937338e+02 +4.927937338e+02 +8.6731e-01 -1.2935e+00 -3.4378e+00 -8.5355e-01 -2.7513e+00 +1.3450e+00 -2.6499e+00 +8.9327e-01 +2.7710e+00 +3.5476e+00 +2.3886e-01 +2.7353e+00 +1.0473e+00 +2.4890e+00 -2.3063e+00 +6.9432e-01 -1.6136e+00 -3.7701e-01 -2.2268e+00 -2.4562e+00
57 0 +1.035980602e+01 +4.920698060e+02 +4.920698060e+02 +1.0079e+00 -1.4850e+00 -3.5558e+00 -1.1986e+00 -2.6882e+00 +1.0497e+00 -2.4268e+00 +6.7703e-01 +2.8002e+00 +3.4733e+00 +3.4512e-01 +2.5555e+00 +1.2288e+00 +2.4773e+00 -2.1688e+00 +7.7924e-01 -1.7143e+00 -4.4702e-01 -2.2303e+00 -2.3177e+00
104 0 +7.904521515e+00 +4.896145215e+02 +4.896145215e+02 +9.8897e-01 +4.2618e-02 -1.6436e+00 -4.9563e-01 -3.1621e+00 +7.9190e-01 -2.3688e+00 +2.5096e+00 +2.3212e+00 +3.0459e+00 -2.4919e+00 +7.2440e-02 -1.9075e+00 +1.2152e+00 -1.3224e+00 -1.8739e-01 -9.3963e-02 -1.7388e+00 +1.4017e+00 +8.3899e-01
505 0 +7.663915636e+00 +4.893739156e+02 +4.893739156e+02 +1.4441e+00 -6.5718e-01 -1.9960e+00 -9.3522e-01 -2.9152e+00 -2.3660e-01 -1.6518e+00 +1.2812e+00 +1.8411e+00 +2.6847e+00 -1.4805e+00 -9.7952e-03 -8.8936e-01 +1.0820e+00 -9.8777e-01 +4.8320e-01 -1.8516e-01 -1.5653e+00 +9.9444e-01 +8.8449e-01
556 0 +7.564000032e+00 +4.892740000e+02 +4.892740000e+02 +1.4247e+00 -6.2733e-01 -1.9810e+00 -9.1647e-01 -2.9257e+00 -1.9273e-01 -1.6823e+00 +1.3336e+00 +1.8615e+00 +2.7001e+00 -1.5236e+00 -6.2875e-03 -9.3279e-01 +1.0876e+00 -1.0020e+00 +4.5459e-01 -1.8127e-01 -1.5727e+00 +1.0118e+00 +8.8254e-01
559 0 +7.361604677e+00 +4.890716047e+02 +4.890716047e+02 +1.0526e+00 -9.0080e-02 -1.7373e+00 -5.7487e-01 -3.1191e+00 +6.6350e-01 -2.2758e+00 +2.3040e+00 +2.2714e+00 +3.0095e+00 -2.2892e+00 +1.2365e-01 -1.6974e+00 +1.2277e+00 -1.2971e+00 -7.6862e-02 -2.2219e-01 -1.6854e+00 +1.2568e+00 +7.6726e-01
662 0 +6.908712361e+00 +4.886187124e+02 +4.886187124e+02 +1.4235e+00 -1.1085e+00 -2.2922e+00 -1.2082e+00 -2.7657e+00 -7.2921e-01 -1.2994e+00 +5.5888e-01 +1.6371e+00 +2.5340e+00 -8.0021e-01 +1.0834e-01 -1.8917e-01 +1.0928e+00 -8.6988e-01 +9.2899e-02 -1.1846e+00 -1.4009e+00 +5.5847e-01 +7.0794e-01
1014 0 +6.744175610e+00 +4.884541756e+02 +4.884541756e+02 +1.4235e+00 -1.1085e+00 -2.2922e+00 -1.2082e+00 -2.7657e+00 -7.2921e-01 -1.2994e+00 +5.5888e-01 +1.6371e+00 +2.5340e+00 -8.0021e-01 +1.0834e-01 -1.8917e-01 +1.0928e+00 -8.4285e-01 +9.2899e-02 -1.1846e+00 -1.4009e+00 +5.5847e-01 +6.4373e-01
1262 0 +6.455878320e+00 +4.881658783e+02 +4.881658783e+02 +1.4235e+00 -1.1085e+00 -2.2922e+00 -1.2082e+00 -2.7657e+00 -4.7919e-01 -1.2994e+00 +5.5888e-01 +1.6371e+00 +2.5340e+00 -8.0021e-01 +1.0834e-01 -1.8917e-01 +1.0928e+00 -8.4701e-01 +9.2899e-02 -1.1846e+00 -1.4009e+00 +5.5847e-01 +6.6026e-01
1754 0 +6.205085296e+00 +4.879150853e+02 +4.879150853e+02 +1.4235e+00 -1.1085e+00 -2.2922e+00 -1.2082e+00 -2.7657e+00 -6.2897e-01 -1.2994e+00 +5.5888e-01 +1.0993e+00 +2.5340e+00 -8.0021e-01 +5.1870e-02 -1.8747e-01 +1.0928e+00 -8.4452e-01 +9.2899e-02 -1.1846e+00 -1.4009e+00 +5.5847e-01 +6.5036e-01
1755 0 +6.102859084e+00 +4.878128591e+02 +4.878128591e+02 +1.4235e+00 -1.1085e+00 -2.2922e+00 -1.2082e+00 -2.7657e+00 -5.7943e-01 -1.2994e+00 +5.5888e-01 +1.2772e+00 +2.5340e+00 -8.0021e-01 +7.0548e-02 -1.8663e-01 +1.0928e+00 -8.4534e-01 +9.2899e-02 -1.1846e+00 -1.4009e+00 +5.5847e-01 +6.5363e-01
% f evaluations | g evaluations | best noise-free fitness - Fopt (-3.646000000000e+01) + sum g_i+ | measured fitness | best measured fitness or single-digit g-values | x1 | x2...
1 0 +2.408800217e+01 -1.237199783e+01 -1.237199783e+01 -3.5113e+00 +3.2216e+00 +2.9412e+00 +2.1489e+00 +1.2171e+00 -1.1700e+00 +4.2701e+00 -4.1988e+00 +2.8198e+00 -6.0410e-02 -3.9553e+00 -3.9428e+00 -1.8344e+00 +4.9213e+00 +2.0468e+00 +1.5149e+00 -2.8480e+00 +1.8964e+00 -4.6348e+00 -1.1510e+00
4 0 +2.365583785e+01 -1.280416215e+01 -1.280416215e+01 -1.4002e+00 +4.9941e+00 -2.0377e+00 +3.1814e+00 -1.5623e+00 +1.1341e+00 +2.1803e+00 +6.3750e-01 +3.1655e+00 -1.0749e+00 -3.0082e+00 -3.5692e+00 +3.0666e-01 +3.8340e+00 +4.0423e+00 -4.1033e+00 +4.6116e+00 +4.3945e+00 +4.8940e+00 +2.7314e+00
8 0 +2.083182472e+01 -1.562817528e+01 -1.562817528e+01 +3.4686e+00 +4.6954e+00 +3.0789e+00 -3.2218e-01 +1.8703e-01 +2.8231e+00 +6.6382e-01 -1.6852e+00 -1.5503e+00 +2.4366e-01 +3.6538e+00 -3.3816e+00 -2.7465e+00 +2.5688e+00 -2.3942e+00 +4.8841e+00 -4.2334e+00 +4.3914e+00 -4.2928e+00 +4.5494e+00
11 0 +1.847032497e+01 -1.798967503e+01 -1.798967503e+01 -3.5681e+00 -3.0893e-01 +2.1537e-01 +9.0681e-01 +2.3778e+00 +2.1396e+00 +1.7979e-02 +2.6440e+00 +4.4787e+00 -2.3860e+00 +2.0084e+00 -6.6336e-01 -4.6941e+00 +3.6830e+00 +1.3622e+00 -3.0904e+00 +4.3297e+00 -4.0845e-01 +3.6996e+00 +2.1488e+00
12 0 +1.724526069e+01 -1.921473931e+01 -1.921473931e+01 +2.7631e+00 -6.5615e-01 +2.5178e+00 -4.3912e+00 +1.9164e+00 -2.7071e+00 -2.6365e-01 -7.6444e-01 -3.7652e+00 +3.7484e+00 +2.6958e+00 +1.6319e+00 +4.1637e-01 -3.0132e+00 +1.7360e+00 -3.0379e+00 +2.5443e+00 -2.6251e+00 +4.0838e+00 +1.8113e+00
15 0 +1.420602616e+01 -2.225397384e+01 -2.225397384e+01 -2.1156e+00 -1.5951e+00 +1.9524e+00 -6.7351e-01 -6.4137e-01 -4.1793e+00 +2.5283e+00 +8.6457e-01 +1.7416e+00 +4.4016e-01 +1.1629e+00 -6.0776e-02 +6.1805e-01 -1.4065e+00 +3.3694e+00 -3.2662e+00 +6.2547e-01 -4.7421e+00 +1.1387e+00 -4.4949e+00
54 0 +1.102818322e+01 -2.543181678e+01 -2.543181678e+01 +1.2267e+00 -3.0443e+00 +7.6873e-03 -4.8935e-02 +1.2515e-01 -9.5926e-01 +3.0617e-01 +2.6074e+00 +8.0975e-01 +5.5123e-01 +2.7539e+00 -2.0087e+00 -1.8908e+00 +1.0282e+00 -4.1580e-01 -2.8274e+00 +1.8154e+00 -3.7997e+00 +8.9950e-01 -1.4047e+00
103 0 +1.047617077e+01 -2.598382923e+01 -2.598382923e+01 +1.2640e+00 -3.0618e+00 -6.0825e-03 -2.2031e-02 +1.6730e-01 -9.1233e-01 +2.8973e-01 +2.6251e+00 +8.1104e-01 +4.9221e-01 +2.6998e+00 -1.9819e+00 -1.8991e+00 +9.8627e-01 -3.7741e-01 -2.8469e+00 +1.8329e+00 -3.7099e+00 +8.7417e-01 -1.3317e+00
104 0 +9.895266203e+00 -2.656473380e+01 -2.656473380e+01 +1.7350e+00 -1.0350e+00 +4.4560e-01 +2.3589e-01 +7.3538e-01 -7.4835e-01 +5.9920e-01 +2.4032e+00 -9.3473e-01 -5.8781e-01 +1.5968e-01 -2.2155e+00 -3.1761e+00 -4.7477e-01 +1.1001e+00 -6.1604e-01 +1.9913e+00 -2.4228e+00 +7.8012e-01 -2.5659e+00
105 0 +9.188818661e+00 -2.727118134e+01 -2.727118134e+01 +1.9092e+00 -1.3086e-01 +6.6661e-01 +3.5185e-01 +9.9224e-01 -7.0302e-01 +7.6063e-01 +2.2878e+00 -1.6875e+00 -1.0899e+00 -1.0036e+00 -2.2777e+00 -3.7040e+00 -1.1710e+00 +1.8218e+00 +3.4915e-01 +2.0512e+00 -1.8316e+00 +7.3118e-01 -3.1215e+00
352 0 +6.626510621e+00 -2.983348938e+01 -2.983348938e+01 +2.2779e+00 -1.6795e+00 +3.3322e-01 +4.5566e-01 +1.6844e+00 +1.2835e-01 +4.9792e-01 +2.6745e+00 -6.1119e-01 -1.7118e+00 -7.4636e-01 -1.6919e+00 -3.2465e+00 -1.1445e+00 +2.0456e+00 -1.2685e+00 +2.3450e+00 -2.4527e-01 +1.2361e-01 -8.4471e-01
654 0 +6.556426233e+00 -2.990357377e+01 -2.990357377e+01 +2.2779e+00 -1.6795e+00 +3.3322e-01 +4.5566e-01 +1.6844e+00 +1.2835e-01 +4.9792e-01 +2.6745e+00 -6.1119e-01 -1.7118e+00 -7.4636e-01 -1.6919e+00 -3.2465e+00 -1.1445e+00 +2.0456e+00 -1.2685e+00 +2.3450e+00 -2.4527e-01 +7.5580e-02 -8.4471e-01
763 0 +6.274562843e+00 -3.018543716e+01 -3.018543716e+01 +2.2779e+00 -1.6795e+00 +3.3322e-01 +4.5566e-01 +1.6844e+00 +1.2835e-01 +4.9792e-01 +2.6745e+00 -6.1119e-01 -1.5681e+00 -7.4636e-01 -1.6919e+00 -3.2465e+00 -1.1445e+00 +2.0456e+00 -1.2685e+00 +2.3450e+00 -2.4527e-01 +7.1849e-02 -8.4471e-01
1161 0 +6.152589807e+00 -3.030741019e+01 -3.030741019e+01 +2.2779e+00 -1.6795e+00 +3.3322e-01 +4.5566e-01 +1.6844e+00 +1.2835e-01 +4.9792e-01 +2.6745e+00 -6.1119e-01 -1.7118e+00 -7.4636e-01 -1.5693e+00 -3.2465e+00 -1.1445e+00 +2.0456e+00 -1.2685e+00 +2.3450e+00 -1.9381e-01 +9.9656e-02 -8.4471e-01
% f evaluations | g evaluations | best noise-free fitness - Fopt (3.920000000000e+01) + sum g_i+ | measured fitness | best measured fitness or single-digit g-values | x1 | x2...
1 0 +1.115728545e+02 +1.507728545e+02 +1.507728545e+02 +2.2163e+00 -4.6825e+00 +2.1139e+00 -8.5034e-01 +1.9697e+00 -2.0954e+00 +2.8551e-01 -9.0654e-01 +1.5546e+00 +3.5090e+00 -1.7618e+00 +2.9891e+00 +1.9514e+00 +3.3732e+00 +1.3114e+00 +2.6054e+00 -9.7899e-01 -3.7882e+00 +2.9335e+00 +1.8714e+00
2 0 +2.077927235e+01 +5.997927235e+01 +5.997927235e+01 +3.8359e+00 -3.8771e+00 +4.5923e+00 +3.1130e+00 +2.9103e+00 +3.0015e+00 +3.0265e+00 +3.6507e+00 -2.1725e+00 -4.3112e+00 +1.6570e+00 +4.5588e-01 +1.8964e+00 +1.3677e+00 +1.6045e+00 +5.9250e-01 -5.4303e-01 -1.8810e+00 +6.7117e-01 +6.6326e-01
5 0 +1.696555206e+01 +5.616555206e+01 +5.616555206e+01 +3.2728e+00 +3.8021e+00 +2.1849e-01 +2.2778e+00 +1.8480e+00 +4.5177e+00 -2.5253e-01 -4.0385e+00 -1.9211e+00 -2.4668e+00 -4.3634e+00 -3.6023e-01 +2.6696e+00 -2.3749e-01 -4.6947e+00 -2.2442e-01 -1.9641e-02 -1.8238e+00 +3.8020e+00 -3.4777e-01
106 0 +1.407796942e+01 +5.327796942e+01 +5.327796942e+01 +3.2877e+00 +3.6151e+00 +3.2142e-01 +2.2896e+00 +1.8679e+00 +4.4635e+00 -1.7961e-01 -3.8614e+00 -1.9226e+00 -2.5095e+00 -4.2198e+00 -3.4567e-01 +2.6518e+00 -2.0187e-01 -4.5458e+00 -2.1227e-01 -2.3965e-02 -1.8181e+00 +3.7191e+00 -3.2254e-01
154 0 +9.593107642e+00 +4.879310764e+01 +4.879310764e+01 +3.4426e+00 +1.6681e+00 +1.3927e+00 +2.4126e+00 +2.0749e+00 +3.9002e+00 +5.7933e-01 -2.0189e+00 -1.9380e+00 -2.9547e+00 -2.7253e+00 -1.9410e-01 +2.4670e+00 +1.6881e-01 -2.9967e+00 -8.5829e-02 -6.8970e-02 -1.7582e+00 +2.8573e+00 -5.9949e-02
208 0 +8.908779756e+00 +4.810877976e+01 +4.810877976e+01 +3.4735e+00 +1.2800e+00 +1.6063e+00 +2.4372e+00 +2.1161e+00 +2.0459e+00 +7.3061e-01 -1.6516e+00 -1.9411e+00 -3.0434e+00 -2.4273e+00 -1.6389e-01 +2.4301e+00 +2.4270e-01 -2.6878e+00 -6.0623e-02 -7.7942e-02 -1.7462e+00 +2.6854e+00 -7.6039e-03
355 0 +8.612157077e+00 +4.781215708e+01 +4.781215708e+01 +3.4800e+00 +1.1981e+00 +1.6514e+00 +2.4423e+00 +2.1248e+00 +2.0713e+00 +7.6255e-01 -1.5740e+00 -1.9418e+00 -3.0621e+00 -2.3644e+00 -1.5751e-01 +2.4223e+00 +2.5830e-01 -2.6227e+00 -5.5303e-02 -7.9836e-02 -1.7437e+00 +2.6492e+00 +3.4461e-03
503 0 +8.505911214e+00 +4.770591121e+01 +4.770591121e+01 +3.4518e+00 +1.5523e+00 +1.4564e+00 +2.4200e+00 +2.0872e+00 +3.6401e+00 +6.2447e-01 -1.6667e+00 -1.9390e+00 -2.9811e+00 -2.6364e+00 -1.8509e-01 +2.4560e+00 +1.9085e-01 -2.9045e+00 -7.8308e-02 -7.1647e-02 -1.7546e+00 +2.8060e+00 -4.4331e-02
510 0 +8.249558353e+00 +4.744955835e+01 +4.744955835e+01 +3.4735e+00 +1.2800e+00 +1.6063e+00 +2.4372e+00 +1.1297e+00 +2.0459e+00 +7.3061e-01 -9.4855e-01 -1.9411e+00 -3.0434e+00 -2.4273e+00 -1.6389e-01 +2.4301e+00 +2.4270e-01 -2.6878e+00 -6.0623e-02 -7.7942e-02 -1.7462e+00 +2.6854e+00 -7.6039e-03
554 0 +8.111429528e+00 +4.731142953e+01 +4.731142953e+01 +3.4702e+00 +1.3212e+00 +1.5836e+00 +2.4346e+00 +1.2746e+00 +2.2870e+00 +7.1456e-01 -1.0572e+00 -1.9408e+00 -3.0340e+00 -2.4589e+00 -1.6709e-01 +2.4340e+00 +2.3486e-01 -2.7206e+00 -6.3299e-02 -7.6990e-02 -1.7475e+00 +2.7037e+00 -1.3160e-02
808 0 +7.799381573e+00 +4.699938157e+01 +4.699938157e+01 +3.4728e+00 +1.2883e+00 +1.5515e+00 +2.4366e+00 +1.3587e+00 +2.2935e+00 +7.2739e-01 -1.0901e+00 -1.9411e+00 -3.0415e+00 -2.4337e+00 -1.6453e-01 +2.4309e+00 +2.4112e-01 -2.6944e+00 -6.1161e-02 -7.7750e-02 -1.7465e+00 +2.6891e+00 -8.7210e-03
1012 0 +7.592814624e+00 +4.679281462e+01 +4.679281462e+01 +3.4735e+00 +6.9873e-01 +1.6063e+00 +2.4372e+00 +1.1297e+00 +2.0459e+00 +7.3061e-01 -9.4855e-01 -1.9411e+00 -3.0434e+00 -2.4273e+00 -1.6389e-01 +2.4301e+00 +2.4270e-01 -2.6878e+00 -6.0623e-02 -7.7942e-02 -1.7462e+00 +2.6854e+00 -7.6039e-03
1057 0 +7.448678545e+00 +4.664867854e+01 +4.664867854e+01 +3.4733e+00 +8.0508e-01 +1.5973e+00 +2.4370e+00 +1.1685e+00 +2.0900e+00 +7.2970e-01 -9.7300e-01 -1.9411e+00 -3.0428e+00 -2.4291e+00 -1.6407e-01 +2.4303e+00 +2.4225e-01 -2.6897e+00 -6.0776e-02 -7.7888e-02 -1.7463e+00 +2.6865e+00 -7.9207e-03
1060 0 +7.150502852e+00 +4.635050285e+01 +4.635050285e+01 +3.4735e+00 +1.2801e+00 +1.6062e+00 +5.8593e-01 +1.1302e+00 +2.0468e+00 +7.3056e-01 -9.4895e-01 -1.9411e+00 -3.0434e+00 -2.4274e+00 -1.6390e-01 +2.4301e+00 +2.4267e-01 -2.6880e+00 -6.0633e-02 -7.7938e-02 -1.7462e+00 +2.6855e+00 -7.6244e-03
1860 0 +6.839718282e+00 +4.603971828e+01 +4.603971828e+01 +3.4734e+00 +1.2572e+00 +1.6027e+00 +7.8938e-01 +1.1452e+00 +2.0637e+00 +7.3022e-01 -9.5835e-01 -1.9411e+00 -3.0432e+00 -2.4281e+00 -1.6397e-01 +2.4302e+00 +2.4250e-01 -2.4426e+00 -6.0690e-02 -2.4882e-02 -1.7462e+00 +2.6859e+00 -7.7415e-03
2005 0 +6.748448709e+00 +4.594844871e+01 +4.594844871e+01 +3.4734e+00 +1.2572e+00 +1.6027e+00 +7.8938e-01 +1.1452e+00 +2.0637e+00 +7.3022e-01 -8.5638e-01 -1.9411e+00 -3.0432e+00 -2.4281e+00 -1.6397e-01 +2.4302e+00 +2.4250e-01 -2.4426e+00 -6.0690e-02 -6.1541e-02 -1.7462e+00 +2.6859e+00 -7.7415e-03
% f evaluations | g evaluations | best noise-free fitness - Fopt (-3.225000000000e+01) + sum g_i+ | measured fitness | best measured fitness or single-digit g-values | x1 | x2...
1 0 +4.086098039e+01 +8.610980391e+00 +8.610980391e+00 +3.6261e+00 +2.5911e-01 -1.4544e+00 -7.6478e-01 +2.1402e+00 -4.7869e+00 -1.3390e+00 +1.3686e+00 -2.2717e+00 +4.3764e+00 -3.6686e+00 -1.9152e+00 -4.9794e+00 -3.4666e+00 +1.7172e-01 +2.1665e+00 +2.7093e+00 -5.9963e-01 -4.1150e+00 +3.9508e+00
6 0 +2.794144871e+01 -4.308551292e+00 -4.308551292e+00 +4.9234e+00 +2.4215e-01 -3.2874e-01 -1.1632e+00 +3.9269e+00 +1.3464e+00 -1.6085e+00 -3.8971e+00 +1.4813e+00 +2.5781e+00 +3.0731e+00 +4.4374e+00 -3.4066e+00 -2.6396e+00 -3.7297e+00 -4.1640e+00 -9.5055e-01 -2.6793e+00 -3.8420e+00 +3.4738e+00
23 0 +2.374241245e+01 -8.507587547e+00 -8.507587547e+00 +1.9481e+00 -2.7459e+00 +7.5368e-01 -2.9002e+00 -3.2001e+00 -2.5750e-02 +2.6893e+00 -3.6350e-01 +4.9451e+00 -1.4358e+00 +2.8991e+00 +5.3352e-01 -2.4614e+00 -9.7515e-01 +4.7591e+00 -1.1577e+00 -2.2499e+00 +4.8603e+00 +1.5308e+00 +4.4851e+00
40 0 +2.243413767e+01 -9.815862332e+00 -9.815862332e+00 +4.2737e+00 +1.3200e+00 -2.3717e+00 +6.4370e-01 -1.2902e+00 +4.7163e-01 +3.4245e+00 +3.6478e+00 -4.8778e+00 +9.1114e-01 -2.3078e+00 -1.8143e-01 +2.1204e+00 -2.3611e+00 +1.0121e+00 -3.4445e+00 -4.0822e+00 +3.3047e+00 +3.1011e-01 +4.0553e+00
58 0 +1.989410495e+01 -1.235589505e+01 -1.235589505e+01 -1.0693e+00 -2.8334e+00 -1.9405e+00 -8.8674e-01 +1.8702e+00 -1.6329e+00 -1.2370e+00 +7.5814e-01 +4.6511e-01 +1.3146e+00 -5.0211e-01 +2.9210e+00 -3.1969e+00 +2.0245e+00 -1.5280e+00 -1.6663e+00 +1.0291e+00 +9.7061e-01 +1.1158e+00 +2.5109e+00
59 0 +1.722327627e+01 -1.502672373e+01 -1.502672373e+01 +1.6122e+00 -1.4573e+00 -1.2193e+00 -1.0105e+00 +2.7905e+00 -2.9980e-01 -1.4032e+00 -1.3248e+00 +9.1982e-01 +1.8800e+00 +1.0976e+00 +3.5995e+00 -3.2907e+00 -6.2436e-02 -2.5131e+00 -2.7838e+00 +1.4331e-01 -6.6252e-01 -1.1026e+00 +2.9417e+00
110 0 +1.635797488e+01 -1.589202512e+01 -1.589202512e+01 +4.0293e+00 -2.6949e+00 -3.9502e+00 -1.0808e+00 -1.8544e+00 +1.7021e+00 +3.2966e+00 +2.4853e+00 +2.0928e-01 +4.3653e+00 -2.5844e+00 +2.4704e+00 +3.4209e+00 +3.6561e-02 -2.3317e+00 -4.1199e+00 -1.1245e-01 +3.2446e+00 -1.3586e+00 -5.1440e-01
304 0 +1.592479545e+01 -1.632520455e+01 -1.632520455e+01 +3.6196e+00 -2.6498e+00 -3.4771e+00 -9.9194e-01 -1.5961e+00 +1.0400e+00 +2.6429e+00 +2.2397e+00 -1.8271e-02 +3.7797e+00 -2.5634e+00 +2.1272e+00 +3.2475e+00 +1.2652e-01 -2.0583e+00 -3.4208e+00 -4.7505e-01 +2.7034e+00 -1.3179e+00 -1.9283e-02
352 0 +1.526650262e+01 -1.698349738e+01 -1.698349738e+01 +2.2678e+00 -2.1374e+00 -2.0603e+00 -1.1006e+00 +3.5147e-01 +1.2929e-01 +6.1890e-01 +4.4693e-01 +7.2873e-01 +2.3340e+00 -5.1751e-01 +2.6162e+00 -3.5117e-01 +9.9755e-02 -1.6505e+00 -2.7411e+00 -1.6167e+00 +1.2826e+00 -8.2617e-01 +1.7853e+00
711 0 +1.432411879e+01 -1.792588121e+01 -1.792588121e+01 +2.2688e+00 -2.1378e+00 -2.0613e+00 -1.1005e+00 +3.5006e-01 +5.4766e-03 +6.2037e-01 +4.4823e-01 +7.2819e-01 +2.3351e+00 -5.1900e-01 +2.6159e+00 -3.4855e-01 +9.9774e-02 -1.6508e+00 -2.7416e+00 -1.6159e+00 +1.2836e+00 -8.2653e-01 +1.7840e+00
1060 0 +1.368213492e+01 -1.856786508e+01 -1.856786508e+01 +2.2684e+00 -2.1376e+00 -2.0609e+00 -1.1005e+00 +3.5061e-01 +1.2970e-01 +6.1979e-01 +4.4773e-01 +2.0268e-01 +2.3347e+00 -5.1842e-01 +2.6160e+00 -3.4957e-01 +9.9766e-02 -1.6507e+00 -2.7414e+00 -1.6162e+00 +1.2832e+00 -8.2639e-01 +1.7845e+00
1110 0 +1.316820619e+01 -1.908179381e+01 -1.908179381e+01 +2.2684e+00 -2.1376e+00 -2.0609e+00 -1.1005e+00 +3.5061e-01 +1.2970e-01 +6.1979e-01 +4.4773e-01 +2.0268e-01 +2.3347e+00 -5.1842e-01 +2.6160e+00 -3.4957e-01 +7.5237e-03 -1.6507e+00 -2.7414e+00 -1.6162e+00 +1.2832e+00 -8.2639e-01 +1.7845e+00
1664 0 +1.284010086e+01 -1.940989914e+01 -1.940989914e+01 +2.2684e+00 -2.1376e+00 -2.0609e+00 -1.1005e+00 +3.5061e-01 +1.2970e-01 +6.1979e-01 +4.4773e-01 +2.0268e-01 +2.3347e+00 -5.1842e-01 +2.6160e+00 -3.4957e-01 +6.7854e-03 -1.6507e+00 -2.7414e+00 -1.6162e+00 +1.2832e+00 -6.6763e-01 +1.7845e+00
2014 0 +1.203304719e+01 -2.021695281e+01 -2.021695281e+01 +2.2684e+00 -2.1376e+00 -2.0609e+00 -1.1005e+00 +3.5061e-01 +1.2970e-01 +6.1979e-01 +4.4773e-01 +4.0976e-02 +2.3347e+00 -5.1842e-01 +2.6160e+00 -3.4957e-01 +6.7854e-03 -1.6507e+00 -2.7414e+00 -1.6162e+00 +1.2832e+00 -6.7087e-01 +1.7845e+00
% f evaluations | g evaluations | best noise-free fitness - Fopt (3.681200000000e+02) + sum g_i+ | measured fitness | best measured fitness or single-digit g-values | x1 | x2...
1 0 +2.380860395e+01 +3.919286039e+02 +3.919286039e+02 -3.4202e+00 +2.4848e+00 -2.0432e+00 -4.7466e+00 -2.1976e+00 +8.8303e-01 +1.6063e+00 -1.7132e+00 +4.9087e-02 -3.3751e+00 -3.4954e+00 -1.3904e+00 +2.5189e+00 -1.9004e+00 +2.9912e+00 -9.7234e-01 +3.5484e+00 +4.6821e+00 +4.9652e+00 -1.7886e+00
5 0 +2.057995267e+01 +3.886999527e+02 +3.886999527e+02 -4.9451e+00 +2.6466e+00 +2.9718e+00 +2.3455e+00 -1.2006e+00 +4.5953e+00 -8.9453e-01 +3.8078e+00 -3.5399e+00 -3.6006e+00 +2.2513e+00 -1.0901e+00 -3.5479e+00 -3.6963e+00 +2.0089e+00 -1.1429e+00 +3.2523e+00 -2.5097e+00 -1.7003e+00 +3.1603e+00
20 0 +1.878249638e+01 +3.869024964e+02 +3.869024964e+02 -1.4668e+00 -4.3715e-01 -3.8768e+00 +6.8025e-01 -3.8354e+00 +5.2224e-01 +1.5766e+00 -4.4319e+00 -1.3493e-01 -2.2221e+00 -3.7993e+00 -4.4196e+00 +3.0750e+00 -4.9482e+00 -4.2131e+00 -1.5861e+00 +3.1645e+00 +3.0553e-01 +3.8914e+00 -3.2393e+00
48 0 +1.791456176e+01 +3.860345618e+02 +3.860345618e+02 -4.3364e+00 +4.3155e-01 -4.3512e+00 +1.0765e+00 -2.6682e-01 -3.6939e+00 +1.9324e+00 -1.7712e-01 -2.2439e+00 -4.9446e+00 +3.8692e+00 +8.1666e-01 +4.0295e+00 -1.3712e+00 -4.3866e+00 -1.9685e+00 -1.0497e+00 -4.1223e-01 +3.1609e+00 -3.1308e+00
50 0 +1.336033400e+01 +3.814803340e+02 +3.814803340e+02 -4.3686e+00 -4.1489e+00 -3.4225e+00 +1.8435e-01 -2.2010e+00 -3.4284e+00 +8.1555e-01 -4.0512e-01 +3.4141e+00 -3.8293e+00 -1.0953e+00 -4.8266e+00 -2.8084e+00 +3.2243e+00 +1.4113e+00 -3.9490e+00 -2.3514e+00 -3.3256e+00 +2.7446e+00 -4.8589e+00
52 0 +1.284736149e+01 +3.809673615e+02 +3.809673615e+02 -2.7424e+00 -2.6583e-01 -2.7434e+00 +1.7401e+00 -1.4937e+00 -4.3171e+00 +1.3467e+00 +1.1750e+00 -1.5125e+00 -1.4682e+00 +1.3313e+00 -1.4273e-01 +1.5560e+00 -1.7229e+00 -7.4538e-01 -1.1374e+00 -2.0085e-01 +1.4542e-01 -6.8113e-01 -2.3152e+00
54 0 +1.192425266e+01 +3.800442527e+02 +3.800442527e+02 -2.2050e+00 -1.3376e+00 -2.4339e+00 +5.8062e-01 -3.1809e+00 +1.0195e+00 +1.2042e+00 -4.4321e+00 -1.0260e+00 -2.1223e+00 -3.1424e+00 -2.4960e+00 +1.6446e+00 -4.6972e+00 -2.4920e+00 -1.9260e+00 +2.4609e+00 +1.2072e+00 +2.9072e+00 -3.4510e+00
152 0 +1.058900781e+01 +3.787090078e+02 +3.787090078e+02 -2.1501e+00 -8.5237e-02 -4.8683e-01 -5.7001e-01 -3.1505e+00 +1.8977e+00 -4.7887e-01 -3.6889e+00 -1.6198e+00 -2.3308e+00 -2.7572e+00 -1.0566e+00 +2.9511e-01 -4.2117e+00 -1.9695e+00 -2.4677e+00 +2.0110e+00 +2.3345e-01 +1.4428e+00 -1.5919e+00
209 0 +9.735229386e+00 +3.778552294e+02 +3.778552294e+02 -3.2999e+00 -2.7251e+00 -1.8703e+00 +4.0135e-01 -2.4937e+00 -2.7239e-02 +8.6415e-01 -3.2155e+00 -2.1704e-01 -2.5784e+00 -2.1312e+00 -2.0505e+00 -5.5570e-01 -2.1537e+00 -2.8402e-01 -2.7403e+00 +5.8628e-01 +3.7652e-01 +2.2699e+00 -4.0029e+00
213 0 +8.651282574e+00 +3.767712826e+02 +3.767712826e+02 -2.8373e+00 -2.1087e+00 -1.1982e+00 +4.9530e-01 -2.6204e+00 +1.4453e+00 +8.8519e-01 -4.4323e+00 -1.7892e+00 -2.0368e+00 -2.5797e+00 -8.4858e-01 +4.1965e-01 -4.4822e+00 -1.0180e+00 -2.2170e+00 +2.1953e-01 +1.9794e+00 +2.0643e+00 -3.6324e+00
404 0 +8.390866084e+00 +3.765108661e+02 +3.765108661e+02 -2.5982e+00 -9.5523e-01 -1.7173e-01 -3.1445e-01 -2.7748e+00 +1.9497e+00 -2.3806e-01 -3.8918e+00 -1.9805e+00 -2.2153e+00 -2.4769e+00 -3.2093e-01 -1.7570e-01 -4.1969e+00 -1.1025e+00 -2.5192e+00 +1.4380e+00 +1.0281e+00 +1.2651e+00 -2.2234e+00
405 0 +8.008239684e+00 +3.761282397e+02 +3.761282397e+02 -2.5861e+00 -8.9711e-01 -1.2001e-01 -3.5524e-01 -2.7826e+00 +1.9752e+00 -2.9465e-01 -3.8646e+00 -1.9902e+00 -2.2243e+00 -2.4718e+00 -2.9434e-01 -2.0570e-01 -4.1825e+00 -1.1067e+00 -2.5345e+00 +1.4168e+00 +9.8022e-01 +1.2248e+00 -2.1524e+00
510 0 +7.718609304e+00 +3.758386093e+02 +3.758386093e+02 -2.8373e+00 -2.1087e+00 -1.1982e+00 +4.9530e-01 -2.6204e+00 +1.4453e+00 +6.2077e-01 -4.4323e+00 -1.7892e+00 -2.0368e+00 -2.5797e+00 -8.4858e-01 +4.1965e-01 -4.4822e+00 -1.0180e+00 -2.2170e+00 +2.4541e-01 +1.9794e+00 +2.0643e+00 -3.6324e+00
556 0 +6.829064857e+00 +3.749490649e+02 +3.749490649e+02 -2.7196e+00 -1.5409e+00 -6.9288e-01 +9.6684e-02 -2.6964e+00 +1.6936e+00 +3.3225e-01 -4.1662e+00 -1.8834e+00 -2.1247e+00 -2.5291e+00 -5.8883e-01 +1.2658e-01 -4.3418e+00 -6.0517e-01 -2.3658e+00 +8.1933e-01 +5.2134e-01 +1.6709e+00 -2.9388e+00
814 0 +6.406382579e+00 +3.745263826e+02 +3.745263826e+02 -2.7196e+00 -1.5409e+00 -6.9288e-01 +9.6684e-02 -2.6964e+00 +1.6936e+00 +3.3225e-01 -4.1662e+00 -1.8834e+00 -2.1247e+00 -2.5291e+00 -2.1324e-01 +1.2658e-01 -4.3418e+00 -6.0517e-01 -2.3658e+00 +8.1933e-01 +5.2134e-01 +1.6709e+00 -2.9388e+00
1212 0 +6.277647393e+00 +3.743976474e+02 +3.743976474e+02 -2.7185e+00 -1.5356e+00 -6.8818e-01 +9.2976e-02 -2.6971e+00 +1.6960e+00 +3.2710e-01 -4.1638e+00 -1.8843e+00 -2.1255e+00 -2.5267e+00 -2.1392e-01 +1.0357e-01 -4.3373e+00 -6.0930e-01 -2.3672e+00 +8.2427e-01 +5.2515e-01 +1.6672e+00 -2.9323e+00
1564 0 +6.162899079e+00 +3.742828991e+02 +3.742828991e+02 -2.7187e+00 -1.5366e+00 -6.8907e-01 +9.3679e-02 -2.6970e+00 +1.6955e+00 +3.2808e-01 -4.1642e+00 -1.8387e+00 -2.1253e+00 -2.5271e+00 -2.1379e-01 +1.1566e-01 -4.3382e+00 -6.0852e-01 -2.3669e+00 +8.2334e-01 +5.2443e-01 +1.6679e+00 -2.9336e+00
% f evaluations | g evaluations | best noise-free fitness - Fopt (4.739000000000e+01) + sum g_i+ | measured fitness | best measured fitness or single-digit g-values | x1 | x2...
1 0 +3.907949943e+01 +8.646949943e+01 +8.646949943e+01 -3.9412e+00 +4.1836e+00 +8.6038e-01 +2.5163e+00 +2.2026e+00 +4.5667e+00 +2.8890e-01 +4.8803e+00 +2.9211e+00 -8.1192e-01 -4.6077e+00 -4.5242e+00 -2.5503e+00 +4.4015e+00 -2.7976e+00 +4.0072e+00 +1.0498e+00 -1.8327e+00 -4.6995e+00 +6.5656e-01
2 0 +3.638668684e+01 +8.377668684e+01 +8.377668684e+01 -2.0524e-01 +1.1886e+00 -2.5258e+00 -3.1218e+00 -3.2210e+00 +2.7252e+00 +4.8472e+00 -1.0426e+00 -3.2195e+00 +3.8670e+00 -2.3696e+00 +2.3893e+00 +3.8718e+00 +2.9417e+00 -3.7512e+00 -4.9494e-01 +1.5806e+00 +8.0664e-01 -2.2634e+00 -3.1555e-01
3 0 +3.017713555e+01 +7.756713555e+01 +7.756713555e+01 +3.2820e+00 -5.6978e-01 +2.6938e+00 +6.2161e-01 -1.1516e+00 -4.8820e+00 +1.7919e+00 +2.1126e-01 -1.7235e+00 +3.2166e+00 +3.9423e+00 -4.4863e+00 +7.6641e-01 -4.0979e-01 -2.4804e+00 -4.3269e+00 -1.2764e+00 +5.5206e-01 -1.2994e+00 -4.7581e+00
7 0 +2.610465027e+01 +7.349465027e+01 +7.349465027e+01 +2.5802e-01 -1.3228e+00 -2.2668e+00 +2.5550e-01 +3.0553e+00 -1.2757e+00 -2.3694e+00 -1.9045e+00 -3.5736e+00 +4.8214e+00 -4.8118e+00 +2.2016e+00 +4.4977e+00 -2.4473e+00 +1.7397e+00 -2.4485e+00 +7.4420e-01 +2.2925e+00 +4.1929e+00 +4.5073e+00
10 0 +2.542641206e+01 +7.281641206e+01 +7.281641206e+01 -4.1050e+00 +1.4706e+00 -2.4268e+00 +4.5945e+00 +2.2149e-01 +2.6017e+00 +3.7413e+00 -3.5300e+00 -4.4576e+00 +2.2390e+00 +1.8418e+00 -4.9513e+00 +4.5804e+00 +4.7022e-01 +3.5347e+00 -2.1852e+00 -1.2454e+00 -3.1777e+00 -2.2190e-01 -4.4395e+00
15 0 +1.597511431e+01 +6.336511431e+01 +6.336511431e+01 -2.7692e+00 +4.5533e+00 -2.9167e+00 +1.3695e+00 +7.7520e-01 +8.2652e-01 -1.1052e+00 +8.2705e-02 -4.3367e-01 +1.7575e-01 -2.0200e+00 +2.4088e+00 +1.2103e+00 +1.1148e+00 -8.3337e-02 +3.1658e+00 +2.6246e+00 +1.3300e+00 +4.8448e+00 -2.2045e+00
42 0 +1.488955557e+01 +6.227955557e+01 +6.227955557e+01 +7.7912e-01 +2.1162e+00 +3.1283e+00 -3.6773e+00 -2.3280e+00 +3.9354e+00 -6.4056e-02 +4.7384e+00 +7.3099e-01 +3.4527e+00 +3.3293e+00 +2.7794e+00 -2.3903e-02 -1.5819e-01 -4.0767e+00 -3.8272e+00 -2.1878e+00 +1.2809e+00 -1.9009e+00 +1.4474e+00
46 0 +1.351783412e+01 +6.090783412e+01 +6.090783412e+01 -3.6414e+00 +6.8133e-01 +2.9943e+00 -2.1377e+00 +2.8285e+00 -1.7978e+00 -4.3505e+00 +1.9436e+00 -4.2773e+00 -3.4031e+00 +1.0470e+00 +2.1846e+00 +2.0751e+00 -3.2610e+00 -1.1658e+00 -3.4769e+00 -3.2428e+00 +2.9618e+00 -3.1756e+00 +2.2773e-01
52 0 +8.484488541e+00 +5.587448854e+01 +5.587448854e+01 -3.6953e+00 +1.3221e+00 -1.0560e+00 -1.9350e+00 +1.9189e-01 +1.8262e+00 -1.8124e+00 +3.2335e+00 +2.2839e-01 -3.3993e+00 +2.1315e+00 -9.5709e-01 +2.7538e-01 -2.6042e+00 -2.7598e+00 -3.3829e+00 -8.8742e-01 -1.1774e+00 -7.3846e-01 -7.1270e-01
105 0 +7.538199402e+00 +5.492819940e+01 +5.492819940e+01 -3.8154e+00 +1.2906e+00 -9.9080e-01 +5.8814e-02 +5.1933e-01 +1.6284e+00 -4.0210e-01 +9.8712e-01 -1.7640e+00 -1.6569e+00 +1.9110e+00 -1.8125e+00 +1.8234e+00 -1.7332e+00 -6.2172e-01 -3.0241e+00 -1.2824e+00 -1.2960e+00 -8.7300e-01 -1.7512e+00
254 0 +7.091480736e+00 +5.448148074e+01 +5.448148074e+01 -3.7949e+00 +1.2960e+00 -1.0019e+00 -2.8130e-01 +4.6348e-01 +1.6621e+00 -6.4267e-01 +1.3703e+00 -1.4241e+00 -1.4645e+00 +1.9487e+00 -1.6665e+00 +1.5593e+00 -1.8817e+00 -9.8645e-01 -3.0853e+00 -1.2150e+00 -1.2758e+00 -8.5005e-01 -1.5740e+00
510 0 +6.977419538e+00 +5.436741954e+01 +5.436741954e+01 -3.8154e+00 +1.2906e+00 -9.9080e-01 +5.8814e-02 +5.1933e-01 +1.6284e+00 -4.0210e-01 +9.8712e-01 -1.7640e+00 -1.6569e+00 +1.9110e+00 -1.8125e+00 +1.8234e+00 -1.7332e+00 -6.2172e-01 -3.0241e+00 -1.2824e+00 -1.2960e+00 -8.7300e-01 -1.2171e+00
564 0 +6.830810789e+00 +5.422081079e+01 +5.422081079e+01 -3.8024e+00 +1.2940e+00 -9.9786e-01 -1.5692e-01 +4.8390e-01 +1.6498e+00 -5.5470e-01 +1.2302e+00 -1.5484e+00 -1.5349e+00 +1.9349e+00 -1.7199e+00 +1.0089e+00 -1.8274e+00 -8.5307e-01 -3.0629e+00 -1.2397e+00 -1.2832e+00 -8.5844e-01 -1.6388e+00
702 0 +6.760680669e+00 +5.415068067e+01 +5.415068067e+01 -3.7954e+00 +1.2959e+00 -1.0017e+00 -2.7362e-01 +4.6474e-01 +1.6614e+00 -6.3724e-01 +1.3617e+00 -1.4318e+00 -1.4689e+00 +1.9478e+00 -1.6698e+00 +1.5277e+00 -1.8784e+00 -8.5588e-01 -3.0839e+00 -1.2166e+00 -1.2763e+00 -8.5056e-01 -1.5780e+00
764 0 +6.111571691e+00 +5.350157169e+01 +5.350157169e+01 -3.8024e+00 +1.2940e+00 -9.9786e-01 -1.5692e-01 +4.8390e-01 +1.6498e+00 -5.5470e-01 +1.2302e+00 -1.5484e+00 -1.5349e+00 +1.9349e+00 -1.7199e+00 +1.0089e+00 -1.8274e+00 -8.5307e-01 -3.0629e+00 -1.2397e+00 -1.2832e+00 -6.4874e-01 -1.6388e+00
864 0 +5.689889174e+00 +5.307988917e+01 +5.307988917e+01 -3.8004e+00 +1.2946e+00 -9.9897e-01 -1.9065e-01 +4.7836e-01 +1.6531e+00 -5.7856e-01 +1.2682e+00 -1.5147e+00 -1.5158e+00 +1.9386e+00 -1.7054e+00 +1.1582e+00 -1.8421e+00 -8.8924e-01 -3.0690e+00 -1.2330e+00 -1.2812e+00 -4.9496e-01 -1.6212e+00
912 0 +5.546690024e+00 +5.293669002e+01 +5.293669002e+01 -3.8009e+00 +1.2944e+00 -9.9868e-01 -1.8203e-01 +4.7978e-01 +1.6523e+00 -5.7245e-01 +1.2585e+00 -1.5233e+00 -1.5207e+00 +1.9377e+00 -1.7091e+00 +1.1205e+00 -1.8384e+00 -8.5367e-01 -3.0674e+00 -1.2347e+00 -1.2817e+00 -5.5816e-01 -1.6257e+00
1558 0 +4.943046477e+00 +5.233304648e+01 +5.233304648e+01 -8.3903e-01 +1.2944e+00 -9.9867e-01 -1.7640e-01 +4.7983e-01 +1.6523e+00 -5.7223e-01 +1.2581e+00 -1.5237e+00 -1.5209e+00 +1.9376e+00 -1.7093e+00 +1.1191e+00 -1.8382e+00 -8.5428e-01 -3.0674e+00 -1.2348e+00 -1.2817e+00 -5.6889e-01 -1.6259e+00
1652 0 +4.720626096e+00 +5.211062610e+01 +5.211062610e+01 -6.0894e-01 +1.2944e+00 -9.9869e-01 -1.7637e-01 +4.7976e-01 +1.6523e+00 -5.7250e-01 +1.2585e+00 -1.5233e+00 -1.5206e+00 +1.9377e+00 -1.7091e+00 +1.1208e+00 -1.8384e+00 -8.5367e-01 -3.0674e+00 -1.2302e+00 -1.2813e+00 -5.7112e-01 -1.6257e+00
1655 0 +4.565236031e+00 +5.195523603e+01 +5.195523603e+01 -7.6192e-01 +1.2944e+00 -9.9869e-01 -1.7681e-01 +4.7973e-01 +1.6523e+00 -5.7261e-01 +1.2587e+00 -1.5231e+00 -1.5206e+00 +1.9377e+00 -1.7090e+00 +1.1215e+00 -1.8385e+00 -8.5340e-01 -3.0675e+00 -1.2285e+00 -1.2812e+00 -5.7108e-01 -1.6256e+00
% f evaluations | g evaluations | best noise-free fitness - Fopt (-3.428900000000e+02) + sum g_i+ | measured fitness | best measured fitness or single-digit g-values | x1 | x2...
1 0 +1.222685792e+02 -2.206214208e+02 -2.206214208e+02 -9.1259e-01 -2.9628e+00 +1.7637e+00 +1.6203e+00 +3.4241e+00 -5.0040e-01 -1.5789e+00 +6.6322e-01 -1.8566e+00 -1.4624e+00 -3.4806e+00 +3.1810e-01 -2.4088e-03 -3.5542e+00 -4.3523e+00 -1.1511e+00 +1.2742e+00 +3.3619e+00 -9.1671e-01 -4.4273e+00
2 0 +3.264142954e+01 -3.102485705e+02 -3.102485705e+02 -2.5489e+00 +3.6971e+00 +4.6581e+00 +2.7599e-01 -3.8453e+00 +3.5431e+00 -2.2027e+00 +3.9027e+00 +3.0543e+00 -2.4409e+00 -1.4495e+00 +4.1794e+00 -2.6848e+00 +3.2671e+00 +4.8197e-02 -2.7504e+00 +3.1017e+00 -5.4473e-02 -3.7830e+00 -7.4686e-01
3 0 +2.441012457e+01 -3.184798754e+02 -3.184798754e+02 +1.3699e+00 +6.4011e-01 +4.5062e+00 -1.8890e+00 +6.9077e-01 +2.4157e+00 -3.0377e+00 +3.1896e-01 +6.1696e-01 +3.5370e+00 -2.5803e+00 -1.5720e+00 -4.1839e+00 +2.9504e+00 +4.8571e+00 -1.3255e+00 -3.3593e+00 +2.9775e+00 +3.5700e-03 +4.6916e+00
5 0 +1.366048219e+01 -3.292295178e+02 -3.292295178e+02 +1.4038e+00 -2.5219e+00 +3.7566e+00 +1.9151e+00 -1.5321e+00 +9.5657e-02 +1.1950e-01 -4.4134e+00 +2.0162e+00 +2.1059e+00 -7.4233e-01 +3.2133e+00 +3.9075e+00 +4.8846e+00 +1.3085e-01 +2.5400e+00 -1.2758e+00 -2.2734e+00 +4.9600e-02 +4.2466e+00
52 0 +8.908532138e+00 -3.339814679e+02 -3.339814679e+02 +3.1142e+00 -5.2845e-01 -4.5101e-01 -2.9672e+00 +1.5543e+00 -3.4747e+00 +8.5088e-01 +6.5231e-01 -6.6281e-01 -1.2973e+00 +2.6286e+00 +1.1286e+00 +1.7897e+00 -1.8249e+00 -1.2261e+00 +1.8513e+00 -6.9815e-01 +9.0794e-01 -1.9603e+00 +2.1708e-01
306 0 +7.620411952e+00 -3.352695880e+02 -3.352695880e+02 +3.1743e+00 -5.8093e-01 -6.1592e-01 -2.8346e+00 +1.2454e+00 -3.4783e+00 +8.0697e-01 +7.3959e-01 -6.6347e-01 -1.1288e+00 +2.5905e+00 +9.6630e-01 +1.8144e+00 -1.7635e+00 -1.0265e+00 +1.7062e+00 -7.0110e-01 +1.0542e+00 -1.8530e+00 +2.9583e-01
402 0 +7.162077762e+00 -3.357279222e+02 -3.357279222e+02 +2.8578e+00 -6.1672e-01 -5.8977e-01 -2.4835e+00 +1.1087e+00 -3.4244e+00 +6.0809e-01 +8.8380e-01 -5.6492e-01 -9.5101e-01 +2.4369e+00 +7.8009e-01 +1.6773e+00 -1.6467e+00 -8.9755e-01 +1.4080e+00 -4.4878e-01 +1.0208e+00 -1.6685e+00 +3.0335e-01
409 0 +6.796449997e+00 -3.360935500e+02 -3.360935500e+02 +3.1832e+00 -6.0345e-01 -6.5332e-01 -2.7969e+00 +1.1555e+00 -3.4717e+00 +7.9314e-01 +7.6972e-01 -6.6886e-01 -1.0819e+00 +2.5781e+00 +9.1974e-01 +1.8150e+00 -1.7373e+00 -9.6613e-01 +1.6494e+00 -6.8645e-01 +1.0875e+00 -1.8227e+00 +3.1353e-01
761 0 +6.745250764e+00 -3.361447492e+02 -3.361447492e+02 +3.1520e+00 -6.0398e-01 -6.4605e-01 -2.7683e+00 +1.1540e+00 -3.4674e+00 +7.7599e-01 +7.7959e-01 -6.5879e-01 -1.0709e+00 +2.5651e+00 +9.0798e-01 +1.8019e+00 -1.7295e+00 -9.6159e-01 +1.6283e+00 -5.7561e-01 +1.0801e+00 -1.8090e+00 +3.1198e-01
1512 0 +6.028248238e+00 -3.368617518e+02 -3.368617518e+02 +3.1613e+00 -6.0420e-01 -6.4882e-01 -2.7761e+00 +1.1529e+00 -3.4686e+00 +3.5228e-01 +7.7719e-01 -6.6184e-01 -1.0731e+00 +2.5687e+00 +9.1066e-01 +1.8058e+00 -1.7314e+00 -9.6191e-01 +1.6335e+00 -6.1745e-01 +1.0828e+00 -1.8125e+00 +3.0238e-01
% f evaluations | g evaluations | best noise-free fitness - Fopt (9.102000000000e+01) + sum g_i+ | measured fitness | best measured fitness or single-digit g-values | x1 | x2...
1 0 +2.910412241e+01 +1.201241224e+02 +1.201241224e+02 -2.4075e+00 -2.7848e+00 +5.4966e-01 +2.2182e+00 +3.1586e+00 -2.3210e+00 +4.7472e+00 +3.4136e+00 -3.6066e+00 -2.6530e+00 +3.0769e+00 +2.2406e+00 +8.5341e-02 -3.3277e+00 -1.1831e+00 -1.4268e+00 -2.9115e+00 +2.0936e-01 -3.0288e+00 +4.2973e+00
15 0 +1.966029799e+01 +1.106802980e+02 +1.106802980e+02 +4.5530e+00 -6.0056e-01 +2.7652e+00 +1.2583e+00 +3.8472e-01 +7.3157e-01 +4.6753e+00 -4.6394e+00 -2.1730e+00 -2.4971e-01 -1.9311e+00 -4.8526e-02 +4.8878e+00 -2.2298e+00 -2.5898e+00 -3.8369e+00 -3.1369e+00 +2.0887e+00 +2.7158e+00 -3.3997e-01
32 0 +1.574755969e+01 +1.067675597e+02 +1.067675597e+02 +2.8334e+00 +1.3661e+00 -1.9735e+00 -3.1316e+00 -4.6638e+00 +4.6702e+00 -1.3344e+00 +4.9587e+00 +2.8340e+00 -4.0702e+00 -2.1265e+00 +1.2821e+00 +1.7476e+00 -2.0465e+00 -2.3599e+00 +6.1122e-01 -1.8389e+00 -1.7506e+00 +4.7722e+00 +3.6010e+00
105 0 +1.518743709e+01 +1.062074371e+02 +1.062074371e+02 +2.7642e+00 +1.3947e+00 -1.9101e+00 -3.0510e+00 -4.6595e+00 +4.6691e+00 -1.3720e+00 +4.9263e+00 +2.8329e+00 -4.0058e+00 -2.0776e+00 +1.2535e+00 +1.7601e+00 -2.0254e+00 -2.3359e+00 +5.9506e-01 -1.8512e+00 -1.7347e+00 +4.7118e+00 +3.5751e+00
152 0 +1.284908009e+01 +1.038690801e+02 +1.038690801e+02 +7.8948e-01 -8.7644e-01 +1.4982e+00 +1.0076e+00 -1.8485e+00 +1.4711e+00 -1.7169e+00 -4.8585e-01 -5.2219e-01 +1.5036e+00 +2.4823e+00 -1.3585e+00 +2.3346e+00 -1.1578e+00 -1.7898e+00 -6.9255e-02 -2.3026e+00 +1.6027e+00 -1.2514e-01 -4.9520e-01
154 0 +1.141089715e+01 +1.024308972e+02 +1.024308972e+02 +3.3574e+00 +7.0707e-01 -1.2469e+00 -1.7302e+00 -3.9713e+00 +4.6480e+00 -1.7524e+00 +2.5471e+00 +1.9895e+00 -2.1386e+00 -5.2538e-01 +8.8791e-01 +2.1349e+00 -1.3889e+00 -2.7467e+00 +1.1269e+00 -1.9759e+00 -8.0471e-01 +3.2663e+00 +1.2668e+00
364 0 +1.060638866e+01 +1.016263887e+02 +1.016263887e+02 +2.5150e+00 +1.0328e+00 -1.4243e+00 -2.4228e+00 -4.1000e+00 +4.1477e+00 -1.3216e+00 +3.6891e+00 +2.2899e+00 -3.1442e+00 -8.9890e-01 +7.9329e-01 +1.8734e+00 -1.9448e+00 -2.2092e+00 +4.8813e-01 -1.9323e+00 -1.2080e+00 +3.9739e+00 +2.8443e+00
402 0 +8.995995985e+00 +1.000159960e+02 +1.000159960e+02 +1.9837e+00 +3.6667e-01 -4.2703e-01 -1.2271e+00 -3.3421e+00 +3.2763e+00 -1.4875e+00 +2.2445e+00 +1.3235e+00 -1.5176e+00 +2.2318e-01 +7.8778e-02 +2.0423e+00 -1.6419e+00 -2.1056e+00 +3.4039e-01 -2.0583e+00 -2.3564e-01 +2.5491e+00 +1.6298e+00
764 0 +8.859268756e+00 +9.987926876e+01 +9.987926876e+01 +1.9787e+00 +3.6042e-01 -4.1768e-01 -1.2159e+00 -3.3350e+00 +3.2681e+00 -1.4891e+00 +2.2309e+00 +1.3144e+00 -1.0522e+00 +2.3370e-01 +7.2080e-02 +2.0439e+00 -1.6391e+00 -2.1047e+00 +3.3900e-01 -2.0595e+00 -2.2652e-01 +2.5357e+00 +1.6184e+00
961 0 +8.681033257e+00 +9.970103326e+01 +9.970103326e+01 +1.9824e+00 +3.6497e-01 -4.2450e-01 -1.2241e+00 -3.3402e+00 +3.2740e+00 -1.4880e+00 +2.2408e+00 +1.3210e+00 -1.5135e+00 +2.2603e-01 +7.6962e-02 +2.0428e+00 -1.6411e+00 -2.1054e+00 +2.9455e-02 -2.0586e+00 -2.3316e-01 +2.5455e+00 +1.6267e+00
964 0 +8.487808145e+00 +9.950780814e+01 +9.950780814e+01 +1.9817e+00 +3.6415e-01 -4.2327e-01 -1.2226e+00 -3.3393e+00 +3.2730e+00 -1.4882e+00 +2.2390e+00 +1.3199e+00 -1.3002e+00 +2.2741e-01 +7.6082e-02 +2.0430e+00 -1.6408e+00 -2.1053e+00 +2.2938e-01 -2.0587e+00 -2.2989e-01 +2.5437e+00 +1.6252e+00
1110 0 +7.944781661e+00 +9.896478166e+01 +9.896478166e+01 +1.9811e+00 +3.6342e-01 -4.2217e-01 -1.2213e+00 -3.3385e+00 +3.2720e+00 -1.4883e+00 +2.2374e+00 +1.3188e+00 -1.3021e+00 +2.2864e-01 +7.5298e-02 +2.0431e+00 -1.2631e+00 -2.1051e+00 +2.8376e-01 -2.0589e+00 -2.3009e-01 +2.5422e+00 +1.6239e+00
1153 0 +7.607987450e+00 +9.862798745e+01 +9.862798745e+01 +1.9814e+00 +3.6372e-01 -4.2262e-01 -1.2218e+00 -3.3388e+00 +3.2724e+00 -1.4883e+00 +2.2381e+00 +1.3192e+00 -1.3427e+00 +2.2814e-01 +7.5617e-02 +2.0431e+00 -1.3356e+00 -2.1052e+00 +2.3497e-01 -2.0588e+00 -2.3068e-01 +2.5428e+00 +1.6244e+00
1464 0 +7.257931730e+00 +9.827793173e+01 +9.827793173e+01 +1.9814e+00 +3.6372e-01 -4.2262e-01 -1.2218e+00 -3.3388e+00 +3.2724e+00 -1.4883e+00 +2.2381e+00 +1.3192e+00 -1.3427e+00 +2.2814e-01 +7.5617e-02 +2.0431e+00 -1.3356e+00 -2.1052e+00 +1.3405e-01 -2.0588e+00 -2.3068e-01 +2.5428e+00 +1.6244e+00
1806 0 +7.231441741e+00 +9.825144174e+01 +9.825144174e+01 +1.9814e+00 +3.6372e-01 -4.2262e-01 -1.2218e+00 -3.3388e+00 +3.2724e+00 -1.4883e+00 +2.2381e+00 +1.3192e+00 -1.3426e+00 +2.2814e-01 +7.5617e-02 +2.0431e+00 -1.3356e+00 -2.1052e+00 +9.5446e-02 -2.0588e+00 -2.3068e-01 +2.5428e+00 +1.6244e+00
1905 0 +7.020860489e+00 +9.804086049e+01 +9.804086049e+01 +1.9134e+00 +3.6372e-01 -4.2262e-01 -1.2218e+00 -3.3388e+00 +3.2724e+00 -1.4883e+00 +2.2381e+00 +1.3192e+00 -1.3427e+00 +2.2814e-01 +7.5618e-02 +2.0431e+00 -1.3362e+00 -2.1048e+00 +1.2058e-01 -2.0588e+00 -2.3068e-01 +2.5428e+00 +1.6244e+00
1954 0 +6.909137539e+00 +9.792913754e+01 +9.792913754e+01 +1.7610e+00 +3.6372e-01 -4.2262e-01 -1.2218e+00 -3.3388e+00 +3.2724e+00 -1.4883e+00 +2.2381e+00 +1.3192e+00 -1.3430e+00 +2.2814e-01 +7.5620e-02 +2.0431e+00 -1.3377e+00 -2.1041e+00 +1.7686e-01 -2.0588e+00 -2.3068e-01 +2.5428e+00 +1.6244e+00
% f evaluations | g evaluations | best noise-free fitness - Fopt (7.324200000000e+02) + sum g_i+ | measured fitness | best measured fitness or single-digit g-values | x1 | x2...
1 0 +7.041555319e+01 +8.028355532e+02 +8.028355532e+02 +3.8844e+00 -2.3632e+00 +3.7056e+00 +1.1806e+00 -1.3324e-01 +7.1442e-02 +1.5848e+00 +1.0212e+00 +1.1812e+00 -3.7268e+00 +1.4909e+00 +4.5353e+00 +8.4540e-01 +3.4901e-01 -4.8959e+00 -4.4213e+00 -3.2049e+00 -4.2373e+00 -5.5153e-01 +1.6908e-01
2 0 +2.569820514e+01 +7.581182051e+02 +7.581182051e+02 +1.6283e+00 -1.0120e+00 +1.9942e+00 +1.8957e+00 +3.1227e+00 -2.5120e+00 +4.3238e+00 +1.1629e+00 +9.8349e-01 -2.1856e+00 +1.5419e+00 +4.1757e+00 -3.2726e+00 -7.7351e-01 +2.0241e+00 +3.9306e+00 +4.5176e-01 +1.4086e+00 -1.8879e+00 +3.1102e+00
8 0 +2.258550190e+01 +7.550055019e+02 +7.550055019e+02 -3.1896e+00 -3.7141e+00 -2.3327e+00 +3.0397e+00 +4.7756e+00 -5.4723e-01 +2.7531e+00 +3.5208e+00 +4.1954e+00 -1.0035e+00 +2.2611e-01 -2.3985e+00 +7.9264e-01 +8.1732e-01 +8.9042e-01 +1.0550e+00 +3.5828e+00 -3.6894e+00 -1.4973e+00 -3.6034e+00
9 0 +1.752858303e+01 +7.499485830e+02 +7.499485830e+02 -4.8219e+00 +2.6996e+00 +9.1927e-01 -1.3851e+00 +2.5038e+00 +3.8388e+00 -3.1692e+00 +9.5591e-01 -4.8596e+00 -8.8994e-01 +4.5778e+00 +1.6632e+00 +3.8332e+00 -2.3129e+00 +1.9892e+00 +1.4114e+00 -2.5080e+00 -1.8609e+00 -7.8158e-01 -1.2465e+00
42 0 +1.504517497e+01 +7.474651750e+02 +7.474651750e+02 -2.8871e+00 +8.5494e-01 +8.0212e-01 +2.6942e+00 +3.9459e+00 -2.7123e+00 +2.2097e+00 -2.0388e+00 -1.7434e+00 +4.4995e+00 -3.6713e-01 -4.0239e+00 +3.5554e+00 +8.6228e-01 +4.1551e+00 +2.2955e+00 +1.5318e+00 -3.6956e-01 -9.2448e-01 -1.6270e+00
55 0 +1.457688927e+01 +7.469968893e+02 +7.469968893e+02 -2.4925e+00 -4.0091e+00 +1.1246e+00 -1.5688e+00 -3.0718e+00 -1.9543e+00 +2.3967e+00 -1.9530e+00 -1.3419e+00 +2.9115e+00 -1.5024e+00 +1.2673e+00 -9.8050e-01 +2.3069e+00 +1.9086e+00 +3.1921e-01 +4.5736e-01 -2.1227e+00 -1.9055e+00 +3.1971e+00
108 0 +1.179399091e+01 +7.442139909e+02 +7.442139909e+02 -2.5985e+00 -2.2419e+00 +1.4279e+00 -1.8465e+00 -3.2436e+00 -2.6752e-01 +1.6232e+00 -1.6359e+00 -7.2524e-01 +2.4471e+00 -2.2928e+00 -2.5603e-01 -1.2109e+00 +7.6368e-01 +2.5719e+00 +1.1929e+00 -6.7689e-01 -1.4032e+00 -2.2891e+00 +3.4581e+00
202 0 +1.108681690e+01 +7.435068169e+02 +7.435068169e+02 -1.9624e+00 -3.4913e+00 +1.8327e+00 +1.8490e+00 -3.9861e+00 +1.3389e+00 +2.9604e+00 +2.2602e-01 +2.1294e+00 +1.9134e+00 +2.4110e+00 -2.2403e-01 -2.1225e+00 +3.0836e+00 +2.5166e+00 +2.0991e-01 +5.2580e-01 -2.3164e+00 -3.4188e-01 -1.4809e+00
203 0 +1.064734346e+01 +7.430673435e+02 +7.430673435e+02 -2.1491e+00 -3.6737e+00 +1.5833e+00 +6.4517e-01 -3.6641e+00 +1.7902e-01 +2.7618e+00 -5.4146e-01 +9.0675e-01 +2.2650e+00 +1.0326e+00 +3.0123e-01 -1.7203e+00 +2.8101e+00 +2.3025e+00 +2.4840e-01 +5.0170e-01 -2.2482e+00 -8.9260e-01 +1.6678e-01
204 0 +9.977348692e+00 +7.423973487e+02 +7.423973487e+02 -2.5999e+00 -2.4822e+00 +1.2085e+00 -1.0349e+00 -2.0673e+00 -1.3282e+00 +2.0273e+00 -1.8266e+00 -1.1321e+00 +2.9514e+00 -1.6757e+00 -2.1796e-01 -3.8377e-01 +1.4050e+00 +2.5465e+00 +1.0082e+00 +1.2326e-01 -1.5360e+00 -1.9234e+00 +2.5695e+00
253 0 +9.014231578e+00 +7.414342316e+02 +7.414342316e+02 -2.0146e+00 -3.3678e+00 +1.8045e+00 +1.5501e+00 -3.9291e+00 +1.2333e+00 +2.8432e+00 +8.1592e-02 +1.9097e+00 +1.9498e+00 +2.0247e+00 -2.4708e-01 -2.0528e+00 +2.8776e+00 +2.5300e+00 +3.0016e-01 +4.1450e-01 -2.2338e+00 -5.0254e-01 -1.0829e+00
355 0 +7.602021169e+00 +7.400220212e+02 +7.400220212e+02 -2.1096e+00 -3.4952e+00 +1.6694e+00 +9.3036e-01 -3.7588e+00 +5.9993e-01 +2.7545e+00 -3.2270e-01 +1.2636e+00 +2.1409e+00 +1.3239e+00 +5.3833e-02 -1.8397e+00 +2.7642e+00 +2.4065e+00 +3.0395e-01 +4.2301e-01 -2.2117e+00 -7.8132e-01 -2.6367e-01
652 0 +7.537581859e+00 +7.399575819e+02 +7.399575819e+02 -2.1128e+00 -3.4876e+00 +1.6676e+00 +9.1164e-01 -3.7552e+00 +5.9321e-01 +2.7472e+00 -3.3177e-01 +1.2498e+00 +2.1432e+00 +1.2997e+00 +5.2484e-02 -1.8354e+00 +2.7514e+00 +2.1460e+00 +3.0955e-01 +4.1611e-01 -2.2066e+00 -7.9137e-01 -2.3868e-01
708 0 +7.338550546e+00 +7.397585505e+02 +7.397585505e+02 -2.1123e+00 -3.4889e+00 +1.6679e+00 +9.1478e-01 -3.7558e+00 +5.9433e-01 +2.7484e+00 -3.3025e-01 +1.2521e+00 +2.1428e+00 +1.3037e+00 +5.2710e-02 -1.8361e+00 +2.7535e+00 +2.1897e+00 +3.0861e-01 +4.1727e-01 -2.2074e+00 -7.8968e-01 -2.4287e-01
854 0 +7.071621426e+00 +7.394916214e+02 +7.394916214e+02 -1.3873e+00 -3.4943e+00 +1.6691e+00 +9.2819e-01 -3.7583e+00 +5.9915e-01 +2.7536e+00 -3.2375e-01 +1.2620e+00 +2.1412e+00 +1.3211e+00 +5.3677e-02 -1.8392e+00 +2.7627e+00 +2.3763e+00 +3.0460e-01 +4.2221e-01 -2.2111e+00 -7.8248e-01 -2.6078e-01
1360 0 +6.890977523e+00 +7.393109775e+02 +7.393109775e+02 -1.3286e+00 -3.4943e+00 +1.6691e+00 +3.6553e-01 -3.7583e+00 +5.9911e-01 +2.7536e+00 -3.2381e-01 +1.2619e+00 +2.1412e+00 +1.3209e+00 +5.3667e-02 -1.8392e+00 +2.7626e+00 +2.3745e+00 +3.0464e-01 +4.2217e-01 -2.2111e+00 -7.8255e-01 -2.6060e-01
1764 0 +6.693448910e+00 +7.391134489e+02 +7.391134489e+02 -1.3591e+00 -3.4943e+00 +1.6691e+00 +3.8191e-01 -3.7583e+00 +5.9910e-01 +2.7536e+00 -3.2382e-01 +1.2619e+00 +2.1412e+00 +1.3209e+00 +5.3666e-02 -1.8392e+00 +2.7626e+00 +2.3742e+00 +2.4485e-01 +4.2216e-01 -2.2111e+00 -7.8256e-01 -2.6058e-01
% f evaluations | g evaluations | best noise-free fitness - Fopt (3.542000000000e+01) + sum g_i+ | measured fitness | best measured fitness or single-digit g-values | x1 | x2...
1 0 +3.217675772e+01 +6.759675772e+01 +6.759675772e+01 +4.6290e+00 -2.5401e+00 -2.0723e+00 +2.8764e+00 -2.7611e+00 +4.8207e-01 -3.9740e+00 -4.5416e+00 +8.3708e-01 +1.8175e+00 +2.8404e+00 -5.5561e-01 +2.5510e+00 -3.2646e+00 +4.2133e+00 +3.5296e+00 +3.9252e+00 -4.6971e+00 -1.6180e+00 +1.3862e+00
4 0 +1.699038368e+01 +5.241038368e+01 +5.241038368e+01 -1.2243e+00 -1.3357e+00 -2.2140e+00 +1.8515e+00 +1.7914e+00 -3.2775e+00 -4.9603e-01 -3.2781e+00 -1.4607e+00 +2.8229e+00 -4.3874e+00 +1.1790e+00 +2.4721e+00 +6.0199e-01 -6.1199e-02 +1.5839e+00 -2.1663e+00 +8.6721e-01 -2.8317e+00 -2.7910e+00
53 0 +1.604838241e+01 +5.146838241e+01 +5.146838241e+01 +8.7446e-01 +1.6398e+00 +1.9501e+00 +5.6654e-01 +1.7977e-01 +3.9034e+00 +1.8845e+00 -1.1738e+00 -1.6578e+00 -2.6437e+00 -6.8050e-01 +4.2872e+00 +4.0425e-01 -4.3910e+00 -1.4581e+00 -6.6617e-01 -1.0607e+00 -2.7278e+00 +5.5503e-01 +5.5018e-01
105 0 +1.457833491e+01 +4.999833491e+01 +4.999833491e+01 -1.1734e+00 -1.2828e+00 -2.1642e+00 +1.8656e+00 +1.7013e+00 -3.1552e+00 -5.5340e-01 -3.1824e+00 -1.3582e+00 +2.7608e+00 -4.3078e+00 +1.1884e+00 +2.3104e+00 +5.2188e-01 +5.0973e-02 +1.5768e+00 -2.0930e+00 +9.1729e-01 -2.7092e+00 -2.6348e+00
155 0 +1.426706750e+01 +4.968706750e+01 +4.968706750e+01 -1.3315e+00 -4.6288e-01 +1.1643e+00 +1.3267e+00 +1.3907e+00 +6.2278e-01 +5.0493e-01 -2.7443e+00 -5.1812e-01 -1.4262e-01 -3.5726e+00 +2.5946e+00 +2.8581e+00 -2.0147e+00 -9.3732e-01 +6.8051e-01 -1.7008e+00 -2.8948e-01 -1.3664e+00 +4.7509e-01
202 0 +1.197268242e+01 +4.739268242e+01 +4.739268242e+01 +5.0565e-01 +6.4492e-01 +1.3619e+00 +7.7747e-01 +4.6478e-01 +1.9786e+00 +1.0576e+00 -1.7170e+00 -1.5227e+00 -1.5702e+00 -1.0363e+00 +2.8117e+00 +4.8533e-01 -2.5850e+00 -7.2758e-01 -3.9864e-02 -6.9174e-01 -1.3963e+00 -3.2052e-01 +1.5757e-01
462 0 +1.090501485e+01 +4.632501485e+01 +4.632501485e+01 +5.1635e-01 +3.5716e-01 +4.2006e-01 +1.0387e+00 +7.7193e-01 +1.2649e+00 +1.0098e+00 -1.9470e+00 -1.5854e+00 -6.3507e-01 -2.0426e+00 +3.1451e+00 +1.1640e+00 -2.5564e+00 -9.4484e-01 +1.6060e-01 -1.4669e+00 -1.4069e+00 -6.8937e-01 -2.3074e-01
552 0 +9.812439148e+00 +4.523243915e+01 +4.523243915e+01 +2.0299e-01 +1.9672e-01 +4.3538e-01 +1.0867e+00 +8.8243e-01 +1.0523e+00 +9.1141e-01 -2.0736e+00 -1.4191e+00 -5.1233e-01 -2.3070e+00 +3.0142e+00 +1.4389e+00 -2.4366e+00 -9.2201e-01 +2.5637e-01 -1.4996e+00 -1.1957e+00 -8.1822e-01 -1.4981e-01
609 0 +8.385822610e+00 +4.380582261e+01 +4.380582261e+01 +3.1218e-01 +3.3795e-01 +5.9507e-01 +1.0239e+00 +7.8942e-01 +1.2528e+00 +9.5466e-01 -1.9884e+00 -1.4670e+00 -7.1978e-01 -2.0369e+00 +3.0022e+00 +1.2225e+00 -2.4841e+00 -8.9202e-01 +1.8728e-01 -1.3521e+00 -1.2687e+00 -7.0789e-01 -1.1042e-01
956 0 +8.290717867e+00 +4.371071787e+01 +4.371071787e+01 +3.0627e-01 +3.3269e-01 +5.9123e-01 +1.0260e+00 +7.9296e-01 +1.2457e+00 +9.5263e-01 -1.9919e+00 -1.4641e+00 -7.1322e-01 -2.0467e+00 +3.0014e+00 +1.2310e+00 -2.4819e+00 -8.4494e-01 +1.9000e-01 -1.3564e+00 -1.2648e+00 -7.1199e-01 -1.1050e-01
1461 0 +8.001348572e+00 +4.342134857e+01 +4.342134857e+01 +3.0664e-01 +3.3301e-01 +5.9147e-01 +7.7383e-01 +7.9274e-01 +1.2461e+00 +9.5275e-01 -1.9917e+00 -1.4642e+00 -7.0877e-01 -2.0460e+00 +3.0014e+00 +1.2305e+00 -2.4820e+00 -8.4794e-01 +1.8983e-01 -1.3561e+00 -1.2650e+00 -7.1174e-01 -1.1049e-01
1964 0 +7.911156195e+00 +4.333115619e+01 +4.333115619e+01 +3.0716e-01 +3.3348e-01 +5.9180e-01 +8.8557e-01 +7.9243e-01 +1.2467e+00 +9.5293e-01 -1.9316e+00 -1.4645e+00 -7.0243e-01 -2.0452e+00 +3.0015e+00 +1.2297e+00 -2.4822e+00 -8.5220e-01 +1.8959e-01 -1.3558e+00 -1.2654e+00 -7.1138e-01 -1.1001e-01
