% f evaluations | g evaluations | best noise-free fitness - Fopt (-1.000000000000e+03) + sum g_i+ | measured fitness | best measured fitness or single-digit g-values | x1 | x2...
1 0 +7.921986982e+01 -9.207801302e+02 -9.207801302e+02 -2.8386e-01 -3.9021e+00 +2.3497e+00 +1.6984e+00 +5.9817e-02 -9.6030e-01 +4.1468e+00 +1.6317e+00 +1.8241e+00 +3.2506e+00
22 0 +7.490496350e+01 -9.250950365e+02 -9.250950365e+02 +2.1495e+00 +1.2416e+00 +1.1794e+00 +2.0630e+00 +2.4773e+00 -1.2650e-01 +4.3090e+00 +6.9739e-01 +1.3905e+00 -2.7876e+00
37 0 +7.380167404e+01 -9.261983260e+02 -9.261983260e+02 +2.0936e+00 +8.6745e-01 -1.6397e-01 +2.2482e+00 -1.9145e+00 -1.4386e+00 +1.9579e-01 -4.5142e+00 +2.0695e+00 +4.1439e-01
39 0 +6.707026825e+01 -9.329297318e+02 -9.329297318e+02 -5.3142e-02 +2.4162e+00 +1.8123e+00 -1.8368e+00 -2.0571e+00 -4.4907e+00 -1.9144e+00 +1.7680e+00 +4.2109e+00 -3.7850e+00
259 0 +6.577423685e+01 -9.342257631e+02 -9.342257631e+02 -7.4649e-02 +2.3870e+00 +1.7597e+00 -1.7949e+00 -1.5669e+00 -4.4120e+00 -1.8576e+00 +1.7345e+00 +4.2073e+00 -3.7273e+00
306 0 +6.456218915e+01 -9.354378109e+02 -9.354378109e+02 +1.1670e-01 +2.2956e+00 +1.6615e+00 -1.5162e+00 -1.8097e+00 -4.2380e+00 -1.7266e+00 +1.3000e+00 +4.0337e+00 -3.4666e+00
411 0 +6.252485465e+01 -9.374751453e+02 -9.374751453e+02 -7.6886e-03 +2.3839e+00 +1.7719e+00 -1.0800e+00 -1.4175e+00 -4.4231e+00 -1.8642e+00 +1.6427e+00 +4.1635e+00 -3.6998e+00
710 0 +6.150416603e+01 -9.384958340e+02 -9.384958340e+02 -7.6886e-03 +2.3839e+00 +1.7719e+00 -1.0800e+00 -1.4175e+00 -4.4231e+00 -1.8642e+00 +1.6427e+00 +4.1635e+00 -3.3798e+00
964 0 +6.012873028e+01 -9.398712697e+02 -9.398712697e+02 -7.6886e-03 +2.3839e+00 +1.7719e+00 -1.0800e+00 -7.9167e-02 -4.4231e+00 -1.8642e+00 +1.6427e+00 +4.1635e+00 -3.3798e+00
% f evaluations | g evaluations | best noise-free fitness - Fopt (1.000000000000e+03) + sum g_i+ | measured fitness | best measured fitness or single-digit g-values | x1 | x2...
1 0 +8.482319536e+01 +1.084823195e+03 +1.084823195e+03 -4.6705e+00 +6.1261e-02 -4.8262e+00 +8.3584e-01 -4.6332e+00 +2.3385e+00 -4.4398e+00 -1.6642e+00 -4.2893e+00 +8.0155e-01
2 0 +7.761220807e+01 +1.077612208e+03 +1.077612208e+03 -2.0672e+00 +4.6947e-01 -3.6145e-01 -1.8638e+00 -2.8421e+00 +2.2315e+00 +4.4686e+00 -3.3548e+00 +8.6703e-01 +5.3563e-01
8 0 +7.411017309e+01 +1.074110173e+03 +1.074110173e+03 -3.2823e+00 -9.6112e-01 -3.2307e+00 -3.8058e+00 -1.0728e+00 +4.7625e-01 -7.2694e-01 -1.6587e+00 -1.9805e+00 +2.1331e+00
19 0 +7.146301260e+01 +1.071463013e+03 +1.071463013e+03 +5.2417e-01 +4.5592e+00 -4.0932e+00 -3.1166e+00 +1.1393e+00 -1.3835e+00 +4.1750e+00 -2.9452e+00 -2.8674e+00 -1.6250e+00
56 0 +4.135578704e+01 +1.041355787e+03 +1.041355787e+03 -1.2438e+00 +3.2021e+00 -3.7001e+00 -2.9506e+00 +1.1555e+00 -8.6496e-01 +1.9594e+00 -1.6937e+00 -2.5172e+00 -1.0058e+00
302 0 +3.946805015e+01 +1.039468050e+03 +1.039468050e+03 -1.9673e+00 +2.4743e+00 -4.0658e+00 -1.8981e+00 -4.8567e-01 -1.9531e-02 +4.1109e-01 -1.8344e+00 -3.0607e+00 -5.6773e-01
409 0 +3.544956650e+01 +1.035449567e+03 +1.035449567e+03 -1.1990e+00 +3.1171e+00 -4.0742e+00 -2.2738e+00 +1.5385e-02 -4.4008e-01 +1.5717e+00 -2.1769e+00 -3.0011e+00 -8.9372e-01
453 0 +3.290109112e+01 +1.032901091e+03 +1.032901091e+03 -1.6554e+00 +2.7998e+00 -3.8720e+00 -2.4193e+00 +3.3487e-01 -4.2743e-01 +1.1225e+00 -1.7289e+00 -2.7793e+00 -7.6925e-01
756 0 +3.205848725e+01 +1.032058487e+03 +1.032058487e+03 -1.5274e+00 +2.9031e+00 -3.8850e+00 -2.4603e+00 +3.2912e-01 -4.8356e-01 +1.3018e+00 -1.7533e+00 -2.7845e+00 -8.1949e-01
861 0 +2.324367653e+01 +1.023243677e+03 +1.023243677e+03 -1.6468e+00 +2.8078e+00 -3.8696e+00 -2.4281e+00 +3.4175e-01 -4.3507e-01 +1.1384e+00 -9.6290e-02 -2.7754e+00 -7.4774e-02
% f evaluations | g evaluations | best noise-free fitness - Fopt (-4.913000000000e+01) + sum g_i+ | measured fitness | best measured fitness or single-digit g-values | x1 | x2...
1 0 +8.310953570e+01 +3.397953570e+01 +3.397953570e+01 +1.2687e+00 -1.3360e+00 +1.1373e+00 -4.9097e+00 +3.7834e+00 +3.7804e+00 -4.3980e+00 -4.0816e+00 +3.8988e+00 -4.1024e-01
4 0 +7.893877545e+01 +2.980877545e+01 +2.980877545e+01 +2.3143e+00 -2.8165e+00 -2.1040e+00 -3.1983e+00 +2.1043e+00 -3.4924e-01 -1.4268e+00 +3.3731e+00 +2.7769e-01 +3.5678e+00
9 0 +7.620551220e+01 +2.707551220e+01 +2.707551220e+01 -9.0758e-01 +3.5513e+00 -2.9451e-02 -1.9705e+00 +1.7538e+00 -7.6958e-01 +2.1228e+00 +4.5562e+00 +1.4107e+00 -5.1649e-01
106 0 +7.069403498e+01 +2.156403498e+01 +2.156403498e+01 +1.9243e+00 -3.4630e+00 +1.9939e+00 +1.7177e+00 -1.9330e+00 -1.2396e+00 +1.8499e+00 -7.9200e-01 -1.1182e+00 -2.7569e+00
510 0 +6.666801792e+01 +1.753801792e+01 +1.753801792e+01 +1.8842e+00 -3.3540e+00 +1.0911e+00 +1.6588e+00 -1.8789e+00 -1.2289e+00 +1.8424e+00 -7.1253e-01 -1.0806e+00 -2.7254e+00
764 0 +6.593643967e+01 +1.680643967e+01 +1.680643967e+01 +1.9243e+00 -3.4630e+00 +7.1178e-01 +1.7177e+00 -1.9330e+00 -1.2378e+00 +1.8499e+00 -5.8360e-02 -1.1182e+00 -2.7569e+00
810 0 +6.404800815e+01 +1.491800815e+01 +1.491800815e+01 +1.8601e+00 -3.3540e+00 +1.0911e+00 +1.6588e+00 -1.8789e+00 -4.0965e-01 +1.8424e+00 -2.3994e-01 -1.0806e+00 -2.7254e+00
% f evaluations | g evaluations | best noise-free fitness - Fopt (2.977300000000e+02) + sum g_i+ | measured fitness | best measured fitness or single-digit g-values | x1 | x2...
1 0 +8.482704656e+01 +3.825570466e+02 +3.825570466e+02 -4.7637e-01 -4.6805e+00 +1.0608e+00 +2.8198e+00 +8.1685e-01 -1.3015e+00 +1.8975e+00 -3.4480e-01 -4.4250e+00 +3.3323e-01
3 0 +8.456821537e+01 +3.822982154e+02 +3.822982154e+02 +2.3305e+00 +1.0385e-03 -2.9181e+00 +8.0649e-02 +2.0071e+00 +9.6346e-01 +1.0534e-01 -4.7302e+00 +4.8818e+00 -3.4441e+00
4 0 +7.824652367e+01 +3.759765237e+02 +3.759765237e+02 +7.5835e-01 -2.4316e+00 -3.7244e-01 +2.2392e+00 +1.2739e+00 +2.9183e+00 -1.3665e+00 -4.1679e+00 -2.6454e+00 -1.7364e+00
6 0 +7.718004437e+01 +3.749100444e+02 +3.749100444e+02 +1.5371e+00 +4.3128e+00 -4.8007e+00 -4.2712e+00 +3.5417e+00 -3.2537e+00 +1.6165e+00 +9.7089e-01 +3.7251e+00 +9.2217e-01
32 0 +6.522649358e+01 +3.629564936e+02 +3.629564936e+02 +1.3639e+00 -2.7697e+00 +3.6163e-01 +3.5767e+00 -1.0722e-01 -4.5271e-01 +3.2845e+00 +1.8377e+00 +1.4028e+00 +3.3778e+00
103 0 +6.111461241e+01 +3.588446124e+02 +3.588446124e+02 +1.7316e+00 -1.9530e+00 -1.2265e-01 +3.6378e+00 -6.7641e-01 -8.6976e-01 +2.9893e+00 +1.4952e+00 +1.4576e+00 +2.1238e+00
205 0 +5.638916510e+01 +3.541191651e+02 +3.541191651e+02 +1.5238e+00 -1.2170e+00 +3.7903e-01 +2.8241e+00 -3.1637e-01 +9.2109e-02 +2.7901e+00 +1.3880e+00 +1.5479e+00 +1.5966e+00
252 0 +5.605894594e+01 +3.537889459e+02 +3.537889459e+02 +1.5017e+00 -1.4315e+00 +3.7662e-01 +2.9281e+00 -2.8748e-01 +1.6841e-02 +2.8584e+00 +1.4501e+00 +1.5278e+00 +1.8427e+00
309 0 +5.361423675e+01 +3.513442368e+02 +3.513442368e+02 +1.5029e+00 -1.2371e+00 +2.0139e-01 +2.6844e+00 -1.5787e-01 -9.3856e-02 +2.8164e+00 +1.4339e+00 +1.6022e+00 +1.8115e+00
313 0 +5.000276041e+01 +3.477327604e+02 +3.477327604e+02 +1.7023e+00 -5.6894e-01 -8.4119e-02 +3.6330e+00 -6.3113e-01 -8.3658e-01 +3.0128e+00 +1.5225e+00 +2.1858e-02 +2.2235e+00
352 0 +4.722196638e+01 +3.449519664e+02 +3.449519664e+02 +1.6434e+00 -1.1098e+00 +5.6638e-02 +3.4073e+00 -5.2929e-01 -5.6859e-01 +2.9587e+00 +1.4940e+00 +7.7934e-01 +2.0821e+00
364 0 +3.768871057e+01 +3.354187106e+02 +3.354187106e+02 +1.5017e+00 -3.9291e-01 +3.7662e-01 +2.9281e+00 -2.8748e-01 +1.6841e-02 +2.8584e+00 +1.4501e+00 +1.5278e+00 +1.8427e+00
758 0 +3.695570839e+01 +3.346857084e+02 +3.346857084e+02 +1.5928e+00 -2.7188e-01 +1.7026e-01 +3.2384e+00 -4.4304e-01 -3.6210e-01 +2.9239e+00 +1.4792e+00 +1.0036e+00 +2.0002e+00
862 0 +3.613613076e+01 +3.338661308e+02 +3.338661308e+02 +1.5017e+00 -3.9291e-01 +4.9319e-02 +2.9281e+00 -2.8748e-01 +1.6841e-02 +2.8584e+00 +1.4501e+00 +1.5278e+00 +1.8427e+00
1012 0 +3.484121660e+01 +3.325712166e+02 +3.325712166e+02 +1.5531e+00 -3.2460e-01 +2.8774e-02 +3.1032e+00 -3.7528e-01 -1.9765e-01 +2.8954e+00 +1.4665e+00 +1.2320e+00 +1.9316e+00
% f evaluations | g evaluations | best noise-free fitness - Fopt (5.157000000000e+01) + sum g_i+ | measured fitness | best measured fitness or single-digit g-values | x1 | x2...
1 0 +7.975626340e+01 +1.313262634e+02 +1.313262634e+02 -2.0046e+00 +3.2354e+00 +1.9015e+00 +4.9335e+00 -1.0908e-01 -4.2865e+00 +2.2554e+00 -2.7804e+00 +2.9234e+00 +2.1974e+00
4 0 +7.486076243e+01 +1.264307624e+02 +1.264307624e+02 -3.1417e+00 -2.3821e+00 -4.8274e-01 -4.9300e+00 -1.9927e+00 +1.2174e+00 -5.4007e-01 +2.2347e+00 -3.8217e-01 +4.7014e+00
33 0 +6.436685545e+01 +1.159368555e+02 +1.159368555e+02 -2.5663e+00 +2.7023e-01 -4.7871e+00 -3.8820e+00 -1.9206e+00 -6.4094e-01 +2.0513e+00 -3.7364e+00 +2.9984e-01 +4.5553e+00
109 0 +6.308270697e+01 +1.146527070e+02 +1.146527070e+02 -3.2880e+00 +3.0469e+00 -3.9257e+00 -3.1772e+00 +1.5889e+00 -7.0220e-01 +2.1108e+00 -4.0441e+00 +3.2719e+00 -4.2261e+00
560 0 +5.634049992e+01 +1.079104999e+02 +1.079104999e+02 -3.1025e+00 +3.1347e+00 -2.4639e+00 -3.1687e+00 +1.7253e+00 -7.0291e-01 +2.0749e+00 -4.0313e+00 +2.9828e+00 -4.0042e+00
706 0 +5.520650567e+01 +1.067765057e+02 +1.067765057e+02 -3.2583e+00 +3.1027e+00 -2.6481e+00 -2.3160e+00 +1.6858e+00 -7.0185e-01 +2.1171e+00 -4.0408e+00 +3.1384e+00 -4.1871e+00
% f evaluations | g evaluations | best noise-free fitness - Fopt (1.527100000000e+02) + sum g_i+ | measured fitness | best measured fitness or single-digit g-values | x1 | x2...
1 0 +8.521940660e+01 +2.379294066e+02 +2.379294066e+02 -4.9609e+00 +2.9984e+00 -5.0678e-01 +5.5093e-01 -3.5249e+00 -4.4227e+00 -4.1899e+00 -2.3377e+00 -3.6491e+00 -2.2269e+00
2 0 +7.815439096e+01 +2.308643910e+02 +2.308643910e+02 -1.9206e-01 +4.0084e-01 -1.6184e+00 +1.4507e-01 +2.2472e+00 -3.9782e+00 -6.8374e-01 +1.1279e+00 +3.3080e+00 -5.3939e-01
9 0 +7.559890802e+01 +2.283089080e+02 +2.283089080e+02 -3.7238e-01 +1.4969e+00 -8.6053e-02 -3.2095e+00 -4.7959e+00 -3.2069e+00 -5.3851e-01 -1.0197e+00 -4.1099e+00 +3.2947e+00
30 0 +6.877741724e+01 +2.214874172e+02 +2.214874172e+02 -4.4635e+00 +2.8371e+00 +1.9237e+00 -1.5317e+00 -8.4274e-04 +4.8355e+00 -1.3656e+00 -2.4260e+00 -3.3434e+00 +2.1507e+00
54 0 +6.310558841e+01 +2.158155884e+02 +2.158155884e+02 -3.6618e+00 +2.3147e+00 +1.8849e+00 -1.1409e+00 +6.8662e-02 +4.4455e+00 -1.0264e+00 -2.3080e+00 -2.8023e+00 +1.4914e+00
414 0 +5.778441117e+01 +2.104944112e+02 +2.104944112e+02 -3.6618e+00 +4.1312e-01 +1.8849e+00 -1.1409e+00 +6.8662e-02 +4.4455e+00 -1.0264e+00 -2.3080e+00 -2.8023e+00 +1.4914e+00
463 0 +5.708387685e+01 +2.097938768e+02 +2.097938768e+02 -3.6618e+00 +8.5355e-01 +1.8849e+00 -1.1409e+00 +6.8662e-02 +4.4455e+00 -1.0264e+00 -2.3080e+00 -2.8023e+00 +1.4914e+00
759 0 +5.539210125e+01 +2.081021013e+02 +2.081021013e+02 -3.6628e+00 +1.0959e+00 +1.8699e+00 -9.7490e-01 +6.3342e-02 +4.4207e+00 -1.0340e+00 -2.2964e+00 -2.7379e+00 +1.4843e+00
811 0 +4.287255844e+01 +1.955825584e+02 +1.955825584e+02 -3.6618e+00 +8.5355e-01 +1.8849e+00 -1.1993e-01 +6.8662e-02 +4.4455e+00 -1.0264e+00 -2.3080e+00 -2.8023e+00 +1.4905e+00
% f evaluations | g evaluations | best noise-free fitness - Fopt (9.980000000000e+01) + sum g_i+ | measured fitness | best measured fitness or single-digit g-values | x1 | x2...
1 0 +8.623999000e+01 +1.860399900e+02 +1.860399900e+02 -2.8178e+00 -2.0543e+00 -2.7898e+00 +1.7745e+00 -2.3788e+00 -2.8404e+00 +3.8646e+00 +4.0869e+00 -3.0922e+00 -1.6379e+00
2 0 +8.447645013e+01 +1.842764501e+02 +1.842764501e+02 -2.8445e+00 +2.9622e+00 -3.0385e+00 +3.4092e+00 -1.7827e+00 +4.9077e+00 -3.7608e-01 +6.4374e-01 -3.5637e+00 +3.8853e-01
3 0 +8.294920609e+01 +1.827492061e+02 +1.827492061e+02 +2.8823e+00 -1.6883e+00 +2.0673e+00 -1.3129e+00 -3.3585e+00 -3.4081e+00 -1.5995e+00 +3.1081e-01 -2.7780e+00 -7.8029e-01
6 0 +7.793529656e+01 +1.777352966e+02 +1.777352966e+02 -3.5537e+00 +2.1034e+00 +4.0936e+00 +1.3728e-01 +4.5681e+00 -1.4550e+00 +1.8809e+00 -2.6379e+00 +1.6695e-01 -4.4154e+00
14 0 +7.738452366e+01 +1.771845237e+02 +1.771845237e+02 +3.1366e+00 +1.7587e-01 -3.5234e-01 +1.7064e+00 +4.6051e-01 -6.4845e-01 +8.3241e-01 +1.8792e+00 +4.2862e+00 -1.7806e+00
25 0 +7.407835856e+01 +1.738783586e+02 +1.738783586e+02 -3.6079e+00 +4.5544e+00 +2.2260e+00 -1.5209e+00 +3.5269e-02 +3.0225e+00 -3.3920e+00 +1.1691e+00 +1.8350e-01 +3.5657e+00
41 0 +5.984665926e+01 +1.596466593e+02 +1.596466593e+02 -2.3683e+00 -2.5493e-02 +1.1495e+00 +2.5139e+00 +2.0019e+00 -2.4475e+00 -1.8127e+00 +3.1515e+00 +1.7588e+00 -3.4143e+00
253 0 +5.513480792e+01 +1.549348079e+02 +1.549348079e+02 -1.7579e+00 +4.1946e-01 +1.1243e+00 +2.7369e+00 +1.3593e+00 -1.9147e+00 -2.2107e+00 +2.2978e+00 +1.4335e+00 -2.5701e+00
510 0 +4.670337874e+01 +1.465033787e+02 +1.465033787e+02 -1.7579e+00 +4.1946e-01 +1.1243e+00 +2.7369e+00 +1.3593e+00 -8.1703e-01 -2.2107e+00 +2.2978e+00 +1.4335e+00 -2.5701e+00
812 0 +4.242818315e+01 +1.422281832e+02 +1.422281832e+02 -1.7579e+00 +4.1946e-01 +1.1243e+00 +1.5279e+00 +1.3593e+00 -8.1703e-01 -2.2107e+00 +2.2978e+00 +1.4335e+00 -2.5701e+00
861 0 +3.938706437e+01 +1.391870644e+02 +1.391870644e+02 -1.1713e+00 +4.1946e-01 +1.1243e+00 +1.5279e+00 +1.3593e+00 -8.1703e-01 -2.2107e+00 +2.2978e+00 +1.4335e+00 -2.5701e+00
% f evaluations | g evaluations | best noise-free fitness - Fopt (-1.194100000000e+02) + sum g_i+ | measured fitness | best measured fitness or single-digit g-values | x1 | x2...
1 0 +8.505085817e+01 -3.435914183e+01 -3.435914183e+01 +7.7512e-01 -1.1815e+00 +4.3637e-01 -3.6401e+00 -4.4373e+00 +4.0009e+00 -1.9543e+00 +2.9722e+00 +4.1057e+00 +9.7610e-01
4 0 +7.730726704e+01 -4.210273296e+01 -4.210273296e+01 -9.3769e-01 +1.6760e+00 +2.3553e+00 -3.1705e+00 -9.3534e-01 +1.8592e+00 +2.5836e+00 -1.7910e+00 -2.3251e+00 +1.3291e+00
9 0 +6.402728718e+01 -5.538271282e+01 -5.538271282e+01 -2.2579e+00 -3.0339e-01 -2.4789e+00 +1.2705e+00 +2.9328e+00 +2.8819e-01 -2.3043e+00 +3.8546e+00 -4.8390e+00 +3.9097e+00
104 0 +6.308041863e+01 -5.632958137e+01 -5.632958137e+01 -1.3890e+00 -7.5233e-01 -2.8420e+00 +9.6667e-01 +2.2263e+00 -5.0661e-01 -1.2260e+00 +3.6172e+00 -3.2850e+00 +3.1937e+00
157 0 +5.447538523e+01 -6.493461477e+01 -6.493461477e+01 -3.0540e+00 +1.6958e+00 -2.1081e+00 +8.4992e-01 +2.4540e+00 +3.9380e+00 -2.4724e+00 +7.4911e-01 -3.0873e+00 +2.3421e+00
204 0 +4.941627333e+01 -6.999372667e+01 -6.999372667e+01 -2.6117e+00 +1.1121e+00 -2.2086e+00 +9.1122e-01 +2.3960e+00 +2.9260e+00 -2.1735e+00 +1.3916e+00 -3.0872e+00 +2.5067e+00
411 0 +4.751327992e+01 -7.189672008e+01 -7.189672008e+01 -2.0162e+00 +3.5133e-01 -2.3188e+00 +4.1063e-01 +2.3225e+00 +1.6060e+00 -1.7944e+00 +2.2073e+00 -3.0750e+00 +2.7044e+00
613 0 +4.656039784e+01 -7.284960216e+01 -7.284960216e+01 -2.4750e+00 +9.3782e-01 -2.2335e+00 +7.8607e-01 +1.5248e+00 +2.6236e+00 -2.0869e+00 +1.5780e+00 -3.0841e+00 +2.5517e+00
655 0 +4.549576778e+01 -7.391423222e+01 -7.391423222e+01 -2.4643e+00 +9.2485e-01 -2.2348e+00 +7.6218e-01 +1.8628e+00 +2.6011e+00 -2.0807e+00 +1.5914e+00 -3.0836e+00 +2.5546e+00
762 0 +4.241429429e+01 -7.699570571e+01 -7.699570571e+01 -2.4643e+00 +9.2485e-01 -2.2348e+00 +1.7020e-01 +1.8628e+00 +2.6011e+00 -2.0807e+00 +1.5914e+00 -3.0836e+00 +2.5546e+00
% f evaluations | g evaluations | best noise-free fitness - Fopt (1.077000000000e+01) + sum g_i+ | measured fitness | best measured fitness or single-digit g-values | x1 | x2...
1 0 +8.555369377e+01 +9.632369377e+01 +9.632369377e+01 -1.8369e+00 +5.9639e-01 +4.7745e+00 +5.1436e-01 -2.8226e-01 -4.7841e-01 -4.0674e+00 -3.8090e+00 +3.8030e+00 -6.3847e-02
2 0 +8.036431179e+01 +9.113431179e+01 +9.113431179e+01 -1.8140e+00 -1.4072e+00 -1.9160e+00 -3.8813e+00 -3.1932e+00 -4.8180e+00 -1.3440e-02 -6.1768e-01 -3.6486e+00 -7.2669e-01
5 0 +7.612143105e+01 +8.689143105e+01 +8.689143105e+01 -2.4996e+00 +3.4334e+00 -2.2038e+00 +1.0203e+00 -2.2749e+00 -3.1071e+00 -2.9379e+00 -1.8814e+00 -1.8784e+00 +4.3766e+00
10 0 +7.436561092e+01 +8.513561092e+01 +8.513561092e+01 -1.1652e-01 +2.7006e+00 -4.6862e+00 -4.3046e+00 +4.4022e+00 +2.5397e+00 +1.7952e+00 +3.4857e+00 -2.0859e+00 +1.2199e+00
23 0 +6.258460445e+01 +7.335460445e+01 +7.335460445e+01 -2.4761e+00 +2.2764e+00 -2.1736e-01 +6.8589e-01 -2.5657e+00 +3.4972e+00 +3.4293e+00 +6.4401e-01 -1.4046e+00 -1.2412e+00
108 0 +4.475023697e+01 +5.552023697e+01 +5.552023697e+01 -3.6136e+00 +3.3565e+00 -2.4332e+00 -1.9664e+00 +1.8566e+00 -1.3214e-01 +1.2456e+00 +2.4237e+00 -3.1302e-01 +2.6826e+00
656 0 +4.416402394e+01 +5.493402394e+01 +5.493402394e+01 -3.6136e+00 +3.3565e+00 -2.4332e+00 -1.8071e+00 +1.8566e+00 -1.3214e-01 +1.2456e+00 +2.4237e+00 -3.1302e-01 +2.6826e+00
706 0 +4.353616447e+01 +5.430616447e+01 +5.430616447e+01 -3.6136e+00 +3.3565e+00 -2.4332e+00 -1.0273e+00 +1.8566e+00 -1.3214e-01 +1.2456e+00 +2.4237e+00 -3.1302e-01 +2.6826e+00
862 0 +4.014911061e+01 +5.091911061e+01 +5.091911061e+01 -3.6136e+00 +1.5903e+00 -2.4332e+00 -1.4794e+00 +1.8566e+00 -1.3214e-01 +1.2456e+00 +2.4237e+00 -3.1302e-01 +2.6826e+00
904 0 +3.958430920e+01 +5.035430920e+01 +5.035430920e+01 -3.6136e+00 +2.6122e+00 -2.4332e+00 -1.4090e+00 +1.8566e+00 -1.3214e-01 +1.2456e+00 +2.4237e+00 -3.1302e-01 +2.6826e+00
% f evaluations | g evaluations | best noise-free fitness - Fopt (2.137000000000e+01) + sum g_i+ | measured fitness | best measured fitness or single-digit g-values | x1 | x2...
1 0 +7.559397545e+01 +9.696397545e+01 +9.696397545e+01 -2.6838e+00 -2.2339e+00 +1.4183e+00 -4.3447e+00 +2.2282e+00 +2.9299e+00 -4.2103e+00 +4.9253e-01 -1.7414e+00 -3.3356e+00
15 0 +7.555207333e+01 +9.692207333e+01 +9.692207333e+01 +2.0738e+00 -2.8213e-01 +4.8751e+00 +2.3249e-01 -1.1063e+00 -4.2723e+00 -3.1364e+00 +2.4986e+00 +1.7836e+00 -3.7713e+00
47 0 +6.886233070e+01 +9.023233070e+01 +9.023233070e+01 +4.9908e+00 -3.5860e+00 +4.1442e+00 -2.6492e+00 -6.6636e-01 +4.1302e-01 +3.1794e+00 +2.9781e+00 -2.8161e+00 -3.9390e+00
53 0 +5.760598840e+01 +7.897598840e+01 +7.897598840e+01 +4.2917e+00 -3.0176e+00 +4.0734e+00 -9.2722e-01 -4.2614e-01 +5.4193e-01 +1.9095e+00 +2.2626e+00 -3.0262e+00 -3.0975e+00
262 0 +5.697562696e+01 +7.834562696e+01 +7.834562696e+01 +4.2917e+00 -3.0176e+00 +4.0734e+00 -9.2722e-01 -4.2614e-01 +5.4193e-01 +1.9095e+00 +2.2626e+00 -2.8752e+00 -3.0975e+00
304 0 +4.994755307e+01 +7.131755307e+01 +7.131755307e+01 +3.7413e+00 -2.0864e+00 +3.5236e+00 -1.6607e+00 -3.6847e-01 +3.1279e-01 +2.3638e+00 +2.6389e+00 -2.5642e+00 -2.5284e+00
511 0 +4.768579284e+01 +6.905579284e+01 +6.905579284e+01 +3.6445e+00 -2.4413e+00 +3.6362e+00 -1.7072e+00 -3.6053e-01 +2.7502e-01 +2.0205e+00 +2.5334e+00 -2.5145e+00 -1.9004e+00
760 0 +4.674587006e+01 +6.811587006e+01 +6.811587006e+01 +3.6882e+00 -2.1940e+00 +3.6096e+00 -1.5918e+00 -3.6437e-01 +2.9234e-01 +2.1263e+00 +2.5611e+00 -2.5406e+00 -2.1225e+00
812 0 +4.486765114e+01 +6.623765114e+01 +6.623765114e+01 +3.7210e+00 -2.2460e+00 +3.5816e+00 -1.5029e+00 -3.6699e-01 +1.5715e-02 +2.2223e+00 +2.5886e+00 -2.5590e+00 -2.3441e+00
% f evaluations | g evaluations | best noise-free fitness - Fopt (1.673000000000e+01) + sum g_i+ | measured fitness | best measured fitness or single-digit g-values | x1 | x2...
1 0 +8.649950570e+01 +1.032295057e+02 +1.032295057e+02 +1.3985e+00 -3.3570e+00 +4.3341e+00 +1.2230e+00 -4.9159e+00 -4.3967e+00 -1.0729e+00 +2.5951e+00 -4.4072e+00 -4.3420e+00
2 0 +8.538719509e+01 +1.021171951e+02 +1.021171951e+02 -1.4378e+00 +4.1412e+00 -2.5645e+00 +2.8536e-01 -1.2363e+00 +4.5701e+00 +4.0569e+00 -3.6349e+00 -3.3173e+00 +1.2408e+00
3 0 +8.336892696e+01 +1.000989270e+02 +1.000989270e+02 +1.3441e+00 -1.2740e-01 +1.3671e+00 -4.6637e+00 +6.2758e-01 -9.1625e-01 +3.2795e+00 -8.2985e-01 +4.6906e+00 +2.3821e+00
4 0 +8.094886539e+01 +9.767886539e+01 +9.767886539e+01 +4.9476e+00 -3.2795e+00 +3.3001e+00 -8.4593e-01 -3.2876e-01 +1.5342e+00 +2.5327e+00 +1.9002e+00 -1.5488e+00 -3.7435e+00
7 0 +7.130201214e+01 +8.803201214e+01 +8.803201214e+01 -1.0287e+00 -5.9888e-01 -3.1101e+00 +3.5371e+00 -5.1370e-01 +1.9893e-01 +2.7019e+00 -2.8261e+00 +2.0411e+00 +2.4236e+00
108 0 +6.670304106e+01 +8.343304106e+01 +8.343304106e+01 +1.1617e+00 +3.0611e-02 -2.7356e+00 +3.9125e-01 -1.1466e+00 -2.0884e+00 +4.9392e-01 -1.5053e+00 -3.1577e+00 -3.8569e+00
158 0 +6.183742896e+01 +7.856742896e+01 +7.856742896e+01 +1.3531e+00 -1.6801e-01 -1.8905e+00 +3.4541e-01 -1.3148e+00 -1.5626e+00 +5.4636e-01 -1.4885e+00 -3.0995e+00 -3.9104e+00
508 0 +6.134479700e+01 +7.807479700e+01 +7.807479700e+01 +1.3575e+00 -1.7251e-01 -1.8714e+00 +3.4437e-01 -1.3186e+00 -1.1048e+00 +5.4754e-01 -1.4881e+00 -3.0982e+00 -3.9116e+00
556 0 +5.475412453e+01 +7.148412453e+01 +7.148412453e+01 +1.3531e+00 -1.6801e-01 -1.8905e+00 +3.4541e-01 -1.3148e+00 -1.5626e+00 +5.4636e-01 -1.4885e+00 -3.0995e+00 -2.3094e+00
863 0 +5.344732784e+01 +7.017732784e+01 +7.017732784e+01 +1.1168e+00 -1.6848e-01 -1.8885e+00 +3.4530e-01 -1.3152e+00 -9.8792e-01 +5.4648e-01 -7.4529e-01 -3.0994e+00 -3.4357e+00
961 0 +4.714334209e+01 +6.387334209e+01 +6.387334209e+01 +1.3555e+00 -1.7050e-01 -3.5356e-01 +3.4483e-01 -1.3169e+00 -1.5168e+00 +5.4701e-01 -3.6342e-01 -3.0988e+00 -2.8768e+00
1007 0 +4.668336614e+01 +6.341336614e+01 +6.341336614e+01 +1.3334e+00 -1.7027e-01 -5.6250e-01 +3.4488e-01 -1.3167e+00 -1.4686e+00 +5.4695e-01 -4.5055e-01 -3.0989e+00 -2.9184e+00
% f evaluations | g evaluations | best noise-free fitness - Fopt (1.000000000000e+03) + sum g_i+ | measured fitness | best measured fitness or single-digit g-values | x1 | x2...
1 0 +8.136659510e+01 +1.081366595e+03 +1.081366595e+03 -7.8403e-01 +1.0494e-01 -2.6256e+00 -1.5695e+00 -2.9433e+00 +4.0409e+00 +3.3391e+00 +2.2820e+00 -3.1507e+00 -1.5972e+00
2 0 +7.293064050e+01 +1.072930640e+03 +1.072930640e+03 -2.1702e+00 +3.0793e+00 -3.9432e-01 -2.2731e+00 -3.9051e+00 +2.8787e+00 +4.7285e+00 -3.1201e-01 -3.8978e+00 +4.6364e-01
16 0 +6.382457758e+01 +1.063824578e+03 +1.063824578e+03 +4.5844e+00 +3.8454e+00 -3.4846e+00 +2.0009e-01 -2.1154e+00 +1.5561e+00 +3.6425e+00 -3.0676e+00 -1.4016e+00 +2.3683e-01
55 0 +3.068801346e+01 +1.030688013e+03 +1.030688013e+03 +4.0190e+00 +2.1405e+00 -2.5261e+00 -2.0925e-01 -1.6729e+00 +1.2562e+00 +3.6055e+00 -3.1073e+00 -1.7630e+00 -4.3793e-01
211 0 +2.633087939e+01 +1.026330879e+03 +1.026330879e+03 +4.0190e+00 +2.1405e+00 -2.5261e+00 -2.0925e-01 -1.6729e+00 +8.5690e-01 +3.6055e+00 -3.1073e+00 -1.7630e+00 -4.3793e-01
307 0 +2.390175507e+01 +1.023901755e+03 +1.023901755e+03 +3.7818e+00 +1.8695e+00 -2.6789e+00 -8.8736e-01 -1.9336e+00 +8.1640e-01 +3.6829e+00 -1.9901e+00 -9.0228e-01 -3.3023e-01
352 0 +2.263795124e+01 +1.022637951e+03 +1.022637951e+03 +3.8328e+00 +1.9278e+00 -2.6461e+00 -7.4158e-01 -1.8776e+00 +8.2510e-01 +3.6663e+00 -2.2303e+00 -1.0873e+00 -3.5338e-01
563 0 +2.164806644e+01 +1.021648066e+03 +1.021648066e+03 +3.9327e+00 +2.0581e+00 -2.5453e+00 -3.9450e-01 -1.7353e+00 +5.7185e-01 +3.6175e+00 -2.7605e+00 -1.5049e+00 -3.9058e-01
756 0 +2.056521805e+01 +1.020565218e+03 +1.020565218e+03 +3.9021e+00 +2.0238e+00 -2.4531e+00 -4.3726e-01 -1.7548e+00 +9.2671e-01 +3.6184e+00 -2.1108e+00 -1.4123e+00 -3.7400e-01
757 0 +1.992005893e+01 +1.019920059e+03 +1.019920059e+03 +3.9449e+00 +2.0626e+00 -2.5196e+00 -3.2760e-01 -1.7364e+00 +8.7659e-01 +3.6200e+00 -1.3119e+00 -1.5226e+00 -4.0013e-01
808 0 +1.940678954e+01 +1.019406790e+03 +1.019406790e+03 +3.9151e+00 +2.0305e+00 -2.5546e+00 -4.4059e-01 -1.7674e+00 +7.6133e-01 +3.6292e+00 -1.9468e+00 -1.4183e+00 -3.8592e-01
% f evaluations | g evaluations | best noise-free fitness - Fopt (-1.079600000000e+02) + sum g_i+ | measured fitness | best measured fitness or single-digit g-values | x1 | x2...
1 0 +8.501323397e+01 -2.294676603e+01 -2.294676603e+01 +3.5269e-01 -4.4126e+00 -2.1686e+00 +1.1129e+00 -3.3563e+00 +3.4275e+00 -4.2685e+00 -1.6332e+00 -3.8118e+00 +3.8052e+00
4 0 +8.351063791e+01 -2.444936209e+01 -2.444936209e+01 -4.7604e+00 -3.3137e-01 +4.2439e+00 +2.2601e+00 -3.0330e+00 +2.0440e+00 -3.9638e+00 -3.8656e+00 -1.9787e+00 +4.4126e+00
6 0 +7.864553364e+01 -2.931446636e+01 -2.931446636e+01 +3.7244e+00 -2.5828e+00 +4.8888e+00 +1.9019e+00 -6.1459e-01 -4.4651e+00 -2.2708e+00 -1.3491e+00 -1.7269e+00 +2.0508e-01
10 0 +6.836984853e+01 -3.959015147e+01 -3.959015147e+01 -1.8609e+00 -1.4885e-01 -1.0419e+00 +1.1777e+00 +4.5047e+00 -3.9971e+00 -2.1244e+00 +7.1190e-01 +1.2927e+00 -2.6033e+00
104 0 +6.115053830e+01 -4.680946170e+01 -4.680946170e+01 -2.7544e+00 +3.4009e+00 -5.2971e-01 -9.5355e-01 +1.9236e+00 -3.6429e+00 -3.2003e+00 +2.5358e+00 -2.8727e+00 +3.0714e+00
208 0 +5.904613539e+01 -4.891386461e+01 -4.891386461e+01 -2.9196e+00 +3.5437e+00 -1.2768e+00 -5.9216e-01 +2.0964e+00 -2.9830e+00 -3.2088e+00 +2.1628e+00 -2.3577e+00 +3.0267e+00
307 0 +5.882851934e+01 -4.913148066e+01 -4.913148066e+01 -2.7395e+00 +3.4565e+00 -1.1300e+00 -6.6301e-01 +1.9547e+00 -3.0211e+00 -3.1200e+00 +2.2269e+00 -2.3614e+00 +2.9813e+00
364 0 +5.648218334e+01 -5.147781666e+01 -5.147781666e+01 -2.5909e+00 +1.9786e-02 -1.0089e+00 -7.2146e-01 +1.8378e+00 -3.0526e+00 -3.0468e+00 +2.2798e+00 -2.3644e+00 +2.9438e+00
411 0 +5.530193424e+01 -5.265806576e+01 -5.265806576e+01 -3.2963e+00 +3.5402e+00 -5.2002e-01 -8.4133e-01 +1.3209e+00 -3.7148e+00 -2.9490e+00 +1.8890e+00 -2.4691e+00 +3.4797e+00
512 0 +5.227736396e+01 -5.568263604e+01 -5.568263604e+01 -2.8775e+00 +1.9906e+00 -7.5716e-01 -8.1016e-01 +2.0360e+00 -3.4238e+00 -3.1036e+00 +2.2542e+00 -2.5666e+00 +3.1226e+00
652 0 +5.053436285e+01 -5.742563715e+01 -5.742563715e+01 -3.0428e+00 +2.7564e+00 -6.6476e-01 -8.1181e-01 +1.5040e+00 -3.5148e+00 -3.0399e+00 +2.0985e+00 -2.5096e+00 +3.2618e+00
756 0 +4.964073961e+01 -5.831926039e+01 -5.831926039e+01 -3.0092e+00 +2.7427e+00 -6.8473e-01 -8.0162e-01 +1.3817e+00 -3.4742e+00 -3.0504e+00 +2.0840e+00 -2.5041e+00 +3.2317e+00
913 0 +4.478611034e+01 -6.317388966e+01 -6.317388966e+01 -3.2678e+00 +1.2769e+00 -5.3641e-01 -8.3906e-01 +1.3684e+00 -3.6946e+00 -2.9593e+00 +1.9134e+00 -2.4753e+00 +3.4555e+00
% f evaluations | g evaluations | best noise-free fitness - Fopt (-3.025900000000e+02) + sum g_i+ | measured fitness | best measured fitness or single-digit g-values | x1 | x2...
1 0 +8.101320159e+01 -2.215767984e+02 -2.215767984e+02 -4.4395e+00 -1.6682e+00 -2.0483e+00 +4.0298e+00 +9.7394e-01 -4.9810e-01 +1.6415e+00 -9.3277e-01 -1.4447e+00 -1.2170e+00
3 0 +7.864202712e+01 -2.239479729e+02 -2.239479729e+02 +1.9381e+00 +4.7266e+00 -1.6293e-01 +1.9862e+00 +1.0409e+00 -4.4158e+00 +2.9910e+00 +7.5627e-01 -1.4374e+00 -4.1586e+00
8 0 +6.959881464e+01 -2.329911854e+02 -2.329911854e+02 +1.8117e+00 +3.5432e+00 +1.9696e+00 -8.6175e-01 -2.5100e+00 +2.4442e+00 +1.7557e-01 +8.9593e-01 -3.6524e+00 +4.0571e-01
10 0 +5.323531166e+01 -2.493546883e+02 -2.493546883e+02 -3.8362e+00 -3.4603e+00 -2.4249e+00 -4.0968e+00 -1.3809e+00 +3.0930e+00 -1.0733e+00 +4.8845e+00 +3.1921e+00 +3.1560e+00
153 0 +3.599430477e+01 -2.665956952e+02 -2.665956952e+02 -3.1270e+00 -2.9225e+00 -2.3450e+00 -3.8888e+00 -9.4714e-01 +2.2900e+00 -4.7415e-01 +4.5386e+00 +2.8821e+00 +3.3713e+00
256 0 +3.496826746e+01 -2.676217325e+02 -2.676217325e+02 -2.9149e+00 -2.7115e+00 -2.3365e+00 -3.7766e+00 -9.0562e-01 +2.2139e+00 -3.2020e-01 +4.3615e+00 +2.8329e+00 +3.3041e+00
257 0 +3.320711461e+01 -2.693828854e+02 -2.693828854e+02 -2.4028e+00 -2.2952e+00 -2.2875e+00 -3.5987e+00 -6.4147e-01 +1.7253e+00 +9.8340e-02 +4.0709e+00 +2.6332e+00 +3.3864e+00
404 0 +3.306947659e+01 -2.695205234e+02 -2.695205234e+02 -2.4653e+00 -2.3465e+00 -2.2933e+00 -3.6208e+00 -6.7297e-01 +1.7836e+00 +4.7470e-02 +4.1070e+00 +2.6572e+00 +3.3775e+00
460 0 +3.033980341e+01 -2.722501966e+02 -2.722501966e+02 -3.1437e+00 -2.9025e+00 -2.3570e+00 -2.9548e+00 -1.0149e+00 +2.4159e+00 -5.0475e-01 +4.4988e+00 +2.0423e+00 +3.2805e+00
560 0 +2.294959088e+01 -2.796404091e+02 -2.796404091e+02 -2.4653e+00 -2.3465e+00 -2.2933e+00 -3.6208e+00 -6.7297e-01 +1.7836e+00 +4.7470e-02 +4.1070e+00 +1.1927e+00 +3.3775e+00
614 0 +2.211309542e+01 -2.804769046e+02 -2.804769046e+02 -2.4550e+00 -2.3380e+00 -2.2923e+00 -3.6172e+00 -6.6775e-01 +1.7739e+00 +5.5888e-02 +4.1010e+00 +3.6430e-01 +3.3790e+00
662 0 +1.638160140e+01 -2.862083986e+02 -2.862083986e+02 -2.4653e+00 -2.3465e+00 -2.2933e+00 -3.6208e+00 -6.7297e-01 +1.7836e+00 +4.7470e-02 +2.0873e+00 +1.1927e+00 +3.3775e+00
705 0 +1.530027138e+01 -2.872897286e+02 -2.872897286e+02 -2.4142e+00 -2.3054e+00 -2.2866e+00 -3.5994e+00 -6.4295e-01 +1.7316e+00 +5.8908e-02 +2.1691e+00 +1.1912e+00 +3.3831e+00
752 0 +1.093814428e+01 -2.916518557e+02 -2.916518557e+02 -2.4296e+00 -2.3179e+00 -2.2886e+00 -3.5987e+00 -6.5182e-01 +1.7471e+00 +5.3975e-02 +2.6616e+00 +1.0478e+00 +3.3813e+00
804 0 +1.041828946e+01 -2.921717105e+02 -2.921717105e+02 -2.4380e+00 -2.3246e+00 -2.2896e+00 -3.5984e+00 -6.5660e-01 +1.7555e+00 +5.1312e-02 +2.9274e+00 +9.7044e-01 +3.3804e+00
914 0 +9.681580296e+00 -2.929084197e+02 -2.929084197e+02 -2.4640e+00 -2.3455e+00 -2.2931e+00 -3.6156e+00 -6.7209e-01 +1.7821e+00 +4.6772e-02 +2.4325e+00 +6.9361e-01 +3.3776e+00
% f evaluations | g evaluations | best noise-free fitness - Fopt (-3.065500000000e+02) + sum g_i+ | measured fitness | best measured fitness or single-digit g-values | x1 | x2...
1 0 +8.597647413e+01 -2.205735259e+02 -2.205735259e+02 +4.0851e+00 +5.5093e-01 -4.7510e+00 +3.9381e+00 -4.9105e+00 -4.2761e+00 -3.4476e+00 -3.3893e+00 +2.2155e+00 -4.8529e+00
2 0 +7.156794599e+01 -2.349820540e+02 -2.349820540e+02 -2.7167e+00 -2.9840e+00 -6.8753e-01 +1.3291e+00 +3.7103e+00 +8.1973e-01 -4.7192e+00 -3.2117e+00 -9.4807e-01 -1.2247e+00
14 0 +6.607503313e+01 -2.404749669e+02 -2.404749669e+02 +3.2078e+00 +1.6218e+00 -3.9083e-01 +2.7646e+00 -2.8148e+00 -1.2898e+00 -2.8544e+00 +3.6607e-01 +3.1456e+00 +3.5281e+00
60 0 +6.489829813e+01 -2.416517019e+02 -2.416517019e+02 -1.6274e+00 -3.1746e+00 +2.0731e+00 -1.8638e+00 -1.1152e+00 +1.6996e+00 -1.0606e+00 -1.7776e+00 -2.4613e+00 +9.0843e-01
104 0 +1.609935376e+01 -2.904506462e+02 -2.904506462e+02 +3.2802e+00 -2.0713e+00 +3.5337e+00 +1.6403e+00 -1.3113e+00 -6.6411e-01 -3.2606e+00 -1.8857e-01 -4.3660e+00 +3.0628e+00
155 0 +8.245446699e+00 -2.983045533e+02 -2.983045533e+02 +2.5829e+00 -2.2280e+00 +3.3262e+00 +1.1424e+00 -1.2834e+00 -3.2825e-01 -2.9480e+00 -4.1436e-01 -4.0954e+00 +2.7567e+00
358 0 +7.565711227e+00 -2.989842888e+02 -2.989842888e+02 +2.9525e+00 -1.9374e+00 +3.1457e+00 +1.6117e+00 -1.2019e+00 -5.9155e-01 -3.0188e+00 -3.0420e-01 -3.8122e+00 +2.8843e+00
453 0 +7.267670031e+00 -2.992823300e+02 -2.992823300e+02 +2.8468e+00 -2.0205e+00 +3.1973e+00 +1.4775e+00 -1.2252e+00 -5.1624e-01 -2.9986e+00 -3.3571e-01 -3.8932e+00 +2.8478e+00
761 0 +7.108264145e+00 -2.994417359e+02 -2.994417359e+02 +2.8483e+00 -2.0160e+00 +3.1965e+00 +1.4794e+00 -1.2249e+00 -3.4968e-01 -2.9989e+00 -3.3524e-01 -3.8920e+00 +2.8484e+00
