% f evaluations | g evaluations | best noise-free fitness - Fopt (-5.465000000000e+02) + sum g_i+ | measured fitness | best measured fitness or single-digit g-values | x1 | x2...
1 0 +1.064799903e+05 +1.059334903e+05 +1.059334903e+05 -4.0642e+00 +1.2632e+00 +2.3278e+00 +1.5796e+00 -4.4134e+00 -1.0256e+00 -4.1049e+00 +4.4594e+00 +4.4817e+00 +4.2505e+00
2 0 +1.004127563e+05 +9.986625634e+04 +9.986625634e+04 -1.3126e+00 -4.4068e+00 +1.2246e+00 +2.5984e+00 +4.3582e+00 -2.1183e+00 +3.1000e+00 -3.7469e+00 -9.3425e-01 +3.7450e+00
3 0 +7.863585767e+04 +7.808935767e+04 +7.808935767e+04 +2.0438e+00 +3.1523e+00 +4.0238e-01 -2.7028e+00 +3.6048e+00 +3.9724e+00 -4.7915e+00 +1.5057e+00 -3.8623e+00 -3.4155e+00
5 0 +6.970598288e+04 +6.915948288e+04 +6.915948288e+04 +1.2311e+00 +3.8772e-01 -2.4276e+00 -3.4844e-02 +1.6312e+00 +3.1380e+00 -3.1089e-02 -3.6128e+00 -4.2579e+00 -1.1753e+00
6 0 +4.003235054e+04 +3.948585054e+04 +3.948585054e+04 -4.5560e+00 -3.9537e+00 -3.8153e+00 +3.6569e+00 -1.7965e-01 -3.6988e+00 -1.4668e+00 +8.4441e-01 -1.5433e+00 +4.0161e+00
7 0 +2.669230090e+04 +2.614580090e+04 +2.614580090e+04 +4.7596e+00 +2.9311e+00 +1.3953e+00 +3.3548e+00 +4.4202e+00 +1.4241e+00 +1.4654e+00 +3.3517e+00 -3.5686e+00 +5.9048e-01
17 0 +2.185317003e+04 +2.130667003e+04 +2.130667003e+04 -4.3195e+00 +4.8367e+00 +4.1553e+00 +6.0408e-01 +1.8443e+00 -5.8062e-02 -4.5467e-01 +3.0778e+00 -2.2209e+00 +3.9043e+00
% f evaluations | g evaluations | best noise-free fitness - Fopt (1.000000000000e+03) + sum g_i+ | measured fitness | best measured fitness or single-digit g-values | x1 | x2...
1 0 +8.349929400e+04 +8.449929400e+04 +8.449929400e+04 -4.8589e+00 +7.4011e-02 -1.2078e+00 +3.5503e+00 +6.9288e-02 +4.2121e+00 -4.8503e+00 -4.8724e+00 -2.1338e+00 -3.5473e+00
2 0 +5.153595138e+04 +5.253595138e+04 +5.253595138e+04 +1.8757e+00 +1.2098e+00 +1.4946e+00 -2.5147e+00 +3.6964e+00 +6.7334e-01 +3.6623e+00 +4.1363e+00 -6.8305e-01 -4.2898e+00
3 0 +1.079329006e+04 +1.179329006e+04 +1.179329006e+04 -3.8459e+00 +3.3459e+00 -3.8443e+00 -1.9707e+00 -2.4294e+00 +2.4711e+00 -6.1259e-02 -8.8955e-01 -3.4739e+00 -1.4958e+00
% f evaluations | g evaluations | best noise-free fitness - Fopt (2.083800000000e+02) + sum g_i+ | measured fitness | best measured fitness or single-digit g-values | x1 | x2...
1 0 +1.750463062e+05 +1.752546862e+05 +1.752546862e+05 -1.5421e+00 +3.4403e+00 +1.4011e+00 +1.6201e+00 -4.1352e+00 +4.0635e+00 -4.5091e+00 -2.0001e+00 +1.0493e+00 -2.8892e+00
2 0 +6.617624802e+04 +6.638462802e+04 +6.638462802e+04 +2.8515e+00 +1.1729e-01 +1.8596e+00 -3.3778e+00 -2.1588e+00 -8.0551e-01 +1.3969e+00 -2.5612e+00 +1.2714e+00 +8.5512e-01
8 0 +4.817020487e+04 +4.837858487e+04 +4.837858487e+04 +2.8213e+00 -8.2743e-01 -4.5682e+00 +1.2491e-01 -6.3717e-01 -6.4292e-01 -2.5564e+00 +3.6591e+00 -3.8243e+00 +2.9307e+00
12 0 +2.334721086e+04 +2.355559086e+04 +2.355559086e+04 -1.6971e+00 +2.9554e+00 -4.1436e-01 +8.4505e-01 -2.6867e+00 -1.3015e+00 +1.3894e+00 +3.7633e+00 +2.3517e-01 +4.0335e+00
13 0 +1.681984169e+04 +1.702822169e+04 +1.702822169e+04 +1.3723e+00 -1.5713e+00 +6.4337e-01 +4.2826e-01 -1.7819e+00 +1.0207e-01 +3.8173e+00 +3.8671e+00 +7.4653e-01 +1.6166e+00
% f evaluations | g evaluations | best noise-free fitness - Fopt (-1.449600000000e+02) + sum g_i+ | measured fitness | best measured fitness or single-digit g-values | x1 | x2...
1 0 +1.586468052e+05 +1.585018452e+05 +1.585018452e+05 +3.4031e+00 +2.6945e+00 +2.8823e+00 -2.1370e+00 +4.5205e+00 +4.3256e+00 -1.2199e+00 -3.7299e+00 +1.7688e+00 -1.9527e+00
2 0 +9.240757228e+04 +9.226261228e+04 +9.226261228e+04 -4.1507e+00 -2.7275e+00 +4.6754e+00 -6.5511e-01 +2.9510e+00 -4.4897e+00 -1.2692e+00 -1.9235e+00 -4.2044e+00 +3.8364e+00
3 0 +5.906214386e+04 +5.891718386e+04 +5.891718386e+04 -2.7248e+00 -2.5058e+00 -1.6691e+00 +1.9328e+00 -1.5721e+00 +3.7842e+00 +2.2698e+00 +1.5621e+00 -4.1230e+00 +4.8896e+00
4 0 +1.649213209e+04 +1.634717209e+04 +1.634717209e+04 +8.6710e-01 -3.4072e+00 +2.5590e+00 -3.9964e+00 +3.1019e-01 +4.1109e+00 +7.4844e-01 +4.8360e+00 -2.8949e+00 +7.9694e-01
% f evaluations | g evaluations | best noise-free fitness - Fopt (-6.300000000000e+00) + sum g_i+ | measured fitness | best measured fitness or single-digit g-values | x1 | x2...
1 0 +2.054839161e+05 +2.054776161e+05 +2.054776161e+05 -1.1551e+00 -1.4726e+00 +1.0237e+00 +4.3393e+00 -2.3690e-01 +2.8969e+00 -3.2685e+00 +3.0819e+00 +1.6546e+00 -4.2827e+00
2 0 +2.671812399e+04 +2.671182399e+04 +2.671182399e+04 -1.1361e+00 +1.2630e+00 +2.2634e+00 +6.3953e-01 -3.7498e+00 +2.2292e+00 +8.3171e-01 -1.8993e-01 -1.6188e+00 +2.9580e+00
12 0 +2.220939555e+04 +2.220309555e+04 +2.220309555e+04 +9.9762e-01 +1.7295e+00 -1.2302e+00 +2.7506e+00 +3.8181e+00 -1.2344e+00 +1.9169e-01 +7.9007e-01 +4.1094e+00 -6.8904e-01
13 0 +7.330828722e+03 +7.324528722e+03 +7.324528722e+03 +8.5342e-01 +1.7514e+00 -1.9984e+00 +1.4009e+00 -1.6060e+00 +1.3243e+00 +2.5630e-01 -1.7771e+00 -7.2582e-01 +2.9622e+00
% f evaluations | g evaluations | best noise-free fitness - Fopt (-1.367600000000e+02) + sum g_i+ | measured fitness | best measured fitness or single-digit g-values | x1 | x2...
1 0 +1.169873071e+05 +1.168505471e+05 +1.168505471e+05 +4.4167e+00 -4.1466e-01 +4.6369e+00 -9.7891e-01 -4.0133e+00 -4.1329e+00 -8.3481e-01 -2.7429e+00 -2.7186e+00 -4.0545e+00
2 0 +6.935215741e+04 +6.921539741e+04 +6.921539741e+04 +1.8699e+00 -2.8381e+00 +2.7067e+00 -2.1924e+00 +1.8347e+00 +6.4458e-01 -4.5779e+00 +1.1005e+00 -3.1837e+00 -4.6077e+00
7 0 +6.870474058e+04 +6.856798058e+04 +6.856798058e+04 -3.8222e+00 -2.7923e-01 +3.4731e+00 +4.7692e+00 -3.9007e+00 +8.9449e-01 +2.5712e+00 +1.5412e+00 -1.7426e+00 +9.2457e-01
8 0 +1.680207595e+04 +1.666531595e+04 +1.666531595e+04 -4.5182e-02 +4.4759e+00 -2.2084e+00 +1.3538e+00 -1.2956e+00 +1.1180e+00 -1.9533e+00 +2.0812e+00 -1.5076e+00 -2.6301e+00
20 0 +3.117339076e+03 +2.980579076e+03 +2.980579076e+03 -4.2954e+00 -4.8889e+00 -8.6400e-01 +2.0507e+00 -3.2104e+00 -2.8894e-01 -2.5664e+00 +1.9828e+00 +2.2528e-02 -1.1671e+00
% f evaluations | g evaluations | best noise-free fitness - Fopt (3.667500000000e+02) + sum g_i+ | measured fitness | best measured fitness or single-digit g-values | x1 | x2...
1 0 +7.422383348e+04 +7.459058348e+04 +7.459058348e+04 -3.5440e+00 +2.4951e+00 -4.7926e+00 +4.6667e+00 +2.8243e+00 -2.0707e+00 -4.8727e+00 +7.8924e-01 -2.6882e+00 +3.7909e+00
3 0 +3.449806731e+04 +3.486481731e+04 +3.486481731e+04 -4.1256e+00 +2.1384e-01 +2.6338e+00 +2.2302e+00 -3.9750e+00 -4.2065e-01 +3.5338e+00 -1.2710e-01 -4.1748e+00 -1.7034e+00
5 0 +3.038554995e+04 +3.075229995e+04 +3.075229995e+04 +3.8075e+00 +3.5085e-01 +2.7482e+00 +4.0041e+00 +3.3647e+00 +1.3970e+00 +1.9844e+00 +4.7914e+00 -3.2496e+00 +8.4888e-01
7 0 +9.721414076e+03 +1.008816408e+04 +1.008816408e+04 -5.8202e-02 -4.6541e+00 +3.5844e+00 -1.7952e-01 -1.8242e-01 +3.0163e-01 +1.2798e+00 -5.8286e-02 -3.6172e+00 -5.8125e-01
% f evaluations | g evaluations | best noise-free fitness - Fopt (-2.486900000000e+02) + sum g_i+ | measured fitness | best measured fitness or single-digit g-values | x1 | x2...
1 0 +1.274366131e+05 +1.271879231e+05 +1.271879231e+05 +1.8275e+00 +3.0644e+00 -4.6837e+00 +1.9484e-01 -4.4446e+00 -4.9488e+00 -4.6474e+00 -4.9746e+00 +1.8364e+00 -1.9512e+00
5 0 +3.084370479e+04 +3.059501479e+04 +3.059501479e+04 -4.4681e+00 -8.8258e-01 -3.8183e-01 +4.7507e-01 +4.4023e+00 +4.2038e+00 +1.7147e+00 -4.9536e+00 -7.5042e-01 +2.8422e+00
7 0 +8.457260908e+03 +8.208570908e+03 +8.208570908e+03 +3.9072e+00 +3.3501e+00 -5.8491e-01 +1.9403e+00 -2.2630e-02 +1.2460e+00 -1.7062e-01 -6.3345e-01 -4.1197e+00 +1.7590e+00
% f evaluations | g evaluations | best noise-free fitness - Fopt (-6.786000000000e+01) + sum g_i+ | measured fitness | best measured fitness or single-digit g-values | x1 | x2...
1 0 +2.186649116e+05 +2.185970516e+05 +2.185970516e+05 -2.9208e+00 -3.6956e+00 -4.1365e+00 -5.0815e-02 -1.2686e+00 -3.3129e+00 -8.6803e-01 +4.3810e+00 +2.6253e-01 +4.2098e+00
2 0 +3.752460312e+04 +3.745674312e+04 +3.745674312e+04 +3.8211e+00 +3.0458e+00 +4.1503e+00 +8.9049e-01 +4.0596e+00 -3.9296e+00 +2.9389e-01 -1.5104e+00 -4.8666e+00 +3.3504e-02
13 0 +2.100847079e+04 +2.094061079e+04 +2.094061079e+04 +1.1411e+00 +2.2112e+00 -3.2680e+00 +4.9175e+00 -3.9081e+00 -3.2903e+00 -2.8964e-01 -8.5900e-01 +9.4156e-01 -1.5846e+00
% f evaluations | g evaluations | best noise-free fitness - Fopt (-2.329000000000e+01) + sum g_i+ | measured fitness | best measured fitness or single-digit g-values | x1 | x2...
1 0 +4.894306012e+04 +4.891977012e+04 +4.891977012e+04 -4.1749e+00 +1.9005e+00 +4.1840e+00 -2.1072e+00 -3.4311e+00 -4.8589e+00 -2.6446e+00 -2.5588e+00 +7.8522e-01 +2.7276e+00
2 0 +4.146382420e+04 +4.144053420e+04 +4.144053420e+04 +1.2097e+00 +3.7046e+00 -3.7810e+00 +3.5288e+00 -2.1364e-01 -1.1993e+00 +1.3024e+00 +1.7150e+00 +4.3159e+00 -5.6681e-01
3 0 +3.521942967e+04 +3.519613967e+04 +3.519613967e+04 -4.9291e+00 -1.4963e-01 -2.5734e+00 +1.8463e+00 -4.7504e+00 +1.6916e+00 +2.3587e+00 -7.0279e-01 -3.6094e-02 +1.8670e+00
8 0 +3.243834001e+04 +3.241505001e+04 +3.241505001e+04 -2.2300e+00 +1.1650e+00 -3.8550e+00 -1.7433e+00 -3.8542e+00 +1.8523e+00 -4.9173e+00 +3.5592e+00 +1.6777e+00 -2.1844e-01
9 0 +6.515259304e+03 +6.491969304e+03 +6.491969304e+03 +4.8051e+00 -3.6307e+00 +1.7967e+00 -3.3397e+00 +3.2839e-01 +1.2157e+00 +1.8440e-02 +2.1257e+00 +3.2422e+00 +1.1891e+00
% f evaluations | g evaluations | best noise-free fitness - Fopt (-1.028000000000e+01) + sum g_i+ | measured fitness | best measured fitness or single-digit g-values | x1 | x2...
1 0 +1.022926662e+05 +1.022823862e+05 +1.022823862e+05 +3.8529e+00 +1.5626e+00 +3.3485e+00 +1.3988e+00 -1.7293e+00 -2.2503e+00 -2.8363e+00 -2.2061e+00 -2.4723e+00 +2.1095e+00
2 0 +4.948110587e+04 +4.947082587e+04 +4.947082587e+04 -4.1789e+00 -2.0023e+00 -3.8883e+00 -2.6686e+00 +4.6370e+00 +2.4718e+00 +1.2108e+00 +1.6788e-01 +3.1133e+00 -2.2537e+00
9 0 +3.275366448e+04 +3.274338448e+04 +3.274338448e+04 +3.3695e+00 -1.5979e+00 +2.8829e+00 -1.3681e+00 +2.9769e+00 +1.9318e+00 -9.1427e-01 -1.4204e+00 +1.3953e+00 +4.8915e-01
% f evaluations | g evaluations | best noise-free fitness - Fopt (1.799700000000e+02) + sum g_i+ | measured fitness | best measured fitness or single-digit g-values | x1 | x2...
1 0 +1.157156033e+05 +1.158955733e+05 +1.158955733e+05 -4.3524e-01 -8.1973e-01 +3.2591e+00 -4.7425e+00 +1.7823e+00 -3.4173e+00 -1.8425e+00 +1.3620e-01 -2.8815e+00 -3.7109e+00
7 0 +6.241770230e+04 +6.259767230e+04 +6.259767230e+04 +9.1586e-01 +3.5757e-01 -3.4527e+00 -2.1689e+00 +4.7317e+00 +1.2842e+00 -1.6700e+00 -2.2498e+00 -3.5782e+00 -1.7533e+00
11 0 +2.691170766e+04 +2.709167766e+04 +2.709167766e+04 +4.5211e+00 -1.6022e-01 +8.3261e-01 +2.2698e+00 -3.2339e+00 +4.8081e+00 -2.2517e+00 +4.8188e+00 -1.3465e+00 -4.4818e-01
% f evaluations | g evaluations | best noise-free fitness - Fopt (8.376000000000e+01) + sum g_i+ | measured fitness | best measured fitness or single-digit g-values | x1 | x2...
1 0 +4.337703668e+04 +4.346079668e+04 +4.346079668e+04 -1.2110e+00 -2.4612e+00 +4.2613e+00 -3.6357e+00 -3.4525e+00 +3.0226e+00 +1.2247e-01 +2.0297e+00 +2.9268e+00 +1.6833e+00
7 0 +3.497457746e+04 +3.505833746e+04 +3.505833746e+04 -1.4440e+00 -1.3710e+00 +6.9690e-02 +3.3338e+00 +7.2850e-01 +1.7806e-01 +3.1288e+00 -2.8132e+00 -4.4717e+00 +2.6340e+00
11 0 +2.187034878e+04 +2.195410878e+04 +2.195410878e+04 +2.1185e+00 +4.4082e+00 -2.0474e+00 +1.1241e+00 +1.8906e+00 +5.9877e-01 -2.0595e+00 +5.1794e-01 -2.1644e+00 +3.1682e+00
% f evaluations | g evaluations | best noise-free fitness - Fopt (-3.890100000000e+02) + sum g_i+ | measured fitness | best measured fitness or single-digit g-values | x1 | x2...
1 0 +1.760693800e+05 +1.756803700e+05 +1.756803700e+05 -1.5286e-01 +2.0300e+00 -3.9665e+00 -3.5595e+00 +4.7139e+00 -4.2739e+00 -2.0852e+00 +3.9967e+00 -1.0465e+00 +4.6356e+00
2 0 +3.943446976e+04 +3.904545976e+04 +3.904545976e+04 -2.2649e+00 +4.1539e+00 +2.4986e+00 -1.7890e+00 -2.5236e+00 +7.1703e-01 -2.7370e+00 +2.7507e+00 +2.9302e+00 -4.7231e+00
5 0 +3.225530922e+04 +3.186629922e+04 +3.186629922e+04 +2.3641e+00 -5.6321e-02 +3.2388e+00 +2.2014e+00 +3.2816e+00 -3.1741e+00 -2.5418e+00 +2.3655e+00 -9.0610e-01 -6.4015e-01
% f evaluations | g evaluations | best noise-free fitness - Fopt (-1.455800000000e+02) + sum g_i+ | measured fitness | best measured fitness or single-digit g-values | x1 | x2...
1 0 +2.646945487e+04 +2.632387487e+04 +2.632387487e+04 -2.0916e-01 +2.4863e+00 +1.4926e+00 -3.7785e+00 -4.1697e+00 +1.3361e+00 +4.5994e+00 +1.8178e+00 +1.0864e+00 -1.7076e-01
12 0 +2.147523397e+04 +2.132965397e+04 +2.132965397e+04 -1.2453e+00 -9.4963e-01 -4.4550e-01 -4.1310e+00 +1.9223e-01 -1.3765e-01 -1.4292e+00 +4.3080e+00 -5.0578e-01 -4.2528e+00
16 0 +1.266137602e+04 +1.251579602e+04 +1.251579602e+04 -2.8912e+00 -3.8301e+00 +1.7766e+00 +1.0261e+00 +6.0427e-01 -2.6509e+00 +1.7584e+00 +2.6357e+00 -4.0658e+00 -7.9826e-01
