% f evaluations | g evaluations | best noise-free fitness - Fopt (7.627000000000e+01) + sum g_i+ | measured fitness | best measured fitness or single-digit g-values | x1 | x2...
1 0 +5.434595909e+05 +5.435358609e+05 +5.435358609e+05 -3.4049e+00 +1.7635e+00 -1.7529e+00 -4.8673e+00 +3.9208e+00 -9.4117e-01 -3.3044e+00 -7.1829e-01 +4.4175e+00 -6.6794e-01 -4.2195e+00 -3.1943e+00 +3.1348e+00 +2.3566e+00 -2.7485e+00 +3.0442e+00 +7.0258e-01 -1.2761e+00 -3.0012e+00 +1.6611e+00
2 0 +2.575925413e+05 +2.576688113e+05 +2.576688113e+05 +2.3948e+00 -3.9563e+00 -4.5409e+00 +4.3144e+00 +3.2299e+00 -4.9559e+00 +1.5738e+00 +4.6761e+00 +5.8788e-01 +2.9682e+00 +2.6586e+00 +2.0700e-01 -1.9192e+00 -3.8446e+00 +1.8259e+00 -3.4829e+00 -4.1219e+00 +1.9156e+00 -4.0482e+00 +3.0141e+00
15 0 +9.000481271e+04 +9.008108271e+04 +9.008108271e+04 +2.0609e+00 +1.6062e+00 -4.7566e+00 +4.1715e+00 -4.1841e+00 -1.4615e+00 -4.2362e+00 +3.3997e-01 -3.8557e+00 +1.3222e+00 +2.5382e+00 -8.0620e-01 +1.6022e+00 +1.7017e+00 -1.9468e+00 -1.3817e+00 -3.8504e+00 +2.9233e+00 -3.2386e+00 -3.3079e+00
22 0 +8.721515128e+04 +8.729142128e+04 +8.729142128e+04 -2.0182e+00 -1.6606e+00 +1.7788e+00 -4.0617e+00 -2.4363e+00 +2.9947e+00 -1.8767e+00 -4.7374e+00 -1.9881e+00 +2.0559e+00 -8.5886e-01 -1.2124e+00 -9.4834e-01 +2.5680e+00 -4.5432e+00 -2.1563e+00 +7.2015e-02 +2.9518e+00 -2.5303e-01 +1.2247e+00
33 0 +5.091192377e+04 +5.098819377e+04 +5.098819377e+04 +7.9752e-01 -3.5558e+00 +3.3468e+00 -3.2370e+00 +1.0254e+00 -3.7569e+00 -7.6724e-01 +2.0220e-01 +8.2929e-01 -2.1112e+00 +4.3145e+00 -1.7133e+00 +2.4519e+00 +4.8366e+00 +4.2298e+00 -1.4816e+00 +1.3675e+00 +2.6330e+00 -2.0654e+00 -2.1884e-01
40 0 +2.882472898e+04 +2.890099898e+04 +2.890099898e+04 +2.0430e+00 +3.0583e+00 -2.6777e+00 +2.1990e+00 -1.8304e+00 +4.4800e+00 -3.5756e+00 +2.3360e+00 +9.3250e-01 +3.8866e+00 -4.5027e+00 -3.2510e+00 +3.7515e+00 +4.4119e+00 +2.4373e+00 -3.1218e+00 +1.5139e-01 -2.6240e+00 -4.3981e+00 -1.4239e-01
106 0 +1.264272446e+04 +1.271899446e+04 +1.271899446e+04 +3.7378e+00 +2.8726e+00 -7.7595e-01 -3.3150e+00 +1.2856e+00 +3.4097e+00 -1.7616e+00 -1.0459e+00 +2.7327e+00 +9.2062e-01 -4.0913e+00 +7.9906e-01 +3.1286e+00 -2.4793e+00 +3.8927e+00 +3.8622e-01 -9.8472e-01 -2.5684e+00 -7.5951e-01 +2.5577e-01
153 0 +6.668861357e+03 +6.745131357e+03 +6.745131357e+03 +2.9590e+00 +2.1840e+00 -2.6346e+00 +1.9017e-01 -1.1455e+00 +1.0703e+00 -2.8191e+00 -3.2261e-01 -2.7307e-01 +1.1369e+00 -9.8749e-01 +6.5506e-02 +2.3536e+00 -6.1888e-01 +1.2257e+00 -4.7721e-01 -2.3302e+00 -1.6414e-02 -1.9334e+00 -1.3024e+00
204 0 +3.615995315e+03 +3.692265315e+03 +3.692265315e+03 +3.0635e+00 +2.2764e+00 -2.3853e+00 -2.8007e-01 -8.1932e-01 +1.3841e+00 -2.6772e+00 -4.1964e-01 +1.3017e-01 +1.1079e+00 -1.4039e+00 +1.6392e-01 +2.4576e+00 -8.6846e-01 +1.5835e+00 -3.6138e-01 -2.1497e+00 -3.5878e-01 -1.7759e+00 -1.0934e+00
209 0 +2.821553236e+03 +2.897823236e+03 +2.897823236e+03 +2.7425e+00 +2.7566e+00 -1.3031e+00 -2.6485e+00 +5.3046e-01 +1.9501e+00 -1.3167e+00 -1.1878e+00 +2.1112e+00 -1.9156e-01 -3.6926e+00 +8.0045e-01 +2.5979e+00 -2.2289e+00 +2.4685e+00 +5.2137e-01 -4.4580e-01 -1.9204e+00 -1.4995e+00 -9.5446e-02
354 0 +7.004717275e+02 +7.767417275e+02 +7.767417275e+02 +3.4031e+00 +2.5767e+00 -1.5747e+00 -1.8086e+00 +2.4083e-01 +2.4043e+00 -2.2160e+00 -7.3504e-01 +1.4409e+00 +1.0136e+00 -2.7574e+00 +4.8381e-01 +2.7956e+00 -1.6797e+00 +2.7465e+00 +1.5149e-02 -1.5629e+00 -1.4716e+00 -1.2640e+00 -4.1387e-01
355 0 +2.458048869e+02 +3.220748869e+02 +3.220748869e+02 +3.2937e+00 +2.4799e+00 -1.8358e+00 -1.3162e+00 -1.0067e-01 +2.0757e+00 -2.3646e+00 -6.3344e-01 +1.0187e+00 +1.0440e+00 -2.3214e+00 +3.8076e-01 +2.6867e+00 -1.4184e+00 +2.3719e+00 -1.0614e-01 -1.7519e+00 -1.1132e+00 -1.4289e+00 -6.3275e-01
663 0 +2.390854397e+02 +3.153554397e+02 +3.153554397e+02 +3.2937e+00 +2.4799e+00 -1.8358e+00 -1.3162e+00 -3.5236e-02 +2.0757e+00 -2.3646e+00 -6.3344e-01 +1.0187e+00 +1.0440e+00 -2.3214e+00 +3.8076e-01 +2.6867e+00 -1.4184e+00 +2.3719e+00 -1.0614e-01 -1.7519e+00 -1.1132e+00 -1.4289e+00 -6.3275e-01
1403 0 +2.320099783e+02 +3.082799783e+02 +3.082799783e+02 +3.2924e+00 +2.4808e+00 -1.8341e+00 -1.3204e+00 -3.6169e-02 +2.0758e+00 -2.3616e+00 -6.3505e-01 +1.0222e+00 +1.0406e+00 -2.3256e+00 +3.8201e-01 +2.6866e+00 -1.4209e+00 +2.3726e+00 -1.0431e-01 -1.7482e+00 -1.1158e+00 -1.4289e+00 -6.2538e-01
1404 0 +2.215648570e+02 +2.978348570e+02 +2.978348570e+02 +3.2799e+00 +2.4889e+00 -1.8175e+00 -1.3599e+00 -4.4969e-02 +2.0767e+00 -2.3335e+00 -6.5022e-01 +1.0548e+00 +1.0092e+00 -2.3654e+00 +3.9382e-01 +2.6857e+00 -1.4445e+00 +2.3797e+00 -8.7059e-02 -1.7131e+00 -1.1405e+00 -1.4286e+00 -5.5587e-01
1460 0 +2.156510770e+02 +2.919210770e+02 +2.919210770e+02 +3.2792e+00 +2.4894e+00 -1.8166e+00 -1.3621e+00 -4.5461e-02 +2.0423e+00 -2.3319e+00 -6.5107e-01 +1.0566e+00 +1.0075e+00 -2.3676e+00 +3.9448e-01 +2.6857e+00 -1.4458e+00 +2.3801e+00 -8.6095e-02 -1.7111e+00 -1.1418e+00 -1.4286e+00 -5.5198e-01
1711 0 +2.133004062e+02 +2.895704062e+02 +2.895704062e+02 +3.2937e+00 +2.4799e+00 -1.8358e+00 -1.3162e+00 -3.5236e-02 +2.0757e+00 -2.3646e+00 -6.3344e-01 +1.0187e+00 +1.0440e+00 -2.3214e+00 +3.8076e-01 +2.6867e+00 -1.4184e+00 +2.3719e+00 -1.0614e-01 -1.6931e+00 -1.1132e+00 -1.4289e+00 -6.3275e-01
% f evaluations | g evaluations | best noise-free fitness - Fopt (-2.255000000000e+01) + sum g_i+ | measured fitness | best measured fitness or single-digit g-values | x1 | x2...
1 0 +2.078207585e+06 +2.078185035e+06 +2.078185035e+06 +3.8155e+00 +2.4581e+00 +7.6726e-01 +2.9527e+00 -2.9658e+00 +1.6051e+00 -3.7134e+00 +1.5992e+00 +3.8159e-01 -3.2859e+00 +4.1658e+00 +2.1140e+00 -1.4194e+00 +3.3671e+00 -4.1511e+00 -4.3659e+00 +3.1294e+00 +9.7122e-01 -4.1899e+00 -4.7464e+00
3 0 +5.799410353e+03 +5.776860353e+03 +5.776860353e+03 +1.2331e+00 +1.6053e+00 -4.1520e+00 -4.4466e+00 -1.1417e+00 -1.4155e-01 +3.7533e+00 +5.4671e-02 -3.2986e+00 +3.7574e+00 -2.5815e+00 -6.4703e-01 +4.1074e-01 +1.7095e+00 +9.1253e-01 -2.6999e+00 +1.7235e+00 +7.6328e-01 +4.4763e+00 +1.1133e+00
105 0 +4.278102383e+03 +4.255552383e+03 +4.255552383e+03 +2.2571e+00 -9.1193e-01 -8.9349e-01 -2.5093e+00 -8.7302e-01 -1.6942e-01 +1.2550e+00 +3.0225e-01 -1.6028e+00 +2.1545e+00 -1.9711e+00 -3.4023e-01 -1.1377e+00 +1.9056e+00 -8.3086e-01 -1.7788e+00 +7.3611e-01 -1.2500e-01 +2.7337e+00 -3.2765e-01
106 0 +2.807360623e+03 +2.784810623e+03 +2.784810623e+03 +2.1490e+00 -4.8896e-01 -1.0806e+00 -3.2691e+00 -1.3230e+00 -9.8273e-01 +2.2103e+00 +7.3446e-01 -2.5259e+00 +1.9185e+00 -1.9272e+00 -4.5451e-01 -9.7978e-01 +2.3507e+00 -6.9732e-01 -1.6158e+00 +8.0819e-01 -7.3476e-01 +3.8318e+00 -5.8078e-02
161 0 +2.653006517e+03 +2.630456517e+03 +2.630456517e+03 +3.8656e+00 -4.4142e+00 +4.6758e+00 -1.0621e+00 -1.6630e+00 -2.5593e+00 -6.8147e-01 +9.9861e-01 -1.0777e+00 -1.5279e+00 -7.0085e-01 -9.3696e-02 -3.5859e+00 +3.5525e+00 -3.7145e+00 +4.1612e-01 -9.0733e-01 -1.7043e+00 +2.6240e+00 -2.2535e+00
208 0 +1.434816697e+03 +1.412266697e+03 +1.412266697e+03 +3.5807e+00 -3.7627e+00 +3.7204e+00 -1.4284e+00 -1.6066e+00 -2.2976e+00 -2.0153e-01 +8.9645e-01 -1.3180e+00 -9.5594e-01 -9.0438e-01 -1.5358e-01 -3.1534e+00 +3.3530e+00 -3.2138e+00 +7.8893e-02 -6.2261e-01 -1.4373e+00 +2.8244e+00 -1.8891e+00
252 0 +4.016243755e+02 +3.790743755e+02 +3.790743755e+02 +2.5363e+00 -1.3744e+00 +2.1794e-01 -2.7712e+00 -1.3997e+00 -1.3384e+00 +1.5580e+00 +5.2194e-01 -2.1992e+00 +1.1410e+00 -1.6505e+00 -3.7312e-01 -1.5677e+00 +2.6218e+00 -1.3780e+00 -1.1574e+00 +4.2119e-01 -4.5825e-01 +3.5593e+00 -5.5334e-01
253 0 +3.745507810e+02 +3.520007810e+02 +3.520007810e+02 +2.5625e+00 -1.4344e+00 +3.0584e-01 -2.7375e+00 -1.4049e+00 -1.3625e+00 +1.5138e+00 +5.3134e-01 -2.1771e+00 +1.0884e+00 -1.6318e+00 -3.6761e-01 -1.6075e+00 +2.6401e+00 -1.4240e+00 -1.1264e+00 +3.9499e-01 -4.8282e-01 +3.5409e+00 -5.8686e-01
302 0 +3.318087530e+02 +3.092587530e+02 +3.092587530e+02 +2.6004e+00 -1.5210e+00 +4.3287e-01 -2.6888e+00 -1.4124e+00 -1.3973e+00 +1.4500e+00 +5.4492e-01 -2.1451e+00 +1.0124e+00 -1.6048e+00 -3.5964e-01 -1.6650e+00 +2.6667e+00 -1.4906e+00 -1.0815e+00 +3.5713e-01 -5.1833e-01 +3.5142e+00 -6.3531e-01
456 0 +1.559937046e+02 +1.334437046e+02 +1.334437046e+02 +2.5263e+00 -1.3595e+00 +2.8591e-01 -2.8577e+00 -1.4461e+00 -1.1546e+00 +1.4355e+00 +3.8385e-01 -1.9681e+00 +1.1005e+00 -1.4363e+00 -4.4778e-01 -1.2907e+00 +2.4066e+00 -1.3561e+00 -1.0382e+00 +3.0698e-01 -6.2052e-01 +3.4156e+00 -4.7555e-01
513 0 +1.467175193e+02 +1.241675193e+02 +1.241675193e+02 +2.6004e+00 -1.5210e+00 +4.3287e-01 -2.6888e+00 -1.4124e+00 -1.3973e+00 +1.4500e+00 +5.4492e-01 -2.1451e+00 +1.0124e+00 -1.6048e+00 -3.5964e-01 -1.6650e+00 +2.6667e+00 -1.4906e+00 -1.0815e+00 +3.5713e-01 -1.5959e-01 +3.5142e+00 -6.3531e-01
559 0 +1.289164740e+02 +1.063664740e+02 +1.063664740e+02 +2.4868e+00 -1.2727e+00 +1.9918e-01 -2.9417e+00 -1.4600e+00 -1.0395e+00 +1.4392e+00 +3.0900e-01 -1.8935e+00 +1.1526e+00 -1.3647e+00 -4.8882e-01 -1.1126e+00 +2.2851e+00 -1.2846e+00 -1.0259e+00 +2.9045e-01 -6.6090e-01 +3.3753e+00 -3.9569e-01
606 0 +1.275766843e+02 +1.050266843e+02 +1.050266843e+02 +2.4718e+00 -1.2397e+00 +1.6618e-01 -2.9736e+00 -1.4654e+00 -9.9574e-01 +1.4406e+00 +2.8053e-01 -1.8650e+00 +1.1723e+00 -1.3375e+00 -5.0443e-01 -1.0448e+00 +2.2388e+00 -1.2575e+00 -1.0212e+00 +2.8416e-01 -6.7627e-01 +3.3600e+00 -3.6530e-01
761 0 +1.235068874e+02 +1.009568874e+02 +1.009568874e+02 +2.4101e+00 -1.1041e+00 +3.0604e-02 -3.0831e+00 -1.4872e+00 -8.1588e-01 +1.4465e+00 +1.6354e-01 -1.7483e+00 +1.2536e+00 -1.2255e+00 -5.6858e-01 -7.6644e-01 +2.0488e+00 -1.1458e+00 -1.0020e+00 +2.5831e-01 -7.3940e-01 +3.2972e+00 -2.4047e-01
1960 0 +1.221690282e+02 +9.961902820e+01 +9.961902820e+01 +2.4107e+00 -1.1053e+00 +3.1858e-02 -3.0821e+00 -1.4870e+00 -8.1754e-01 +1.4464e+00 +1.6462e-01 -1.7494e+00 +1.2529e+00 -1.2266e+00 -5.6798e-01 -4.2933e-01 +2.0505e+00 -1.1469e+00 -1.0021e+00 +2.5855e-01 -7.3881e-01 +3.2977e+00 -2.4163e-01
% f evaluations | g evaluations | best noise-free fitness - Fopt (1.366000000000e+01) + sum g_i+ | measured fitness | best measured fitness or single-digit g-values | x1 | x2...
1 0 +3.730101673e+05 +3.730238273e+05 +3.730238273e+05 +4.6525e+00 +4.1070e+00 -7.2340e-01 -1.6425e+00 +3.8552e+00 +9.5356e-01 -4.1162e+00 +3.8676e+00 +2.9839e-01 +4.0609e+00 +3.1102e+00 +2.6130e-01 -3.0933e-01 +2.7372e+00 -4.3088e+00 +2.7511e-01 -2.3318e+00 +3.7304e+00 -1.2352e+00 -6.5489e-01
2 0 +8.597168934e+04 +8.598534934e+04 +8.598534934e+04 +9.5851e-01 -3.8046e+00 -1.1157e+00 +9.1426e-01 +2.4574e+00 -1.8590e+00 +2.0177e+00 -1.0951e+00 +4.9654e+00 +1.3745e+00 +2.9030e+00 +1.4521e+00 -3.6896e+00 -2.4395e+00 -2.8301e+00 -4.3187e+00 -8.5052e-01 +4.0553e+00 +5.8191e-03 +2.8833e+00
4 0 +5.774471737e+03 +5.788131737e+03 +5.788131737e+03 +3.2525e+00 +6.5709e-01 -1.2000e+00 -3.0567e+00 +4.4497e+00 +5.0847e-01 +3.7706e+00 +7.5760e-01 +2.1688e+00 -1.6131e+00 +3.2122e+00 +1.6059e+00 +4.1894e+00 -3.8043e+00 +1.7750e+00 +1.3499e+00 +2.0911e+00 -4.3244e+00 -2.0951e+00 +1.6052e+00
103 0 +1.103650285e+03 +1.117310285e+03 +1.117310285e+03 +7.2636e-01 -2.2011e+00 +8.8247e-01 +3.1964e+00 +2.8810e+00 -9.9495e-02 +9.7844e-01 +1.4999e-01 +2.4113e+00 +8.8096e-01 +3.2306e+00 +1.4746e-01 -1.3359e+00 +2.1454e+00 +1.0706e+00 +2.8041e+00 -2.1727e+00 +8.3075e-01 +5.7141e-01 +9.9700e-01
253 0 +9.848558203e+02 +9.985158203e+02 +9.985158203e+02 +7.2636e-01 -2.2011e+00 +8.8247e-01 +3.1964e+00 +2.8810e+00 -9.9495e-02 +9.7844e-01 +1.4999e-01 +2.4113e+00 +8.5560e-01 +3.2306e+00 +1.4746e-01 -1.3359e+00 +2.1454e+00 +1.0706e+00 +2.8041e+00 -2.1727e+00 +8.3075e-01 +5.7141e-01 +9.9700e-01
259 0 +3.150533167e+02 +3.287133167e+02 +3.287133167e+02 +6.9791e-01 -2.2512e+00 +9.3497e-01 +3.2428e+00 +2.9030e+00 -1.2713e-01 +9.8430e-01 +9.5065e-02 +2.4035e+00 +8.4026e-01 +3.2191e+00 +1.9456e-01 -1.3894e+00 +2.0990e+00 +1.0665e+00 +2.7510e+00 -2.2313e+00 +8.7130e-01 +6.1079e-01 +9.9991e-01
407 0 +1.949472092e+02 +2.086072092e+02 +2.086072092e+02 +7.0400e-01 -2.2404e+00 +9.2373e-01 +3.2329e+00 +2.8983e+00 -1.2122e-01 +9.8305e-01 +1.0682e-01 +2.4051e+00 +7.9320e-01 +3.2216e+00 +1.8448e-01 -1.3779e+00 +2.1090e+00 +1.0674e+00 +2.7624e+00 -2.2187e+00 +8.6262e-01 +6.0236e-01 +9.9928e-01
458 0 +1.850049773e+02 +1.986649773e+02 +1.986649773e+02 +7.0539e-01 -2.2380e+00 +9.2116e-01 +3.2306e+00 +2.8973e+00 -1.1986e-01 +9.8276e-01 +1.0952e-01 +2.4055e+00 +7.8701e-01 +3.2222e+00 +1.8217e-01 -1.3753e+00 +2.1112e+00 +1.0676e+00 +2.7650e+00 -2.2159e+00 +8.6063e-01 +6.0043e-01 +9.9914e-01
609 0 +1.790794662e+02 +1.927394662e+02 +1.927394662e+02 +7.0519e-01 -2.2383e+00 +9.2153e-01 +3.2310e+00 +2.8974e+00 -1.2006e-01 +9.8280e-01 +1.0913e-01 +2.4055e+00 +7.8078e-01 +3.2221e+00 +1.8250e-01 -1.3757e+00 +2.1109e+00 +1.0676e+00 +2.7646e+00 -2.2163e+00 +8.6092e-01 +6.0071e-01 +9.9916e-01
708 0 +1.756586839e+02 +1.893186839e+02 +1.893186839e+02 +7.2177e-01 -2.2466e+00 +8.6147e-01 +3.1614e+00 +2.8726e+00 -1.4543e-01 +1.0121e+00 +1.0394e-01 +2.4645e+00 +7.4728e-01 +3.2081e+00 +2.0206e-01 -1.3939e+00 +2.0339e+00 +9.8319e-01 +2.6236e+00 -2.1674e+00 +8.9896e-01 +5.8543e-01 +1.0148e+00
1414 0 +1.728638933e+02 +1.865238933e+02 +1.865238933e+02 +7.1011e-01 -2.2384e+00 +9.0559e-01 +3.2130e+00 +2.8908e+00 -1.2493e-01 +9.8941e-01 +1.0998e-01 +2.4195e+00 +7.6339e-01 +3.2193e+00 +1.8529e-01 -1.3779e+00 +1.0403e+00 +1.0481e+00 +2.7338e+00 -2.2027e+00 +8.6825e-01 +5.9568e-01 +5.9530e-01
% f evaluations | g evaluations | best noise-free fitness - Fopt (9.378400000000e+02) + sum g_i+ | measured fitness | best measured fitness or single-digit g-values | x1 | x2...
1 0 +3.387397839e+04 +3.481181839e+04 +3.481181839e+04 -2.1154e+00 +2.0795e+00 -1.0851e-01 -4.6974e-01 -2.4203e+00 +2.2218e-01 +3.4943e+00 +2.1834e+00 -1.2576e+00 +3.5967e-02 +3.7460e+00 -2.8639e+00 +4.9551e+00 -4.9303e+00 +2.9384e+00 +4.2531e+00 -2.1820e+00 -2.4423e-01 +4.7738e+00 +4.0500e+00
25 0 +5.749342075e+03 +6.687182075e+03 +6.687182075e+03 -2.9338e+00 -3.6494e+00 -2.5929e-01 -4.9572e+00 +3.9564e+00 -2.4090e-01 +9.5782e-01 -1.8883e+00 +4.0242e+00 +2.0599e+00 -3.0695e+00 +3.8618e+00 -4.5513e+00 +2.2395e+00 -4.7202e+00 -4.6856e+00 +2.1135e+00 -2.7120e+00 +2.9584e+00 +3.1482e+00
46 0 +1.325699504e+03 +2.263539504e+03 +2.263539504e+03 -8.1106e-01 +4.7049e-01 -4.9839e+00 +1.6414e+00 +3.8202e+00 +8.6044e-01 +3.2816e-01 -8.1087e-01 -4.7960e+00 -4.3397e+00 +7.6518e-02 -4.6810e+00 +6.4284e-01 +3.7003e+00 +2.5166e+00 -4.0962e+00 +2.4013e+00 -4.3892e+00 -2.0533e+00 -2.3484e+00
59 0 +3.770037780e+02 +1.314843778e+03 +1.314843778e+03 -2.2957e+00 -3.1985e+00 +4.2739e-01 -4.0351e+00 +3.4409e+00 -6.0735e-01 +8.5177e-01 -1.6828e+00 +3.1431e+00 +2.3553e+00 -3.2779e+00 +3.1894e+00 -3.9774e+00 +2.5814e+00 -4.4132e+00 -3.8495e+00 +1.3803e+00 -2.0259e+00 +2.7617e+00 +2.6225e+00
104 0 +2.642912684e+02 +1.202131268e+03 +1.202131268e+03 -2.7544e+00 -3.5227e+00 -6.6232e-02 -4.6980e+00 +3.8115e+00 -3.4393e-01 +9.2800e-01 -1.8306e+00 +3.7765e+00 +2.1429e+00 -3.1281e+00 +3.6728e+00 -4.3900e+00 +2.0761e+00 -4.6339e+00 -4.4506e+00 +1.9074e+00 -2.5192e+00 +2.9031e+00 +3.0004e+00
105 0 +2.559100848e+02 +1.193750085e+03 +1.193750085e+03 -2.4751e+00 -3.3253e+00 +2.3434e-01 -4.2943e+00 +3.5858e+00 -5.0432e-01 +8.8158e-01 -1.7406e+00 +3.3908e+00 +2.2723e+00 -3.2193e+00 +3.3784e+00 -4.1388e+00 +2.3838e+00 -4.4995e+00 -4.0846e+00 +1.5864e+00 -2.2188e+00 +2.8170e+00 +2.7703e+00
155 0 +1.834024892e+02 +1.121242489e+03 +1.121242489e+03 -1.3756e+00 -3.3811e+00 +1.4484e+00 -2.9631e+00 +3.0146e+00 -1.1960e+00 +5.6596e-01 -1.0303e+00 +9.4820e-01 -5.0260e-01 -2.5164e+00 +8.9987e-01 -9.3143e-01 +6.0935e-01 -1.9914e+00 -1.5999e+00 -4.1229e-01 -2.4939e+00 -5.6396e-01 +2.7336e+00
303 0 +1.640570698e+02 +1.101897070e+03 +1.101897070e+03 -1.5411e+00 -3.3483e+00 +1.2647e+00 -3.1560e+00 +3.0913e+00 -1.0901e+00 +6.1737e-01 -1.1477e+00 +1.3430e+00 +1.1498e-02 -2.6534e+00 +1.3117e+00 -1.4794e+00 +9.6410e-01 -2.4270e+00 -2.0046e+00 -8.9833e-02 -2.4097e+00 +3.4276e-02 +2.7136e+00
% f evaluations | g evaluations | best noise-free fitness - Fopt (-7.872000000000e+01) + sum g_i+ | measured fitness | best measured fitness or single-digit g-values | x1 | x2...
1 0 +2.008118920e+06 +2.008040200e+06 +2.008040200e+06 -1.5182e+00 +2.4932e+00 -1.7911e+00 -4.7867e+00 -6.7742e-01 -4.9477e+00 +3.1149e+00 +3.1839e+00 -3.0033e+00 +2.1955e+00 +1.9216e+00 -3.5409e+00 -3.5743e+00 -8.0156e-01 +1.4751e+00 -4.1636e+00 -4.7843e+00 +1.6606e+00 -4.2281e+00 -7.9434e-02
3 0 +1.106690004e+06 +1.106611284e+06 +1.106611284e+06 +3.8145e+00 -3.7926e+00 -3.5937e+00 +8.5651e-01 -7.3977e-01 -3.5166e+00 -3.0856e+00 -4.7739e+00 +8.1790e-01 +3.0203e+00 -2.6868e+00 +4.8136e+00 -2.5077e-02 -4.9089e-01 +3.5296e+00 +4.6085e+00 +3.1660e+00 -2.4586e+00 -4.0179e+00 +3.2248e+00
6 0 +1.025734263e+06 +1.025655543e+06 +1.025655543e+06 +3.8605e+00 -3.6972e+00 -1.6799e+00 +1.2875e-01 +4.0067e+00 +3.4453e+00 -2.4273e-01 +9.5193e-01 +1.6350e+00 +4.7233e+00 -3.8934e+00 +1.8800e+00 +2.4683e+00 -1.1608e+00 -3.9902e+00 +3.6199e+00 -3.9683e+00 -1.7820e+00 +3.8155e+00 -2.9910e+00
8 0 +3.970513628e+05 +3.969726428e+05 +3.969726428e+05 +4.7334e+00 -4.4096e+00 -8.1905e-01 +3.8318e+00 +2.3765e+00 -4.6636e+00 +2.9453e+00 +4.0977e+00 -7.8717e-01 -3.5236e+00 -2.3947e+00 +1.0303e+00 +3.4569e+00 -2.1372e+00 -2.3449e+00 +3.2604e+00 +8.0744e-01 -1.6273e-02 +4.8938e+00 -2.3096e+00
21 0 +3.869578550e+05 +3.868791350e+05 +3.868791350e+05 +4.4910e+00 +1.3112e+00 -1.2579e+00 -2.8075e+00 +1.5333e+00 +2.8148e+00 +2.3975e+00 -2.9023e+00 -2.1031e+00 +1.1514e+00 -2.6455e+00 -2.5663e+00 +1.6726e+00 +3.6653e+00 +4.9895e+00 -9.3752e-02 +1.8502e+00 +1.3103e+00 +3.9882e+00 -2.5104e+00
33 0 +1.211951036e+05 +1.211163836e+05 +1.211163836e+05 +3.3634e+00 +1.2476e+00 +3.8896e+00 +2.8051e+00 -9.1626e-02 -2.1396e+00 +3.1591e+00 +2.5424e+00 -4.3047e+00 -2.4291e+00 -1.2508e+00 +1.8201e+00 +4.1579e+00 +7.3697e-01 -4.8659e+00 +2.9297e+00 +1.5176e+00 +3.4899e+00 -3.2002e+00 +4.3444e+00
52 0 +3.234195361e+04 +3.226323361e+04 +3.226323361e+04 +1.4595e+00 +2.0078e+00 +1.9125e+00 -2.6457e+00 -4.7624e+00 -4.0448e+00 -2.5670e-01 +1.5406e-01 -1.2807e-01 -2.7452e+00 -3.5980e+00 -2.5684e+00 -3.4669e+00 -2.1388e+00 -1.6954e+00 -4.1259e+00 -1.5125e+00 +2.0334e+00 -3.5276e+00 -2.1746e+00
59 0 +1.427556153e+02 +6.403561534e+01 +6.403561534e+01 +2.8025e+00 -3.3878e+00 +1.4937e+00 +3.7002e+00 -1.7110e+00 -3.0061e+00 +3.6970e+00 +1.7517e+00 +4.3834e-01 +9.5393e-01 -2.4331e+00 +2.0675e+00 -1.1557e+00 -1.6277e+00 -2.7504e+00 +7.4093e-01 -8.8192e-01 +1.4330e+00 +9.5282e-01 +5.8511e-01
157 0 +1.365769444e+02 +5.785694438e+01 +5.785694438e+01 +2.9375e+00 -2.5240e+00 +1.6764e+00 +3.5324e+00 -1.3431e+00 -2.8665e+00 +3.5838e+00 +1.9365e+00 -4.7924e-01 +2.4585e-01 -2.2084e+00 +2.0051e+00 -7.9524e-02 -1.1869e+00 -3.1455e+00 +1.1934e+00 -4.0180e-01 +1.8014e+00 +2.2398e-01 +1.2549e+00
207 0 +1.095662008e+02 +3.084620084e+01 +3.084620084e+01 +2.8071e+00 -3.3494e+00 +1.5135e+00 +3.6928e+00 -1.6976e+00 -2.9989e+00 +3.6926e+00 +1.7583e+00 +3.9913e-01 +9.2596e-01 -2.4233e+00 +2.0654e+00 -1.1118e+00 -1.6082e+00 -2.7679e+00 +7.5902e-01 -8.6209e-01 +1.4500e+00 +9.1849e-01 +6.1619e-01
262 0 +7.395424774e+01 -4.765752264e+00 -4.765752264e+00 +2.8025e+00 -3.3878e+00 +1.4937e+00 +3.7002e+00 -1.7110e+00 -3.0061e+00 +3.6970e+00 +1.7517e+00 +4.3834e-01 +9.5393e-01 -2.4331e+00 +2.0675e+00 -1.1557e+00 -1.6277e+00 -2.7504e+00 +7.4093e-01 -8.8192e-01 +1.4330e+00 +8.4610e-01 +5.8511e-01
% f evaluations | g evaluations | best noise-free fitness - Fopt (-4.151000000000e+01) + sum g_i+ | measured fitness | best measured fitness or single-digit g-values | x1 | x2...
1 0 +3.144209663e+07 +3.144205512e+07 +3.144205512e+07 -2.0329e+00 -1.1660e+00 +4.8515e+00 -1.1436e+00 -3.4305e+00 -4.0742e+00 -3.2410e+00 -2.6306e+00 +3.9502e+00 +3.3095e+00 +6.8077e-01 -4.9428e+00 +2.0243e+00 +3.8384e+00 +3.6244e+00 +3.4645e+00 -2.4879e+00 +3.0116e+00 +3.7660e+00 -4.8447e+00
2 0 +1.981951754e+06 +1.981910244e+06 +1.981910244e+06 -3.8043e+00 -1.9357e-01 -4.3956e+00 +6.8776e-01 +1.4339e+00 +2.7974e+00 -3.4487e+00 -2.2492e+00 +1.2029e+00 +4.3399e+00 +1.3646e+00 +1.1313e+00 -5.6515e-01 -4.9222e+00 +8.5596e-01 -4.8391e+00 -1.5619e+00 +4.5896e+00 -2.9415e+00 +3.6742e+00
4 0 +1.099668402e+06 +1.099626892e+06 +1.099626892e+06 +2.5950e+00 -3.8487e+00 -7.1025e-01 -2.7592e+00 -3.8664e+00 -3.2559e+00 -1.8325e+00 -4.6943e-01 -1.5608e+00 -3.2342e-01 +3.9558e+00 +1.7931e+00 -2.5546e+00 +4.2570e+00 -2.0101e+00 +2.5180e+00 +7.9481e-01 +4.0096e+00 -4.1986e+00 +3.9148e+00
7 0 +9.612332783e+04 +9.608181783e+04 +9.608181783e+04 +3.1854e+00 -2.5637e+00 -7.0405e-01 +3.6479e-01 -4.6646e+00 +4.5623e+00 -2.3693e+00 -2.6271e+00 +1.5847e+00 +3.2365e+00 -5.9081e-01 +3.6072e+00 +3.6297e-01 +8.6883e-01 -2.2519e+00 +5.7453e-02 -4.7919e+00 -3.0300e+00 +3.0787e+00 +2.3451e+00
34 0 +3.566829530e+03 +3.525319530e+03 +3.525319530e+03 +2.5955e+00 +2.6737e+00 +3.9283e+00 -4.1587e+00 -4.2617e+00 +4.7340e+00 +2.0305e+00 +2.8512e+00 -2.5469e-01 +3.7502e+00 -3.8655e+00 -3.9827e+00 -4.0093e+00 +4.9146e+00 +3.5074e+00 +2.1325e+00 +2.5746e+00 -2.5964e+00 -2.4715e+00 +6.7839e-01
363 0 +3.533361550e+03 +3.491851550e+03 +3.491851550e+03 +2.5955e+00 +2.6587e+00 +3.9283e+00 -4.1587e+00 -4.2617e+00 +4.7340e+00 +2.0305e+00 +2.8512e+00 -2.5469e-01 +3.7502e+00 -3.8655e+00 -3.9827e+00 -4.0093e+00 +4.9146e+00 +3.5074e+00 +2.1325e+00 +2.5746e+00 -2.5964e+00 -2.4715e+00 +6.7839e-01
504 0 +3.446503450e+02 +3.031403450e+02 +3.031403450e+02 +2.5997e+00 +2.4430e+00 +3.4544e+00 -3.2778e+00 -4.0476e+00 +4.0564e+00 +1.8277e+00 +2.6022e+00 -1.8218e-01 +3.7088e+00 -3.4089e+00 -3.2842e+00 -3.2752e+00 +3.8820e+00 +2.8246e+00 +1.1061e+00 +2.2850e+00 -2.2464e+00 -2.3821e+00 +7.3353e-01
655 0 +2.012662560e+02 +1.597562560e+02 +1.597562560e+02 +2.5549e+00 +1.7927e+00 +3.1655e+00 -1.8031e+00 -4.2230e+00 +2.8592e+00 +1.3433e+00 +2.2642e+00 +3.7236e-01 +3.8302e+00 -2.8592e+00 -2.3545e+00 -1.8406e+00 +2.0418e+00 +1.8502e+00 -1.8716e-01 +2.0228e+00 -1.1518e+00 -1.8436e+00 +1.1621e+00
% f evaluations | g evaluations | best noise-free fitness - Fopt (1.320700000000e+02) + sum g_i+ | measured fitness | best measured fitness or single-digit g-values | x1 | x2...
1 0 +1.577413812e+07 +1.577427019e+07 +1.577427019e+07 -1.6884e+00 +3.3542e-01 +2.3973e+00 +1.3149e-01 +8.8552e-01 -4.2835e+00 -4.0111e+00 -3.9399e+00 -3.4385e+00 -1.5668e+00 +1.4770e+00 +2.9047e+00 +2.8824e+00 +3.7929e+00 -1.8886e+00 -4.3912e+00 -1.7969e-01 +4.3866e+00 -2.4962e+00 +4.1855e+00
2 0 +4.012274943e+04 +4.025481943e+04 +4.025481943e+04 +3.1994e+00 +3.7802e+00 +3.3160e+00 -6.9424e-01 -1.6466e-01 -2.1362e+00 +1.5479e+00 +4.0923e+00 -8.5969e-01 +4.5670e+00 -4.3282e+00 -2.7730e+00 -3.6079e+00 +3.6295e+00 -4.4223e+00 +4.2965e+00 +2.6652e+00 +3.7547e+00 -1.3030e+00 +7.1232e-01
14 0 +3.611904179e+03 +3.743974179e+03 +3.743974179e+03 +3.5950e+00 +2.5551e+00 +2.0505e+00 -9.0852e-02 -2.0394e+00 -2.4806e+00 -9.3267e-01 -1.2180e+00 +2.5700e+00 +4.4740e+00 -4.8135e+00 +2.6132e+00 -6.2109e-01 -3.6867e+00 +4.3133e+00 -4.2535e+00 -4.5846e+00 +3.8837e+00 +2.6302e+00 +3.8607e+00
159 0 +2.021463977e+02 +3.342163977e+02 +3.342163977e+02 +3.5021e+00 +2.8429e+00 +2.3478e+00 -2.3261e-01 -1.5989e+00 -2.3997e+00 -3.4989e-01 +2.9604e-02 +1.7643e+00 +4.4959e+00 -4.6994e+00 +1.3478e+00 -1.3228e+00 -1.9678e+00 +2.2609e+00 -2.2448e+00 -2.8814e+00 +3.8534e+00 +1.7061e+00 +3.1210e+00
253 0 +1.790980486e+02 +3.111680486e+02 +3.111680486e+02 +3.4840e+00 +2.8441e+00 +2.3460e+00 -2.1911e-01 -1.5945e+00 -2.3605e+00 -3.4463e-01 +2.6882e-02 +1.7655e+00 +4.4881e+00 -4.6801e+00 +1.3390e+00 -1.3311e+00 -1.9571e+00 +2.2263e+00 -2.2361e+00 -2.8736e+00 +3.8312e+00 +1.6888e+00 +3.1006e+00
306 0 +1.750408663e+02 +3.071108663e+02 +3.071108663e+02 +3.4938e+00 +2.8435e+00 +2.3470e+00 -2.2644e-01 -1.5969e+00 -2.3818e+00 -3.4749e-01 +2.8361e-02 +1.7648e+00 +4.4923e+00 -4.6906e+00 +1.3438e+00 -1.3266e+00 -1.9629e+00 +2.2451e+00 -2.2408e+00 -2.8778e+00 +3.8433e+00 +1.6982e+00 +3.1117e+00
307 0 +1.733614330e+02 +3.054314330e+02 +3.054314330e+02 +3.4923e+00 +2.8436e+00 +2.3468e+00 -2.2527e-01 -1.5965e+00 -2.3784e+00 -3.4703e-01 +2.8125e-02 +1.7649e+00 +4.4916e+00 -4.6889e+00 +1.3430e+00 -1.3273e+00 -1.9620e+00 +2.2421e+00 -2.2400e+00 -2.8772e+00 +3.8413e+00 +1.6967e+00 +3.1099e+00
% f evaluations | g evaluations | best noise-free fitness - Fopt (9.725000000000e+01) + sum g_i+ | measured fitness | best measured fitness or single-digit g-values | x1 | x2...
1 0 +6.559704933e+07 +6.559714658e+07 +6.559714658e+07 -4.7008e+00 -3.0350e+00 +3.9709e+00 -1.9371e+00 -2.2575e+00 +4.3784e+00 -3.2663e+00 +2.0323e+00 +3.2595e+00 +9.8798e-01 +4.6565e-01 +2.3423e+00 +1.6475e-01 +2.4457e+00 +5.3404e-01 +3.8505e+00 +9.5156e-02 -4.8690e+00 +4.4209e+00 +1.2752e+00
2 0 +1.308922414e+07 +1.308932139e+07 +1.308932139e+07 +2.9384e+00 -7.4950e-01 -4.9553e+00 +1.2475e+00 -5.5937e-01 +4.0766e+00 +3.3499e+00 +1.8757e+00 +4.1119e+00 +3.9897e+00 +8.2892e-01 -4.3615e+00 +3.8651e+00 +3.0587e+00 -1.3257e+00 -1.3969e+00 -4.6563e+00 -4.9780e+00 +1.0807e+00 -3.1498e+00
3 0 +3.322776409e+06 +3.322873659e+06 +3.322873659e+06 +4.2007e+00 +4.8738e+00 -2.6930e+00 +4.1606e+00 -1.1054e-01 -1.5191e+00 -2.8977e+00 +3.3382e+00 -3.1966e+00 +4.2008e+00 -3.2446e+00 -3.2386e+00 -1.1892e-01 -4.2664e+00 +1.2370e+00 -1.2863e+00 +6.4133e-01 +2.7053e+00 -1.5165e+00 -1.9410e+00
9 0 +2.527533034e+04 +2.537258034e+04 +2.537258034e+04 +2.5265e+00 +3.8809e+00 -3.3932e+00 -1.3886e+00 -4.6655e+00 +2.3334e-01 +9.7360e-01 -1.3754e+00 +2.1445e+00 +1.9277e-01 +3.2821e+00 +2.0904e+00 -3.1969e+00 -3.8770e-01 +9.6729e-01 +3.3151e+00 +4.5188e+00 -7.3518e-01 -4.5502e+00 -2.9076e+00
52 0 +1.092654444e+04 +1.102379444e+04 +1.102379444e+04 -2.0063e+00 -1.5043e+00 +3.6593e+00 +3.0481e-01 +2.4052e+00 -8.4620e-01 +2.9263e+00 -3.9002e+00 -1.5382e+00 +2.8495e+00 +3.3738e+00 -2.2710e+00 -6.7803e-02 -4.1279e+00 -1.5815e+00 +1.7021e+00 -3.2476e-01 +1.3468e+00 -1.4768e+00 -4.3025e+00
56 0 +3.270813831e+02 +4.243313831e+02 +4.243313831e+02 -1.9858e-01 +3.7455e+00 +1.5334e+00 -2.5785e-01 +1.9103e+00 +2.9530e+00 -2.7093e+00 +9.5863e-01 +1.9167e+00 +3.4895e+00 +1.7683e+00 -2.4857e+00 +1.7957e+00 -1.6915e+00 +4.7758e-02 -5.5421e-01 -1.3285e+00 +3.0814e+00 -3.8919e+00 -1.9190e+00
259 0 +2.268518752e+02 +3.241018752e+02 +3.241018752e+02 -2.1123e-01 +3.6939e+00 +1.5456e+00 -2.4412e-01 +1.9016e+00 +2.9322e+00 -2.6737e+00 +9.3016e-01 +1.8989e+00 +3.4884e+00 +1.7795e+00 -2.4867e+00 +1.7695e+00 -1.6965e+00 +2.9753e-02 -5.3482e-01 -1.3215e+00 +3.0597e+00 -3.8743e+00 -1.9284e+00
503 0 +2.184596238e+02 +3.157096238e+02 +3.157096238e+02 -2.4669e-01 +3.6128e+00 +1.5695e+00 -2.8169e-01 +1.8316e+00 +2.8763e+00 -2.6056e+00 +8.4370e-01 +1.9172e+00 +3.3986e+00 +1.7418e+00 -2.5055e+00 +1.7646e+00 -1.6936e+00 -5.3609e-02 -4.5463e-01 -1.3326e+00 +3.0169e+00 -3.8656e+00 -1.9507e+00
% f evaluations | g evaluations | best noise-free fitness - Fopt (-2.033000000000e+01) + sum g_i+ | measured fitness | best measured fitness or single-digit g-values | x1 | x2...
1 0 +2.886046014e+06 +2.886025684e+06 +2.886025684e+06 -1.2816e+00 +2.8790e+00 -1.2803e+00 -2.2506e+00 -4.9936e-01 -2.4468e+00 +2.8432e+00 -1.1922e+00 -4.1420e+00 -2.4705e+00 +6.3554e-01 -2.4479e+00 -2.0849e+00 -3.4979e+00 -4.4408e+00 -4.3165e+00 -3.5651e+00 +4.8370e+00 +3.7444e-01 +2.4031e+00
13 0 +1.479446010e+04 +1.477413010e+04 +1.477413010e+04 +3.3082e+00 +4.9843e+00 -4.5030e+00 -4.5516e-01 -3.7331e+00 +2.8971e+00 +2.9515e+00 +2.5291e+00 +3.7118e+00 +5.2128e-01 +2.9132e+00 -1.6667e+00 -2.0218e+00 -1.3557e-01 +2.0533e+00 -4.8695e+00 +3.0826e+00 -1.9197e+00 -1.3412e+00 -2.6240e+00
108 0 +3.357353584e+03 +3.337023584e+03 +3.337023584e+03 +2.6534e+00 +4.2949e+00 -3.0910e+00 -5.8484e-01 -3.8061e+00 +1.7177e+00 +2.1814e+00 +2.9377e+00 +3.7666e+00 -1.6105e-01 +2.9136e+00 -2.2738e+00 -1.3971e+00 +7.0877e-01 +2.5533e+00 -4.5461e+00 +2.7954e+00 -8.6530e-01 -7.2992e-01 -1.3263e+00
153 0 +3.226994996e+02 +3.023694996e+02 +3.023694996e+02 +3.1514e+00 +4.8866e+00 -4.1653e+00 -7.6663e-01 -3.3803e+00 +2.5364e+00 +2.3604e+00 +2.5371e+00 +3.7703e+00 +1.9449e-01 +2.6393e+00 -1.2747e+00 -2.2541e+00 -1.9983e-01 +2.0049e+00 -4.5944e+00 +2.4835e+00 -1.8568e+00 -8.3167e-01 -2.7274e+00
403 0 +3.044080408e+02 +2.840780408e+02 +2.840780408e+02 +3.0151e+00 +4.5646e+00 -3.9505e+00 -7.4302e-01 -3.4734e+00 +2.4338e+00 +2.0714e+00 +2.1614e+00 +3.4402e+00 +2.6234e-01 +2.6500e+00 -1.2981e+00 -1.8862e+00 +7.8886e-02 +2.0887e+00 -4.6074e+00 +2.4001e+00 -1.6313e+00 -9.6407e-01 -2.7173e+00
408 0 +2.573637215e+02 +2.370337215e+02 +2.370337215e+02 +2.0516e+00 +2.4570e+00 -2.3476e+00 -5.3245e-01 -4.1772e+00 +1.5830e+00 +3.0973e-01 +3.3190e-02 +1.4585e+00 +5.7361e-01 +2.8098e+00 -1.7622e+00 +5.9138e-01 +2.0309e+00 +2.7610e+00 -4.6821e+00 +1.9809e+00 +2.1651e-02 -1.7479e+00 -2.2222e+00
409 0 +2.334099119e+02 +2.130799119e+02 +2.130799119e+02 +2.0640e+00 +2.4979e+00 -2.3612e+00 -5.3155e-01 -4.1720e+00 +1.5836e+00 +3.5542e-01 +1.0381e-01 +1.5129e+00 +5.5577e-01 +2.8147e+00 -1.7808e+00 +5.4957e-01 +2.0044e+00 +2.7590e+00 -4.6798e+00 +2.0002e+00 +5.3699e-03 -1.7254e+00 -2.1936e+00
611 0 +2.276862664e+02 +2.073562664e+02 +2.073562664e+02 +2.1074e+00 +2.5838e+00 -2.4380e+00 -5.4340e-01 -4.1378e+00 +1.6287e+00 +4.1970e-01 +1.7136e-01 +1.5833e+00 +3.5674e-01 +2.8029e+00 -1.7438e+00 +4.4447e-01 +1.9174e+00 +2.7244e+00 -4.6773e+00 +2.0100e+00 -7.2352e-02 -1.6982e+00 -2.2388e+00
% f evaluations | g evaluations | best noise-free fitness - Fopt (9.431000000000e+01) + sum g_i+ | measured fitness | best measured fitness or single-digit g-values | x1 | x2...
1 0 +7.860969078e+04 +7.870400078e+04 +7.870400078e+04 +2.6544e+00 +2.0774e+00 -3.5956e+00 -2.9008e+00 +2.4706e+00 +1.0191e+00 +1.1201e+00 +4.8229e+00 -4.1059e+00 -2.6202e+00 -4.4951e+00 -4.0029e+00 -3.8316e+00 +1.0558e+00 -2.7989e+00 -2.3181e+00 +1.5069e+00 +4.4058e+00 +3.9604e+00 -2.6815e+00
6 0 +3.733083368e+04 +3.742514368e+04 +3.742514368e+04 +2.1274e-01 -7.5221e-01 -2.1644e+00 +4.8144e+00 -4.7467e+00 -1.8945e+00 -2.5629e+00 -4.6508e+00 +3.9596e+00 -4.3202e+00 +3.4676e+00 +4.4498e+00 +1.6783e-01 +2.3199e-02 -3.5512e+00 -3.8504e+00 -5.8114e-01 +2.3836e+00 -3.0330e+00 +4.1672e-01
12 0 +4.050726056e+03 +4.145036056e+03 +4.145036056e+03 -2.9181e+00 -4.6335e+00 +4.0082e+00 -8.9115e-01 +1.9290e+00 +2.9365e+00 +4.0021e+00 +7.5211e-01 -2.9693e+00 +3.4817e+00 -1.5762e+00 +3.8748e+00 +1.8172e+00 +1.0294e+00 +4.0974e+00 +1.5934e+00 +2.6200e-01 +7.2610e-01 +5.0995e-01 -2.2083e+00
56 0 +6.540127889e+02 +7.483227889e+02 +7.483227889e+02 +5.9872e-02 +2.5149e+00 -2.0476e-01 -7.2929e-02 +2.4011e+00 -1.0144e+00 +2.7948e+00 +1.5631e+00 -4.5354e-01 +2.8686e-01 -3.0791e+00 -3.4615e+00 -3.0867e-01 -1.6308e+00 -7.2320e-01 -5.7206e-01 -2.6932e-01 +3.1978e+00 +1.6579e-01 -2.7028e+00
57 0 +3.145579976e+02 +4.088679976e+02 +4.088679976e+02 -2.7951e-01 +2.5721e+00 +2.3878e-01 +2.9697e-01 +2.3920e+00 -1.2804e+00 +3.0139e+00 +1.1367e+00 +2.4208e-02 +6.6712e-01 -2.8939e+00 -3.3907e+00 +1.5215e-01 -1.9823e+00 -4.5169e-01 -3.4367e-01 -5.0166e-01 +3.0397e+00 -3.3055e-01 -2.7056e+00
212 0 +2.482257696e+02 +3.425357696e+02 +3.425357696e+02 -5.0809e-02 +2.5721e+00 +2.3878e-01 +2.9697e-01 +2.3920e+00 -1.2804e+00 +3.0139e+00 +1.1367e+00 +2.4208e-02 +6.6712e-01 -2.8939e+00 -3.3907e+00 +1.5215e-01 -1.9823e+00 -4.5169e-01 -3.4367e-01 -5.0166e-01 +3.0397e+00 -3.3055e-01 -2.7056e+00
258 0 +1.828018742e+02 +2.771118742e+02 +2.771118742e+02 -1.8080e-01 +2.5721e+00 +2.3878e-01 +2.9697e-01 +2.3920e+00 -1.2804e+00 +3.0139e+00 +1.1367e+00 +2.4208e-02 +6.6712e-01 -2.8939e+00 -3.3907e+00 +1.5215e-01 -1.9823e+00 -4.5169e-01 -3.4367e-01 -5.0166e-01 +3.0397e+00 -3.3055e-01 -2.7056e+00
259 0 +1.762792608e+02 +2.705892608e+02 +2.705892608e+02 -1.4952e-01 +2.5721e+00 +2.3878e-01 +2.9697e-01 +2.3920e+00 -1.2804e+00 +3.0139e+00 +1.1367e+00 +2.4208e-02 +6.6712e-01 -2.8939e+00 -3.3907e+00 +1.5215e-01 -1.9823e+00 -4.5169e-01 -3.4367e-01 -5.0166e-01 +3.0397e+00 -3.3055e-01 -2.7056e+00
410 0 +1.440265291e+02 +2.383365291e+02 +2.383365291e+02 -1.0862e-01 +2.6309e+00 +1.3593e+00 +1.2865e+00 +1.1659e+00 -9.0667e-01 +9.1437e-01 +9.2069e-01 -5.6785e-01 +9.8672e-01 -8.8033e-01 -3.0538e+00 +6.7931e-01 -1.5111e+00 -4.5516e-01 +6.8939e-01 +4.2032e-01 +2.5055e+00 +8.4979e-01 -1.8249e+00
558 0 +1.391234237e+02 +2.334334237e+02 +2.334334237e+02 -4.8760e-01 +1.6893e+00 +1.4692e+00 +8.0609e-01 +1.5022e+00 -4.8148e-01 +1.7129e+00 +9.3051e-01 -7.7186e-01 +1.2344e+00 -1.3661e+00 -2.2354e+00 +7.1048e-01 -1.2690e+00 +1.2093e-01 +6.0153e-01 +2.2705e-01 +2.3857e+00 +5.8877e-01 -2.0454e+00
602 0 +1.367652705e+02 +2.310752705e+02 +2.310752705e+02 -1.5849e-01 +2.5070e+00 +1.3738e+00 +1.2233e+00 +1.2101e+00 -8.5072e-01 +1.0195e+00 +9.2198e-01 -5.9469e-01 +1.0193e+00 -9.4425e-01 -2.9461e+00 +6.8341e-01 -1.4792e+00 -3.7935e-01 +6.7782e-01 +3.9488e-01 +2.4897e+00 +8.1544e-01 -1.8539e+00
752 0 +1.330891290e+02 +2.273991290e+02 +2.273991290e+02 -3.6329e-01 +1.9982e+00 +1.4332e+00 +9.6366e-01 +1.3919e+00 -6.2095e-01 +1.4510e+00 +9.2729e-01 -7.0495e-01 +1.1531e+00 -1.2068e+00 -2.5038e+00 +7.0026e-01 -1.3484e+00 -6.8036e-02 +6.3035e-01 +2.9045e-01 +2.4250e+00 +6.7438e-01 -1.9731e+00
% f evaluations | g evaluations | best noise-free fitness - Fopt (-1.436900000000e+02) + sum g_i+ | measured fitness | best measured fitness or single-digit g-values | x1 | x2...
1 0 +8.409560117e+04 +8.395191117e+04 +8.395191117e+04 -6.0915e-01 +1.1685e+00 -3.6128e+00 +4.7188e+00 -7.8531e-01 -1.9176e+00 -2.5929e+00 -1.4430e+00 -3.8642e+00 +3.1443e+00 +9.9410e-01 +2.6599e+00 +4.2883e+00 -1.3347e+00 +2.0950e+00 -2.0174e+00 +1.8994e+00 +3.2483e+00 -3.5108e+00 +9.2460e-02
14 0 +3.161658142e+04 +3.147289142e+04 +3.147289142e+04 -2.2453e+00 +1.9761e-01 +3.2676e+00 -2.1055e+00 +1.3283e-01 -3.2557e+00 -4.3906e+00 -3.4699e+00 -3.1076e+00 -4.6466e+00 +1.4659e+00 +1.2161e+00 -4.7344e-01 +2.2835e+00 -9.3096e-01 -3.8097e+00 +3.6303e+00 +2.4392e+00 -2.4587e-01 -9.0222e-01
44 0 +5.580394548e+02 +4.143494548e+02 +4.143494548e+02 +1.5040e+00 +2.0709e+00 -1.2640e+00 +4.2536e-01 +4.9128e+00 -3.3544e+00 +1.1211e+00 +3.7451e+00 -1.4827e+00 -4.8088e+00 -1.3604e+00 -2.0550e+00 -8.4286e-01 -2.5941e+00 -3.2516e-01 +1.8859e+00 -4.5300e+00 -2.5637e+00 +1.4150e+00 +3.4681e+00
261 0 +4.444817331e+02 +3.007917331e+02 +3.007917331e+02 +1.5040e+00 +2.0709e+00 -1.2640e+00 +4.2536e-01 +4.9128e+00 -3.3544e+00 +1.1211e+00 +3.7451e+00 -1.4827e+00 -4.8088e+00 -1.3604e+00 -2.0550e+00 -8.4286e-01 -2.4774e+00 -3.2516e-01 +1.8859e+00 -4.5300e+00 -2.5637e+00 +1.4150e+00 +3.4681e+00
264 0 +3.250780724e+02 +1.813880724e+02 +1.813880724e+02 +1.5040e+00 +2.0709e+00 -1.2640e+00 +4.2536e-01 +4.9128e+00 -3.3544e+00 +1.1211e+00 +3.7451e+00 -1.4827e+00 -4.8088e+00 -1.3604e+00 -2.0550e+00 -8.4286e-01 -2.5941e+00 -1.1487e-01 +1.8859e+00 -4.5300e+00 -2.5637e+00 +1.4150e+00 +3.4681e+00
303 0 +3.007215823e+02 +1.570315823e+02 +1.570315823e+02 +1.5040e+00 +2.0709e+00 -1.2640e+00 +4.2536e-01 +4.9128e+00 -3.3544e+00 +1.1211e+00 +3.7451e+00 -1.4827e+00 -4.8088e+00 -1.3604e+00 -2.0550e+00 -8.4286e-01 -2.5656e+00 -1.6627e-01 +1.8859e+00 -4.5300e+00 -2.5637e+00 +1.4150e+00 +3.4681e+00
% f evaluations | g evaluations | best noise-free fitness - Fopt (-3.533800000000e+02) + sum g_i+ | measured fitness | best measured fitness or single-digit g-values | x1 | x2...
1 0 +2.940005771e+06 +2.939652391e+06 +2.939652391e+06 -8.6822e-01 -3.9939e+00 -3.9894e+00 +5.6715e-01 +2.0368e-02 +1.5719e+00 +5.2057e-01 +3.9546e+00 +2.4152e-01 -1.8942e-01 -6.8992e-01 -3.8169e+00 +1.6932e+00 -1.2516e+00 -3.7374e+00 -2.4533e-01 -2.7677e+00 +3.2602e+00 +2.0127e+00 +3.8365e+00
3 0 +2.002641122e+06 +2.002287742e+06 +2.002287742e+06 +5.4771e-01 -4.0111e+00 +4.4717e+00 +1.9256e+00 +3.5888e+00 +1.0206e+00 -4.9406e+00 -1.1127e+00 -4.8756e+00 +4.9088e-01 -2.3090e+00 -4.6800e+00 -4.1407e+00 -3.0792e+00 -4.9281e+00 +3.2764e+00 -4.4622e+00 -2.5760e-01 +3.5522e+00 -3.2185e-01
5 0 +1.362041467e+05 +1.358507667e+05 +1.358507667e+05 -9.7545e-01 +3.8665e+00 -4.4487e-02 -1.3093e+00 -3.3172e-01 +1.1514e+00 +1.2942e+00 +4.1608e+00 -3.5958e+00 +4.8116e+00 +3.6734e+00 +4.0751e+00 +3.7583e+00 -5.5314e-01 -4.0819e+00 +4.2904e+00 -4.4544e+00 +2.6998e+00 -2.6427e+00 -1.0957e+00
35 0 +5.207104799e+02 +1.673304799e+02 +1.673304799e+02 +3.0052e+00 -3.1666e+00 -1.5458e+00 -7.5132e-01 -3.0695e+00 +1.2101e+00 -3.0220e+00 +1.0263e+00 -2.3569e+00 -2.9062e+00 +8.7801e-01 +4.5015e+00 +3.8147e+00 -2.0683e+00 -4.2115e+00 +4.0927e+00 +4.0841e+00 -1.7783e+00 -9.9689e-01 +5.7106e-01
56 0 +3.978280747e+02 +4.444807469e+01 +4.444807469e+01 -9.0782e-01 +1.9776e+00 +3.2911e+00 +1.2806e+00 -2.0527e+00 -9.5819e-01 +1.1637e+00 -4.4832e+00 -9.0980e-01 +1.1153e+00 +3.6809e+00 +1.8018e+00 +3.9584e+00 +1.5360e+00 -1.3209e+00 -2.4693e+00 -7.3136e-01 -4.4500e+00 -4.2247e+00 -1.3894e+00
202 0 +2.174897800e+02 -1.358902200e+02 -1.358902200e+02 -4.9106e-01 +1.2364e+00 +3.0616e+00 +1.8610e+00 -2.8430e+00 -1.6406e+00 +8.0950e-01 -4.5688e+00 -1.1371e+00 +1.2035e+00 +4.2468e+00 +1.8542e+00 +4.5574e+00 +1.0725e+00 -1.1392e+00 -2.5859e+00 -2.3927e-01 -4.6729e+00 -4.6044e+00 -9.2275e-01
308 0 +1.915886258e+02 -1.617913742e+02 -1.617913742e+02 -5.5339e-01 +1.3472e+00 +3.0959e+00 +1.7742e+00 -2.7248e+00 -1.5385e+00 +8.6248e-01 -4.5560e+00 -1.1031e+00 +1.1903e+00 +4.1622e+00 +1.8464e+00 +4.4678e+00 +1.1418e+00 -1.1664e+00 -2.5685e+00 -3.1286e-01 -4.6396e+00 -4.5476e+00 -9.9254e-01
503 0 +1.904756524e+02 -1.629043476e+02 -1.629043476e+02 -5.5531e-01 +1.3651e+00 +3.0733e+00 +1.7273e+00 -2.6850e+00 -1.4875e+00 +8.6018e-01 -4.4975e+00 -1.1074e+00 +1.1782e+00 +4.1206e+00 +1.8641e+00 +4.4368e+00 +1.1407e+00 -1.1982e+00 -2.5213e+00 -3.2579e-01 -4.5928e+00 -4.5081e+00 -1.0052e+00
907 0 +1.834891305e+02 -1.698908695e+02 -1.698908695e+02 -5.4279e-01 +1.3447e+00 +3.0561e+00 +1.7226e+00 -2.6913e+00 -1.4831e+00 +8.4542e-01 -4.4799e+00 -1.1123e+00 +1.1641e+00 +4.0989e+00 +1.8737e+00 +4.4382e+00 +1.1278e+00 -1.2072e+00 -2.5002e+00 -3.0702e-01 -4.5852e+00 -4.4982e+00 -9.9689e-01
1204 0 +1.816240040e+02 -1.717559960e+02 -1.717559960e+02 -4.9208e-01 +1.2795e+00 +2.9749e+00 +1.6439e+00 -2.6540e+00 -1.3989e+00 +7.9003e-01 -4.3608e+00 -1.1250e+00 +1.0790e+00 +4.0062e+00 +1.9232e+00 +4.3891e+00 +1.0913e+00 -1.2791e+00 -2.3643e+00 -2.4779e-01 -4.5126e+00 -4.4017e+00 -9.8758e-01
% f evaluations | g evaluations | best noise-free fitness - Fopt (-2.910000000000e+00) + sum g_i+ | measured fitness | best measured fitness or single-digit g-values | x1 | x2...
1 0 +3.170544804e+04 +3.170253804e+04 +3.170253804e+04 +1.6357e+00 +4.1829e+00 +4.0987e+00 -9.0275e-01 +3.2807e+00 -4.4217e+00 +4.2346e+00 -1.6591e-01 -4.4258e+00 -8.1048e-01 -4.5232e+00 +3.2631e+00 +2.5342e+00 -3.4048e+00 -2.7129e+00 +2.6770e+00 +8.7193e-01 +3.2890e+00 +3.7101e+00 -1.8966e+00
16 0 +2.818844484e+04 +2.818553484e+04 +2.818553484e+04 -4.3084e+00 +2.9418e+00 +4.0105e-01 -3.7640e+00 -4.6062e+00 -3.3082e+00 -2.1572e+00 -3.0984e+00 -4.4036e+00 -2.1724e+00 +4.7954e+00 +3.1298e-01 +3.1193e+00 -3.4553e+00 +3.9988e+00 -3.9661e+00 -5.2652e-01 +3.0118e+00 +8.8373e-01 +3.0884e+00
20 0 +9.567947350e+03 +9.565037350e+03 +9.565037350e+03 -3.5009e+00 -3.4193e+00 -3.7721e-01 -3.4683e+00 -9.7817e-01 +4.0657e+00 +4.4069e+00 -2.5005e+00 -4.4967e+00 -1.9022e+00 +3.9654e+00 +2.5875e+00 -2.5051e+00 +3.9662e+00 -4.9276e+00 +1.4936e+00 -1.5184e+00 -1.1011e-01 -1.3730e+00 -4.3177e+00
53 0 +5.727213356e+02 +5.698113356e+02 +5.698113356e+02 +8.4217e-01 -2.4746e+00 -1.1046e+00 +8.9311e-02 -3.0626e-01 -2.9692e+00 +7.2046e-01 -2.9128e+00 -1.1033e+00 -4.3741e+00 +4.5014e+00 +4.2767e+00 -1.4731e+00 +3.6421e+00 -1.7876e+00 +2.1530e+00 -1.1638e+00 +2.4983e+00 -2.8254e+00 -3.4311e+00
54 0 +3.253199651e+02 +3.224099651e+02 +3.224099651e+02 +1.6778e+00 +3.8905e+00 +3.6623e+00 -7.0396e-01 +3.2877e+00 -4.3581e+00 +3.8645e+00 -1.5852e-01 -4.3333e+00 -8.3171e-01 -4.1567e+00 +2.9258e+00 +2.5538e+00 -3.4605e+00 -2.6612e+00 +2.4211e+00 +1.0570e+00 +3.1723e+00 +3.6431e+00 -1.5326e+00
107 0 +2.873491600e+02 +2.844391600e+02 +2.844391600e+02 +1.5582e+00 +2.9795e+00 +2.9800e+00 -5.9042e-01 +2.7733e+00 -4.1593e+00 +3.4145e+00 -5.5274e-01 -3.8710e+00 -1.3387e+00 -2.9175e+00 +3.1192e+00 +1.9774e+00 -2.4440e+00 -2.5361e+00 +2.3828e+00 +7.3915e-01 +3.0758e+00 +2.7173e+00 -1.8043e+00
506 0 +2.769826596e+02 +2.740726596e+02 +2.740726596e+02 +1.4571e+00 +2.9366e+00 +2.9803e+00 -6.6825e-01 +2.7459e+00 -3.9954e+00 +3.4873e+00 -5.5274e-01 -3.9369e+00 -1.2948e+00 -2.9003e+00 +3.0855e+00 +1.9404e+00 -2.4159e+00 -2.6042e+00 +2.3669e+00 +7.2360e-01 +3.0145e+00 +2.7282e+00 -1.8308e+00
802 0 +2.752913232e+02 +2.723813232e+02 +2.723813232e+02 +1.4091e+00 +2.8945e+00 +2.9633e+00 -7.0005e-01 +2.7207e+00 -3.9174e+00 +3.5084e+00 -5.6265e-01 -3.9546e+00 -1.2880e+00 -2.8615e+00 +3.0754e+00 +1.9094e+00 -2.3779e+00 -2.6314e+00 +2.3589e+00 +7.0868e-01 +2.9848e+00 +2.7098e+00 -1.8495e+00
% f evaluations | g evaluations | best noise-free fitness - Fopt (-2.970000000000e+00) + sum g_i+ | measured fitness | best measured fitness or single-digit g-values | x1 | x2...
1 0 +3.585123499e+06 +3.585120529e+06 +3.585120529e+06 +1.7151e+00 -5.0379e-01 +3.3802e+00 -3.4723e+00 -4.9465e+00 -2.7126e+00 -3.9548e+00 -4.4042e+00 -3.6615e+00 +2.6121e+00 -1.8685e+00 -3.0442e+00 +2.1689e+00 +3.9555e+00 +7.1630e-01 +3.1168e-01 -2.0192e+00 +4.6462e+00 -3.9961e+00 -1.0474e+00
8 0 +2.436968992e+06 +2.436966022e+06 +2.436966022e+06 -2.7757e+00 -2.5149e+00 +3.8288e+00 -3.9505e-01 -3.8144e+00 -4.5416e+00 -2.5937e+00 +1.3097e+00 +2.5855e+00 +1.3228e-01 -2.4426e-01 +3.9046e+00 -9.0265e-01 -2.9962e+00 +1.0330e+00 +2.6374e-01 -3.9084e+00 -6.0086e-01 +4.6412e+00 +4.8934e+00
13 0 +9.192325934e+05 +9.192296234e+05 +9.192296234e+05 +2.4175e+00 -1.6938e+00 -1.6442e+00 +4.5615e+00 -1.2782e+00 +3.9028e+00 -3.6190e+00 -4.2290e+00 -9.5745e-01 -1.6569e+00 -1.1697e+00 -4.3067e-01 +2.4162e+00 +1.9809e+00 +3.9435e+00 +2.5691e+00 +3.0603e+00 -1.3718e+00 +2.4129e+00 -4.4825e-01
14 0 +4.770752659e+05 +4.770722959e+05 +4.770722959e+05 +1.8914e+00 +1.4083e+00 -1.5630e+00 -2.4616e+00 -2.4409e+00 -3.7463e+00 +3.0925e+00 -2.9902e+00 -4.9332e-01 -4.7667e-01 +4.6654e-01 +1.1062e+00 +4.1096e+00 -4.5318e-01 -2.4156e+00 +3.5456e+00 -5.3988e-01 -1.7390e+00 +2.0345e+00 -1.9762e+00
22 0 +6.644889956e+03 +6.641919956e+03 +6.641919956e+03 -1.2606e+00 +3.7778e+00 +3.4582e+00 +2.5277e+00 -2.7865e+00 -1.5223e+00 +3.8635e+00 -3.2969e+00 -1.3250e+00 +2.4760e-01 -8.0816e-01 +3.1209e+00 +2.1550e+00 -5.5907e-01 -4.2499e+00 +3.5181e+00 +1.0853e+00 -1.8073e+00 +3.1343e-02 +8.4541e-01
23 0 +1.223353296e+03 +1.220383296e+03 +1.220383296e+03 +5.2282e-01 -8.7836e-04 -1.3110e+00 -8.4842e-01 +1.3343e+00 -7.0112e-01 -8.2788e-01 +3.5856e+00 -3.6455e+00 +4.1171e+00 +3.0526e+00 +4.4504e+00 +2.9179e+00 -4.3367e+00 +3.6726e+00 -1.7095e+00 -3.3193e+00 -4.0425e+00 -4.9010e+00 +3.1341e+00
24 0 +8.158577245e+02 +8.128877245e+02 +8.128877245e+02 -1.6717e-01 +3.2615e+00 -3.0190e+00 -4.9938e+00 +4.5857e+00 -2.0683e+00 +1.4767e+00 -3.8274e+00 +2.4087e+00 +3.8092e+00 -4.8545e+00 -3.5886e+00 +3.7888e-01 -3.9887e+00 -4.1070e+00 +3.6821e-01 +3.3327e+00 -2.4928e+00 -2.1729e+00 +1.0815e+00
153 0 +5.152051560e+02 +5.122351560e+02 +5.122351560e+02 -1.8612e-01 +1.8491e+00 -2.4476e+00 -2.6247e+00 +3.3616e+00 -1.6681e+00 +3.0031e-01 -1.2620e+00 -2.1416e-01 +3.2704e+00 -1.3852e+00 -1.8934e-01 +7.9535e-01 -3.9656e+00 -1.2094e+00 -4.5666e-01 +1.0584e+00 -2.9803e+00 -2.8443e+00 +1.5217e+00
156 0 +2.609878639e+02 +2.580178639e+02 +2.580178639e+02 +2.1082e-01 +1.4743e+00 -2.0833e+00 -2.7229e+00 +2.8045e+00 -1.3193e+00 +2.1422e-01 +2.3360e-01 -9.0790e-01 +3.9779e+00 -5.2279e-01 +8.1537e-01 +1.7698e+00 -4.1793e+00 +1.5488e-01 -7.6999e-01 -3.1144e-01 -3.3418e+00 -3.6674e+00 +2.2060e+00
157 0 +2.308426338e+02 +2.278726338e+02 +2.278726338e+02 +1.4482e-01 +1.7864e+00 -2.2467e+00 -3.1194e+00 +3.1155e+00 -1.4501e+00 +4.3466e-01 -4.7546e-01 -3.2881e-01 +3.9484e+00 -1.2791e+00 +4.6423e-02 +1.5269e+00 -4.1460e+00 -5.8924e-01 -5.7126e-01 +3.2483e-01 -3.1935e+00 -3.4065e+00 +2.0097e+00
% f evaluations | g evaluations | best noise-free fitness - Fopt (2.996300000000e+02) + sum g_i+ | measured fitness | best measured fitness or single-digit g-values | x1 | x2...
1 0 +2.202444006e+07 +2.202473969e+07 +2.202473969e+07 +4.9325e+00 +1.0664e+00 -4.4186e+00 +2.7075e+00 -4.9535e+00 +5.0097e-01 +3.5401e+00 +4.0265e+00 +8.4423e-01 +3.1602e+00 -2.5785e+00 +6.5918e-01 -7.6754e-01 -1.6448e+00 -3.7223e+00 -1.2769e-01 -1.8960e+00 +1.4509e+00 -5.8585e-01 -9.9391e-01
2 0 +2.595718288e+06 +2.596017918e+06 +2.596017918e+06 -2.1345e+00 +1.9135e+00 -4.8793e+00 +1.0462e+00 +4.5133e+00 -2.7539e+00 +2.9235e+00 +4.2890e+00 +2.6022e+00 +1.0934e+00 +2.1777e+00 +1.0351e+00 -2.5391e+00 -1.7750e+00 -1.9661e+00 +1.8118e+00 -3.6899e+00 +1.7734e-01 +4.1544e-01 -4.5160e+00
5 0 +2.541090341e+06 +2.541389971e+06 +2.541389971e+06 +7.6126e-01 +1.4771e+00 -4.4709e+00 +7.5985e-01 -2.8214e+00 +5.5517e-01 -1.0677e-01 -2.5306e-01 +4.8181e-01 +1.5562e+00 -1.8336e+00 -2.8342e+00 +1.5643e+00 -1.2139e+00 +4.4006e+00 -3.4748e+00 -2.5132e+00 +9.7537e-01 -1.6230e+00 -4.9676e+00
9 0 +7.417743775e+05 +7.420740075e+05 +7.420740075e+05 -6.7549e-01 +1.6313e+00 +1.9983e+00 +1.4697e+00 +3.2479e+00 +2.4369e+00 -1.2382e+00 +4.7972e+00 -1.2467e+00 +2.8020e+00 -3.3778e-01 -1.2263e+00 -1.6471e+00 -3.4209e+00 -3.1646e+00 -3.2544e+00 +4.5398e+00 -3.9201e+00 -3.2493e+00 -4.2243e+00
11 0 +7.822570129e+04 +7.852533129e+04 +7.852533129e+04 +4.5953e+00 -1.1397e+00 +4.6260e+00 +4.5233e+00 -2.9488e+00 -9.0498e-01 -2.9168e+00 +3.3483e+00 -6.8539e-01 -2.7361e+00 -5.7151e-02 +3.0089e+00 -4.7617e+00 +9.7790e-03 -1.7863e+00 +2.7979e+00 +2.5252e-01 +1.4668e+00 -3.4620e+00 +3.8047e+00
41 0 +1.590071836e+04 +1.620034836e+04 +1.620034836e+04 -1.5789e-01 +3.2025e+00 +2.0140e+00 -1.8029e+00 -2.3953e+00 -1.8532e+00 +3.6083e+00 -4.3431e+00 +1.4815e+00 -1.7447e+00 -2.0752e+00 +3.2397e+00 -3.0291e+00 +4.0989e+00 -3.9144e-01 -1.2730e+00 +3.2522e-01 +1.6827e+00 +2.3180e+00 -4.7645e+00
103 0 +3.753241543e+03 +4.052871543e+03 +4.052871543e+03 +2.7046e+00 +2.9908e-01 +3.6216e+00 +2.2078e+00 -2.9153e+00 -1.1526e+00 -9.1887e-01 +1.3332e+00 -2.2726e-01 -2.3801e+00 -6.3458e-01 +2.6603e+00 -3.6636e+00 +9.6058e-01 -1.3802e+00 +1.5771e+00 -1.5603e-01 +1.7805e+00 -1.5392e+00 +1.4029e+00
207 0 +3.385744273e+03 +3.685374273e+03 +3.685374273e+03 +2.6151e+00 +3.8777e-01 +3.5414e+00 +2.1064e+00 -2.9085e+00 -1.1573e+00 -8.1446e-01 +1.2343e+00 -1.8303e-01 -2.3350e+00 -6.6644e-01 +2.6254e+00 -3.6159e+00 +9.9956e-01 -1.3416e+00 +1.5229e+00 -1.6555e-01 +1.8067e+00 -1.4607e+00 +1.2852e+00
253 0 +2.724702941e+02 +5.721002941e+02 +5.721002941e+02 +1.8891e+00 +1.1074e+00 +2.8904e+00 +1.2835e+00 -2.8536e+00 -1.1952e+00 +3.2798e-02 +4.3172e-01 +1.7588e-01 -1.9688e+00 -9.2490e-01 +2.3421e+00 -3.2295e+00 +1.3159e+00 -1.0286e+00 +1.0832e+00 -2.4278e-01 +2.0188e+00 -8.2326e-01 +3.2979e-01
261 0 +1.834173459e+02 +4.830473459e+02 +4.830473459e+02 +6.6577e-02 +1.3739e+00 -3.2102e-01 -1.4588e-01 -6.2279e-01 -1.2015e-01 +6.7904e-01 -1.4038e+00 -2.4624e-01 -1.3611e+00 -1.6835e+00 +6.3829e-01 -1.4350e+00 +1.3176e+00 -6.1488e-01 +6.8083e-01 +2.8081e-01 +1.2866e+00 +2.0413e+00 -2.5265e+00
359 0 +1.787052472e+02 +4.783352472e+02 +4.783352472e+02 +5.5538e-01 +1.3024e+00 +5.4029e-01 +2.3747e-01 -1.2211e+00 -4.0849e-01 +5.0572e-01 -9.1153e-01 -1.3303e-01 -1.5241e+00 -1.4800e+00 +1.0953e+00 -1.9163e+00 +1.3171e+00 -7.2584e-01 +7.8875e-01 +1.4038e-01 +1.4830e+00 +1.2730e+00 -1.7604e+00
361 0 +1.749105666e+02 +4.745405666e+02 +4.745405666e+02 +2.1272e-01 +1.0301e+00 -4.1984e-01 +1.1005e-01 -3.4741e-01 +4.9642e-02 +4.2044e-01 -1.2197e+00 -4.8702e-01 -1.4634e+00 -1.6486e+00 +5.5169e-01 -1.4030e+00 +1.1435e+00 -7.1897e-01 +8.6621e-01 +3.9846e-01 +1.0778e+00 +2.0785e+00 -2.3983e+00
552 0 +1.660526746e+02 +4.656826746e+02 +4.656826746e+02 +2.5748e-01 +9.2485e-01 -4.5011e-01 +1.8843e-01 -2.6307e-01 +1.0164e-01 +3.9421e-01 -1.1633e+00 -5.6076e-01 -1.4947e+00 -1.6379e+00 +5.2517e-01 -1.3932e+00 +1.0902e+00 -7.5084e-01 +9.2299e-01 +4.3449e-01 +1.0299e+00 +2.0899e+00 -2.3590e+00
804 0 +1.657796287e+02 +4.654096287e+02 +4.654096287e+02 +2.5144e-01 +9.3907e-01 -4.4602e-01 +1.7785e-01 -2.7446e-01 +9.4622e-02 +4.0075e-01 -1.1709e+00 -5.5080e-01 -1.4905e+00 -1.6393e+00 +5.2875e-01 -1.3946e+00 +1.0974e+00 -7.4654e-01 +9.1532e-01 +4.2962e-01 +1.0373e+00 +2.0884e+00 -2.3643e+00
