% f evaluations | g evaluations | best noise-free fitness - Fopt (6.870000000000e+00) + sum g_i+ | measured fitness | best measured fitness or single-digit g-values | x1 | x2...
1 0 +1.189634966e+01 +1.876634966e+01 +1.876634966e+01 +3.7231e+00 +3.3200e-01 +3.7231e+00 -3.4276e+00 -2.9094e+00 +8.8460e-01 -3.4069e+00 +2.7718e+00 +2.0441e+00 -4.3866e+00 +2.7226e+00 +1.6950e+00 +3.8748e+00 -4.7571e+00 +1.0594e+00 +1.0732e+00 -4.6627e+00 -2.5886e+00 -4.1169e+00 +8.2133e-01
7 0 +9.322021237e+00 +1.619202124e+01 +1.619202124e+01 -5.1940e-02 +2.2261e+00 -4.3381e+00 -3.2113e+00 +1.2456e+00 +3.8210e+00 -1.7490e+00 +2.5466e+00 +3.3671e+00 +3.5605e+00 +3.4591e+00 -4.1923e+00 -2.4731e+00 +4.6048e+00 +1.2809e+00 +4.8833e+00 -1.4819e+00 +2.9096e+00 +2.4953e+00 +1.8271e-01
8 0 +8.679196145e+00 +1.554919614e+01 +1.554919614e+01 -4.9583e+00 +4.6572e+00 -5.4927e-01 +4.0199e+00 +4.3268e+00 +2.4378e+00 +1.5802e+00 -2.9109e+00 -4.5392e+00 -1.7797e-01 +3.4077e+00 +1.8697e+00 +6.5389e-02 +7.3852e-01 +3.7260e-01 +2.8646e-01 +2.8513e+00 +3.0704e+00 -1.5430e+00 -1.1803e+00
17 0 +7.861180525e+00 +1.473118053e+01 +1.473118053e+01 +3.8424e+00 -3.5286e+00 -7.8726e-01 -2.1399e+00 -3.7390e+00 -4.3369e+00 +3.3147e+00 +2.9494e+00 -2.7731e+00 -4.0120e+00 -3.6895e+00 -2.5326e+00 +2.4316e+00 -1.6020e+00 +2.1741e+00 -6.8719e-01 -6.1271e-01 -2.8360e+00 -3.0243e-01 +4.7860e+00
% f evaluations | g evaluations | best noise-free fitness - Fopt (1.000000000000e-02) + sum g_i+ | measured fitness | best measured fitness or single-digit g-values | x1 | x2...
1 0 +2.588317498e+01 +2.589317498e+01 +2.589317498e+01 +2.8369e-01 -3.8648e+00 +4.4097e+00 +3.2464e+00 -2.4203e-01 +2.3694e+00 -2.3992e+00 -3.7838e+00 +1.5741e+00 +2.0130e+00 -2.4132e+00 -1.7763e-01 -1.3538e+00 -2.6276e+00 -9.5250e-01 -4.9781e-01 -3.6258e+00 -1.0518e+00 +9.3769e-01 +2.4241e+00
2 0 +8.297082364e+00 +8.307082364e+00 +8.307082364e+00 -2.5837e+00 +1.6270e+00 -4.4197e+00 +3.7248e+00 +3.9447e+00 +4.8451e+00 -3.2897e-01 +4.4597e-01 +3.0048e+00 -3.8750e+00 -4.2308e+00 -2.5537e+00 +1.7495e+00 -3.6374e+00 -3.0981e+00 -2.4231e+00 +1.9497e+00 -1.0240e+00 +2.8681e+00 +3.6580e+00
13 0 +5.233959092e+00 +5.243959092e+00 +5.243959092e+00 +2.1523e+00 +7.6703e-01 +1.0080e+00 -4.6299e+00 +3.8679e+00 -3.2572e+00 -4.7776e+00 -3.1999e+00 +3.7560e+00 +7.3170e-01 +3.5316e+00 -1.7588e+00 +2.0295e+00 -3.1454e+00 -1.5402e+00 -2.0147e+00 +3.4159e+00 -2.1451e+00 +4.4876e+00 -1.2707e+00
% f evaluations | g evaluations | best noise-free fitness - Fopt (-1.306100000000e+02) + sum g_i+ | measured fitness | best measured fitness or single-digit g-values | x1 | x2...
1 0 +1.377041616e+01 -1.168395838e+02 -1.168395838e+02 -3.2066e+00 +3.7546e+00 +3.0916e+00 -2.0051e+00 +3.7111e+00 +2.8984e+00 -2.7866e+00 +4.4854e+00 -7.3007e-01 +3.8475e+00 -3.2114e+00 -2.8691e+00 -4.8376e+00 +1.3697e+00 -2.8213e+00 +2.8913e+00 -3.2359e+00 +2.9468e+00 +3.1654e+00 -6.0134e-01
2 0 +1.090691668e+01 -1.197030833e+02 -1.197030833e+02 +4.4063e+00 +2.6322e+00 -2.1479e+00 +4.5580e+00 +4.7200e+00 -4.0840e-01 -4.3720e+00 -1.9788e+00 +2.2979e+00 -4.5704e+00 -2.4568e+00 -1.1081e+00 -3.6489e+00 +3.7860e+00 +1.9790e-01 +3.1064e+00 +2.1943e+00 +2.3396e+00 +1.7971e+00 -3.7128e+00
3 0 +7.736645830e+00 -1.228733542e+02 -1.228733542e+02 +1.2418e+00 -3.8057e+00 -1.6170e+00 -1.7905e+00 +2.0888e+00 +2.5577e+00 -3.1054e+00 +3.1763e+00 +1.0514e+00 -4.9137e+00 -2.3435e+00 +4.7211e+00 +4.2507e+00 -3.6035e+00 +2.3332e+00 -4.4124e-01 -1.2098e+00 +1.6898e+00 -3.2734e+00 +9.0511e-01
14 0 +7.280071192e+00 -1.233299288e+02 -1.233299288e+02 +2.0632e+00 -3.8482e+00 -2.9263e+00 -2.2944e+00 +1.8026e+00 -1.2844e+00 +3.1698e-01 -4.2907e+00 -1.9463e+00 +2.7096e+00 +2.4665e+00 +2.4946e+00 +4.5485e+00 +2.0237e+00 -2.9280e+00 +1.7930e+00 -3.3946e-01 +1.4940e+00 -3.7449e-01 -2.7130e+00
16 0 +5.725324376e+00 -1.248846756e+02 -1.248846756e+02 -4.0981e+00 -3.3072e+00 +9.1792e-01 +7.5091e-01 -1.0117e+00 +2.0109e+00 -3.6912e+00 +2.5943e+00 +2.4214e+00 +3.0515e+00 +3.0885e+00 +2.4505e+00 +3.2671e+00 -2.0917e-01 -7.5011e-01 -3.4797e+00 -4.1884e+00 -6.7640e-01 -2.6131e+00 +1.9237e+00
% f evaluations | g evaluations | best noise-free fitness - Fopt (-2.231200000000e+02) + sum g_i+ | measured fitness | best measured fitness or single-digit g-values | x1 | x2...
1 0 +8.710459842e+00 -2.144095402e+02 -2.144095402e+02 -3.2964e-01 -2.3205e+00 -2.6001e+00 -4.6185e+00 -4.9125e+00 -4.0192e-01 +3.8616e+00 +1.0854e+00 -2.7502e+00 -4.2248e+00 -3.4813e+00 -2.1531e+00 +2.5793e+00 +3.7379e+00 -4.2313e+00 -2.4362e-01 -8.0296e-02 +1.3349e+00 -9.2824e-01 +6.7564e-01
4 0 +5.762209059e+00 -2.173577909e+02 -2.173577909e+02 -1.2487e+00 +2.9986e+00 +9.4323e-01 -4.5019e+00 -3.7259e+00 -1.6111e+00 -2.1910e+00 +1.8078e+00 +3.4658e+00 -3.4852e+00 -3.9458e+00 +3.7276e+00 -2.3675e+00 +2.1214e+00 -2.1760e+00 -7.1703e-01 -4.9027e+00 +2.1290e+00 -4.7069e+00 -7.3176e-01
% f evaluations | g evaluations | best noise-free fitness - Fopt (-4.443000000000e+01) + sum g_i+ | measured fitness | best measured fitness or single-digit g-values | x1 | x2...
1 0 +1.606883062e+01 -2.836116938e+01 -2.836116938e+01 +2.5926e+00 +1.7837e+00 -4.0452e+00 +1.2895e+00 -2.4806e+00 -1.7959e+00 +1.0339e+00 -2.4524e+00 -4.5407e+00 +2.5110e+00 +8.2531e-01 +4.8622e-01 +4.2911e-01 +4.4740e+00 -3.1125e+00 +2.7379e+00 -1.6487e+00 -8.3506e-01 +1.1248e+00 +2.5879e+00
2 0 +1.559134633e+01 -2.883865367e+01 -2.883865367e+01 +3.8588e+00 +1.0612e+00 -4.1851e+00 +2.2365e+00 -1.0878e+00 +4.8855e+00 +1.1595e-01 +1.8200e+00 -4.9726e+00 +2.4973e+00 -4.0337e-01 -4.7040e+00 +1.2169e+00 +4.1532e+00 +2.8850e+00 -4.2448e+00 -4.7550e+00 +3.3909e+00 -4.3570e+00 +2.8247e+00
3 0 +1.154718879e+01 -3.288281121e+01 -3.288281121e+01 +1.5557e+00 +2.0148e+00 +1.6461e+00 -8.3825e-01 -8.3912e-01 -7.5284e-01 -4.3546e+00 +3.1051e-01 +1.2355e+00 -9.3555e-02 -1.0580e+00 +4.2517e+00 +2.9495e+00 +2.1692e+00 -3.1838e-01 +3.1441e-01 +7.5854e-01 +4.2350e+00 +2.1587e+00 -3.4545e+00
5 0 +7.939652484e+00 -3.649034752e+01 -3.649034752e+01 -2.4809e+00 -2.2709e+00 +2.9245e+00 -3.2695e+00 +2.6365e-01 +4.2960e+00 +1.9864e+00 +1.9597e+00 -1.0648e-01 +3.4494e+00 +2.2185e-02 +1.5442e+00 +3.5471e+00 -2.7956e+00 +7.2702e-01 +3.8314e+00 -2.7831e+00 -6.4636e-01 -4.9791e+00 +4.6972e+00
% f evaluations | g evaluations | best noise-free fitness - Fopt (2.557800000000e+02) + sum g_i+ | measured fitness | best measured fitness or single-digit g-values | x1 | x2...
1 0 +9.460616684e+00 +2.652406167e+02 +2.652406167e+02 +1.9654e+00 -2.2355e+00 -4.0799e+00 +2.6921e+00 -1.6143e+00 -2.5760e+00 -1.1836e+00 +1.9006e+00 +2.3138e+00 +4.1231e-01 +2.1417e+00 +1.3166e+00 +7.9827e-01 +3.2979e+00 -2.7897e+00 +4.3577e+00 +9.1409e-01 -2.7034e+00 -4.2703e+00 +5.1221e-01
17 0 +8.215683899e+00 +2.639956839e+02 +2.639956839e+02 -2.1730e+00 +3.5238e+00 +1.9733e+00 -9.6802e-01 +4.3434e+00 +4.3081e+00 -2.5474e-01 +3.4798e-01 +7.7153e-01 +2.5676e-01 +3.6977e+00 -2.7176e+00 +2.6304e+00 +3.2924e+00 -2.6522e+00 +8.3564e-01 -1.4091e+00 -5.1679e-01 +1.4753e+00 -4.8697e+00
26 0 +8.060213852e+00 +2.638402139e+02 +2.638402139e+02 -1.3819e+00 +3.6624e+00 -1.9459e+00 +4.9996e+00 +1.0380e+00 +2.2719e+00 -2.0888e+00 -4.6704e+00 -1.5258e+00 -3.3459e+00 -4.3024e+00 +9.6365e-01 -3.6421e+00 -3.4810e-01 -3.5197e+00 -4.9250e+00 -4.2940e+00 +4.9506e+00 -2.0282e+00 +2.8433e+00
30 0 +7.552547229e+00 +2.633325472e+02 +2.633325472e+02 +1.5618e+00 -1.2869e+00 +3.4721e+00 -3.6890e+00 +1.7770e+00 +2.8600e+00 -3.2700e+00 -3.4185e+00 +2.5368e+00 -2.5582e+00 -4.4254e+00 -1.7721e+00 +1.3722e+00 +4.0271e+00 +4.6803e+00 +4.4541e+00 +1.3593e+00 +4.1257e+00 +3.7226e+00 -4.5152e+00
% f evaluations | g evaluations | best noise-free fitness - Fopt (1.000000000000e+03) + sum g_i+ | measured fitness | best measured fitness or single-digit g-values | x1 | x2...
1 0 +1.409192854e+01 +1.014091929e+03 +1.014091929e+03 +3.3146e-01 +2.7774e+00 -4.0889e+00 -3.8765e+00 +4.3476e+00 +4.3710e+00 +8.8248e-01 -4.7209e+00 -9.0195e-01 -3.4722e+00 -3.7569e+00 -1.0094e+00 +3.3162e+00 +8.7305e-01 -3.5625e+00 +4.4940e+00 +3.4304e+00 +4.2938e+00 -1.7316e+00 +3.1788e+00
3 0 +1.345614578e+01 +1.013456146e+03 +1.013456146e+03 +2.0310e+00 +9.7321e-01 -4.5801e+00 +4.7236e+00 -4.1948e+00 -1.3639e+00 +4.2984e+00 -3.5292e+00 -5.8767e-02 -4.1963e+00 -1.5779e+00 -1.3322e-01 -3.4674e+00 -3.5092e+00 +1.0850e+00 +4.4393e+00 +3.3128e+00 +3.1322e+00 -1.3247e+00 -4.0975e+00
8 0 +1.246466352e+01 +1.012464664e+03 +1.012464664e+03 +8.9846e-01 +2.6632e+00 +4.5477e+00 -3.6096e-01 +2.7701e-01 -4.8463e+00 -3.2675e+00 +3.0259e+00 +8.5232e-01 +3.8698e+00 -4.4905e+00 +1.8931e+00 -1.0270e+00 -2.0093e+00 -1.0834e+00 +1.4934e+00 -2.3366e+00 +1.4806e+00 -4.9960e+00 +4.0844e+00
9 0 +1.221946294e+01 +1.012219463e+03 +1.012219463e+03 -1.1127e+00 -1.5080e-01 +3.6211e+00 -2.0079e+00 +1.5448e+00 +4.5789e+00 -2.2592e+00 +3.9818e+00 -2.2126e+00 +4.1655e+00 +1.5082e+00 -4.2447e+00 +2.3523e+00 -3.4326e-02 +4.8090e+00 -4.9255e+00 -7.2693e-01 +3.6803e+00 -4.4055e+00 +3.8870e+00
10 0 +9.813582091e+00 +1.009813582e+03 +1.009813582e+03 -3.1822e+00 +7.1909e-01 -4.4762e-02 +4.4234e+00 +1.7945e+00 +4.7118e+00 +1.2402e+00 -3.5670e+00 -3.9197e+00 +3.6993e+00 +4.1174e+00 +2.8502e+00 -5.9865e-01 +3.5899e+00 -2.5190e-01 +6.5010e-01 +4.5659e+00 +4.5223e+00 -3.6077e+00 -3.5583e+00
19 0 +8.522941138e+00 +1.008522941e+03 +1.008522941e+03 -9.5132e-01 -4.8263e+00 +7.4682e-01 -4.0811e+00 +4.0529e+00 -2.7247e+00 -1.7333e+00 -5.8292e-01 +1.1163e+00 -1.9739e+00 -3.1835e+00 +2.6812e+00 +1.2865e+00 -4.9081e+00 +4.0939e+00 -2.9322e+00 -7.6115e-01 +3.5799e+00 +5.5911e-01 +3.0932e+00
22 0 +5.630226578e+00 +1.005630227e+03 +1.005630227e+03 +4.6411e+00 +4.5986e+00 +3.4102e+00 +3.4336e+00 -4.8587e+00 -4.0350e+00 +3.5765e+00 +1.4603e+00 +9.6077e-01 -4.6237e+00 +4.1985e+00 -4.4511e+00 +2.6820e+00 -3.8065e+00 +2.9042e+00 -2.0900e+00 -4.7636e+00 +3.7318e+00 +1.7714e+00 +3.4012e+00
% f evaluations | g evaluations | best noise-free fitness - Fopt (-1.869500000000e+02) + sum g_i+ | measured fitness | best measured fitness or single-digit g-values | x1 | x2...
1 0 +1.953444228e+01 -1.674155577e+02 -1.674155577e+02 -5.0360e-01 -2.0793e-01 +1.1436e+00 +4.3048e+00 -4.6992e+00 +4.7060e+00 +1.4745e+00 -8.3904e-01 -4.6117e+00 +4.5568e+00 +2.9960e+00 +3.1427e-01 +2.7595e+00 -1.5238e+00 +3.4785e+00 -4.1074e+00 +4.8116e+00 -4.7634e+00 +4.5980e+00 +2.4569e+00
2 0 +1.515425576e+01 -1.717957442e+02 -1.717957442e+02 +4.0706e+00 -1.7103e+00 -1.6856e+00 +4.2229e+00 -2.7246e+00 -1.3571e+00 +1.3830e+00 -1.5034e+00 +7.5972e-01 +3.3219e+00 +3.6165e+00 +1.3296e+00 +7.8150e-03 -4.1063e-04 +3.1799e+00 +3.5314e+00 -1.3212e+00 +4.1847e-01 +2.5437e+00 +2.3890e+00
4 0 +1.402907821e+01 -1.729209218e+02 -1.729209218e+02 +1.1095e+00 -4.8102e+00 -3.5853e+00 +1.2902e+00 -4.4954e+00 -8.4160e-01 -4.7361e+00 -4.2755e+00 -3.6373e+00 +4.2660e+00 +4.1835e+00 -2.1950e+00 +4.4544e+00 -3.4122e+00 -8.7919e-01 +1.6545e+00 -1.7917e+00 +4.4712e+00 +4.4709e+00 +3.0651e+00
8 0 +1.114003505e+01 -1.758099649e+02 -1.758099649e+02 +3.0255e+00 +4.9767e+00 -8.9516e-01 -3.3880e+00 +2.0697e+00 +1.4386e-01 -1.4378e+00 -1.3009e+00 +3.3473e+00 +1.2217e+00 -2.7526e+00 +2.2188e+00 -3.9265e+00 -4.5512e+00 -2.7704e+00 +4.0462e+00 -2.0519e+00 -2.0542e+00 -2.3527e+00 +3.8457e+00
10 0 +1.003437891e+01 -1.769156211e+02 -1.769156211e+02 +3.6475e+00 -1.7478e+00 -9.4020e-01 +3.3197e+00 -4.4247e+00 -4.2193e+00 +3.7539e+00 +1.4562e+00 +9.8911e-01 +4.7811e-01 +2.9039e+00 -2.8286e+00 +3.6964e+00 -2.9163e+00 -3.7397e+00 +4.3463e+00 +3.0148e+00 +4.7684e+00 +6.9480e-02 -1.0379e+00
13 0 +9.848857926e+00 -1.771011421e+02 -1.771011421e+02 +2.6857e+00 -1.4139e+00 -3.7272e-01 +4.6010e+00 -5.1767e-01 +2.2430e+00 -2.1132e+00 +7.8352e-02 +1.8781e+00 -8.6503e-02 +1.8828e+00 -3.3530e+00 +2.0360e+00 +4.6510e+00 +1.2261e+00 -2.0400e+00 +2.4747e+00 -4.0307e+00 +3.0791e+00 +3.2107e+00
32 0 +6.853172615e+00 -1.800968274e+02 -1.800968274e+02 +4.2358e+00 -1.6915e+00 +2.2707e+00 -9.5482e-01 -3.7887e+00 -2.4575e+00 +2.8816e+00 -3.9235e+00 -4.0606e-01 +3.1046e+00 -3.1855e+00 +3.1809e+00 -2.8239e+00 +2.8567e+00 -2.4124e+00 +2.1185e+00 +8.3861e-01 +4.6656e+00 +2.8637e+00 +2.2841e+00
% f evaluations | g evaluations | best noise-free fitness - Fopt (5.859500000000e+02) + sum g_i+ | measured fitness | best measured fitness or single-digit g-values | x1 | x2...
1 0 +2.005895329e+01 +6.060089533e+02 +6.060089533e+02 -3.9159e+00 +3.3005e+00 +4.2095e-01 +3.4722e+00 +1.0671e+00 -3.7324e+00 +5.6497e-01 -1.8530e+00 -2.4461e+00 +3.6272e+00 +4.2861e-01 -4.4463e+00 -1.4886e+00 -2.5223e+00 -4.1973e+00 -5.1372e-01 +3.6858e+00 -2.1166e+00 -4.3770e+00 +2.2370e+00
2 0 +1.459649512e+01 +6.005464951e+02 +6.005464951e+02 -5.7473e-01 +2.0140e+00 -1.7800e+00 +3.7163e+00 +3.3683e+00 +1.3142e+00 -1.4695e-02 +3.8998e+00 +1.9925e+00 +4.2480e+00 +1.2655e+00 +1.9757e+00 +2.8221e+00 -7.2921e-01 -1.0735e+00 -2.7440e+00 +4.6261e+00 +1.1322e+00 +1.5891e+00 -4.0015e+00
3 0 +1.249413526e+01 +5.984441353e+02 +5.984441353e+02 -2.9089e+00 +2.4942e+00 +2.6643e+00 +4.1178e+00 +1.3876e+00 +3.3852e+00 -4.5587e+00 -2.5181e+00 -1.5107e+00 +3.0579e+00 -2.6704e+00 -4.7765e+00 +2.0080e+00 -2.5166e+00 +1.6689e+00 -1.9234e+00 +2.2957e+00 +4.9406e+00 -3.5231e+00 -2.6823e+00
4 0 +7.558031850e+00 +5.935080319e+02 +5.935080319e+02 +6.8768e-01 +1.1767e+00 +4.5766e+00 +3.1675e+00 +2.6784e+00 -1.3926e+00 +8.1441e-01 -2.9074e+00 +3.9029e+00 -2.9923e+00 -1.8575e+00 +3.8600e+00 +3.2716e+00 -3.2075e+00 -2.0608e+00 +1.8851e+00 -3.7184e+00 +3.3804e+00 +2.5713e+00 +3.5802e+00
% f evaluations | g evaluations | best noise-free fitness - Fopt (2.871600000000e+02) + sum g_i+ | measured fitness | best measured fitness or single-digit g-values | x1 | x2...
1 0 +1.083180933e+01 +2.979918093e+02 +2.979918093e+02 +1.9349e+00 -2.1265e+00 +2.1226e+00 -2.0392e+00 -4.0209e+00 -3.7530e+00 -1.0662e+00 +1.5018e+00 -4.6013e+00 +2.0086e+00 -3.1472e+00 -3.0124e+00 +7.7530e-01 +4.2762e-01 -7.9268e-01 +4.2423e+00 +4.0769e+00 +2.6285e+00 -3.3184e+00 +3.0860e-01
13 0 +9.136163385e+00 +2.962961634e+02 +2.962961634e+02 -3.0334e+00 -4.9256e+00 +2.2900e-01 -3.7897e+00 +3.3477e+00 +1.4041e+00 +2.9632e+00 +4.2182e+00 -3.3213e+00 +3.2813e+00 -2.5583e+00 -1.5706e+00 +2.4560e+00 -3.7477e+00 +4.0919e+00 -2.1838e+00 +1.5614e-01 -2.7374e+00 -4.6367e+00 -3.3827e+00
16 0 +8.589101032e+00 +2.957491010e+02 +2.957491010e+02 +8.4662e-01 +4.5098e+00 +1.2691e+00 -4.4826e+00 +4.5167e+00 +2.4719e+00 -2.0279e+00 -4.6342e-01 -2.3106e+00 +3.8322e+00 -2.0525e+00 +2.4393e+00 -1.4483e+00 -3.1007e+00 +2.8220e+00 -2.7113e+00 +1.8302e+00 +2.5684e+00 -1.2935e+00 +1.3892e+00
21 0 +7.693904272e+00 +2.948539043e+02 +2.948539043e+02 +9.2437e-01 +3.2126e+00 +3.9857e+00 +4.9077e+00 -1.5100e+00 +2.2957e+00 -2.8666e+00 +6.4337e-01 +3.5570e+00 -2.4361e-01 -1.8565e+00 -3.1735e+00 -2.5226e+00 +6.5190e-01 +1.6096e+00 +6.0140e-01 +1.6766e+00 +3.9598e+00 +1.5497e+00 +8.0074e-01
% f evaluations | g evaluations | best noise-free fitness - Fopt (-3.943800000000e+02) + sum g_i+ | measured fitness | best measured fitness or single-digit g-values | x1 | x2...
1 0 +2.183581915e+01 -3.725441808e+02 -3.725441808e+02 +3.2660e+00 +4.3085e+00 -1.3942e+00 +1.7800e+00 +4.6588e+00 -2.5161e+00 +3.8382e+00 -6.9101e-02 -1.7940e+00 -3.4831e+00 +3.0497e+00 -3.0981e+00 -4.3312e+00 +2.9864e+00 -2.0733e-01 -5.0499e-01 +4.5129e+00 +4.8479e-03 -3.9664e+00 +4.3439e+00
2 0 +1.234956980e+01 -3.820304302e+02 -3.820304302e+02 -2.5852e-02 -2.7872e+00 +4.1421e+00 -2.9734e+00 -3.2539e+00 +4.9802e+00 +2.0722e+00 +6.3843e-01 -3.9766e+00 -4.7785e+00 -4.0674e+00 -6.8677e-01 -4.6415e+00 +6.6844e-01 +5.5770e-01 +4.1301e+00 -1.4133e-01 +3.1276e+00 +3.1922e+00 +4.6354e+00
5 0 +8.449359143e+00 -3.859306409e+02 -3.859306409e+02 +2.0379e+00 -3.1744e+00 +9.3659e-02 -4.7157e-01 +3.8623e+00 +4.6789e+00 -3.5085e+00 -9.2056e-01 +8.6546e-01 -4.5491e+00 -1.2888e+00 -4.9784e+00 -3.8704e+00 -1.8292e+00 +2.6347e+00 -2.5853e+00 -3.0155e-01 +3.0192e+00 +6.8133e-01 -3.0885e+00
8 0 +7.262239439e+00 -3.871177606e+02 -3.871177606e+02 +1.0438e+00 +4.2208e+00 +4.4611e+00 +3.3752e+00 +1.9936e-01 +1.4468e+00 +2.7185e+00 +2.4055e+00 +1.6971e-01 -2.7452e+00 +3.6847e+00 +6.1536e-01 +3.6985e-01 +1.3422e+00 -3.1592e+00 -1.9132e+00 -3.5259e-01 -1.5549e+00 +7.8730e-01 -4.4306e+00
20 0 +5.801683701e+00 -3.885783163e+02 -3.885783163e+02 -2.3863e+00 +4.4134e+00 +1.6543e+00 +4.7796e+00 +2.3395e-01 +1.2607e+00 -4.8844e+00 -1.0780e-01 -4.8891e+00 -2.6361e+00 +1.4857e-01 -2.0720e+00 +3.3756e+00 +2.9100e-01 +4.6800e+00 +3.2944e+00 -2.0081e+00 -4.6712e+00 +1.9645e+00 -1.8865e+00
% f evaluations | g evaluations | best noise-free fitness - Fopt (5.443000000000e+01) + sum g_i+ | measured fitness | best measured fitness or single-digit g-values | x1 | x2...
1 0 +8.468458406e+00 +6.289845841e+01 +6.289845841e+01 +1.3648e+00 -1.7042e+00 +3.8471e-02 +2.4118e+00 +2.3398e+00 +3.9136e+00 +1.7639e+00 +9.1658e-01 -2.7823e+00 -4.1176e+00 +6.5882e-01 +4.5559e+00 +4.0789e+00 +4.1979e+00 -4.1849e+00 +3.6397e+00 -3.0723e+00 -1.7489e+00 +2.2973e+00 -4.9529e+00
9 0 +7.190581427e+00 +6.162058143e+01 +6.162058143e+01 -2.9053e+00 -1.5424e+00 -3.0600e+00 +4.1647e+00 -1.3623e+00 +3.6156e+00 +5.5380e-02 -4.7607e+00 -4.9060e+00 +1.8895e+00 +6.8784e-03 +3.8517e+00 +4.2993e+00 -1.3232e-01 -3.6753e+00 -8.7034e-02 -2.3546e+00 +8.5709e-01 +4.6357e+00 +1.8942e+00
% f evaluations | g evaluations | best noise-free fitness - Fopt (1.396900000000e+02) + sum g_i+ | measured fitness | best measured fitness or single-digit g-values | x1 | x2...
1 0 +1.448012465e+01 +1.541701247e+02 +1.541701247e+02 +2.3577e+00 +3.4920e+00 +1.7932e+00 -1.0639e+00 -1.1264e+00 -1.8615e+00 +1.2906e+00 -4.9754e+00 -4.0195e+00 +4.8774e+00 +3.8600e+00 -3.1274e+00 -1.4830e+00 +1.0001e+00 +3.2144e-01 -2.7564e+00 -2.7216e+00 -4.4403e+00 -8.7103e-01 -2.8930e+00
5 0 +1.343224367e+01 +1.531222437e+02 +1.531222437e+02 +3.7892e+00 +4.6870e+00 -4.0644e+00 +3.2578e+00 +5.0679e-01 -1.6295e+00 +3.1728e+00 -3.1172e+00 +4.1313e+00 -3.4611e+00 -5.9332e-01 +3.6368e+00 -1.8521e+00 -1.5971e+00 -4.9488e+00 +4.3073e+00 -3.3524e+00 -1.9470e+00 -2.7748e+00 +3.1296e+00
6 0 +8.860885021e+00 +1.485508850e+02 +1.485508850e+02 -1.5422e+00 -2.9525e+00 -2.8703e+00 +7.1337e-01 -3.5860e+00 -3.0042e-02 +3.5370e+00 -3.2853e+00 -8.7420e-01 +1.8678e+00 +4.3505e+00 +3.4869e+00 +3.2568e-01 -6.1936e-01 +9.3816e-01 +3.8738e+00 -4.9862e+00 +4.3473e+00 +1.5155e+00 +1.8218e+00
24 0 +7.447055494e+00 +1.471370555e+02 +1.471370555e+02 -1.8724e+00 +2.1094e+00 +1.5798e-01 +1.7179e+00 -4.7130e+00 -3.7793e+00 -1.8842e+00 +3.4602e+00 +2.9443e+00 -1.2687e+00 -3.4579e+00 +4.5063e+00 -9.2598e-01 +4.3855e+00 -3.3210e+00 +3.6294e+00 -4.1439e+00 +4.5084e-01 -3.0136e-01 -3.4588e+00
% f evaluations | g evaluations | best noise-free fitness - Fopt (-5.794000000000e+01) + sum g_i+ | measured fitness | best measured fitness or single-digit g-values | x1 | x2...
1 0 +7.957145339e+00 -4.998285466e+01 -4.998285466e+01 +1.8295e+00 +4.9282e+00 -2.0449e+00 +3.1128e+00 +3.4062e+00 -2.9982e+00 -3.4770e+00 +3.0272e+00 +2.0201e+00 -4.3784e-01 -2.5784e+00 +4.5330e+00 -4.3089e+00 +1.3215e+00 +2.0346e+00 +2.0011e+00 +2.5313e+00 +4.5895e+00 +2.1681e-01 -3.9691e+00
% f evaluations | g evaluations | best noise-free fitness - Fopt (1.253900000000e+02) + sum g_i+ | measured fitness | best measured fitness or single-digit g-values | x1 | x2...
1 0 +1.117463833e+01 +1.365646383e+02 +1.365646383e+02 +2.2461e+00 -4.7145e+00 -3.7145e+00 +3.7216e+00 -8.0050e-01 +4.6694e+00 +2.6839e-01 +2.9605e+00 -7.6509e-01 +1.4134e+00 +1.7780e+00 -4.7123e+00 +3.1055e+00 +1.3436e+00 -4.7961e+00 -3.9232e+00 -3.0484e+00 -4.7186e+00 -3.9169e+00 +1.8430e-01
10 0 +7.440814197e+00 +1.328308142e+02 +1.328308142e+02 +4.1314e+00 -1.3134e+00 -4.8245e+00 -2.2092e+00 -3.7542e+00 -3.5218e+00 -3.0798e+00 -3.3567e+00 +2.9511e+00 -4.5077e+00 -7.2873e-01 +3.2181e+00 -2.8506e+00 +3.2835e+00 -3.6985e+00 -9.5360e-01 -2.3964e+00 -3.2419e+00 -2.6560e+00 -2.3144e+00
12 0 +6.592667593e+00 +1.319826676e+02 +1.319826676e+02 -2.9995e+00 +3.0188e+00 -1.8768e+00 +3.5662e+00 -4.9751e+00 +4.3290e+00 +1.6853e+00 -2.9110e-01 +4.2044e-01 -6.0421e-01 +4.5722e-01 -8.0256e-02 -2.8757e+00 -4.6164e+00 -4.4027e+00 +2.3090e+00 -1.8099e+00 -2.7081e+00 -2.2762e+00 +4.8297e+00
