% f evaluations | g evaluations | best noise-free fitness - Fopt (-1.694000000000e+01) + sum g_i+ | measured fitness | best measured fitness or single-digit g-values | x1 | x2...
1 0 +2.194037340e+01 +5.000373398e+00 +5.000373398e+00 +1.0914e+00 +1.2222e+00 -4.0476e+00 -3.3340e-03 +1.4962e+00 +1.9466e+00 -1.4757e-01 +1.4377e-02 -3.8036e+00 -3.8699e+00
6 0 +1.836214852e+01 +1.422148519e+00 +1.422148519e+00 +9.0116e-01 +2.9358e+00 +1.4628e+00 -3.7152e+00 +1.3238e+00 -4.9203e+00 +1.4299e+00 +1.3265e+00 +1.1379e+00 -4.5277e+00
52 0 +1.639987969e+01 -5.401203076e-01 -5.401203076e-01 +9.9845e-01 +2.5573e+00 -3.9736e+00 +1.4493e-01 +3.6485e+00 -1.5260e+00 -4.1022e+00 +2.7590e+00 +3.2586e+00 -1.6018e+00
54 0 +1.612639469e+01 -8.136053078e-01 -8.136053078e-01 +8.1035e-01 +2.7550e+00 -2.3304e+00 -1.0510e+00 +2.9705e+00 -2.9044e+00 -2.3478e+00 +2.4794e+00 +2.7351e+00 -2.7777e+00
104 0 +1.487726863e+01 -2.062731373e+00 -2.062731373e+00 +2.4946e-01 +2.2709e+00 +4.4107e-01 -2.8688e+00 +7.7817e-01 -4.1963e+00 +7.5028e-01 +1.2657e+00 +1.7776e+00 -4.1546e+00
107 0 +1.432672881e+01 -2.613271195e+00 -2.613271195e+00 -4.0835e-01 +2.5290e+00 -6.3979e-01 -1.3685e+00 -5.6805e-01 -4.6592e+00 +9.2455e-01 +2.3867e+00 +2.1817e-01 -1.9482e+00
256 0 +1.400956130e+01 -2.930438698e+00 -2.930438698e+00 +7.0796e-01 +2.2673e+00 +2.5252e+00 -8.8011e-01 -2.7912e+00 -1.6736e+00 +3.7817e+00 +6.6216e-01 -1.1301e-01 +9.4883e-01
304 0 +1.050494536e+01 -6.435054640e+00 -6.435054640e+00 +9.4539e-01 +3.2497e+00 -1.2761e+00 -1.5480e+00 +1.5856e+00 -2.3150e+00 -4.7094e-01 +2.3365e+00 +2.0551e+00 -2.1455e+00
% f evaluations | g evaluations | best noise-free fitness - Fopt (1.881000000000e+01) + sum g_i+ | measured fitness | best measured fitness or single-digit g-values | x1 | x2...
1 0 +2.357465474e+01 +4.238465474e+01 +4.238465474e+01 -1.9453e+00 -1.3636e+00 -3.9849e+00 -9.2141e-01 -3.5904e-01 +6.7335e-01 -6.5661e-01 +4.8479e+00 +4.2786e+00 -2.3936e+00
4 0 +1.485751491e+01 +3.366751491e+01 +3.366751491e+01 -1.5188e+00 -1.9909e-01 -1.2329e+00 -3.3820e+00 -1.0779e+00 -3.5773e+00 -2.9114e+00 +2.9731e+00 +2.8741e+00 +1.8604e-01
6 0 +1.419988242e+01 +3.300988242e+01 +3.300988242e+01 -3.1500e+00 +1.9291e+00 -6.8183e-01 +2.6179e+00 -6.6380e-01 -2.6647e+00 +2.6764e+00 -3.5978e+00 -1.2141e+00 +1.0362e+00
8 0 +1.175409084e+01 +3.056409084e+01 +3.056409084e+01 -1.0626e+00 +4.3214e+00 +1.8612e+00 -3.5913e-01 +3.4776e+00 -9.0966e-01 +1.3778e+00 +1.9576e-01 -8.7909e-01 +4.9508e+00
41 0 +1.032699820e+01 +2.913699820e+01 +2.913699820e+01 +2.8765e+00 -2.9472e-01 +3.1349e-01 +3.8180e+00 +2.6239e+00 +4.1164e+00 -5.2534e-01 +3.8244e+00 +3.9402e-01 +3.3202e-01
53 0 +9.114980803e+00 +2.792498080e+01 +2.792498080e+01 +2.7489e+00 -1.4817e+00 +2.5808e+00 -3.2436e+00 +1.5658e+00 -7.1803e-01 +2.8280e+00 -2.5946e+00 -6.9829e-01 -1.1090e-01
58 0 +7.842252429e+00 +2.665225243e+01 +2.665225243e+01 +2.1125e+00 -1.2797e-02 +1.8731e-01 +3.6659e+00 +2.2071e+00 +3.2567e+00 -1.1944e-01 +2.8834e+00 +1.9015e-01 +4.2129e-01
352 0 +6.024630723e+00 +2.483463072e+01 +2.483463072e+01 +1.0628e+00 +3.5576e-01 +1.6531e-01 -1.1558e+00 +6.5957e-01 +3.7266e-02 -6.4099e-03 +1.0108e+00 +7.6240e-01 +4.1064e-01
456 0 +5.811016282e+00 +2.462101628e+01 +2.462101628e+01 +1.7390e+00 +6.8286e-01 +2.0006e-01 +1.8265e+00 +1.1663e+00 +2.2046e+00 +6.5378e-01 +1.4268e+00 -1.8541e-01 +1.1837e+00
457 0 +5.729977742e+00 +2.453997774e+01 +2.453997774e+01 +2.3382e+00 +7.8750e-01 +3.4250e-01 +9.1513e-01 +1.0043e+00 +2.5099e+00 +7.1356e-01 +1.5828e+00 -1.8663e-01 +1.5335e+00
555 0 +4.867237949e+00 +2.367723795e+01 +2.367723795e+01 +1.2794e+00 +2.3572e-01 +1.5552e+00 +3.4977e-01 +2.0583e+00 +2.3499e+00 +1.0230e+00 +6.5481e-01 +1.7039e-01 -6.1121e-01
% f evaluations | g evaluations | best noise-free fitness - Fopt (2.731500000000e+02) + sum g_i+ | measured fitness | best measured fitness or single-digit g-values | x1 | x2...
1 0 +2.178477941e+01 +2.949347794e+02 +2.949347794e+02 -5.7141e-01 -4.2586e-01 -3.1749e+00 -4.2793e+00 -1.0185e+00 -4.1809e+00 +2.1068e-01 -4.6412e+00 -1.0318e+00 -1.8564e+00
5 0 +2.122344771e+01 +2.943734477e+02 +2.943734477e+02 -4.0557e+00 +9.7527e-01 -4.6297e+00 -3.1177e+00 -3.7992e-01 -1.4936e+00 -1.0338e+00 -3.8973e-01 -5.6021e-01 +1.6801e+00
12 0 +1.840321920e+01 +2.915532192e+02 +2.915532192e+02 -3.4362e+00 +4.1542e+00 +1.6161e+00 +1.4455e-01 +4.8404e+00 +9.8873e-01 -3.1673e+00 +2.6747e-01 -2.3683e+00 +4.4436e+00
14 0 +1.053605691e+01 +2.836860569e+02 +2.836860569e+02 -3.6495e+00 -1.4646e+00 -2.4382e+00 +3.2535e+00 +2.3412e+00 -1.1389e+00 -2.4648e+00 -3.0730e+00 -9.0395e-01 -1.2827e-02
53 0 +8.455058646e+00 +2.816050586e+02 +2.816050586e+02 -2.3749e+00 +2.8977e+00 +3.0411e-01 +4.0768e-01 +2.1164e+00 -5.8655e-01 +1.5766e+00 -3.9345e+00 +1.3266e+00 -5.8648e-01
% f evaluations | g evaluations | best noise-free fitness - Fopt (3.718000000000e+01) + sum g_i+ | measured fitness | best measured fitness or single-digit g-values | x1 | x2...
1 0 +4.749760755e+01 +8.467760755e+01 +8.467760755e+01 -4.8459e+00 -6.6753e-01 -4.5848e+00 +4.4886e+00 -7.0661e-01 +2.9990e+00 -1.2114e-01 -1.8835e+00 -3.4611e+00 +2.9370e+00
2 0 +3.030783253e+01 +6.748783253e+01 +6.748783253e+01 -1.3849e+00 -3.0234e+00 +3.9597e+00 +1.5979e+00 -3.8766e+00 +2.3821e-01 +3.7786e+00 +3.2268e+00 -3.6059e+00 +2.6236e+00
4 0 +2.827096740e+01 +6.545096740e+01 +6.545096740e+01 +4.6367e+00 -3.1310e+00 +1.6215e+00 +8.0418e-01 -6.4085e-01 +2.3449e-02 +1.4914e+00 -2.9016e+00 -3.6330e+00 -1.0574e+00
7 0 +1.543469511e+01 +5.261469511e+01 +5.261469511e+01 -8.0892e-01 +1.8729e-02 +3.4513e+00 +4.4505e+00 -4.8479e+00 +2.6007e+00 -4.3519e+00 -4.3151e+00 -3.1385e+00 +4.1573e+00
39 0 +1.435584057e+01 +5.153584057e+01 +5.153584057e+01 -3.0326e+00 -2.2160e+00 +4.5553e+00 +5.2970e-01 +2.6004e+00 -2.6702e+00 -3.5730e+00 -2.3430e+00 -9.0280e-01 +4.2182e+00
54 0 +1.333101575e+01 +5.051101575e+01 +5.051101575e+01 +1.9928e+00 +2.1857e+00 +1.6288e+00 +1.1005e+00 -2.5832e+00 -2.6549e+00 -1.9848e-01 -3.3825e+00 +2.9117e+00 -6.7796e-01
58 0 +1.195852605e+01 +4.913852605e+01 +4.913852605e+01 -2.3995e+00 -5.0266e-01 +6.3528e-01 +3.6399e-01 -1.8056e+00 -2.2667e+00 -2.4191e+00 +1.5691e+00 -4.9635e-01 +1.6268e+00
102 0 +1.094458478e+01 +4.812458478e+01 +4.812458478e+01 +1.3514e+00 +1.2269e+00 +2.7357e-01 +6.7625e-01 -1.1931e+00 -3.1360e+00 -1.7224e+00 -1.9361e+00 +1.4897e+00 -2.9269e-01
158 0 +8.389984723e+00 +4.556998472e+01 +4.556998472e+01 -1.0494e+00 +4.0850e-01 +1.1410e+00 +1.4770e+00 -1.8967e-01 -7.1060e-01 -1.6682e+00 -1.9316e+00 -5.4331e-01 +2.5014e+00
202 0 +8.240258816e+00 +4.542025882e+01 +4.542025882e+01 -1.0249e+00 +4.4087e-01 +1.0989e+00 +1.4887e+00 -2.2408e-01 -6.8643e-01 -1.6447e+00 -1.9266e+00 -5.3887e-01 +2.4802e+00
461 0 +7.449167530e+00 +4.462916753e+01 +4.462916753e+01 -2.5819e+00 -1.3277e-02 +5.8292e-01 +7.4908e-01 -1.1739e+00 -1.7969e+00 -2.0885e+00 +1.3945e-01 -8.8657e-01 +2.2830e+00
807 0 +7.194552950e+00 +4.437455295e+01 +4.437455295e+01 -1.4821e+00 -2.7958e-01 +1.3831e+00 +5.8340e-01 -4.0930e-01 -2.4468e+00 -2.4001e+00 -3.4589e-01 -7.8258e-02 +1.7816e+00
% f evaluations | g evaluations | best noise-free fitness - Fopt (-1.479000000000e+02) + sum g_i+ | measured fitness | best measured fitness or single-digit g-values | x1 | x2...
1 0 +2.334890693e+01 -1.245510931e+02 -1.245510931e+02 +4.1481e+00 -1.1687e+00 +2.9453e+00 -2.3804e-01 +2.4396e+00 -1.5185e+00 +3.3734e+00 +3.2394e-01 -3.2936e+00 -4.5806e+00
3 0 +1.499054980e+01 -1.329094502e+02 -1.329094502e+02 +5.3832e-01 +3.9140e+00 -1.6860e+00 -4.4143e+00 -4.6086e+00 +4.0703e+00 +3.0074e-01 -4.8194e+00 +2.2426e+00 -3.5855e+00
22 0 +1.394121872e+01 -1.339587813e+02 -1.339587813e+02 -2.5372e+00 +1.5021e-02 -1.9595e+00 -3.3316e-02 -1.1757e-01 -9.4468e-01 -2.8794e+00 -1.3328e+00 -3.7988e+00 -3.6531e+00
30 0 +1.304036512e+01 -1.348596349e+02 -1.348596349e+02 -4.2046e+00 -6.9330e-01 +1.5437e+00 -1.5772e+00 -9.0947e-01 +1.1988e+00 +4.1886e+00 +6.8065e-01 +1.9438e-01 +1.2775e-01
38 0 +1.233803871e+01 -1.355619613e+02 -1.355619613e+02 +1.9980e+00 +3.9943e+00 -1.7333e-01 -1.9924e+00 -2.8283e+00 -2.0703e+00 +2.5159e-01 -4.7023e+00 +4.0524e-01 -9.8225e-01
47 0 +1.027761163e+01 -1.376223884e+02 -1.376223884e+02 +1.4059e+00 -2.6448e+00 -2.4145e+00 -4.3078e+00 -8.6934e-01 +3.2369e+00 -7.0067e-01 -1.4025e+00 -4.0321e+00 +4.7568e+00
49 0 +9.326818612e+00 -1.385731814e+02 -1.385731814e+02 +2.3644e+00 +2.5673e+00 -1.8513e+00 -4.1145e+00 -1.3743e+00 +2.9352e+00 -1.8074e+00 +2.5557e+00 -3.0843e+00 +1.5209e+00
55 0 +6.412976284e+00 -1.414870237e+02 -1.414870237e+02 +8.1116e-01 +1.9339e+00 +3.2359e+00 -2.0123e+00 -3.1350e+00 -7.4041e-01 +1.7966e+00 -1.7244e+00 +6.8319e-01 -8.0843e-01
104 0 +5.979248660e+00 -1.419207513e+02 -1.419207513e+02 -1.9218e-01 +2.5357e+00 -1.4288e-01 -1.7566e+00 -1.7721e+00 +1.2927e+00 -3.1725e-01 -1.3208e+00 -1.5809e+00 +1.1534e+00
105 0 +5.715429391e+00 -1.421845706e+02 -1.421845706e+02 -2.9409e-01 +2.5968e+00 -4.8605e-01 -1.7306e+00 -1.6337e+00 +1.4992e+00 -5.3195e-01 -1.2798e+00 -1.8109e+00 +1.3526e+00
157 0 +5.507616360e+00 -1.423923836e+02 -1.423923836e+02 -4.7642e-01 +2.3040e+00 -4.5737e-01 -1.6055e+00 -1.2966e+00 +1.2427e+00 -3.3590e-01 -1.2400e+00 -1.8182e+00 +7.5606e-01
202 0 +5.240918525e+00 -1.426590815e+02 -1.426590815e+02 +7.4110e-02 +2.8259e+00 -3.5640e-01 -5.1738e-01 -1.5449e+00 +2.6131e-01 -5.4202e-01 -7.6695e-01 -9.5568e-01 +9.6769e-02
505 0 +4.091681790e+00 -1.438083182e+02 -1.438083182e+02 +5.3700e-01 +2.3959e+00 -6.1071e-01 -1.4471e+00 -4.0684e-01 +1.9840e+00 -7.3358e-01 +2.1000e-01 -1.9697e+00 +1.0111e-01
% f evaluations | g evaluations | best noise-free fitness - Fopt (4.817100000000e+02) + sum g_i+ | measured fitness | best measured fitness or single-digit g-values | x1 | x2...
1 0 +1.980183871e+02 +6.797283871e+02 +6.797283871e+02 -4.7983e+00 +1.1292e+00 +4.3931e+00 -3.8556e+00 +2.1749e+00 -4.5862e+00 -1.6526e+00 -2.5753e+00 +1.7484e+00 +5.2588e-01
2 0 +3.279461475e+01 +5.145046147e+02 +5.145046147e+02 +4.0961e+00 -3.4816e+00 +2.1529e+00 -9.8446e-01 +1.5433e+00 +3.1886e+00 -3.1239e+00 -3.9158e+00 -3.5773e+00 -3.4527e+00
13 0 +1.089303989e+01 +4.926030399e+02 +4.926030399e+02 +2.5900e+00 -1.2623e+00 -4.1361e+00 +4.4878e+00 -2.4603e+00 -2.5374e+00 -8.1919e-01 -4.6389e+00 -2.2693e+00 +2.3911e+00
159 0 +1.024792114e+01 +4.919579211e+02 +4.919579211e+02 +1.9073e+00 -1.7345e+00 -2.8161e+00 +3.5000e+00 -2.6202e+00 -3.0180e+00 -2.1531e+00 -1.9482e+00 -2.7371e+00 +1.1365e+00
202 0 +9.999546949e+00 +4.917095469e+02 +4.917095469e+02 +1.8993e+00 -1.7765e+00 -2.7378e+00 +3.3962e+00 -2.5650e+00 -3.0418e+00 -2.0648e+00 -1.9900e+00 -2.6217e+00 +1.0934e+00
258 0 +6.000605843e+00 +4.877106058e+02 +4.877106058e+02 +1.7983e+00 -2.3059e+00 -1.7500e+00 +2.0863e+00 -1.8685e+00 -3.3416e+00 -9.5082e-01 -2.5169e+00 -1.1668e+00 +5.4978e-01
402 0 +4.613465059e+00 +4.863234651e+02 +4.863234651e+02 +8.6618e-01 -1.5122e+00 -1.8542e+00 +2.7863e+00 -1.0812e+00 -1.5330e+00 -1.3186e+00 -1.1779e+00 -1.6836e+00 +1.9735e-01
% f evaluations | g evaluations | best noise-free fitness - Fopt (-3.646000000000e+01) + sum g_i+ | measured fitness | best measured fitness or single-digit g-values | x1 | x2...
1 0 +4.294694141e+01 +6.486941412e+00 +6.486941412e+00 -4.9288e+00 +2.4198e+00 -1.1212e+00 -4.0871e+00 -3.4588e+00 +4.8864e+00 +3.1880e+00 +4.5950e+00 -4.7599e-01 -9.2956e-01
6 0 +3.306265034e+01 -3.397349659e+00 -3.397349659e+00 -2.5023e-01 +3.6722e+00 -1.6554e-01 +3.6379e+00 -3.8074e+00 +2.3676e+00 +1.9081e+00 +1.0772e+00 -1.6555e+00 +3.0714e+00
7 0 +1.945431177e+01 -1.700568823e+01 -1.700568823e+01 -2.3938e+00 -3.9858e+00 -4.7495e+00 +3.5768e+00 -1.2533e+00 +2.7666e+00 +4.4140e+00 +2.8286e+00 +1.4282e+00 -2.5908e+00
17 0 +7.768051894e+00 -2.869194811e+01 -2.869194811e+01 -4.8042e-01 -2.0362e+00 -4.5525e+00 +3.3259e+00 +3.6289e+00 +3.5944e+00 +4.5912e+00 +9.6142e-01 -3.3613e+00 -2.3846e+00
53 0 +7.623346132e+00 -2.883665387e+01 -2.883665387e+01 -5.7093e-01 -2.1285e+00 -4.5618e+00 +3.3377e+00 +3.3979e+00 +3.5552e+00 +4.5828e+00 +1.0497e+00 -3.1348e+00 -2.3943e+00
56 0 +7.479362447e+00 -2.898063755e+01 -2.898063755e+01 -6.5082e-01 -2.0085e+00 -4.4764e+00 +3.3193e+00 +3.6348e+00 +3.3902e+00 +4.4545e+00 +8.8409e-01 -3.1305e+00 -2.1761e+00
311 0 +7.058952424e+00 -2.940104758e+01 -2.940104758e+01 -4.8042e-01 -2.0362e+00 -4.5525e+00 +1.2699e+00 +3.6289e+00 +3.5944e+00 +4.5912e+00 +9.6142e-01 -3.3613e+00 -2.3846e+00
458 0 +6.064998164e+00 -3.039500184e+01 -3.039500184e+01 -2.3318e-01 -2.0207e+00 -2.6607e+00 +3.2715e+00 +3.2584e+00 +1.8576e+00 +3.5528e+00 +9.4350e-01 -2.4916e+00 -2.3832e+00
% f evaluations | g evaluations | best noise-free fitness - Fopt (3.920000000000e+01) + sum g_i+ | measured fitness | best measured fitness or single-digit g-values | x1 | x2...
1 0 +1.229853019e+01 +5.149853019e+01 +5.149853019e+01 +4.9779e+00 -1.7098e+00 +4.1758e+00 +2.9056e+00 +1.9481e+00 -3.0073e+00 +4.3026e+00 +1.0906e+00 -4.2542e+00 +1.8888e+00
39 0 +1.213139777e+01 +5.133139777e+01 +5.133139777e+01 +1.3097e-01 +3.8140e+00 +2.7737e+00 +4.7991e+00 +1.3044e+00 +1.5984e+00 +1.8980e-01 -2.8794e+00 -2.4833e+00 +3.3969e+00
54 0 +9.571299419e+00 +4.877129942e+01 +4.877129942e+01 +1.5379e+00 +1.4256e+00 +4.0224e-01 +1.0003e+00 +1.2363e+00 +9.4886e-01 +2.1026e+00 -2.6363e+00 -3.7079e-01 +1.5477e+00
57 0 +8.765965576e+00 +4.796596558e+01 +4.796596558e+01 +1.5640e+00 -1.3155e+00 +2.2154e+00 +6.5660e-01 +1.7462e+00 -2.8680e+00 +2.8103e+00 -1.2997e+00 -7.1643e-02 +9.5752e-01
% f evaluations | g evaluations | best noise-free fitness - Fopt (-3.225000000000e+01) + sum g_i+ | measured fitness | best measured fitness or single-digit g-values | x1 | x2...
1 0 +4.429578397e+01 +1.204578397e+01 +1.204578397e+01 +6.4160e-01 -6.5287e-01 -4.7511e+00 +7.9801e-01 +1.5115e+00 -1.2794e-01 -1.9233e+00 -1.0199e+00 +4.1840e+00 -1.6296e+00
10 0 +4.055544695e+01 +8.305446947e+00 +8.305446947e+00 -1.7426e+00 -2.3988e+00 +3.0951e-01 +2.8777e+00 +4.3641e+00 +2.1154e+00 -2.4413e+00 -2.4242e+00 +1.6020e+00 +4.1040e+00
15 0 +1.682608006e+01 -1.542391994e+01 -1.542391994e+01 +1.0456e+00 -3.4565e+00 -1.7198e+00 -4.7047e+00 -4.5338e+00 -3.9389e+00 -3.0298e+00 +1.4141e+00 -4.5188e+00 +1.7190e+00
664 0 +1.635562958e+01 -1.589437042e+01 -1.589437042e+01 +1.0456e+00 -3.4565e+00 -1.7198e+00 -4.7047e+00 -2.4486e+00 -3.9389e+00 -3.0298e+00 +1.4141e+00 -4.5188e+00 +1.7190e+00
712 0 +1.556599107e+01 -1.668400893e+01 -1.668400893e+01 +1.0456e+00 -3.4565e+00 -1.7198e+00 -4.7047e+00 -2.4486e+00 -3.9389e+00 -1.1875e+00 +1.4141e+00 -4.5188e+00 +1.7190e+00
853 0 +1.383714163e+01 -1.841285837e+01 -1.841285837e+01 +3.5246e-01 -2.6072e+00 -1.9577e+00 -3.4395e+00 -2.4212e+00 -3.5866e+00 -2.5641e+00 +1.2884e+00 -3.4984e+00 +1.1389e+00
907 0 +1.225586132e+01 -1.999413868e+01 -1.999413868e+01 +3.8266e-01 -2.6443e+00 -1.9473e+00 -3.4945e+00 -2.5133e+00 -3.6018e+00 -2.5845e+00 +1.2938e+00 -3.5428e+00 +1.1643e+00
% f evaluations | g evaluations | best noise-free fitness - Fopt (3.681200000000e+02) + sum g_i+ | measured fitness | best measured fitness or single-digit g-values | x1 | x2...
1 0 +7.245984941e+01 +4.405798494e+02 +4.405798494e+02 +4.9433e+00 -4.9523e+00 -3.3349e+00 +4.9617e+00 -1.7654e+00 +1.0445e+00 +2.6878e+00 +1.1740e+00 -3.1766e-01 +2.3593e+00
2 0 +4.200909728e+01 +4.101290973e+02 +4.101290973e+02 +6.6926e-01 +3.8461e+00 -1.8036e+00 +7.6366e-01 +2.1038e+00 -4.5520e+00 -8.0704e-01 +7.9436e-01 +4.0309e+00 -8.6030e-01
4 0 +1.620120510e+01 +3.843212051e+02 +3.843212051e+02 -1.7668e+00 -1.2737e+00 +5.0125e-01 -2.9573e+00 +4.3607e+00 -9.9685e-01 +2.9432e+00 -2.1715e+00 +1.2934e+00 -2.4903e+00
14 0 +1.326164178e+01 +3.813816418e+02 +3.813816418e+02 -3.9336e+00 +1.8254e+00 +2.3519e+00 -7.4869e-01 +2.0277e+00 -2.8443e+00 +1.6305e+00 -3.0195e-01 +2.3561e-01 -4.8648e+00
53 0 +1.176716000e+01 +3.798871600e+02 +3.798871600e+02 -3.9055e+00 +1.7299e+00 -1.6970e+00 -3.6938e-01 +3.9073e+00 -2.0392e+00 +2.4026e+00 -1.1666e+00 +4.7649e+00 +1.7332e+00
55 0 +8.484733969e+00 +3.766047340e+02 +3.766047340e+02 -2.4259e+00 +2.7423e-01 +1.0633e+00 -3.2848e+00 +4.5324e+00 -1.2597e+00 +8.7009e-01 -2.0930e+00 +2.9419e-01 -2.6778e+00
% f evaluations | g evaluations | best noise-free fitness - Fopt (4.739000000000e+01) + sum g_i+ | measured fitness | best measured fitness or single-digit g-values | x1 | x2...
1 0 +2.287837356e+01 +7.026837356e+01 +7.026837356e+01 -2.5930e+00 -9.2740e-01 -4.1154e+00 -5.6269e-01 +2.5043e+00 -2.9878e-01 -1.0650e+00 +2.1635e+00 +4.6002e+00 -1.0976e+00
2 0 +1.668195251e+01 +6.407195251e+01 +6.407195251e+01 +3.4407e+00 -4.8434e+00 +1.6265e+00 +4.7077e+00 -1.3352e+00 +2.5320e+00 -4.1769e+00 +5.6457e-02 +2.1216e+00 +4.6266e+00
5 0 +1.553207743e+01 +6.292207743e+01 +6.292207743e+01 +2.8649e+00 -1.3845e+00 -2.8511e+00 +4.4512e+00 -4.9582e+00 -4.4469e+00 -1.7983e+00 +2.8548e+00 -2.2493e+00 -1.7040e+00
6 0 +1.532107780e+01 +6.271107780e+01 +6.271107780e+01 -1.3707e+00 +1.3735e-01 -3.6675e+00 +1.0570e+00 +1.7742e+00 -2.1739e+00 -4.2757e+00 +4.0475e+00 -2.4110e+00 +1.2237e+00
13 0 +1.361103911e+01 +6.100103911e+01 +6.100103911e+01 +2.2480e+00 -2.3672e+00 +2.4749e-01 -1.8407e+00 +2.0695e+00 +8.5093e-01 -4.0307e+00 -2.4088e-01 -4.0108e+00 -4.7162e-02
15 0 +1.216717273e+01 +5.955717273e+01 +5.955717273e+01 +5.3184e-01 +4.5146e+00 -2.0507e-01 -1.7887e+00 -2.6180e+00 -2.0210e+00 -3.8892e+00 -1.9487e+00 -3.8707e+00 -2.3446e+00
32 0 +1.105542365e+01 +5.844542365e+01 +5.844542365e+01 +2.6326e+00 -1.7939e+00 +2.2677e+00 -2.9862e+00 +1.2489e+00 -2.5184e+00 -2.9296e+00 +2.2103e+00 -7.6890e-01 -1.6723e+00
48 0 +8.937863947e+00 +5.632786395e+01 +5.632786395e+01 -3.6704e+00 +2.5861e+00 -1.7703e+00 -4.9182e-01 +3.0969e+00 -4.5373e+00 -4.4041e+00 +3.2195e+00 -4.2152e+00 -3.2815e+00
255 0 +8.461378096e+00 +5.585137810e+01 +5.585137810e+01 -6.5201e-01 +9.8044e-01 +1.3993e+00 -3.2351e+00 +1.3071e+00 -2.6532e+00 +1.0091e+00 +2.0739e+00 +3.6497e-01 -7.3421e-01
403 0 +7.955796395e+00 +5.534579640e+01 +5.534579640e+01 -1.1329e+00 -3.5495e-01 +4.9673e-01 -2.0349e+00 +1.9806e+00 -2.1488e+00 -2.0251e+00 +1.7271e+00 -2.2050e+00 -1.9841e+00
405 0 +7.441732304e+00 +5.483173230e+01 +5.483173230e+01 -3.5780e+00 +2.5532e+00 -1.7129e+00 -5.5995e-01 +3.0382e+00 -4.4860e+00 -4.3092e+00 +3.1511e+00 -4.1374e+00 -3.2418e+00
503 0 +6.173644766e+00 +5.356364477e+01 +5.356364477e+01 -3.1200e+00 +2.2536e+00 -1.1555e+00 -9.7325e-01 +2.7735e+00 -4.2329e+00 -3.5781e+00 +3.0066e+00 -3.4844e+00 -2.8874e+00
506 0 +5.977809610e+00 +5.336780961e+01 +5.336780961e+01 -2.4716e+00 +1.9194e+00 -7.8229e-02 -1.8948e+00 +1.8392e+00 -3.9519e+00 -2.0457e+00 +2.6400e+00 -2.5615e+00 -2.4534e+00
559 0 +5.552048306e+00 +5.294204831e+01 +5.294204831e+01 -1.9943e+00 +1.8468e+00 -4.8702e-01 -1.7907e+00 +1.9993e+00 -3.5879e+00 -2.4820e+00 +2.0187e+00 -2.6418e+00 -2.4865e+00
605 0 +4.977843246e+00 +5.236784325e+01 +5.236784325e+01 -1.8213e+00 +1.0682e+00 -3.1356e-01 -1.7244e+00 +1.8299e+00 -3.1020e+00 -2.5804e+00 +2.0246e+00 -2.6917e+00 -2.3891e+00
% f evaluations | g evaluations | best noise-free fitness - Fopt (-3.428900000000e+02) + sum g_i+ | measured fitness | best measured fitness or single-digit g-values | x1 | x2...
1 0 +4.853612657e+01 -2.943538734e+02 -2.943538734e+02 +4.6273e-01 -3.3361e+00 -4.6109e+00 -4.6131e+00 -3.6710e-03 +1.3796e+00 +2.8197e+00 -4.8191e+00 -4.0967e+00 -1.5560e+00
4 0 +3.369185757e+01 -3.091981424e+02 -3.091981424e+02 +4.8973e+00 -4.8150e+00 -3.3550e+00 -1.9344e+00 +1.5197e+00 +1.9778e+00 -4.9433e+00 -4.5332e+00 +2.2597e+00 +1.2865e+00
5 0 +2.717474554e+01 -3.157152545e+02 -3.157152545e+02 +3.0607e-01 +1.9037e+00 -3.1880e+00 -3.7341e+00 +3.1326e+00 +2.3259e+00 +1.7709e-01 -2.7951e+00 +4.6302e+00 -3.0377e+00
7 0 +1.698869493e+01 -3.259013051e+02 -3.259013051e+02 +2.7279e+00 -7.6341e-01 -6.6524e-01 -5.8408e-01 -4.1009e+00 +7.1271e-01 +9.7047e-01 +3.5179e+00 -2.1934e+00 -4.3114e+00
15 0 +1.416017945e+01 -3.287298205e+02 -3.287298205e+02 +1.0098e+00 +3.3107e+00 +7.0662e-01 -3.6089e+00 -1.8387e+00 -1.8056e+00 +5.7879e-01 -2.3294e+00 +3.8000e+00 +3.4421e-01
49 0 +1.231529499e+01 -3.305747050e+02 -3.305747050e+02 +3.4406e+00 -1.9543e+00 -2.9941e-01 -3.5334e+00 -1.3497e+00 -1.9703e+00 -2.2540e+00 +1.7008e+00 -1.0301e+00 -3.0650e+00
54 0 +8.718037915e+00 -3.341719621e+02 -3.341719621e+02 +1.2286e+00 -3.4449e+00 -2.2355e-01 -3.0578e+00 -1.1855e+00 -2.2360e+00 +1.1395e+00 +3.0627e+00 +3.4140e+00 +3.6343e+00
108 0 +8.113061161e+00 -3.347769388e+02 -3.347769388e+02 +1.1627e+00 -3.4120e+00 -1.7752e-01 -3.0713e+00 -1.0724e+00 -2.1043e+00 +9.7521e-01 +2.9595e+00 +3.3295e+00 +3.4885e+00
409 0 +6.757726079e+00 -3.361322739e+02 -3.361322739e+02 +3.6930e+00 -2.5602e+00 +3.6170e-02 -3.7629e+00 +3.9076e-01 -1.8105e-01 -1.9658e+00 +1.1583e+00 +7.3793e-02 -1.6150e+00
753 0 +5.384883328e+00 -3.375051167e+02 -3.375051167e+02 +3.1016e+00 -2.2329e+00 -1.7165e-01 -3.1220e+00 +2.3491e-01 +5.1024e-01 -1.6979e+00 +1.3106e+00 +3.3790e-01 -1.0115e+00
% f evaluations | g evaluations | best noise-free fitness - Fopt (9.102000000000e+01) + sum g_i+ | measured fitness | best measured fitness or single-digit g-values | x1 | x2...
1 0 +1.370240543e+01 +1.047224054e+02 +1.047224054e+02 +2.5672e+00 -4.1603e+00 -1.9749e+00 +2.6600e-01 +1.4570e+00 -3.6454e+00 -4.1906e+00 -4.5495e+00 +4.9263e+00 -4.5681e+00
8 0 +9.643623899e+00 +1.006636239e+02 +1.006636239e+02 +5.5228e-01 -7.5161e-01 +7.0197e-01 -3.9555e-01 +2.0238e+00 -3.7788e-01 -3.0205e+00 +2.0953e+00 -5.8632e-01 +2.1329e+00
40 0 +9.385828930e+00 +1.004058289e+02 +1.004058289e+02 +1.9024e+00 -1.3439e+00 +4.7572e+00 -1.5734e+00 -4.6090e+00 +7.6541e-01 -1.3683e+00 +1.5564e+00 -3.8942e+00 -3.6177e+00
59 0 +8.958195432e+00 +9.997819543e+01 +9.997819543e+01 +1.6807e+00 -1.1237e+00 +4.2514e+00 -1.3802e+00 -4.4451e+00 +6.2087e-01 -1.3640e+00 +1.6600e+00 -3.3039e+00 -3.7213e+00
102 0 +8.400508524e+00 +9.942050852e+01 +9.942050852e+01 +5.0114e-01 +6.6066e-01 +1.8360e+00 +6.7786e-02 -1.7693e+00 -1.6298e+00 -7.0922e-01 +4.6828e-01 +9.6928e-02 -1.4402e+00
105 0 +8.077368325e+00 +9.909736832e+01 +9.909736832e+01 +2.7632e+00 -1.6950e-01 +6.8532e-01 -1.6810e+00 -4.0821e+00 -3.4453e+00 -7.3880e-01 +1.5123e-01 +2.5800e+00 +3.7027e-01
159 0 +6.797528852e+00 +9.781752885e+01 +9.781752885e+01 +1.2592e+00 -1.6373e-01 +2.2912e+00 -6.9574e-01 -2.7217e+00 -1.2573e+00 -6.6375e-01 +8.1269e-01 -4.0712e-01 -1.8082e+00
504 0 +4.413749745e+00 +9.543374975e+01 +9.543374975e+01 +2.5218e+00 -5.3531e-01 +1.8782e+00 -1.6640e+00 -4.2082e+00 -2.1652e+00 -8.9210e-01 +5.8897e-01 +6.4219e-01 -8.1661e-01
% f evaluations | g evaluations | best noise-free fitness - Fopt (7.324200000000e+02) + sum g_i+ | measured fitness | best measured fitness or single-digit g-values | x1 | x2...
1 0 +3.009523555e+01 +7.625152356e+02 +7.625152356e+02 -1.2068e+00 -2.8540e+00 +1.7356e+00 -8.8270e-01 -4.6843e+00 -5.5405e-01 +3.8303e+00 +4.0203e+00 -4.2553e+00 +2.4190e+00
2 0 +2.724853242e+01 +7.596685324e+02 +7.596685324e+02 -3.3639e+00 +4.3113e+00 -2.9915e+00 +3.2258e+00 +2.7836e+00 +4.4972e+00 +1.7815e-01 +2.4998e+00 +1.1221e+00 -7.5853e-01
5 0 +2.030112196e+01 +7.527211220e+02 +7.527211220e+02 -4.6083e-01 -1.7825e+00 +1.6623e-01 -6.1756e-02 +4.0697e+00 -4.3712e+00 +9.2329e-01 +3.2675e+00 +4.8721e-01 -3.0012e+00
8 0 +1.672940873e+01 +7.491494087e+02 +7.491494087e+02 -4.8033e+00 -3.6649e+00 +3.2650e+00 -4.2897e+00 +1.2432e+00 +9.1985e-01 -1.0693e+00 -1.5158e+00 -4.5205e+00 -7.7915e-01
9 0 +1.239311472e+01 +7.448131147e+02 +7.448131147e+02 -3.0496e+00 +2.4198e+00 +1.5970e+00 -3.0333e+00 -2.0786e+00 +1.2686e+00 +1.6559e-01 +3.4991e-01 -1.7122e+00 +6.4140e-01
10 0 +1.149724914e+01 +7.439172491e+02 +7.439172491e+02 -6.3579e-01 +3.3584e+00 +3.9542e+00 -2.2978e+00 -4.1736e+00 -7.3956e-01 -1.9318e+00 -1.4736e+00 +1.7697e+00 +2.5599e+00
20 0 +9.070403150e+00 +7.414904032e+02 +7.414904032e+02 -3.7243e+00 -2.0909e+00 +7.4287e-01 +6.0143e-01 -4.3540e+00 +2.0690e+00 -3.6132e-01 -2.5553e+00 -2.6145e+00 -1.9361e+00
38 0 +6.961189250e+00 +7.393811892e+02 +7.393811892e+02 -2.9371e+00 +7.9738e-01 +3.0302e+00 +3.6119e+00 -4.5852e+00 -1.4767e+00 +1.6307e+00 +8.1879e-01 -1.8358e+00 +1.1637e+00
204 0 +6.492652102e+00 +7.389126521e+02 +7.389126521e+02 -2.8607e+00 +8.7882e-01 +3.0227e+00 +3.4307e+00 -4.5478e+00 -1.4204e+00 +1.5304e+00 +7.3152e-01 -1.6821e+00 +1.2263e+00
302 0 +4.894514375e+00 +7.373145144e+02 +7.373145144e+02 -1.4070e+00 -1.3575e+00 +8.1524e-01 +3.6812e+00 -1.3246e+00 -1.3589e+00 -4.3335e-01 -7.7853e-01 +8.7597e-01 +3.2685e-02
309 0 +4.176846747e+00 +7.365968467e+02 +7.365968467e+02 -2.1216e-01 -3.4251e-01 +1.0780e+00 +3.4587e+00 -2.6767e+00 -2.6138e+00 -1.7435e-02 +1.8098e+00 +5.2924e-01 +5.4520e-01
614 0 +3.886819294e+00 +7.363068193e+02 +7.363068193e+02 -1.4391e+00 +9.5909e-01 +2.5064e+00 +1.3733e+00 -3.0247e+00 -6.6569e-01 -2.5209e-01 -7.4074e-01 +6.6947e-01 +1.2290e+00
855 0 +3.686367225e+00 +7.361063672e+02 +7.361063672e+02 -1.2513e+00 +3.7392e-01 +1.8224e+00 +2.3189e+00 -2.9548e+00 -1.0101e+00 +4.5874e-01 +1.1618e-01 +7.8983e-02 +9.9289e-01
% f evaluations | g evaluations | best noise-free fitness - Fopt (3.542000000000e+01) + sum g_i+ | measured fitness | best measured fitness or single-digit g-values | x1 | x2...
1 0 +8.180970132e+01 +1.172297013e+02 +1.172297013e+02 -4.5408e+00 -2.8159e+00 -3.5841e+00 -3.4162e+00 -9.8004e-02 +4.9210e+00 -1.0347e+00 -1.8641e-01 +3.4016e-02 +4.2717e+00
3 0 +7.936939346e+01 +1.147893935e+02 +1.147893935e+02 -2.2555e-01 +3.2404e+00 -1.4827e+00 -4.2907e+00 -4.9502e+00 +1.5611e+00 +1.2207e+00 -1.2773e+00 -5.6386e-01 -4.9235e+00
4 0 +2.561742722e+01 +6.103742722e+01 +6.103742722e+01 +3.6334e+00 -1.5984e+00 +9.0089e-01 -4.0378e+00 +3.2793e+00 -4.5568e+00 -3.8312e+00 +2.9593e+00 +2.5634e+00 +3.1163e-01
14 0 +2.500341848e+01 +6.042341848e+01 +6.042341848e+01 +2.2346e-01 +2.0227e+00 -2.2394e+00 -2.7941e+00 -3.3659e-01 +4.3349e+00 -1.7830e+00 -1.1543e+00 +9.1218e-02 +2.7576e+00
44 0 +1.739790217e+01 +5.281790217e+01 +5.281790217e+01 +3.3975e+00 +2.0233e+00 +1.8141e+00 +1.4645e+00 +3.3507e-01 +3.3523e+00 -2.5746e+00 -1.4347e+00 +3.3953e-02 +1.4789e+00
54 0 +1.452559337e+01 +4.994559337e+01 +4.994559337e+01 +1.4150e+00 +5.7271e-01 +4.5252e+00 -4.1814e+00 -1.5208e+00 +3.8343e+00 -1.3506e-01 -1.0381e+00 -1.0936e+00 -3.3304e+00
457 0 +1.231158582e+01 +4.773158582e+01 +4.773158582e+01 +6.0634e-01 -2.9473e-01 +3.4947e+00 -2.9757e+00 -3.4545e+00 +9.1017e-01 +2.0767e+00 -2.2644e+00 -3.5555e+00 -3.7383e+00
807 0 +1.095206488e+01 +4.637206488e+01 +4.637206488e+01 +2.3724e+00 -1.3945e-01 +8.9537e-01 +9.5088e-01 -5.6205e-01 +2.4026e+00 -2.0602e+00 -1.1830e+00 -6.7709e-01 +3.5155e-01
