% f evaluations | g evaluations | best noise-free fitness - Fopt (-1.694000000000e+01) + sum g_i+ | measured fitness | best measured fitness or single-digit g-values | x1 | x2...
1 0 +4.227192539e+01 +2.533192539e+01 +2.533192539e+01 -3.6883e+00 -4.5727e+00 +3.8588e+00 -3.0614e+00 +1.0937e+00 -1.8358e-01 -3.2956e+00 -3.1634e+00 +4.0581e+00 +1.4104e-01 +7.8976e-03 +9.2249e-01 -1.3972e-01 -1.4844e+00 +4.3301e+00 +1.4391e+00 -3.6413e-02 +3.4470e+00 -4.1716e+00 +2.4355e+00
2 0 +1.883754293e+01 +1.897542933e+00 +1.897542933e+00 +2.2721e+00 +1.5421e+00 +8.8232e-01 +3.1903e+00 +4.0585e+00 -3.4890e+00 +4.0958e+00 -8.3064e-02 -4.7551e+00 -2.6168e+00 +3.7193e+00 +3.7494e+00 -2.0911e-01 -2.5219e+00 +4.6612e+00 -3.4356e+00 +1.0998e+00 +1.9712e+00 -1.5763e+00 +1.5863e+00
36 0 +1.276221433e+01 -4.177785673e+00 -4.177785673e+00 -6.3493e-01 +7.6339e-01 -4.4706e+00 +1.4395e+00 +3.0176e+00 +1.8708e+00 +1.3684e+00 +1.8459e+00 +1.1610e-01 +2.6836e+00 +3.7353e+00 +9.1787e-01 -7.4840e-01 +1.8898e+00 +2.0754e+00 +4.9923e+00 +4.3353e+00 +2.5419e-01 -1.3573e+00 +1.6212e+00
103 0 +1.208192588e+01 -4.858074118e+00 -4.858074118e+00 -8.5018e-01 +7.3547e-01 -4.3525e+00 +1.1200e+00 +2.8549e+00 +1.7765e+00 +1.1699e+00 +1.5724e+00 +2.2135e-01 +2.4361e+00 +3.7964e+00 +6.8271e-01 -5.3999e-01 +1.5840e+00 +1.7492e+00 +4.8301e+00 +4.3256e+00 +2.4485e-01 -1.3478e+00 +1.7428e+00
152 0 +1.174914681e+01 -5.190853191e+00 -5.190853191e+00 -1.0149e+00 -8.6134e-01 -2.3494e+00 +5.9270e-01 +2.8374e+00 +1.5642e+00 -5.4238e-01 -1.7982e-02 +8.1445e-01 +1.5153e-01 +1.7527e+00 -2.0010e-01 -3.4337e-01 +6.0890e-01 +1.7269e+00 +2.9723e+00 +1.5770e+00 +1.7277e+00 +2.0734e-01 +2.2603e+00
252 0 +1.033650716e+01 -6.603492837e+00 -6.603492837e+00 -3.5377e-01 -6.6146e-02 -7.2283e-01 +1.8469e+00 +2.6158e+00 +1.4219e+00 -8.1665e-03 +4.6982e-01 -1.8417e-01 +3.7916e-01 +3.2219e+00 +6.3884e-01 -1.2668e+00 -1.4082e-01 +1.5536e+00 +5.7450e-01 +2.0112e+00 +1.8471e+00 -9.8505e-01 +2.2307e+00
807 0 +1.013695391e+01 -6.803046087e+00 -6.803046087e+00 -4.0721e-01 +9.5959e-01 -4.4940e+00 +1.5027e+00 +2.7975e+00 +1.7311e+00 +1.4670e+00 +1.5320e+00 +1.4844e-01 +2.5762e+00 +3.5854e+00 +1.0059e+00 -7.4789e-01 +1.6539e+00 +1.9034e+00 +4.4871e+00 +4.0454e+00 +7.9312e-02 -1.4965e+00 +1.2415e+00
1152 0 +9.539718836e+00 -7.400281164e+00 -7.400281164e+00 +8.3953e-02 +1.3434e+00 -4.5129e+00 +1.6101e+00 +2.3256e+00 +1.4241e+00 +1.6634e+00 +8.6877e-01 +2.3922e-01 +2.3636e+00 +3.3006e+00 +1.0581e+00 -7.9471e-01 +1.1607e+00 +1.5306e+00 +3.2783e+00 +3.3894e+00 -1.2422e-01 -1.7821e+00 +1.4278e+00
1252 0 +8.627062733e+00 -8.312937267e+00 -8.312937267e+00 -1.1405e-01 +1.1399e+00 -4.4258e+00 +1.4816e+00 +2.4868e+00 +1.7094e+00 +1.1630e+00 +1.1802e+00 +2.1408e-01 +8.0076e-01 +3.4358e+00 +8.5762e-01 -8.3199e-01 +1.3982e+00 +1.8445e+00 +3.9812e+00 +3.5515e+00 +1.1282e-01 -1.6268e+00 +1.4593e+00
1562 0 +7.824300563e+00 -9.115699437e+00 -9.115699437e+00 -8.9978e-02 +1.1629e+00 -4.4730e+00 +1.4380e+00 +2.4904e+00 +1.6401e+00 +1.3644e+00 +1.0491e+00 +2.0888e-01 +1.4610e+00 +3.4201e+00 +9.2736e-01 -8.1255e-01 +1.3573e+00 +1.7705e+00 +3.8788e+00 +3.5750e+00 +5.7582e-02 -1.6659e+00 +1.4607e+00
% f evaluations | g evaluations | best noise-free fitness - Fopt (1.881000000000e+01) + sum g_i+ | measured fitness | best measured fitness or single-digit g-values | x1 | x2...
1 0 +4.612152504e+01 +6.493152504e+01 +6.493152504e+01 -5.6515e-01 +4.6012e+00 -3.0805e+00 -4.4245e-01 -4.8173e+00 -3.0711e+00 +3.9560e+00 -4.3752e+00 -4.2520e+00 -3.4909e+00 -4.5716e+00 +1.7832e+00 -7.7941e-02 -4.8810e+00 +1.1586e+00 +1.9893e+00 -3.5986e+00 -3.0113e-01 -1.7218e+00 -4.5076e+00
3 0 +3.277782559e+01 +5.158782559e+01 +5.158782559e+01 +3.1263e+00 +2.7820e+00 -9.7083e-01 +9.7683e-01 +2.1745e+00 -1.6927e+00 -9.1451e-01 +1.5504e+00 -4.4918e+00 -3.7900e+00 +2.7704e+00 -3.5016e+00 +2.9915e+00 -3.1309e+00 +1.6385e+00 +1.2528e+00 -3.1916e+00 -4.5080e+00 -3.9650e-01 +4.8021e+00
4 0 +1.607641692e+01 +3.488641692e+01 +3.488641692e+01 -2.2125e-01 -2.2638e-01 +3.2695e+00 +3.4657e+00 -4.9228e+00 +2.5040e+00 +1.4441e+00 +2.7323e+00 +3.8824e-01 +2.8926e+00 -1.8617e+00 +1.4342e+00 -9.7545e-01 -1.5691e+00 +2.6383e+00 -1.0850e+00 -6.7937e-01 -1.2022e+00 -3.4971e+00 -1.7767e+00
5 0 +1.250723764e+01 +3.131723764e+01 +3.131723764e+01 -8.2525e-01 -4.8622e+00 -5.2513e-01 -1.3731e+00 +1.5844e+00 +3.9425e+00 +2.8276e+00 +1.3719e+00 +1.0189e+00 +2.6030e+00 -4.5506e+00 +3.2062e+00 +2.1327e+00 +2.8364e+00 +2.7753e-01 +6.6155e-01 -3.4911e+00 +1.6599e+00 +1.5487e+00 +4.1901e+00
109 0 +9.592246240e+00 +2.840224624e+01 +2.840224624e+01 -1.9823e+00 -2.4158e+00 +1.0511e+00 -1.2440e+00 -1.9447e-01 +2.3178e+00 +1.3186e+00 +1.0391e+00 -1.7524e-01 +2.1067e+00 -4.2918e+00 +2.9987e+00 +1.8826e+00 +6.9361e-01 -9.8667e-01 -1.1618e+00 -8.0729e-01 -1.2662e-02 +8.4153e-02 +4.3987e+00
211 0 +9.289047750e+00 +2.809904775e+01 +2.809904775e+01 -1.9823e+00 -2.4158e+00 +1.0511e+00 -1.2440e+00 -1.9447e-01 +2.3178e+00 +1.3186e+00 +1.0391e+00 -1.7524e-01 +2.1067e+00 -4.2918e+00 +2.9987e+00 +1.8826e+00 +6.9361e-01 -9.8667e-01 -1.1618e+00 -8.0729e-01 -1.2662e-02 +8.4153e-02 +3.9149e-01
804 0 +8.373723873e+00 +2.718372387e+01 +2.718372387e+01 -5.9807e-01 -1.7044e+00 +3.2210e+00 +3.9042e-01 +1.1287e+00 -1.4913e+00 -5.7590e-01 -7.9424e-01 +2.1660e+00 +6.1821e-01 -4.2666e+00 +4.4422e-01 +1.3820e+00 +1.4691e+00 -8.0560e-01 -3.0460e+00 -1.5062e+00 +5.1912e-01 -2.0219e+00 +2.1543e+00
% f evaluations | g evaluations | best noise-free fitness - Fopt (2.731500000000e+02) + sum g_i+ | measured fitness | best measured fitness or single-digit g-values | x1 | x2...
1 0 +1.309411079e+02 +4.040911079e+02 +4.040911079e+02 +1.3591e+00 -4.2161e+00 +3.9078e+00 +8.5878e-01 -1.2828e+00 +1.4843e+00 +2.9485e+00 -8.6456e-01 +4.0153e+00 +3.8602e+00 +2.4133e+00 +2.6001e+00 -5.4711e-01 +3.6511e+00 -2.3641e+00 -1.4011e+00 +2.1388e+00 +3.4980e+00 -3.0759e+00 -3.3668e+00
3 0 +8.238247851e+01 +3.555324785e+02 +3.555324785e+02 -3.6555e+00 +2.8421e+00 -1.1084e+00 -4.6852e-01 +4.5511e+00 -3.7461e+00 +2.1706e+00 -1.9143e+00 +3.2754e+00 -4.5936e+00 +3.3513e+00 +1.5777e+00 -2.5954e+00 +1.7622e-02 -1.3125e+00 +2.4857e+00 +2.4728e+00 -2.3888e+00 -4.4946e+00 +5.9117e-01
4 0 +7.460164477e+01 +3.477516448e+02 +3.477516448e+02 -1.7765e+00 +8.1655e-01 -3.2550e-01 +2.8171e+00 -3.3700e+00 -3.6246e+00 -8.9132e-01 -3.5090e+00 +4.8286e+00 -1.6472e+00 -3.6476e-01 -2.0325e+00 +2.2414e+00 +3.8983e+00 +7.7031e-01 +1.5956e+00 +2.5860e+00 +4.9659e+00 -8.2978e-01 +4.2154e+00
5 0 +5.227660101e+01 +3.254266010e+02 +3.254266010e+02 -1.8434e+00 -1.4598e+00 +1.5968e-01 -3.6232e+00 -1.6559e+00 +4.1270e-01 -2.4899e+00 +3.5479e+00 -7.3823e-01 +3.0532e+00 -1.7836e+00 +9.3733e-01 +4.1140e+00 -1.5194e+00 -1.9149e+00 +1.3453e+00 +3.7786e+00 -3.3028e+00 +8.6166e-01 -2.3133e+00
9 0 +1.396067189e+01 +2.871106719e+02 +2.871106719e+02 -2.4039e+00 -2.4063e-01 +4.5878e+00 -3.4807e+00 +2.2057e+00 -2.8018e+00 -2.2314e+00 -4.5977e+00 -3.2302e+00 +7.2697e-01 +1.6424e+00 -1.0366e+00 +8.6360e-01 +4.3696e+00 -3.0164e-02 -3.7386e+00 +2.2720e+00 +1.0350e+00 +4.4334e+00 -2.3685e+00
109 0 +1.277917017e+01 +2.859291702e+02 +2.859291702e+02 -2.3522e+00 -2.5433e-01 +4.2062e+00 -3.4466e+00 +2.1037e+00 -2.6721e+00 -2.1458e+00 -4.2254e+00 -3.0498e+00 +5.1254e-01 +1.4103e+00 -9.1276e-01 +9.5191e-01 +4.1068e+00 +1.6572e-01 -3.5809e+00 +2.3029e+00 +8.2850e-01 +4.2182e+00 -2.0709e+00
1010 0 +1.154255586e+01 +2.846925559e+02 +2.846925559e+02 -2.2698e+00 -2.4927e-01 +4.4491e+00 -3.3605e+00 +2.1425e+00 -2.6590e+00 -2.1268e+00 -4.4068e+00 -3.0932e+00 +7.4689e-01 +1.6001e+00 -1.0497e+00 +9.1199e-01 +4.2026e+00 +3.0756e-02 -3.6997e+00 +2.2748e+00 +4.8444e-01 +4.1817e+00 -2.2103e+00
1660 0 +1.061346893e+01 +2.837634689e+02 +2.837634689e+02 -2.4039e+00 -2.4063e-01 +4.5878e+00 -3.4807e+00 +2.2057e+00 -2.8018e+00 -2.2314e+00 -4.5977e+00 -2.6867e+00 +7.2697e-01 +1.6424e+00 -5.3104e-01 +8.6360e-01 +4.3696e+00 -3.0164e-02 -3.7386e+00 +2.2720e+00 +1.0350e+00 +4.4334e+00 -2.3685e+00
% f evaluations | g evaluations | best noise-free fitness - Fopt (3.718000000000e+01) + sum g_i+ | measured fitness | best measured fitness or single-digit g-values | x1 | x2...
1 0 +1.658272192e+01 +5.376272192e+01 +5.376272192e+01 +3.5661e+00 -4.3304e+00 +4.7823e+00 -4.9217e+00 -3.5491e+00 +2.9273e-01 -1.3552e+00 -1.9281e-01 +1.0056e+00 +2.6280e+00 -2.2462e+00 +1.1945e+00 -5.2410e-01 -2.7469e-01 +4.5718e-01 -3.1195e+00 -4.2698e+00 +3.8147e+00 +1.9303e+00 +2.9651e+00
10 0 +1.317198730e+01 +5.035198730e+01 +5.035198730e+01 +2.0859e+00 +6.8474e-01 -1.9896e-01 -2.5986e-01 -4.5268e+00 +4.8880e+00 +7.6083e-01 -8.3528e-01 -2.6710e+00 -1.1575e+00 +3.1071e-02 +7.6204e-01 +5.8552e-03 -4.5038e-01 +1.8487e+00 +1.7794e+00 -2.4994e+00 +2.0618e+00 +1.7984e+00 +2.3686e+00
53 0 +1.228158272e+01 +4.946158272e+01 +4.946158272e+01 +5.2735e-01 -3.8809e+00 -3.5838e+00 +1.1669e+00 +3.7412e-01 +3.3226e-01 -4.5391e+00 -5.0634e-01 -3.6374e+00 +3.1009e+00 -3.8256e+00 -1.0182e+00 -7.1851e-01 -3.3942e+00 +2.7021e+00 -2.0647e+00 +6.3713e-01 -6.7531e-01 -3.5182e+00 +1.0093e+00
55 0 +1.096793732e+01 +4.814793732e+01 +4.814793732e+01 -4.2029e-01 -6.0033e-01 +1.4123e+00 +1.7575e+00 -3.5207e+00 +4.3017e+00 +9.7217e-01 -7.5691e-01 -2.8111e+00 +7.9634e-01 -1.8483e+00 -1.3564e+00 +1.7874e+00 +5.9093e-01 +1.6359e+00 +1.5737e+00 -1.0451e-01 -1.5997e-01 +2.7034e+00 +9.7769e-01
103 0 +8.778766199e+00 +4.595876620e+01 +4.595876620e+01 -2.4408e+00 +2.9220e-01 +2.7170e+00 -2.4749e+00 -2.6181e+00 +6.5362e-01 -8.9543e-01 -3.3725e+00 -6.8668e-01 -4.8891e-01 -9.2834e-01 +8.3478e-01 -2.4183e+00 -4.9057e-01 +4.2671e-01 -1.3655e+00 +2.1734e+00 -1.3747e+00 -1.5881e+00 -2.0441e+00
753 0 +7.159917461e+00 +4.433991746e+01 +4.433991746e+01 +2.9217e-01 -8.2605e-01 +1.4124e+00 +1.9514e-01 +1.0276e-01 -8.3989e-01 -1.7188e+00 -2.3088e+00 -2.4684e+00 +6.5200e-01 -1.7334e+00 +1.5608e+00 -2.0224e+00 -1.1668e+00 +1.3964e+00 -2.5519e-01 +3.0366e-01 -1.2201e+00 -1.0524e+00 +6.5827e-01
% f evaluations | g evaluations | best noise-free fitness - Fopt (-1.479000000000e+02) + sum g_i+ | measured fitness | best measured fitness or single-digit g-values | x1 | x2...
1 0 +3.589218176e+01 -1.120078182e+02 -1.120078182e+02 -2.8039e-01 -2.0979e+00 +3.5965e+00 +2.4503e+00 +1.4989e+00 +7.1630e-01 +3.3330e+00 +2.4942e+00 +4.1978e+00 -3.2120e+00 +4.7459e+00 -3.0830e+00 -4.4103e+00 +4.4951e+00 +4.9160e+00 +3.5149e+00 -3.2875e+00 -4.6169e+00 -3.0024e+00 +1.4027e+00
2 0 +3.169739383e+01 -1.162026062e+02 -1.162026062e+02 -4.7692e+00 -3.1142e+00 -4.0502e+00 -3.6014e-01 +4.6101e+00 +4.7231e+00 -2.6916e+00 +8.6350e-01 -1.6644e+00 -4.5058e+00 +2.0813e+00 -3.0988e+00 +4.8208e+00 +2.4890e+00 +8.9598e-01 +1.9276e+00 +2.4458e-01 +3.7384e+00 -7.6713e-01 -4.0245e+00
3 0 +2.323283047e+01 -1.246671695e+02 -1.246671695e+02 -2.0668e+00 +1.4455e+00 -2.0607e+00 +4.6524e+00 +3.3018e+00 -1.6085e+00 -1.3546e-01 +2.0447e+00 -2.6162e-01 -3.0501e+00 -4.0224e+00 -2.7246e-04 +2.4465e+00 -4.4354e+00 +3.7860e+00 -2.4795e+00 +1.6922e+00 +4.1804e+00 -1.0074e+00 -1.0180e+00
4 0 +1.808289101e+01 -1.298171090e+02 -1.298171090e+02 +3.0259e+00 -3.6565e+00 -2.8115e+00 -1.4706e+00 +2.8053e+00 -2.0726e+00 +3.1936e+00 -2.1558e+00 -1.4541e+00 -4.3997e+00 +2.4542e+00 +2.0150e+00 +1.1960e+00 +8.7964e-01 +1.2755e+00 -9.3779e-01 +4.8452e+00 +5.2292e-01 -3.0852e+00 -3.2005e+00
19 0 +1.508154325e+01 -1.328184567e+02 -1.328184567e+02 -9.8899e-01 +2.4379e+00 -1.2994e+00 -1.5577e+00 +4.8650e+00 +1.5509e+00 -4.1497e+00 -3.9701e+00 -2.6496e-01 +5.8236e-01 -2.1840e+00 +4.5447e+00 -3.0011e+00 -4.8783e+00 -4.4111e+00 +2.0442e+00 -2.0169e+00 +4.5751e-01 -2.9241e+00 +1.1410e+00
109 0 +1.318524088e+01 -1.347147591e+02 -1.347147591e+02 -1.8735e+00 +1.1588e+00 -2.5155e-01 -1.3455e+00 +4.3641e+00 +5.9779e-01 -2.2187e+00 -3.7496e+00 +2.8339e-01 +8.8035e-01 -1.0048e+00 +3.4652e+00 -3.3969e+00 -3.9841e+00 -2.4300e+00 +2.0422e+00 -2.4594e+00 -1.1890e-02 -2.4905e+00 -2.5188e-01
204 0 +1.096728699e+01 -1.369327130e+02 -1.369327130e+02 -2.8875e+00 -2.1964e+00 +8.4533e-01 -2.6828e+00 +9.5924e-01 +7.9946e-01 +2.7333e-01 -1.2259e+00 -2.3380e+00 +1.8901e-01 -4.9506e-01 +3.9857e+00 -2.2850e+00 -1.6048e+00 -2.6810e+00 -2.3261e+00 +4.2850e-01 -1.6151e+00 -1.0308e-01 +1.0736e+00
208 0 +9.569045381e+00 -1.383309546e+02 -1.383309546e+02 -2.1835e+00 +6.9373e-01 -1.3010e+00 -1.2142e+00 +4.5581e+00 +1.6837e+00 -2.8734e+00 -2.9098e+00 -2.5794e-01 -2.6191e-01 -7.4324e-01 +2.6875e+00 -1.6713e+00 -2.9758e+00 -2.3548e+00 +2.0203e+00 -1.8007e+00 +8.5969e-01 -2.2790e+00 -5.8575e-01
259 0 +9.101391492e+00 -1.387986085e+02 -1.387986085e+02 -2.0662e+00 -1.2336e+00 +2.5212e-01 -2.3716e+00 +1.4454e+00 +5.9759e-01 -9.2259e-01 -1.4615e+00 -1.5417e+00 +5.1327e-01 -9.9456e-01 +3.7363e+00 -2.2411e+00 -2.1464e+00 -2.5993e+00 -1.2526e+00 -8.6089e-02 -6.8146e-01 -3.2755e-01 +7.2616e-01
% f evaluations | g evaluations | best noise-free fitness - Fopt (4.817100000000e+02) + sum g_i+ | measured fitness | best measured fitness or single-digit g-values | x1 | x2...
1 0 +2.387757965e+01 +5.055875796e+02 +5.055875796e+02 +4.0388e+00 +1.0069e+00 +9.6143e-01 +3.9343e+00 +1.7455e+00 +1.7170e+00 +4.3271e+00 -3.8047e-01 +1.4874e+00 +1.8615e+00 -1.5428e+00 +4.6726e+00 +1.5696e+00 +1.0022e+00 -2.4234e+00 +2.2054e+00 -4.3425e+00 +2.6225e-01 +4.3044e+00 +3.3909e+00
7 0 +1.997171380e+01 +5.016817138e+02 +5.016817138e+02 -4.2288e+00 -1.2902e+00 +3.3531e+00 +2.8136e+00 +3.3899e+00 -4.7161e+00 -1.5104e-01 +2.3255e+00 +4.1610e+00 -1.4835e+00 -4.8525e+00 -3.4033e+00 +8.0659e-01 +4.2501e+00 +1.8583e+00 -3.9976e+00 +1.6522e+00 +3.3854e+00 +3.0616e+00 -1.5086e+00
19 0 +1.722993890e+01 +4.989399389e+02 +4.989399389e+02 +4.3401e+00 -3.4512e+00 +3.0920e+00 +4.1052e+00 +1.5844e+00 -2.5474e+00 -2.5964e+00 +1.3323e+00 -2.7731e+00 +1.7741e+00 +8.0508e-01 -2.0553e+00 +3.5064e+00 +1.3557e+00 +2.7787e+00 -3.5634e+00 +9.0571e-01 +3.2267e+00 -1.7963e+00 +2.3612e+00
29 0 +1.556984235e+01 +4.972798423e+02 +4.972798423e+02 +3.1797e+00 +2.7340e+00 -3.7475e+00 +4.1474e+00 +5.6983e-01 +9.3058e-01 -7.6944e-01 -9.3364e-02 +4.8004e+00 -3.1098e+00 -3.2521e+00 -2.8456e+00 +4.7279e+00 +3.0084e+00 +9.5696e-01 -2.3467e+00 +4.6708e+00 -2.8083e+00 +2.7385e+00 +3.8419e+00
52 0 +1.130530126e+01 +4.930153013e+02 +4.930153013e+02 +2.8222e+00 -1.8026e+00 -1.5053e+00 -4.7033e-02 -2.4244e+00 -3.7656e+00 +5.7523e-01 -2.3575e+00 -1.4308e+00 +9.4479e-01 +1.0542e+00 -9.6198e-01 +8.4338e-01 -5.5058e-01 +4.2392e-01 +2.7624e+00 -2.3201e+00 -1.0501e+00 +1.6052e+00 +2.4917e+00
56 0 +1.108373379e+01 +4.927937338e+02 +4.927937338e+02 +8.6731e-01 -1.2935e+00 -3.4378e+00 -8.5355e-01 -2.7513e+00 +1.3450e+00 -2.6499e+00 +8.9327e-01 +2.7710e+00 +3.5476e+00 +2.3886e-01 +2.7353e+00 +1.0473e+00 +2.4890e+00 -2.3063e+00 +6.9432e-01 -1.6136e+00 -3.7701e-01 -2.2268e+00 -2.4562e+00
57 0 +1.035980602e+01 +4.920698060e+02 +4.920698060e+02 +1.0079e+00 -1.4850e+00 -3.5558e+00 -1.1986e+00 -2.6882e+00 +1.0497e+00 -2.4268e+00 +6.7703e-01 +2.8002e+00 +3.4733e+00 +3.4512e-01 +2.5555e+00 +1.2288e+00 +2.4773e+00 -2.1688e+00 +7.7924e-01 -1.7143e+00 -4.4702e-01 -2.2303e+00 -2.3177e+00
253 0 +9.901140195e+00 +4.916111402e+02 +4.916111402e+02 -3.9433e-02 +6.9850e-01 -2.0560e+00 -7.8049e-02 -2.4898e+00 -8.4759e-02 -1.8669e+00 +1.6021e+00 +2.1037e+00 +2.7394e+00 -2.1657e+00 -7.0915e-01 -8.6463e-01 +1.8307e+00 -3.1044e-01 +5.4411e-01 +4.1045e-01 -1.4430e+00 +1.9455e+00 +1.0069e+00
259 0 +7.726668696e+00 +4.894366687e+02 +4.894366687e+02 +1.2872e+00 -1.7704e+00 -1.2342e+00 -1.3114e+00 -2.8086e+00 -1.2120e+00 -1.3669e+00 +3.0474e+00 +8.7313e-01 +1.1366e+00 -2.9135e+00 -8.2639e-01 -1.3777e+00 -7.4928e-01 +1.7248e-02 +5.2083e-01 -6.2287e-01 -2.1403e+00 +1.3927e+00 +8.9352e-01
% f evaluations | g evaluations | best noise-free fitness - Fopt (-3.646000000000e+01) + sum g_i+ | measured fitness | best measured fitness or single-digit g-values | x1 | x2...
1 0 +2.408800217e+01 -1.237199783e+01 -1.237199783e+01 -3.5113e+00 +3.2216e+00 +2.9412e+00 +2.1489e+00 +1.2171e+00 -1.1700e+00 +4.2701e+00 -4.1988e+00 +2.8198e+00 -6.0410e-02 -3.9553e+00 -3.9428e+00 -1.8344e+00 +4.9213e+00 +2.0468e+00 +1.5149e+00 -2.8480e+00 +1.8964e+00 -4.6348e+00 -1.1510e+00
4 0 +2.365583785e+01 -1.280416215e+01 -1.280416215e+01 -1.4002e+00 +4.9941e+00 -2.0377e+00 +3.1814e+00 -1.5623e+00 +1.1341e+00 +2.1803e+00 +6.3750e-01 +3.1655e+00 -1.0749e+00 -3.0082e+00 -3.5692e+00 +3.0666e-01 +3.8340e+00 +4.0423e+00 -4.1033e+00 +4.6116e+00 +4.3945e+00 +4.8940e+00 +2.7314e+00
8 0 +2.083182472e+01 -1.562817528e+01 -1.562817528e+01 +3.4686e+00 +4.6954e+00 +3.0789e+00 -3.2218e-01 +1.8703e-01 +2.8231e+00 +6.6382e-01 -1.6852e+00 -1.5503e+00 +2.4366e-01 +3.6538e+00 -3.3816e+00 -2.7465e+00 +2.5688e+00 -2.3942e+00 +4.8841e+00 -4.2334e+00 +4.3914e+00 -4.2928e+00 +4.5494e+00
11 0 +1.847032497e+01 -1.798967503e+01 -1.798967503e+01 -3.5681e+00 -3.0893e-01 +2.1537e-01 +9.0681e-01 +2.3778e+00 +2.1396e+00 +1.7979e-02 +2.6440e+00 +4.4787e+00 -2.3860e+00 +2.0084e+00 -6.6336e-01 -4.6941e+00 +3.6830e+00 +1.3622e+00 -3.0904e+00 +4.3297e+00 -4.0845e-01 +3.6996e+00 +2.1488e+00
12 0 +1.724526069e+01 -1.921473931e+01 -1.921473931e+01 +2.7631e+00 -6.5615e-01 +2.5178e+00 -4.3912e+00 +1.9164e+00 -2.7071e+00 -2.6365e-01 -7.6444e-01 -3.7652e+00 +3.7484e+00 +2.6958e+00 +1.6319e+00 +4.1637e-01 -3.0132e+00 +1.7360e+00 -3.0379e+00 +2.5443e+00 -2.6251e+00 +4.0838e+00 +1.8113e+00
15 0 +1.420602616e+01 -2.225397384e+01 -2.225397384e+01 -2.1156e+00 -1.5951e+00 +1.9524e+00 -6.7351e-01 -6.4137e-01 -4.1793e+00 +2.5283e+00 +8.6457e-01 +1.7416e+00 +4.4016e-01 +1.1629e+00 -6.0776e-02 +6.1805e-01 -1.4065e+00 +3.3694e+00 -3.2662e+00 +6.2547e-01 -4.7421e+00 +1.1387e+00 -4.4949e+00
54 0 +1.102818322e+01 -2.543181678e+01 -2.543181678e+01 +1.2267e+00 -3.0443e+00 +7.6873e-03 -4.8935e-02 +1.2515e-01 -9.5926e-01 +3.0617e-01 +2.6074e+00 +8.0975e-01 +5.5123e-01 +2.7539e+00 -2.0087e+00 -1.8908e+00 +1.0282e+00 -4.1580e-01 -2.8274e+00 +1.8154e+00 -3.7997e+00 +8.9950e-01 -1.4047e+00
355 0 +1.080187215e+01 -2.565812785e+01 -2.565812785e+01 -8.2505e-01 +8.1136e-01 +1.2520e+00 +8.0433e-01 +1.9507e+00 -2.4703e+00 +1.5826e+00 +1.5825e+00 +1.6478e-01 -9.5623e-01 -5.9320e-01 -8.1536e-01 -1.3565e+00 -1.2189e+00 +2.2572e+00 +1.9786e+00 +1.5406e+00 -1.0164e+00 +4.9887e-02 -3.3909e+00
413 0 +1.042137374e+01 -2.603862626e+01 -2.603862626e+01 -6.9971e-01 -7.9233e-01 +9.8029e-01 +4.6601e-01 +1.1163e-02 -5.1241e-01 +9.2607e-01 +1.0686e+00 +7.5768e-01 -3.1561e-01 +3.4298e-01 -1.2629e-01 -8.8342e-01 +1.3700e+00 +1.3477e+00 -1.2834e+00 +1.1224e+00 -2.5298e+00 +1.6071e-01 -1.3934e+00
510 0 +9.833182625e+00 -2.662681738e+01 -2.662681738e+01 -1.0659e+00 -1.2249e+00 +9.7297e-01 +3.4542e-01 -3.6479e-02 -1.0025e+00 +1.2089e+00 +9.0951e-01 +8.9491e-01 -2.7992e-01 +3.0415e-01 +4.1848e-02 -5.8239e-01 +9.9925e-01 +1.7494e+00 -1.4386e+00 +9.9242e-01 -2.7411e+00 +2.3918e-01 -3.9527e-01
556 0 +9.220942294e+00 -2.723905771e+01 -2.723905771e+01 +1.9347e+00 -1.1215e+00 -1.0490e+00 -9.2642e-01 +2.3572e+00 +1.0317e+00 +1.8324e+00 +2.1738e+00 +4.8398e-01 +3.9348e-01 +2.6254e+00 -6.8908e-01 -1.3030e+00 -6.6362e-01 +5.4951e-01 -3.0526e+00 -3.7666e-01 -9.4602e-01 -9.8494e-01 -1.4596e+00
605 0 +8.043966371e+00 -2.841603363e+01 -2.841603363e+01 +2.0817e+00 -1.0709e+00 -1.1989e+00 -9.8794e-01 +2.5382e+00 +1.2773e+00 +1.8732e+00 +2.2056e+00 +3.2557e-01 +4.2428e-01 +2.7037e+00 -6.5200e-01 -1.3075e+00 -6.8107e-01 +4.6918e-01 -3.1225e+00 -5.0631e-01 -7.3665e-01 -1.1317e+00 -1.3411e+00
% f evaluations | g evaluations | best noise-free fitness - Fopt (3.920000000000e+01) + sum g_i+ | measured fitness | best measured fitness or single-digit g-values | x1 | x2...
1 0 +1.115728545e+02 +1.507728545e+02 +1.507728545e+02 +2.2163e+00 -4.6825e+00 +2.1139e+00 -8.5034e-01 +1.9697e+00 -2.0954e+00 +2.8551e-01 -9.0654e-01 +1.5546e+00 +3.5090e+00 -1.7618e+00 +2.9891e+00 +1.9514e+00 +3.3732e+00 +1.3114e+00 +2.6054e+00 -9.7899e-01 -3.7882e+00 +2.9335e+00 +1.8714e+00
2 0 +2.077927235e+01 +5.997927235e+01 +5.997927235e+01 +3.8359e+00 -3.8771e+00 +4.5923e+00 +3.1130e+00 +2.9103e+00 +3.0015e+00 +3.0265e+00 +3.6507e+00 -2.1725e+00 -4.3112e+00 +1.6570e+00 +4.5588e-01 +1.8964e+00 +1.3677e+00 +1.6045e+00 +5.9250e-01 -5.4303e-01 -1.8810e+00 +6.7117e-01 +6.6326e-01
5 0 +1.696555206e+01 +5.616555206e+01 +5.616555206e+01 +3.2728e+00 +3.8021e+00 +2.1849e-01 +2.2778e+00 +1.8480e+00 +4.5177e+00 -2.5253e-01 -4.0385e+00 -1.9211e+00 -2.4668e+00 -4.3634e+00 -3.6023e-01 +2.6696e+00 -2.3749e-01 -4.6947e+00 -2.2442e-01 -1.9641e-02 -1.8238e+00 +3.8020e+00 -3.4777e-01
106 0 +1.575698705e+01 +5.495698705e+01 +5.495698705e+01 +3.2830e+00 +3.7469e+00 +2.3911e-01 +2.1893e+00 +1.7540e+00 +4.4260e+00 -2.6148e-01 -3.8511e+00 -1.9713e+00 -2.3829e+00 -4.1730e+00 -3.6035e-01 +2.6290e+00 -2.9661e-01 -4.5517e+00 -1.0102e-01 -6.9505e-03 -1.7253e+00 +3.7505e+00 -2.8587e-01
206 0 +7.245108803e+00 +4.644510880e+01 +4.644510880e+01 +2.5267e+00 +2.5075e+00 +1.0110e+00 +2.5411e+00 +2.0587e+00 +2.3693e+00 +3.1842e-01 -2.8627e+00 -1.0271e+00 +5.0989e-02 -3.3870e+00 -4.6109e-01 +2.3039e+00 -2.0100e-01 -2.1437e+00 -4.7647e-01 +1.1836e+00 -2.5332e+00 +2.6770e+00 +7.7491e-01
% f evaluations | g evaluations | best noise-free fitness - Fopt (-3.225000000000e+01) + sum g_i+ | measured fitness | best measured fitness or single-digit g-values | x1 | x2...
1 0 +4.086098039e+01 +8.610980391e+00 +8.610980391e+00 +3.6261e+00 +2.5911e-01 -1.4544e+00 -7.6478e-01 +2.1402e+00 -4.7869e+00 -1.3390e+00 +1.3686e+00 -2.2717e+00 +4.3764e+00 -3.6686e+00 -1.9152e+00 -4.9794e+00 -3.4666e+00 +1.7172e-01 +2.1665e+00 +2.7093e+00 -5.9963e-01 -4.1150e+00 +3.9508e+00
6 0 +2.794144871e+01 -4.308551292e+00 -4.308551292e+00 +4.9234e+00 +2.4215e-01 -3.2874e-01 -1.1632e+00 +3.9269e+00 +1.3464e+00 -1.6085e+00 -3.8971e+00 +1.4813e+00 +2.5781e+00 +3.0731e+00 +4.4374e+00 -3.4066e+00 -2.6396e+00 -3.7297e+00 -4.1640e+00 -9.5055e-01 -2.6793e+00 -3.8420e+00 +3.4738e+00
23 0 +2.374241245e+01 -8.507587547e+00 -8.507587547e+00 +1.9481e+00 -2.7459e+00 +7.5368e-01 -2.9002e+00 -3.2001e+00 -2.5750e-02 +2.6893e+00 -3.6350e-01 +4.9451e+00 -1.4358e+00 +2.8991e+00 +5.3352e-01 -2.4614e+00 -9.7515e-01 +4.7591e+00 -1.1577e+00 -2.2499e+00 +4.8603e+00 +1.5308e+00 +4.4851e+00
40 0 +2.243413767e+01 -9.815862332e+00 -9.815862332e+00 +4.2737e+00 +1.3200e+00 -2.3717e+00 +6.4370e-01 -1.2902e+00 +4.7163e-01 +3.4245e+00 +3.6478e+00 -4.8778e+00 +9.1114e-01 -2.3078e+00 -1.8143e-01 +2.1204e+00 -2.3611e+00 +1.0121e+00 -3.4445e+00 -4.0822e+00 +3.3047e+00 +3.1011e-01 +4.0553e+00
58 0 +1.989410495e+01 -1.235589505e+01 -1.235589505e+01 -1.0693e+00 -2.8334e+00 -1.9405e+00 -8.8674e-01 +1.8702e+00 -1.6329e+00 -1.2370e+00 +7.5814e-01 +4.6511e-01 +1.3146e+00 -5.0211e-01 +2.9210e+00 -3.1969e+00 +2.0245e+00 -1.5280e+00 -1.6663e+00 +1.0291e+00 +9.7061e-01 +1.1158e+00 +2.5109e+00
59 0 +1.722327627e+01 -1.502672373e+01 -1.502672373e+01 +1.6122e+00 -1.4573e+00 -1.2193e+00 -1.0105e+00 +2.7905e+00 -2.9980e-01 -1.4032e+00 -1.3248e+00 +9.1982e-01 +1.8800e+00 +1.0976e+00 +3.5995e+00 -3.2907e+00 -6.2436e-02 -2.5131e+00 -2.7838e+00 +1.4331e-01 -6.6252e-01 -1.1026e+00 +2.9417e+00
% f evaluations | g evaluations | best noise-free fitness - Fopt (3.681200000000e+02) + sum g_i+ | measured fitness | best measured fitness or single-digit g-values | x1 | x2...
1 0 +2.380860395e+01 +3.919286039e+02 +3.919286039e+02 -3.4202e+00 +2.4848e+00 -2.0432e+00 -4.7466e+00 -2.1976e+00 +8.8303e-01 +1.6063e+00 -1.7132e+00 +4.9087e-02 -3.3751e+00 -3.4954e+00 -1.3904e+00 +2.5189e+00 -1.9004e+00 +2.9912e+00 -9.7234e-01 +3.5484e+00 +4.6821e+00 +4.9652e+00 -1.7886e+00
5 0 +2.057995267e+01 +3.886999527e+02 +3.886999527e+02 -4.9451e+00 +2.6466e+00 +2.9718e+00 +2.3455e+00 -1.2006e+00 +4.5953e+00 -8.9453e-01 +3.8078e+00 -3.5399e+00 -3.6006e+00 +2.2513e+00 -1.0901e+00 -3.5479e+00 -3.6963e+00 +2.0089e+00 -1.1429e+00 +3.2523e+00 -2.5097e+00 -1.7003e+00 +3.1603e+00
20 0 +1.878249638e+01 +3.869024964e+02 +3.869024964e+02 -1.4668e+00 -4.3715e-01 -3.8768e+00 +6.8025e-01 -3.8354e+00 +5.2224e-01 +1.5766e+00 -4.4319e+00 -1.3493e-01 -2.2221e+00 -3.7993e+00 -4.4196e+00 +3.0750e+00 -4.9482e+00 -4.2131e+00 -1.5861e+00 +3.1645e+00 +3.0553e-01 +3.8914e+00 -3.2393e+00
48 0 +1.791456176e+01 +3.860345618e+02 +3.860345618e+02 -4.3364e+00 +4.3155e-01 -4.3512e+00 +1.0765e+00 -2.6682e-01 -3.6939e+00 +1.9324e+00 -1.7712e-01 -2.2439e+00 -4.9446e+00 +3.8692e+00 +8.1666e-01 +4.0295e+00 -1.3712e+00 -4.3866e+00 -1.9685e+00 -1.0497e+00 -4.1223e-01 +3.1609e+00 -3.1308e+00
50 0 +1.336033400e+01 +3.814803340e+02 +3.814803340e+02 -4.3686e+00 -4.1489e+00 -3.4225e+00 +1.8435e-01 -2.2010e+00 -3.4284e+00 +8.1555e-01 -4.0512e-01 +3.4141e+00 -3.8293e+00 -1.0953e+00 -4.8266e+00 -2.8084e+00 +3.2243e+00 +1.4113e+00 -3.9490e+00 -2.3514e+00 -3.3256e+00 +2.7446e+00 -4.8589e+00
52 0 +1.284736149e+01 +3.809673615e+02 +3.809673615e+02 -2.7424e+00 -2.6583e-01 -2.7434e+00 +1.7401e+00 -1.4937e+00 -4.3171e+00 +1.3467e+00 +1.1750e+00 -1.5125e+00 -1.4682e+00 +1.3313e+00 -1.4273e-01 +1.5560e+00 -1.7229e+00 -7.4538e-01 -1.1374e+00 -2.0085e-01 +1.4542e-01 -6.8113e-01 -2.3152e+00
54 0 +1.192425266e+01 +3.800442527e+02 +3.800442527e+02 -2.2050e+00 -1.3376e+00 -2.4339e+00 +5.8062e-01 -3.1809e+00 +1.0195e+00 +1.2042e+00 -4.4321e+00 -1.0260e+00 -2.1223e+00 -3.1424e+00 -2.4960e+00 +1.6446e+00 -4.6972e+00 -2.4920e+00 -1.9260e+00 +2.4609e+00 +1.2072e+00 +2.9072e+00 -3.4510e+00
306 0 +7.777730625e+00 +3.758977306e+02 +3.758977306e+02 -2.9260e+00 -2.2139e+00 -1.2329e+00 +1.2826e+00 -2.5967e+00 +3.3015e-01 +7.9547e-01 -1.5749e+00 +3.8438e-01 -2.2028e+00 -2.2555e+00 -2.5928e+00 +2.0161e-02 -1.5827e+00 -1.1413e+00 -1.2575e+00 +1.9900e+00 -4.8563e-01 +1.8410e+00 -1.6425e+00
% f evaluations | g evaluations | best noise-free fitness - Fopt (4.739000000000e+01) + sum g_i+ | measured fitness | best measured fitness or single-digit g-values | x1 | x2...
1 0 +3.907949943e+01 +8.646949943e+01 +8.646949943e+01 -3.9412e+00 +4.1836e+00 +8.6038e-01 +2.5163e+00 +2.2026e+00 +4.5667e+00 +2.8890e-01 +4.8803e+00 +2.9211e+00 -8.1192e-01 -4.6077e+00 -4.5242e+00 -2.5503e+00 +4.4015e+00 -2.7976e+00 +4.0072e+00 +1.0498e+00 -1.8327e+00 -4.6995e+00 +6.5656e-01
2 0 +3.638668684e+01 +8.377668684e+01 +8.377668684e+01 -2.0524e-01 +1.1886e+00 -2.5258e+00 -3.1218e+00 -3.2210e+00 +2.7252e+00 +4.8472e+00 -1.0426e+00 -3.2195e+00 +3.8670e+00 -2.3696e+00 +2.3893e+00 +3.8718e+00 +2.9417e+00 -3.7512e+00 -4.9494e-01 +1.5806e+00 +8.0664e-01 -2.2634e+00 -3.1555e-01
3 0 +3.017713555e+01 +7.756713555e+01 +7.756713555e+01 +3.2820e+00 -5.6978e-01 +2.6938e+00 +6.2161e-01 -1.1516e+00 -4.8820e+00 +1.7919e+00 +2.1126e-01 -1.7235e+00 +3.2166e+00 +3.9423e+00 -4.4863e+00 +7.6641e-01 -4.0979e-01 -2.4804e+00 -4.3269e+00 -1.2764e+00 +5.5206e-01 -1.2994e+00 -4.7581e+00
7 0 +2.610465027e+01 +7.349465027e+01 +7.349465027e+01 +2.5802e-01 -1.3228e+00 -2.2668e+00 +2.5550e-01 +3.0553e+00 -1.2757e+00 -2.3694e+00 -1.9045e+00 -3.5736e+00 +4.8214e+00 -4.8118e+00 +2.2016e+00 +4.4977e+00 -2.4473e+00 +1.7397e+00 -2.4485e+00 +7.4420e-01 +2.2925e+00 +4.1929e+00 +4.5073e+00
10 0 +2.542641206e+01 +7.281641206e+01 +7.281641206e+01 -4.1050e+00 +1.4706e+00 -2.4268e+00 +4.5945e+00 +2.2149e-01 +2.6017e+00 +3.7413e+00 -3.5300e+00 -4.4576e+00 +2.2390e+00 +1.8418e+00 -4.9513e+00 +4.5804e+00 +4.7022e-01 +3.5347e+00 -2.1852e+00 -1.2454e+00 -3.1777e+00 -2.2190e-01 -4.4395e+00
15 0 +1.597511431e+01 +6.336511431e+01 +6.336511431e+01 -2.7692e+00 +4.5533e+00 -2.9167e+00 +1.3695e+00 +7.7520e-01 +8.2652e-01 -1.1052e+00 +8.2705e-02 -4.3367e-01 +1.7575e-01 -2.0200e+00 +2.4088e+00 +1.2103e+00 +1.1148e+00 -8.3337e-02 +3.1658e+00 +2.6246e+00 +1.3300e+00 +4.8448e+00 -2.2045e+00
42 0 +1.488955557e+01 +6.227955557e+01 +6.227955557e+01 +7.7912e-01 +2.1162e+00 +3.1283e+00 -3.6773e+00 -2.3280e+00 +3.9354e+00 -6.4056e-02 +4.7384e+00 +7.3099e-01 +3.4527e+00 +3.3293e+00 +2.7794e+00 -2.3903e-02 -1.5819e-01 -4.0767e+00 -3.8272e+00 -2.1878e+00 +1.2809e+00 -1.9009e+00 +1.4474e+00
46 0 +1.351783412e+01 +6.090783412e+01 +6.090783412e+01 -3.6414e+00 +6.8133e-01 +2.9943e+00 -2.1377e+00 +2.8285e+00 -1.7978e+00 -4.3505e+00 +1.9436e+00 -4.2773e+00 -3.4031e+00 +1.0470e+00 +2.1846e+00 +2.0751e+00 -3.2610e+00 -1.1658e+00 -3.4769e+00 -3.2428e+00 +2.9618e+00 -3.1756e+00 +2.2773e-01
52 0 +8.484488541e+00 +5.587448854e+01 +5.587448854e+01 -3.6953e+00 +1.3221e+00 -1.0560e+00 -1.9350e+00 +1.9189e-01 +1.8262e+00 -1.8124e+00 +3.2335e+00 +2.2839e-01 -3.3993e+00 +2.1315e+00 -9.5709e-01 +2.7538e-01 -2.6042e+00 -2.7598e+00 -3.3829e+00 -8.8742e-01 -1.1774e+00 -7.3846e-01 -7.1270e-01
304 0 +8.025216349e+00 +5.541521635e+01 +5.541521635e+01 -3.7555e+00 +9.6460e-01 +1.8787e+00 -6.2793e-01 +1.6340e+00 -4.4358e-01 -1.6282e+00 +1.9967e+00 -2.5218e+00 -2.1561e+00 +1.2967e+00 +3.3625e-02 +1.7403e+00 -1.9162e+00 -1.4430e-01 -1.6848e+00 -2.6992e+00 +1.1744e+00 -1.3715e+00 -1.1467e+00
463 0 +7.469806532e+00 +5.485980653e+01 +5.485980653e+01 -3.7555e+00 +9.6460e-01 +1.8787e+00 -6.2793e-01 +1.6340e+00 -4.4358e-01 -1.6282e+00 +1.9967e+00 -2.5218e+00 -2.1561e+00 +1.2967e+00 +3.3625e-02 +1.7403e+00 -1.1721e+00 -1.4430e-01 -1.6848e+00 -2.6992e+00 +1.1744e+00 -1.3715e+00 -1.1467e+00
% f evaluations | g evaluations | best noise-free fitness - Fopt (-3.428900000000e+02) + sum g_i+ | measured fitness | best measured fitness or single-digit g-values | x1 | x2...
1 0 +1.222685792e+02 -2.206214208e+02 -2.206214208e+02 -9.1259e-01 -2.9628e+00 +1.7637e+00 +1.6203e+00 +3.4241e+00 -5.0040e-01 -1.5789e+00 +6.6322e-01 -1.8566e+00 -1.4624e+00 -3.4806e+00 +3.1810e-01 -2.4088e-03 -3.5542e+00 -4.3523e+00 -1.1511e+00 +1.2742e+00 +3.3619e+00 -9.1671e-01 -4.4273e+00
2 0 +3.264142954e+01 -3.102485705e+02 -3.102485705e+02 -2.5489e+00 +3.6971e+00 +4.6581e+00 +2.7599e-01 -3.8453e+00 +3.5431e+00 -2.2027e+00 +3.9027e+00 +3.0543e+00 -2.4409e+00 -1.4495e+00 +4.1794e+00 -2.6848e+00 +3.2671e+00 +4.8197e-02 -2.7504e+00 +3.1017e+00 -5.4473e-02 -3.7830e+00 -7.4686e-01
3 0 +2.441012457e+01 -3.184798754e+02 -3.184798754e+02 +1.3699e+00 +6.4011e-01 +4.5062e+00 -1.8890e+00 +6.9077e-01 +2.4157e+00 -3.0377e+00 +3.1896e-01 +6.1696e-01 +3.5370e+00 -2.5803e+00 -1.5720e+00 -4.1839e+00 +2.9504e+00 +4.8571e+00 -1.3255e+00 -3.3593e+00 +2.9775e+00 +3.5700e-03 +4.6916e+00
5 0 +1.366048219e+01 -3.292295178e+02 -3.292295178e+02 +1.4038e+00 -2.5219e+00 +3.7566e+00 +1.9151e+00 -1.5321e+00 +9.5657e-02 +1.1950e-01 -4.4134e+00 +2.0162e+00 +2.1059e+00 -7.4233e-01 +3.2133e+00 +3.9075e+00 +4.8846e+00 +1.3085e-01 +2.5400e+00 -1.2758e+00 -2.2734e+00 +4.9600e-02 +4.2466e+00
52 0 +8.908532138e+00 -3.339814679e+02 -3.339814679e+02 +3.1142e+00 -5.2845e-01 -4.5101e-01 -2.9672e+00 +1.5543e+00 -3.4747e+00 +8.5088e-01 +6.5231e-01 -6.6281e-01 -1.2973e+00 +2.6286e+00 +1.1286e+00 +1.7897e+00 -1.8249e+00 -1.2261e+00 +1.8513e+00 -6.9815e-01 +9.0794e-01 -1.9603e+00 +2.1708e-01
% f evaluations | g evaluations | best noise-free fitness - Fopt (9.102000000000e+01) + sum g_i+ | measured fitness | best measured fitness or single-digit g-values | x1 | x2...
1 0 +2.910412241e+01 +1.201241224e+02 +1.201241224e+02 -2.4075e+00 -2.7848e+00 +5.4966e-01 +2.2182e+00 +3.1586e+00 -2.3210e+00 +4.7472e+00 +3.4136e+00 -3.6066e+00 -2.6530e+00 +3.0769e+00 +2.2406e+00 +8.5341e-02 -3.3277e+00 -1.1831e+00 -1.4268e+00 -2.9115e+00 +2.0936e-01 -3.0288e+00 +4.2973e+00
15 0 +1.966029799e+01 +1.106802980e+02 +1.106802980e+02 +4.5530e+00 -6.0056e-01 +2.7652e+00 +1.2583e+00 +3.8472e-01 +7.3157e-01 +4.6753e+00 -4.6394e+00 -2.1730e+00 -2.4971e-01 -1.9311e+00 -4.8526e-02 +4.8878e+00 -2.2298e+00 -2.5898e+00 -3.8369e+00 -3.1369e+00 +2.0887e+00 +2.7158e+00 -3.3997e-01
32 0 +1.574755969e+01 +1.067675597e+02 +1.067675597e+02 +2.8334e+00 +1.3661e+00 -1.9735e+00 -3.1316e+00 -4.6638e+00 +4.6702e+00 -1.3344e+00 +4.9587e+00 +2.8340e+00 -4.0702e+00 -2.1265e+00 +1.2821e+00 +1.7476e+00 -2.0465e+00 -2.3599e+00 +6.1122e-01 -1.8389e+00 -1.7506e+00 +4.7722e+00 +3.6010e+00
107 0 +1.327400755e+01 +1.042940076e+02 +1.042940076e+02 +8.3267e-01 +4.1578e-01 -1.3232e+00 -9.5419e-01 -3.4127e+00 +1.0736e+00 -3.3595e+00 +3.1611e-01 -1.3561e+00 +2.6633e+00 +3.2120e+00 +1.8547e+00 +8.9966e-01 -1.0325e-01 -2.8994e+00 +2.1691e+00 -1.7873e+00 +8.1106e-01 +4.7157e-01 -1.9601e+00
255 0 +1.300782858e+01 +1.040278286e+02 +1.040278286e+02 +2.6451e+00 +1.3203e+00 -9.9612e-01 -5.8685e-01 -1.9780e+00 +4.2398e+00 -3.9341e-01 +1.2217e+00 +1.9354e+00 -1.5272e+00 +3.0063e-01 -4.9359e-01 +2.9176e+00 -1.8879e+00 -1.3435e+00 +6.2695e-01 -2.5187e+00 -8.0718e-01 +3.0834e+00 -6.6076e-02
309 0 +1.124821450e+01 +1.022682145e+02 +1.022682145e+02 +2.7767e+00 +1.1036e+00 -8.7051e-01 -4.2218e-01 -2.0873e+00 +4.2719e+00 -5.7884e-01 +9.0671e-01 +1.7975e+00 -1.2504e+00 +4.6224e-01 -4.3213e-01 +3.0369e+00 -1.7584e+00 -1.5945e+00 +8.1308e-01 -2.5789e+00 -6.8063e-01 +2.9794e+00 -3.1007e-01
355 0 +1.061034224e+01 +1.016303422e+02 +1.016303422e+02 +1.5999e+00 +4.1313e-01 -1.4141e+00 -1.9475e+00 -3.8153e+00 +4.6601e+00 -6.1971e-01 +4.2708e+00 +2.1316e+00 -3.5238e+00 -2.1785e+00 +1.3703e+00 +2.2779e+00 -1.2355e+00 -1.4098e+00 +9.8244e-01 -1.8215e+00 -1.4216e+00 +3.3705e+00 +2.5562e+00
761 0 +1.031445619e+01 +1.013344562e+02 +1.013344562e+02 +5.9577e-01 +1.3835e+00 -1.6065e+00 -2.5140e+00 -4.1099e+00 +4.4932e+00 -1.2677e+00 +4.1378e+00 +2.6226e+00 -3.4128e+00 -1.5383e+00 +8.8629e-01 +1.9511e+00 -1.9873e+00 -2.1222e+00 +5.5281e-01 -9.4180e-01 -1.4699e+00 +4.2264e+00 +2.8341e+00
1260 0 +1.004131505e+01 +1.010613150e+02 +1.010613150e+02 +9.4293e-01 +1.7804e+00 +9.4319e-02 -8.1991e-02 -2.9613e+00 +3.8156e+00 -1.8020e+00 +2.1501e+00 +2.2615e+00 -1.1266e+00 -4.6553e-02 -1.6938e-01 +2.4830e+00 -1.4249e+00 -1.3891e+00 -9.9246e-03 -1.8841e+00 -5.6951e-01 +2.2842e+00 +1.2586e+00
1655 0 +9.769241014e+00 +1.007892410e+02 +1.007892410e+02 +2.0280e+00 +1.5834e+00 -1.1261e+00 -1.9272e+00 -3.8997e+00 +4.3201e+00 -1.5009e+00 +3.8474e+00 +2.6246e+00 -2.9584e+00 -1.3262e+00 +3.1252e-01 +1.8231e+00 -1.7897e+00 -1.8664e+00 +4.0543e-01 -1.9953e+00 -1.2898e+00 +3.7165e+00 +2.7109e+00
% f evaluations | g evaluations | best noise-free fitness - Fopt (7.324200000000e+02) + sum g_i+ | measured fitness | best measured fitness or single-digit g-values | x1 | x2...
1 0 +7.041555319e+01 +8.028355532e+02 +8.028355532e+02 +3.8844e+00 -2.3632e+00 +3.7056e+00 +1.1806e+00 -1.3324e-01 +7.1442e-02 +1.5848e+00 +1.0212e+00 +1.1812e+00 -3.7268e+00 +1.4909e+00 +4.5353e+00 +8.4540e-01 +3.4901e-01 -4.8959e+00 -4.4213e+00 -3.2049e+00 -4.2373e+00 -5.5153e-01 +1.6908e-01
2 0 +2.569820514e+01 +7.581182051e+02 +7.581182051e+02 +1.6283e+00 -1.0120e+00 +1.9942e+00 +1.8957e+00 +3.1227e+00 -2.5120e+00 +4.3238e+00 +1.1629e+00 +9.8349e-01 -2.1856e+00 +1.5419e+00 +4.1757e+00 -3.2726e+00 -7.7351e-01 +2.0241e+00 +3.9306e+00 +4.5176e-01 +1.4086e+00 -1.8879e+00 +3.1102e+00
8 0 +2.258550190e+01 +7.550055019e+02 +7.550055019e+02 -3.1896e+00 -3.7141e+00 -2.3327e+00 +3.0397e+00 +4.7756e+00 -5.4723e-01 +2.7531e+00 +3.5208e+00 +4.1954e+00 -1.0035e+00 +2.2611e-01 -2.3985e+00 +7.9264e-01 +8.1732e-01 +8.9042e-01 +1.0550e+00 +3.5828e+00 -3.6894e+00 -1.4973e+00 -3.6034e+00
9 0 +1.752858303e+01 +7.499485830e+02 +7.499485830e+02 -4.8219e+00 +2.6996e+00 +9.1927e-01 -1.3851e+00 +2.5038e+00 +3.8388e+00 -3.1692e+00 +9.5591e-01 -4.8596e+00 -8.8994e-01 +4.5778e+00 +1.6632e+00 +3.8332e+00 -2.3129e+00 +1.9892e+00 +1.4114e+00 -2.5080e+00 -1.8609e+00 -7.8158e-01 -1.2465e+00
42 0 +1.504517497e+01 +7.474651750e+02 +7.474651750e+02 -2.8871e+00 +8.5494e-01 +8.0212e-01 +2.6942e+00 +3.9459e+00 -2.7123e+00 +2.2097e+00 -2.0388e+00 -1.7434e+00 +4.4995e+00 -3.6713e-01 -4.0239e+00 +3.5554e+00 +8.6228e-01 +4.1551e+00 +2.2955e+00 +1.5318e+00 -3.6956e-01 -9.2448e-01 -1.6270e+00
55 0 +1.457688927e+01 +7.469968893e+02 +7.469968893e+02 -2.4925e+00 -4.0091e+00 +1.1246e+00 -1.5688e+00 -3.0718e+00 -1.9543e+00 +2.3967e+00 -1.9530e+00 -1.3419e+00 +2.9115e+00 -1.5024e+00 +1.2673e+00 -9.8050e-01 +2.3069e+00 +1.9086e+00 +3.1921e-01 +4.5736e-01 -2.1227e+00 -1.9055e+00 +3.1971e+00
106 0 +1.196532972e+01 +7.443853297e+02 +7.443853297e+02 -2.5758e+00 -3.8443e+00 +3.6404e-01 -1.8334e+00 -3.2228e+00 -9.1340e-01 +1.3008e+00 -7.9909e-01 -1.7777e+00 +2.3092e+00 -4.1585e-01 +1.7621e+00 -1.1043e+00 +1.8227e+00 +1.6231e+00 -5.4812e-02 -9.0301e-02 -2.4135e+00 -2.1287e+00 +2.7618e+00
206 0 +6.546087667e+00 +7.389660877e+02 +7.389660877e+02 -2.0420e+00 -1.8287e+00 +1.7922e+00 +3.5014e+00 -1.7494e+00 +1.4097e+00 +2.9497e+00 +4.1200e-01 +2.3312e+00 +2.3413e+00 +3.1695e+00 -1.9617e+00 -7.3024e-01 +2.6787e+00 +3.3192e+00 +8.5318e-01 +8.8689e-01 -1.7550e+00 +1.3400e-01 -3.5340e+00
% f evaluations | g evaluations | best noise-free fitness - Fopt (3.542000000000e+01) + sum g_i+ | measured fitness | best measured fitness or single-digit g-values | x1 | x2...
1 0 +3.217675772e+01 +6.759675772e+01 +6.759675772e+01 +4.6290e+00 -2.5401e+00 -2.0723e+00 +2.8764e+00 -2.7611e+00 +4.8207e-01 -3.9740e+00 -4.5416e+00 +8.3708e-01 +1.8175e+00 +2.8404e+00 -5.5561e-01 +2.5510e+00 -3.2646e+00 +4.2133e+00 +3.5296e+00 +3.9252e+00 -4.6971e+00 -1.6180e+00 +1.3862e+00
4 0 +1.699038368e+01 +5.241038368e+01 +5.241038368e+01 -1.2243e+00 -1.3357e+00 -2.2140e+00 +1.8515e+00 +1.7914e+00 -3.2775e+00 -4.9603e-01 -3.2781e+00 -1.4607e+00 +2.8229e+00 -4.3874e+00 +1.1790e+00 +2.4721e+00 +6.0199e-01 -6.1199e-02 +1.5839e+00 -2.1663e+00 +8.6721e-01 -2.8317e+00 -2.7910e+00
53 0 +1.604838241e+01 +5.146838241e+01 +5.146838241e+01 +8.7446e-01 +1.6398e+00 +1.9501e+00 +5.6654e-01 +1.7977e-01 +3.9034e+00 +1.8845e+00 -1.1738e+00 -1.6578e+00 -2.6437e+00 -6.8050e-01 +4.2872e+00 +4.0425e-01 -4.3910e+00 -1.4581e+00 -6.6617e-01 -1.0607e+00 -2.7278e+00 +5.5503e-01 +5.5018e-01
108 0 +1.542387716e+01 +5.084387716e+01 +5.084387716e+01 -1.2829e+00 -1.5162e+00 -1.7747e+00 +1.2593e+00 +1.4145e+00 -3.4441e+00 -5.7033e-03 -2.2692e+00 -1.7121e+00 +2.2444e+00 -4.3762e+00 +7.5696e-01 +2.4615e+00 +5.8509e-01 -3.2099e-01 +8.0719e-01 -2.4729e+00 +2.7023e-01 -2.4232e+00 -2.1880e+00
354 0 +1.243017365e+01 +4.785017365e+01 +4.785017365e+01 +2.0432e-02 -2.3743e+00 +1.7135e+00 +3.2940e+00 +1.0617e+00 -3.0131e+00 -1.7924e+00 +2.8487e+00 +1.8154e+00 -4.4261e+00 -8.1782e-01 -4.1570e-01 -5.5617e-01 +1.5219e+00 +1.1937e+00 +3.5096e+00 -2.9834e+00 +3.1084e+00 -3.6364e+00 -3.0800e-01
1455 0 +1.217683011e+01 +4.759683011e+01 +4.759683011e+01 -1.2058e+00 -3.1303e-01 -4.9040e-01 -6.3796e-01 +3.7416e-01 -1.8160e+00 -1.9727e+00 -1.2774e+00 +4.8281e-01 +1.7187e-01 -2.5217e+00 -9.1062e-02 -2.9497e-01 +1.6422e+00 +1.4681e+00 -9.1483e-01 -1.0557e+00 +9.3666e-01 -3.1499e-01 -1.2579e+00
1861 0 +1.158634352e+01 +4.700634352e+01 +4.700634352e+01 -1.2132e+00 -6.2387e-01 -9.5952e-01 +2.0569e-02 +7.5071e-01 -2.2273e+00 -1.5870e+00 -1.8035e+00 -2.1577e-02 +8.6348e-01 -3.0417e+00 +2.4782e-01 +4.5804e-01 +1.2397e-01 +1.0382e+00 -2.5163e-01 -1.3488e+00 +8.8542e-01 -1.0116e+00 -1.6782e+00
