% f evaluations | g evaluations | best noise-free fitness - Fopt (-5.465000000000e+02) + sum g_i+ | measured fitness | best measured fitness or single-digit g-values | x1 | x2...
1 0 +3.055046084e+04 +3.000396084e+04 +3.000396084e+04 -1.0935e+00 -3.8060e+00 +2.1182e+00 +4.5722e+00 +3.8822e+00 -4.6730e+00 -2.4002e+00 -1.1944e+00 -3.5704e+00 +1.2854e+00
52 0 +2.824715454e+04 +2.770065454e+04 +2.770065454e+04 +4.2085e+00 -1.2183e+00 +3.1079e+00 -4.6938e+00 +9.3150e-01 +3.0130e+00 +1.9070e-01 +1.7692e+00 +6.5583e-01 +1.4004e+00
104 0 +1.391743503e+04 +1.337093503e+04 +1.337093503e+04 -4.6261e-01 -2.5648e+00 +2.5311e+00 +3.3630e-01 -5.1668e-01 -2.0368e+00 +1.3521e+00 +9.9918e-02 -2.7017e+00 -8.6615e-01
157 0 +1.174113182e+04 +1.119463182e+04 +1.119463182e+04 +3.0697e+00 -6.0057e-01 +2.7880e+00 -3.6060e+00 +1.0410e-02 +1.5173e+00 +4.7102e-01 +1.9606e+00 +3.2631e-01 +9.9379e-01
208 0 +6.304037273e+03 +5.757537273e+03 +5.757537273e+03 +2.3345e+00 -1.0094e+00 +2.7346e+00 -2.7855e+00 -9.9290e-02 +7.7758e-01 +6.5439e-01 +1.5734e+00 -3.0390e-01 +6.0669e-01
256 0 +5.421730766e+03 +4.875230766e+03 +4.875230766e+03 +1.0499e+00 -7.6277e-01 +2.9167e+00 -3.5587e+00 +5.8694e-01 +2.4030e-01 +4.7272e-01 +8.7265e-02 -6.9900e-01 +9.4539e-01
302 0 +4.854150956e+03 +4.307650956e+03 +4.307650956e+03 +1.2167e+00 -7.9479e-01 +2.8931e+00 -3.4583e+00 +4.9783e-01 +3.1007e-01 +4.9631e-01 +2.8025e-01 -6.4769e-01 +9.0141e-01
311 0 +4.557567488e+03 +4.011067488e+03 +4.011067488e+03 +1.0499e+00 -7.6277e-01 +1.2103e+00 -3.5587e+00 +5.8694e-01 +2.4030e-01 +4.7272e-01 +8.7265e-02 -6.9900e-01 +9.4539e-01
364 0 +3.438684694e+03 +2.892184694e+03 +2.892184694e+03 +1.2167e+00 -7.9479e-01 +2.8931e+00 -1.2903e+00 +4.9783e-01 +3.1007e-01 +4.9631e-01 +2.8025e-01 -6.4769e-01 +9.0141e-01
561 0 +2.422780585e+03 +1.876280585e+03 +1.876280585e+03 +1.5542e+00 -9.3509e-01 +2.8403e+00 -3.0389e+00 +2.5439e-01 +4.1948e-01 +1.3717e-01 +7.6055e-01 -5.9129e-01 +7.8837e-01
607 0 +2.167046303e+03 +1.620546303e+03 +1.620546303e+03 +1.3829e+00 -1.0982e+00 +2.8061e+00 -2.6975e+00 +1.6602e-01 +1.9011e-01 +2.7501e-01 +7.2402e-01 -7.8908e-01 +6.1901e-01
808 0 +2.011195146e+03 +1.464695146e+03 +1.464695146e+03 +1.0437e+00 -8.3597e-01 +2.5282e+00 -2.5783e+00 +4.7043e-01 +2.6820e-01 +1.5179e-01 +2.9432e-01 -6.8793e-01 +8.6696e-01
811 0 +1.614580506e+03 +1.068080506e+03 +1.068080506e+03 +1.3829e+00 -1.0982e+00 +2.8061e+00 -2.6975e+00 +1.6602e-01 +1.9011e-01 +7.2862e-02 +7.2402e-01 -7.8908e-01 +6.1901e-01
1013 0 +1.512463355e+03 +9.659633552e+02 +9.659633552e+02 +1.3829e+00 -1.0982e+00 +2.8061e+00 -2.6975e+00 +1.6602e-01 +1.9011e-01 +2.7216e-02 +7.2402e-01 -7.8908e-01 +6.1901e-01
% f evaluations | g evaluations | best noise-free fitness - Fopt (1.000000000000e+03) + sum g_i+ | measured fitness | best measured fitness or single-digit g-values | x1 | x2...
1 0 +5.710032680e+04 +5.810032680e+04 +5.810032680e+04 -3.4114e+00 +1.2506e+00 -3.4562e+00 +2.5316e+00 +1.5846e+00 +4.0143e+00 +1.0660e+00 +2.5984e+00 +3.6446e+00 -2.4581e+00
5 0 +3.401167753e+04 +3.501167753e+04 +3.501167753e+04 -3.0809e+00 +3.8441e+00 -1.1281e+00 +2.3043e+00 +8.8373e-01 -1.3068e+00 -4.3213e+00 +3.8812e+00 -3.6330e+00 -1.1293e+00
35 0 +1.501163287e+04 +1.601163287e+04 +1.601163287e+04 +1.3692e+00 -2.7051e+00 -2.3510e+00 -1.7292e+00 -1.9656e+00 -1.7298e+00 -2.0611e-01 +1.4293e+00 -2.4866e+00 -3.6901e+00
43 0 +1.330680822e+04 +1.430680822e+04 +1.430680822e+04 -4.4319e+00 +2.1627e-02 -3.9993e+00 +1.4421e+00 -3.5583e+00 -2.2684e+00 -4.5475e-01 +4.3440e+00 -5.1151e-01 -1.0801e+00
104 0 +1.003007340e+04 +1.103007340e+04 +1.103007340e+04 +2.3006e+00 +2.7333e+00 -3.7632e+00 -1.9257e-01 +9.9448e-01 +3.8406e+00 +2.2465e+00 +7.6186e-01 -8.9864e-01 -2.8229e+00
152 0 +7.185374009e+03 +8.185374009e+03 +8.185374009e+03 -2.8543e-02 -8.3621e-01 +1.7048e+00 +9.5037e-01 -2.5827e+00 -1.5174e+00 -1.3459e+00 -2.0492e-01 -2.5790e-01 -5.0204e-01
153 0 +5.776062743e+03 +6.776062743e+03 +6.776062743e+03 -5.7335e-01 +5.0263e-01 -9.4506e-01 +1.0125e+00 -8.8375e-01 +1.0453e+00 +1.2790e-01 +8.4377e-01 +5.6365e-01 -1.6832e+00
203 0 +3.099404220e+03 +4.099404220e+03 +4.099404220e+03 -1.2191e-01 -7.2882e-01 +1.0512e+00 +4.2276e-01 -2.6319e+00 -1.7913e+00 -8.4812e-01 +6.8433e-01 -4.3710e-01 -1.0158e+00
252 0 +2.266344036e+03 +3.266344036e+03 +3.266344036e+03 -1.5052e+00 +3.3736e-01 -2.1127e+00 +4.1939e-01 -1.8095e+00 -4.4363e-01 +4.2520e-01 +2.6507e+00 -3.4952e-02 -2.0387e+00
304 0 +1.785498710e+03 +2.785498710e+03 +2.785498710e+03 -3.8743e-01 -3.3671e-01 +1.8209e-01 +4.6881e-01 -2.1835e+00 -1.0899e+00 -4.2921e-01 +1.0702e+00 -2.0984e-01 -1.3445e+00
402 0 +1.138330933e+03 +2.138330933e+03 +2.138330933e+03 -1.7844e+00 +9.2408e-01 +8.1690e-01 +1.1570e+00 -1.7902e+00 +3.4752e-01 -1.6899e+00 +1.0464e+00 -3.1166e-01 -1.9631e+00
403 0 +4.980313123e+02 +1.498031312e+03 +1.498031312e+03 -1.6851e+00 +7.1545e-01 -2.2483e-01 +8.9469e-01 -1.7971e+00 +6.6205e-02 -9.3782e-01 +1.6169e+00 -2.1327e-01 -1.9900e+00
557 0 +4.544516707e+02 +1.454451671e+03 +1.454451671e+03 -1.3605e+00 +4.1451e-01 -4.3336e-01 +7.2101e-01 -1.8883e+00 -2.8072e-01 -6.0421e-01 +1.6581e+00 -1.8467e-01 -1.8505e+00
1010 0 +4.430252283e+02 +1.443025228e+03 +1.443025228e+03 -1.3756e+00 +4.2879e-01 -4.2051e-01 +9.1493e-02 -1.8843e+00 -2.6428e-01 -6.2184e-01 +1.6545e+00 -1.8639e-01 -1.8567e+00
% f evaluations | g evaluations | best noise-free fitness - Fopt (2.083800000000e+02) + sum g_i+ | measured fitness | best measured fitness or single-digit g-values | x1 | x2...
1 0 +5.679005781e+04 +5.699843781e+04 +5.699843781e+04 -6.1222e-01 +2.8914e+00 +3.2886e+00 +4.1778e+00 +8.0759e-01 -1.2186e+00 -1.3532e-01 +3.8510e+00 -2.4439e+00 -2.7790e+00
2 0 +5.362077896e+04 +5.382915896e+04 +5.382915896e+04 -8.2397e-01 -2.1251e+00 -2.5953e+00 -4.9635e+00 +7.5823e-01 +4.1450e+00 +3.6606e+00 +2.5505e+00 +1.1990e+00 +4.5947e+00
15 0 +4.823565575e+04 +4.844403575e+04 +4.844403575e+04 +2.1486e+00 -4.2837e+00 -1.8080e+00 +1.2046e+00 -4.0331e+00 +3.7742e-01 -2.6160e+00 +4.3677e-01 +3.0557e-01 +7.7324e-01
18 0 +1.998118633e+04 +2.018956633e+04 +2.018956633e+04 +3.5176e-01 -4.0720e+00 +2.7730e+00 +1.1007e+00 -1.7594e+00 +4.9548e+00 -1.0135e+00 +3.8527e+00 +1.2284e+00 +5.3938e-01
28 0 +1.990162281e+04 +2.011000281e+04 +2.011000281e+04 +1.2147e-01 +1.3588e-01 -2.0453e-01 -1.1423e+00 -1.2202e+00 +1.5621e+00 -4.4263e-01 +2.4197e+00 +1.7979e+00 +3.9567e+00
47 0 +1.494363204e+04 +1.515201204e+04 +1.515201204e+04 -9.1966e-01 -1.4751e+00 -1.9076e+00 +2.7407e+00 -5.5501e-01 +2.1203e+00 +3.5215e+00 +4.8581e-01 +1.0209e+00 +1.9608e+00
54 0 +5.006994665e+03 +5.215374665e+03 +5.215374665e+03 -3.3056e-01 -1.0302e+00 +4.2313e+00 +1.3409e+00 -1.8083e+00 +1.7884e-01 +3.5742e+00 -2.0572e-01 -5.3862e-01 +2.1021e+00
103 0 +4.536320006e+03 +4.744700006e+03 +4.744700006e+03 -4.5814e-01 -1.1265e+00 +2.9017e+00 +1.6441e+00 -1.5369e+00 +5.9931e-01 +3.5628e+00 -5.5956e-02 -2.0088e-01 +2.0715e+00
152 0 +2.209990070e+03 +2.418370070e+03 +2.418370070e+03 -3.4262e-01 +1.5962e+00 +6.3746e-01 -6.7981e-01 +2.4790e-01 +4.0148e+00 +1.8615e+00 +1.6598e+00 -9.1242e-01 +9.9453e-01
153 0 +2.114034077e+03 +2.322414077e+03 +2.322414077e+03 -8.0921e-01 +1.4152e+00 -1.9077e-01 -6.2127e-01 -8.7188e-01 +3.9168e+00 +2.0980e+00 +8.7817e-01 -1.5231e+00 +1.5134e+00
202 0 +1.068948325e+03 +1.277328325e+03 +1.277328325e+03 -6.3228e-02 +2.2565e-02 +2.7503e+00 -1.1618e+00 +1.7632e+00 +2.6917e+00 +1.2167e+00 +1.4913e+00 -6.6981e-02 +1.0453e+00
252 0 +4.643917149e+02 +6.727717149e+02 +6.727717149e+02 -4.5890e-01 +8.2230e-01 +1.4033e+00 -1.1249e-01 -6.1441e-01 +2.9265e+00 +2.3826e+00 +9.4782e-01 -9.5708e-01 +1.4467e+00
253 0 +3.212218079e+02 +5.296018079e+02 +5.296018079e+02 -2.5111e-01 +4.7064e-01 +2.3488e+00 +1.8929e-01 -4.6169e-01 +2.3390e+00 +2.5514e+00 +9.8914e-01 -6.2134e-01 +1.4071e+00
304 0 +9.350114773e+00 +2.177301148e+02 +2.177301148e+02 -3.7282e-01 +6.4832e-01 +1.6963e+00 -3.4076e-01 -9.7167e-02 +2.8754e+00 +2.1290e+00 +1.0660e+00 -7.6344e-01 +1.3594e+00
408 0 +4.547891998e+00 +2.129278920e+02 +2.129278920e+02 -3.6548e-01 +6.3348e-01 +1.7213e+00 -3.6023e-01 -5.3039e-02 +2.8710e+00 +2.1073e+00 +9.6403e-01 -7.4692e-01 +1.3519e+00
409 0 +4.319197732e+00 +2.126991977e+02 +2.126991977e+02 -3.6294e-01 +6.2835e-01 +1.7299e+00 -3.6696e-01 -3.7794e-02 +2.8695e+00 +2.0998e+00 +9.2879e-01 -7.4121e-01 +1.3494e+00
509 0 +3.105416968e+00 +2.114854170e+02 +2.114854170e+02 -3.4498e-01 +5.9318e-01 +1.7963e+00 -1.8467e-01 -1.2916e-02 +2.6615e+00 +2.0899e+00 +1.0898e+00 -7.0166e-01 +1.3557e+00
654 0 +3.064539966e+00 +2.114445400e+02 +2.114445400e+02 -3.4631e-01 +5.9573e-01 +1.7911e+00 -2.1006e-01 -1.0494e-02 +2.6871e+00 +2.0884e+00 +1.0567e+00 -7.0456e-01 +1.3077e+00
706 0 +2.609730326e+00 +2.109897303e+02 +2.109897303e+02 -3.4855e-01 +6.2269e-01 +1.7204e+00 -2.3500e-01 -4.6042e-02 +2.7409e+00 +1.8576e+00 +1.0230e+00 -7.3411e-01 +1.3216e+00
858 0 +2.485068427e+00 +2.108650684e+02 +2.108650684e+02 -3.4691e-01 +6.0919e-01 +1.7551e+00 -2.1197e-01 -3.0884e-02 +2.7046e+00 +1.9639e+00 +1.0535e+00 -7.1926e-01 +1.3372e+00
905 0 +2.444075278e+00 +2.108240753e+02 +2.108240753e+02 -3.4794e-01 +6.1609e-01 +1.7376e+00 -2.2765e-01 -3.7649e-02 +2.7266e+00 +1.9130e+00 +1.0328e+00 -7.2686e-01 +1.3208e+00
% f evaluations | g evaluations | best noise-free fitness - Fopt (-1.449600000000e+02) + sum g_i+ | measured fitness | best measured fitness or single-digit g-values | x1 | x2...
1 0 +1.719755668e+05 +1.718306068e+05 +1.718306068e+05 +1.9825e+00 -3.6778e-01 +2.6499e+00 +2.2225e+00 +3.9384e+00 -3.3502e+00 -4.3794e+00 +1.0389e+00 -1.1974e+00 -4.4528e+00
2 0 +5.907346860e+04 +5.892850860e+04 +5.892850860e+04 -9.9276e-02 -2.2198e+00 -3.7858e+00 +3.6558e+00 -4.4538e+00 -2.2758e+00 -1.6957e+00 -4.2577e+00 -2.6907e+00 +1.1879e+00
5 0 +3.288081359e+04 +3.273585359e+04 +3.273585359e+04 +2.2005e+00 -1.9023e+00 -4.3656e+00 +1.8095e-01 +4.2975e+00 +4.7617e-01 +1.3155e+00 +3.5820e+00 -2.9954e+00 +2.6872e-01
8 0 +1.242836252e+04 +1.228340252e+04 +1.228340252e+04 -1.3348e+00 +2.3418e+00 -4.6568e+00 -2.6225e+00 -1.2154e+00 +2.0160e+00 +9.3611e-01 +1.2107e+00 +7.5348e-01 +3.7833e+00
12 0 +7.717298570e+03 +7.572338570e+03 +7.572338570e+03 +3.0580e+00 -2.6891e-01 +1.9779e+00 -4.7208e+00 +1.0605e+00 +1.1663e+00 -4.0214e+00 -5.4142e-01 -2.7107e+00 +2.5956e+00
54 0 +4.787848613e+03 +4.642888613e+03 +4.642888613e+03 +2.4167e+00 -6.6519e-01 +8.0717e-01 -3.0193e+00 -5.9576e-02 +4.6711e-01 -3.5490e+00 -1.2963e+00 -2.7067e+00 +2.3097e+00
103 0 +2.108448043e+03 +1.963488043e+03 +1.963488043e+03 +2.4468e+00 -1.1310e+00 +2.4955e-01 -4.5251e+00 +9.4675e-02 +2.2090e+00 -1.7658e+00 +1.0620e+00 -2.3443e+00 +1.8388e+00
157 0 +1.832400093e+03 +1.687440093e+03 +1.687440093e+03 +2.4892e+00 -6.8945e-01 +6.2027e-01 -4.5087e+00 +3.6391e-01 +1.8487e+00 -2.4101e+00 +5.2722e-01 -2.3337e+00 +2.1786e+00
158 0 +1.551935306e+02 +1.023353058e+01 +1.023353058e+01 +1.1290e-01 -2.0660e+00 +5.8074e-01 -2.3412e+00 +1.0827e+00 +1.7838e+00 -1.5519e+00 +1.1066e+00 -1.8706e+00 +1.1367e+00
206 0 +4.076595666e+00 -1.408834043e+02 -1.408834043e+02 -1.0320e+00 -8.8976e-01 +1.0082e+00 -2.7288e+00 -3.6180e-01 +1.8698e+00 -1.4427e+00 +6.4793e-01 -8.4469e-01 +1.2012e+00
255 0 +3.946460524e+00 -1.410135395e+02 -1.410135395e+02 +2.0283e-01 -1.9613e+00 -6.0774e-01 -2.7211e+00 +2.5617e-01 +2.3810e+00 -3.5138e-01 +1.8621e+00 -1.6061e+00 +1.1157e+00
304 0 +3.592641867e+00 -1.413673581e+02 -1.413673581e+02 +1.4449e-01 -1.7368e+00 +6.5674e-01 -2.6120e+00 +7.7045e-01 +1.8045e+00 -1.6148e+00 +9.7419e-01 -1.7410e+00 +1.2463e+00
358 0 +3.086203249e+00 -1.418737968e+02 -1.418737968e+02 -3.4266e-01 -8.0327e-01 -1.3177e+00 -2.4872e+00 +1.6298e-01 +2.0509e+00 -4.0470e-01 +1.4094e+00 -1.0128e+00 +1.8602e+00
557 0 +2.876875000e+00 -1.420831250e+02 -1.420831250e+02 -3.9324e-01 -7.8506e-01 -1.1471e+00 -2.5049e+00 +1.2448e-01 +2.0377e+00 -4.8085e-01 +1.3535e+00 -1.0005e+00 +1.8118e+00
661 0 +2.800847514e+00 -1.421591525e+02 -1.421591525e+02 -3.9324e-01 -6.1576e-01 -1.1471e+00 -2.5049e+00 +1.2448e-01 +2.0377e+00 -4.8085e-01 +1.3535e+00 -1.0005e+00 +1.8118e+00
664 0 +2.706624256e+00 -1.422533757e+02 -1.422533757e+02 -3.4266e-01 -8.0327e-01 -5.4378e-01 -2.4872e+00 +1.6298e-01 +2.0509e+00 -4.0470e-01 +1.4094e+00 -1.0128e+00 +1.8602e+00
704 0 +2.686131472e+00 -1.422738685e+02 -1.422738685e+02 -3.8353e-01 -7.8856e-01 -1.0312e+00 -2.5015e+00 +1.3187e-01 +2.0402e+00 -4.6623e-01 +1.3642e+00 -1.0028e+00 +1.8211e+00
705 0 +2.588177011e+00 -1.423718230e+02 -1.423718230e+02 -3.5237e-01 -7.9978e-01 -6.5960e-01 -2.4906e+00 +1.5559e-01 +2.0484e+00 -4.1932e-01 +1.3987e+00 -1.0104e+00 +1.8509e+00
708 0 +2.568441963e+00 -1.423915580e+02 -1.423915580e+02 -3.5750e-01 -7.9793e-01 -7.2077e-01 -2.4924e+00 +1.5169e-01 +2.0470e+00 -4.2704e-01 +1.3930e+00 -1.0092e+00 +1.8460e+00
% f evaluations | g evaluations | best noise-free fitness - Fopt (-6.300000000000e+00) + sum g_i+ | measured fitness | best measured fitness or single-digit g-values | x1 | x2...
1 0 +2.370001993e+05 +2.369938993e+05 +2.369938993e+05 +4.5609e+00 +3.4816e+00 -2.8730e+00 +1.0905e+00 +1.3458e+00 +3.4230e+00 -4.0739e+00 -2.8954e+00 -1.4695e+00 -4.5305e+00
2 0 +1.106918940e+05 +1.106855940e+05 +1.106855940e+05 +3.7703e+00 -1.7931e+00 -4.9918e+00 +3.6677e+00 +7.9360e-01 -2.5891e+00 -4.6727e+00 +5.5625e-01 +2.2458e+00 -2.9136e+00
4 0 +2.333276587e+04 +2.332646587e+04 +2.332646587e+04 +5.8953e-01 +3.7549e-01 +7.8366e-01 +7.7554e-01 -4.6479e+00 -1.0622e+00 +2.6654e-01 -3.5663e+00 -2.2788e+00 +2.0262e+00
7 0 +1.793292508e+04 +1.792662508e+04 +1.792662508e+04 -3.0991e+00 +3.4495e+00 -1.4770e+00 -1.3832e+00 +8.8297e-01 +2.2307e+00 +2.9948e+00 -3.2938e-01 +8.3087e-02 +1.6048e+00
16 0 +1.690563323e+04 +1.689933323e+04 +1.689933323e+04 +2.5538e+00 +6.7083e-01 +1.6688e+00 -1.0704e+00 -1.9793e+00 -1.6845e+00 -2.2984e+00 -2.7234e+00 -7.2687e-01 +6.7627e-01
54 0 +1.337436020e+04 +1.336806020e+04 +1.336806020e+04 +2.4276e+00 -1.5662e+00 -1.5600e+00 -3.5030e-01 +3.4233e+00 -1.7675e+00 +2.3083e+00 -2.9329e-01 +3.1552e+00 +5.2561e-01
102 0 +1.149773620e+04 +1.149143620e+04 +1.149143620e+04 -4.6698e-01 +1.2559e+00 +1.3615e-01 +1.5722e-01 -3.0637e+00 -1.1907e-01 +1.0480e+00 -2.6392e+00 -1.6023e+00 +1.9055e+00
103 0 +8.791681058e+03 +8.785381058e+03 +8.785381058e+03 -2.0426e+00 +2.5690e+00 -8.2950e-01 -7.6490e-01 -7.0119e-01 +1.2875e+00 +2.2134e+00 -1.2565e+00 -5.9342e-01 +1.7255e+00
152 0 +5.922077459e+03 +5.915777459e+03 +5.915777459e+03 +2.5541e+00 +1.8377e-01 +7.0926e-01 -8.4419e-01 -8.5238e-01 -1.3805e+00 -1.1685e+00 -2.4001e+00 -8.8541e-03 +4.6889e-01
156 0 +4.669217154e+03 +4.662917154e+03 +4.662917154e+03 +1.7387e-01 +1.6537e+00 +3.7522e-01 -9.1222e-01 -1.3175e+00 -1.4563e-01 +3.7733e-02 -1.9639e+00 -6.5777e-01 +1.2195e+00
159 0 +2.723950326e+03 +2.717650326e+03 +2.717650326e+03 +1.3317e+00 +7.8029e-01 -3.0208e-01 -1.7272e+00 +7.5320e-01 -2.1616e+00 +9.3999e-01 -2.1347e+00 +3.1286e-01 +8.2375e-01
204 0 +1.708014147e+03 +1.701714147e+03 +1.701714147e+03 -4.0934e-01 +9.1602e-01 -3.8772e-01 -6.7564e-01 -8.8892e-02 +7.7506e-01 +9.7795e-01 -1.5309e+00 +4.1993e-01 +7.9799e-01
252 0 +7.138909394e+02 +7.075909394e+02 +7.075909394e+02 +6.0129e-01 +6.7938e-01 -9.6473e-01 -5.7000e-01 +4.1002e-01 +7.6368e-02 +1.4697e+00 -1.5704e+00 +5.0615e-01 +7.8233e-01
312 0 +7.014825702e+02 +6.951825702e+02 +6.951825702e+02 +6.0129e-01 +6.7938e-01 -9.6473e-01 -5.7000e-01 +4.1002e-01 +6.4909e-02 +1.4697e+00 -1.5704e+00 +5.0615e-01 +7.8233e-01
454 0 +5.060011540e+02 +4.997011540e+02 +4.997011540e+02 +8.8664e-01 +4.3012e-01 -6.2172e-01 -6.9568e-01 +1.2463e-01 +1.1152e-01 +1.0924e+00 -1.1106e+00 +3.8795e-01 +1.0841e+00
806 0 +4.515701598e+02 +4.452701598e+02 +4.452701598e+02 +8.0013e-01 +5.0559e-01 -7.2083e-01 -6.5912e-01 +2.0603e-01 +9.8559e-02 +1.1732e+00 -1.2468e+00 +4.2094e-01 +9.9586e-01
902 0 +3.521702143e+02 +3.458702143e+02 +3.458702143e+02 +7.7757e-01 +6.0456e-01 -7.5594e-01 -5.1477e-01 +3.3485e-01 -1.6193e-01 +1.2497e+00 -1.4655e+00 +4.3650e-01 +8.9982e-01
954 0 +3.388683358e+02 +3.325683358e+02 +3.325683358e+02 +7.9909e-01 +6.0740e-01 -7.3399e-01 -4.8705e-01 +3.4412e-01 -2.2887e-01 +1.2459e+00 -1.4817e+00 +4.3030e-01 +9.0175e-01
955 0 +3.252556501e+02 +3.189556501e+02 +3.189556501e+02 +8.2467e-01 +5.4911e-01 -7.0058e-01 -5.5901e-01 +2.7133e-01 -1.0837e-01 +1.1975e+00 -1.3583e+00 +4.1744e-01 +9.6092e-01
1006 0 +3.101966681e+02 +3.038966681e+02 +3.038966681e+02 +8.3732e-01 +5.7911e-01 -6.9010e-01 -4.9480e-01 +3.1430e-01 -2.3941e-01 +1.1972e+00 -1.4328e+00 +4.1576e-01 +9.3654e-01
% f evaluations | g evaluations | best noise-free fitness - Fopt (-1.367600000000e+02) + sum g_i+ | measured fitness | best measured fitness or single-digit g-values | x1 | x2...
1 0 +5.631194801e+04 +5.617518801e+04 +5.617518801e+04 +1.0628e+00 -1.7460e+00 -4.3341e-01 -4.6251e+00 +2.2736e+00 -3.8223e+00 -3.7579e+00 +7.8830e-01 +2.5341e+00 -9.4997e-01
2 0 +2.166931406e+04 +2.153255406e+04 +2.153255406e+04 +2.6550e+00 +4.3777e+00 -3.7119e+00 -1.9193e+00 -1.6637e+00 -1.1647e+00 +1.7639e+00 +3.6666e+00 +3.1175e+00 -1.4194e+00
12 0 +1.371924039e+04 +1.358248039e+04 +1.358248039e+04 +1.3763e+00 +4.0395e+00 -9.0669e-01 -1.8672e+00 +2.3409e+00 +1.2533e+00 -1.3341e+00 -4.7631e-01 +2.2774e+00 -5.0683e-01
21 0 +1.129940067e+04 +1.116264067e+04 +1.116264067e+04 +1.2918e+00 -3.0920e+00 +4.6388e+00 +3.6749e+00 -3.0525e+00 +4.1970e-01 -1.3420e+00 +9.9658e-01 +2.4756e+00 -3.1506e+00
52 0 +2.984920749e+03 +2.848160749e+03 +2.848160749e+03 -8.2022e-01 +6.4841e-01 -1.9444e+00 -3.7223e-01 +1.4990e+00 +1.6530e+00 -2.9695e+00 +1.6049e+00 +5.5549e-01 -1.8966e+00
56 0 +2.623572473e+03 +2.486812473e+03 +2.486812473e+03 +1.6723e+00 +3.3464e+00 -2.6550e+00 -1.3970e+00 +8.1180e-01 +2.1536e+00 -6.8768e-01 +1.5366e+00 +3.6096e-01 -9.6914e-01
106 0 +1.999309239e+02 +6.317092388e+01 +6.317092388e+01 +1.3119e+00 +1.0629e+00 +4.5670e-01 +1.1853e-01 +4.5280e-01 +9.9074e-01 -1.0354e+00 +1.5904e+00 +3.9883e-01 -2.0340e+00
254 0 +1.857312611e+02 +4.897126112e+01 +4.897126112e+01 +1.2881e+00 +1.4548e+00 -6.0710e-01 -4.9656e-01 +4.0725e-01 +4.8032e-01 -4.0134e-01 +1.7512e+00 +6.7583e-01 -1.8713e+00
304 0 +1.481569478e+02 +1.139694779e+01 +1.139694779e+01 +1.2975e+00 +1.3002e+00 -1.8757e-01 -2.5399e-01 +4.2522e-01 +6.8161e-01 -6.5139e-01 +1.6878e+00 +5.6659e-01 -1.9354e+00
305 0 +1.386720475e+02 +1.912047486e+00 +1.912047486e+00 +1.3025e+00 +1.2174e+00 +3.7170e-02 -1.2404e-01 +4.3484e-01 +7.8944e-01 -7.8534e-01 +1.6539e+00 +5.0807e-01 -1.9698e+00
459 0 +1.378139069e+02 +1.053906870e+00 +1.053906870e+00 +1.2961e+00 +1.1861e+00 +8.0027e-02 -1.0312e-01 +4.3558e-01 +7.8246e-01 -7.1424e-01 +1.6498e+00 +5.0229e-01 -1.9824e+00
663 0 +5.716509312e+01 -7.959490688e+01 -7.959490688e+01 +1.3080e+00 +1.1271e+00 +2.8237e-01 +1.7732e-02 +1.8107e-01 +9.0709e-01 -9.2287e-01 +1.6168e+00 +4.4423e-01 -2.0073e+00
911 0 +5.607832860e+01 -8.068167140e+01 -8.068167140e+01 +1.3057e+00 +1.1386e+00 +2.4301e-01 -5.7748e-03 +2.3057e-01 +7.5621e-01 -8.8229e-01 +1.6232e+00 +4.5552e-01 -2.0025e+00
914 0 +3.199659942e+01 -1.047634006e+02 -1.047634006e+02 +1.3022e+00 +1.1558e+00 +1.8361e-01 -4.1267e-02 +1.2566e-01 +8.4618e-01 -8.2081e-01 +1.6329e+00 +4.7259e-01 -1.9952e+00
% f evaluations | g evaluations | best noise-free fitness - Fopt (3.667500000000e+02) + sum g_i+ | measured fitness | best measured fitness or single-digit g-values | x1 | x2...
1 0 +3.141570232e+05 +3.145237732e+05 +3.145237732e+05 +3.1058e+00 +2.7441e+00 +4.1796e+00 -4.6886e+00 -4.6108e+00 +3.0774e+00 -4.5726e+00 -3.7784e+00 +1.0090e+00 -2.8236e+00
2 0 +7.287736628e+04 +7.324411628e+04 +7.324411628e+04 -2.9570e+00 +1.7711e+00 -3.7342e+00 +3.5506e+00 -2.7226e+00 -4.0717e+00 +2.6911e+00 -1.7114e+00 -3.5310e+00 -3.3342e+00
3 0 +2.728074632e+04 +2.764749632e+04 +2.764749632e+04 -4.1181e+00 +9.2478e-01 +1.0746e+00 +4.4151e+00 -1.7498e+00 -3.2797e+00 -3.0636e+00 +9.9106e-01 -4.1934e+00 +1.4952e+00
20 0 +2.397834356e+03 +2.764584356e+03 +2.764584356e+03 +2.6875e+00 +8.2159e-01 +1.8605e+00 -1.8780e+00 +2.2124e+00 -3.5133e-01 -5.3272e-01 +3.0440e+00 -9.4055e-01 +1.4956e+00
52 0 +1.231986463e+03 +1.598736463e+03 +1.598736463e+03 -2.6571e+00 -1.5514e+00 +7.7151e-01 +2.2209e+00 -1.5962e+00 -1.4484e+00 +9.0209e-01 +9.9722e-01 -2.8314e+00 +1.2120e+00
103 0 +5.701929735e+02 +9.369429735e+02 +9.369429735e+02 -2.1517e+00 -1.3270e+00 +8.7449e-01 +1.8333e+00 -1.2360e+00 -1.3446e+00 +7.6640e-01 +1.1908e+00 -2.6526e+00 +1.2388e+00
108 0 +4.381778934e+02 +8.049278934e+02 +8.049278934e+02 -2.1178e+00 -1.0821e+00 +7.6850e-01 +1.8889e+00 -1.1537e+00 -1.3379e+00 +7.7120e-01 +1.1097e+00 -2.6699e+00 +1.3131e+00
203 0 +1.945862477e+02 +5.613362477e+02 +5.613362477e+02 -3.4437e-01 -1.7351e+00 +7.1671e-01 +2.7594e+00 +1.4061e-01 -3.3668e-01 +7.2223e-01 +2.8957e-01 -1.7663e+00 +1.5708e+00
204 0 +7.503776286e+00 +3.742537763e+02 +3.742537763e+02 -9.6297e-02 -2.8128e-01 +1.2279e+00 +2.1928e-01 +2.6234e-01 -9.2290e-01 +2.2267e-01 +1.9234e+00 -1.9424e+00 +1.3899e+00
253 0 +4.873466806e+00 +3.716234668e+02 +3.716234668e+02 -6.9899e-01 -5.8942e-01 +1.1250e+00 +6.9380e-01 -1.7741e-01 -1.0466e+00 +3.8202e-01 +1.7092e+00 -2.1505e+00 +1.3451e+00
259 0 +4.254813348e+00 +3.710048133e+02 +3.710048133e+02 -8.5568e-01 -6.6644e-01 +1.0967e+00 +8.1601e-01 -2.9095e-01 -1.0787e+00 +4.2363e-01 +1.6522e+00 -2.2050e+00 +1.3344e+00
356 0 +4.117323767e+00 +3.708673238e+02 +3.708673238e+02 -1.0850e-01 -1.0999e+00 +1.0093e+00 +1.4872e+00 +2.6487e-01 -5.7533e-01 +4.5924e-01 +1.1042e+00 -1.7922e+00 +1.4721e+00
404 0 +3.557100130e+00 +3.703071001e+02 +3.703071001e+02 -1.0434e-01 -8.2082e-01 +1.0838e+00 +1.0550e+00 +2.6401e-01 -6.9381e-01 +3.7860e-01 +1.3834e+00 -1.8434e+00 +1.4441e+00
554 0 +3.434735844e+00 +3.701847358e+02 +3.701847358e+02 -1.0372e-01 -7.7951e-01 +1.0948e+00 +9.9099e-01 +2.6388e-01 -7.1135e-01 +3.6666e-01 +1.4248e+00 -1.8510e+00 +1.4399e+00
953 0 +3.365383578e+00 +3.701153836e+02 +3.701153836e+02 -1.0385e-01 -7.8771e-01 +2.8178e-01 +1.0037e+00 +2.6390e-01 -7.0787e-01 +3.6903e-01 +1.4166e+00 -1.8495e+00 +1.4408e+00
960 0 +3.231149469e+00 +3.699811495e+02 +3.699811495e+02 -8.8724e-02 -7.3923e-01 +1.0947e+00 +9.9156e-01 +2.6388e-01 -7.1119e-01 +3.2339e-01 +1.4244e+00 -1.8509e+00 +1.4400e+00
% f evaluations | g evaluations | best noise-free fitness - Fopt (-2.486900000000e+02) + sum g_i+ | measured fitness | best measured fitness or single-digit g-values | x1 | x2...
1 0 +1.511088092e+05 +1.508601192e+05 +1.508601192e+05 -4.9942e+00 -4.4152e+00 +2.1287e+00 -1.7948e-01 -4.8647e+00 -2.2921e+00 -2.0473e+00 -3.3582e+00 +1.9821e-01 -4.6666e+00
2 0 +8.201422337e+04 +8.176553337e+04 +8.176553337e+04 -4.4244e+00 -4.0405e+00 -4.2579e+00 -1.9492e+00 +3.2804e+00 +3.8199e+00 -1.5766e-01 -4.2979e+00 +4.0251e+00 +1.2745e+00
3 0 +2.426232340e+04 +2.401363340e+04 +2.401363340e+04 -2.8465e+00 -1.7616e+00 -1.4536e+00 -4.3770e+00 -2.4939e+00 +1.0498e-01 -4.1234e+00 -1.7056e+00 -1.2929e+00 +3.5999e+00
15 0 +1.769727307e+04 +1.744858307e+04 +1.744858307e+04 -4.1555e+00 +4.9409e-01 +4.2700e-02 -9.6698e-01 +3.3690e+00 +1.3168e+00 +1.1534e-01 -2.6296e+00 -8.1262e-01 +3.3870e+00
31 0 +7.904961528e+03 +7.656271528e+03 +7.656271528e+03 +3.6847e+00 -3.3574e+00 +2.6767e-03 -1.1869e+00 +7.1448e-01 -1.5219e+00 -1.9642e+00 -6.5652e-01 -2.2829e+00 +1.1138e+00
53 0 +7.477530216e+03 +7.228840216e+03 +7.228840216e+03 -1.8715e+00 +1.5359e+00 -1.4889e+00 +1.9389e+00 -2.0960e+00 +6.2011e-01 -1.7735e+00 -1.8668e+00 +9.6254e-01 +2.0551e+00
58 0 +6.907478606e+03 +6.658788606e+03 +6.658788606e+03 +3.2136e+00 -3.0335e+00 +9.4335e-02 -4.9542e-01 +1.4239e+00 -1.1268e+00 -1.1489e+00 -1.0639e+00 -1.0223e+00 +9.0407e-01
157 0 +5.711440988e+03 +5.462750988e+03 +5.462750988e+03 +3.0171e+00 -2.8679e+00 +3.0848e-02 -4.1190e-01 +1.2965e+00 -1.0544e+00 -1.1691e+00 -1.1013e+00 -9.4242e-01 +9.4328e-01
158 0 +5.411157796e+03 +5.162467796e+03 +5.162467796e+03 -1.3414e+00 +1.0595e+00 -1.3238e+00 +1.6851e+00 -1.7290e+00 +4.3798e-01 -1.7084e+00 -1.7831e+00 +7.5559e-01 +1.9351e+00
159 0 +3.999118760e+03 +3.750428760e+03 +3.750428760e+03 +2.6834e+00 -2.5571e+00 -7.0734e-02 -2.4161e-01 +1.0569e+00 -9.4463e-01 -1.2140e+00 -1.1476e+00 -8.1540e-01 +1.0241e+00
202 0 +1.087203124e+03 +8.385131239e+02 +8.385131239e+02 +1.2313e+00 -1.2586e+00 -5.2422e-01 +4.4735e-01 +5.6775e-02 -4.4288e-01 -1.3901e+00 -1.3807e+00 -2.4666e-01 +1.3497e+00
452 0 +1.002757444e+03 +7.540674436e+02 +7.540674436e+02 +1.3879e+00 -1.5061e+00 -4.7658e-01 +1.8743e-01 +1.2657e-01 -5.3015e-01 -1.4693e+00 -1.3324e+00 -4.1540e-01 +1.3641e+00
454 0 +9.999332306e+02 +7.512432306e+02 +7.512432306e+02 +1.3589e+00 -1.4977e+00 -4.8450e-01 +2.5068e-01 +1.1305e-01 -5.1365e-01 -1.4499e+00 -1.3405e+00 -3.8660e-01 +1.3602e+00
504 0 +9.593187126e+02 +7.106287126e+02 +7.106287126e+02 +5.4542e-01 -8.3177e-01 -7.3810e-01 +5.8655e-01 -4.6112e-01 -2.4385e-01 -1.5782e+00 -1.4622e+00 -1.0323e-01 +1.5587e+00
511 0 +1.761931214e+02 -7.249687863e+01 -7.249687863e+01 +1.5232e+00 -1.7201e+00 -4.3540e-01 -3.7227e-02 +1.8690e-01 -7.5460e-02 -1.5377e+00 -1.2906e+00 -5.8093e-01 +1.3766e+00
662 0 +1.376081163e+02 -1.110818837e+02 -1.110818837e+02 +1.5232e+00 -1.7201e+00 -4.3540e-01 -3.7227e-02 +1.8690e-01 -3.1265e-02 -1.5377e+00 -1.2906e+00 -5.8093e-01 +1.3766e+00
1014 0 +1.276364815e+02 -1.210535185e+02 -1.210535185e+02 +1.5232e+00 -1.7201e+00 -4.3540e-01 -3.7227e-02 +1.8690e-01 -1.8657e-02 -1.5377e+00 -1.2906e+00 -5.8093e-01 +1.3766e+00
% f evaluations | g evaluations | best noise-free fitness - Fopt (-6.786000000000e+01) + sum g_i+ | measured fitness | best measured fitness or single-digit g-values | x1 | x2...
1 0 +2.227403401e+04 +2.220617401e+04 +2.220617401e+04 +6.1524e-02 +1.3128e+00 -2.3052e-01 +1.9826e+00 -1.2229e+00 +1.9473e+00 -2.7810e-02 +6.8457e-01 -3.0861e+00 +1.2128e+00
2 0 +1.057708965e+04 +1.050922965e+04 +1.050922965e+04 +2.1784e+00 +2.2041e+00 +2.5236e+00 +5.2556e-01 -4.6500e+00 -4.0622e-01 +9.5409e-02 -4.1649e+00 -2.1374e+00 -1.0690e-01
45 0 +9.227078897e+03 +9.159218897e+03 +9.159218897e+03 +3.9552e+00 +6.0090e-01 +2.8911e+00 +3.1243e+00 -1.9372e-01 -2.3317e+00 +1.6721e+00 +5.7537e-01 -4.2640e+00 -1.6586e+00
54 0 +6.119241078e+03 +6.051381078e+03 +6.051381078e+03 -2.0548e+00 +2.2478e+00 +3.6620e+00 +1.1087e+00 -4.4460e+00 -2.5701e+00 -4.2188e-01 -1.8982e+00 -4.1546e-01 -2.1491e+00
106 0 +4.622925873e+03 +4.555065873e+03 +4.555065873e+03 -6.2179e-01 +2.2330e+00 +3.2766e+00 +9.1129e-01 -4.5151e+00 -1.8376e+00 -2.4677e-01 -2.6655e+00 -9.9836e-01 -1.4578e+00
108 0 +3.141252981e+02 +2.462652981e+02 +2.462652981e+02 +3.3785e+00 -4.2186e-01 +9.2427e-01 +1.2001e+00 -2.0083e+00 -1.6439e+00 +7.9717e-01 -1.8525e+00 -1.3175e+00 -1.0750e+00
109 0 +3.026795900e+02 +2.348195900e+02 +2.348195900e+02 +3.3622e+00 -4.5086e-01 +8.6851e-01 +1.1456e+00 -2.0597e+00 -1.6244e+00 +7.7237e-01 -1.9213e+00 -1.2340e+00 -1.0585e+00
204 0 +2.949293940e+02 +2.270693940e+02 +2.270693940e+02 +3.3511e+00 -4.5510e-01 +8.4912e-01 +1.1193e+00 -2.0910e+00 -1.6118e+00 +7.5915e-01 -1.9592e+00 -1.1998e+00 -1.0481e+00
206 0 +6.075426848e+01 -7.105731522e+00 -7.105731522e+00 +2.8780e+00 -2.3336e-01 +1.0573e+00 +1.0788e+00 -2.3370e+00 -1.6736e+00 +6.3950e-01 -2.0112e+00 -1.0820e+00 -1.1252e+00
304 0 +5.041210232e+00 -6.281878977e+01 -6.281878977e+01 +2.2016e+00 -1.7120e-01 +1.2220e+00 +6.6418e-01 -1.5953e+00 -1.2706e+00 +8.4314e-01 -2.1781e+00 -1.3193e+00 -1.6966e+00
305 0 +3.505171537e+00 -6.435482846e+01 -6.435482846e+01 +1.3831e+00 -1.0507e-02 +1.4563e+00 +2.7605e-01 -1.0970e+00 -9.4978e-01 +9.5193e-01 -2.3655e+00 -1.4474e+00 -2.2189e+00
454 0 +3.125812153e+00 -6.473418785e+01 -6.473418785e+01 +1.7950e+00 -5.1082e-02 +1.2513e+00 +4.1186e-01 -1.7720e+00 -1.0353e+00 +7.4680e-01 -2.4857e+00 -1.1294e+00 -1.7608e+00
509 0 +3.083883805e+00 -6.477611619e+01 -6.477611619e+01 +1.8193e+00 -6.9821e-02 +1.2325e+00 +4.6050e-01 -1.8041e+00 -1.0788e+00 +7.4290e-01 -2.4500e+00 -1.1303e+00 -1.7144e+00
660 0 +2.946927841e+00 -6.491307216e+01 -6.491307216e+01 +1.8164e+00 -6.9412e-02 +1.2343e+00 +4.5934e-01 -1.7983e+00 -7.0101e-01 +7.4464e-01 -2.4489e+00 -1.1330e+00 -1.7183e+00
% f evaluations | g evaluations | best noise-free fitness - Fopt (-2.329000000000e+01) + sum g_i+ | measured fitness | best measured fitness or single-digit g-values | x1 | x2...
1 0 +2.940422457e+04 +2.938093457e+04 +2.938093457e+04 -1.2010e+00 -1.5178e+00 +2.8313e-01 -4.9824e+00 +4.4567e+00 +4.7889e+00 +3.2565e+00 +3.5079e+00 +2.6258e+00 +1.5359e+00
5 0 +1.724901254e+04 +1.722572254e+04 +1.722572254e+04 -1.6039e+00 +4.8137e+00 -4.1828e-01 -3.2272e-01 +2.4362e+00 -7.7132e-01 +2.9890e-01 +4.3283e+00 -3.2282e-01 +2.2252e+00
13 0 +1.515951645e+04 +1.513622645e+04 +1.513622645e+04 -1.3747e+00 +8.0110e-02 -3.8249e+00 -4.8690e+00 -8.5937e-01 -4.1624e-01 -5.6096e-01 +1.6905e+00 +9.0209e-01 -5.1169e-01
57 0 +1.092179866e+04 +1.089850866e+04 +1.089850866e+04 -1.3037e+00 +1.4374e-01 -3.5818e+00 -4.6404e+00 -7.5198e-01 -1.7939e-01 -3.6039e-01 +1.8057e+00 +1.1339e+00 -2.9620e-01
108 0 +1.024193118e+04 +1.021864118e+04 +1.021864118e+04 -1.2495e+00 +1.1181e-01 -3.5685e+00 -4.5807e+00 -7.1226e-01 -1.2758e-01 -3.6945e-01 +1.8300e+00 +1.1392e+00 -2.3838e-01
154 0 +9.011484466e+03 +8.988194466e+03 +8.988194466e+03 -1.3649e+00 +9.2170e-01 -3.1901e+00 -3.3545e+00 -6.5492e-01 +7.3012e-01 +4.0492e-01 +1.6103e+00 +3.3304e-01 -4.1907e-02
202 0 +5.446174270e+03 +5.422884270e+03 +5.422884270e+03 -3.3684e-01 +1.0404e+00 -1.5000e+00 -7.3401e-01 +1.5552e+00 +9.1317e-01 -1.5952e-01 +3.7774e+00 +9.6415e-01 +3.0452e+00
206 0 +4.385337698e+03 +4.362047698e+03 +4.362047698e+03 +1.4967e+00 +8.2219e-02 -1.4837e+00 -2.2835e-01 +6.5100e-01 +6.4438e-01 -9.1298e-01 +3.3505e+00 +5.2537e-01 +3.4105e+00
207 0 +3.356157100e+03 +3.332867100e+03 +3.332867100e+03 +1.3060e+00 +5.1784e-01 -1.2433e+00 -1.6904e-01 +3.7917e-01 +8.5050e-02 -8.9830e-01 +3.3243e+00 +3.2633e-01 +3.3537e+00
258 0 +3.246355856e+03 +3.223065856e+03 +3.223065856e+03 +1.2600e+00 +6.2291e-01 -1.1853e+00 -1.5474e-01 +3.1361e-01 -4.9862e-02 -8.9476e-01 +3.3180e+00 +2.7832e-01 +3.3400e+00
302 0 +2.971392553e+03 +2.948102553e+03 +2.948102553e+03 +1.1125e+00 +9.2851e-01 -1.0038e+00 -1.7865e-01 +7.4855e-02 -3.9821e-01 -9.5439e-01 +3.3079e+00 +6.2261e-02 +3.2474e+00
404 0 +2.193426818e+03 +2.170136818e+03 +2.170136818e+03 +9.4914e-01 +1.1667e+00 -6.0849e-01 -1.5512e-01 +2.7442e-01 -4.1667e-01 -8.3257e-01 +3.3730e+00 +9.0052e-02 +2.7055e+00
407 0 +8.966344266e+02 +8.733444266e+02 +8.733444266e+02 +9.2074e-01 +6.6153e-01 -1.4444e+00 -5.6830e-01 +1.8843e-01 +5.0949e-02 -7.2678e-01 +3.0973e+00 +2.8539e-01 +2.9029e+00
809 0 +8.899180806e+02 +8.666280806e+02 +8.666280806e+02 +9.2150e-01 +6.6454e-01 -1.4409e+00 -5.6533e-01 +1.8771e-01 +4.6719e-02 -7.0092e-01 +3.0992e+00 +2.8370e-01 +2.9053e+00
813 0 +6.809110337e+02 +6.576210337e+02 +6.576210337e+02 +9.2074e-01 +6.6153e-01 -1.4444e+00 -5.6830e-01 +1.8843e-01 +5.0949e-02 -7.2678e-01 +1.4166e+00 +2.8539e-01 +2.9029e+00
856 0 +4.413269417e+02 +4.180369417e+02 +4.180369417e+02 +9.2376e-01 +6.7338e-01 -1.4308e+00 -5.5658e-01 +1.8803e-01 +3.7436e-02 -7.3203e-01 +2.0777e+00 +2.7872e-01 +2.9123e+00
857 0 +3.750565917e+02 +3.517665917e+02 +3.517665917e+02 +9.2549e-01 +6.8015e-01 -1.4230e+00 -5.4988e-01 +1.8780e-01 +2.9715e-02 -7.3502e-01 +2.4554e+00 +2.7491e-01 +2.9178e+00
952 0 +3.456223464e+02 +3.223323464e+02 +3.223323464e+02 +9.2234e-01 +6.6782e-01 -1.4372e+00 -5.6208e-01 +1.8822e-01 +4.3778e-02 -7.2956e-01 +2.5562e+00 +2.8185e-01 +2.9079e+00
% f evaluations | g evaluations | best noise-free fitness - Fopt (-1.028000000000e+01) + sum g_i+ | measured fitness | best measured fitness or single-digit g-values | x1 | x2...
1 0 +2.919293247e+05 +2.919190447e+05 +2.919190447e+05 -4.7536e+00 +1.5862e+00 +3.0013e+00 +5.5294e-01 +3.7832e+00 +4.0604e+00 -3.9854e+00 +3.8850e+00 -2.5982e+00 +1.2848e+00
2 0 +7.657459474e+04 +7.656431474e+04 +7.656431474e+04 -2.1168e+00 +1.9085e+00 -1.9269e+00 +4.1701e+00 +3.9486e+00 -4.5689e+00 -3.5694e-02 +2.1446e+00 +2.4632e+00 -4.0284e+00
3 0 +3.630100065e+04 +3.629072065e+04 +3.629072065e+04 +2.5079e+00 -2.6060e+00 -3.5943e+00 +2.7921e+00 -1.9519e+00 -2.4976e+00 +2.4592e+00 -2.6556e+00 -6.1558e-01 +7.1465e-01
25 0 +7.894182284e+03 +7.883902284e+03 +7.883902284e+03 +3.1033e+00 +3.7748e+00 +2.4994e+00 +5.8211e-01 +6.7436e-01 -3.1653e+00 +2.8393e+00 -3.3292e+00 +2.6163e-01 -3.1283e+00
28 0 +6.309383536e+03 +6.299103536e+03 +6.299103536e+03 +1.0529e+00 +1.4610e-01 -9.4548e-01 -2.7907e+00 -2.5871e+00 +2.3912e+00 +5.3769e-01 -4.1457e-01 +9.8802e-01 -1.4659e+00
58 0 +2.156308669e+03 +2.146028669e+03 +2.146028669e+03 +1.7488e+00 +8.3847e-01 -6.5285e-01 -2.1031e+00 -1.3139e+00 +1.3308e+00 +1.0293e+00 -6.4851e-01 +6.6677e-01 -1.4118e+00
105 0 +1.292250999e+03 +1.281970999e+03 +1.281970999e+03 -1.1565e-01 -1.3553e+00 +3.0479e-01 -8.6574e-01 -3.5012e+00 +3.4723e-01 +1.0410e+00 -5.8135e-01 +1.6360e+00 -4.1805e-01
158 0 +3.860612507e+00 -6.419387493e+00 -6.419387493e+00 -6.8288e-03 +1.9558e-01 -2.8868e-01 +2.8329e-01 -1.5498e+00 -2.3821e-01 +1.3798e+00 -9.3218e-01 +2.0714e+00 -1.2881e+00
458 0 +3.789616363e+00 -6.490383637e+00 -6.490383637e+00 +9.6497e-01 +1.4237e+00 +3.9756e-01 -3.2463e-01 -9.4933e-01 -1.5138e+00 +1.1192e+00 -1.8159e+00 +1.2284e+00 -1.4944e+00
506 0 +3.618023883e+00 -6.661976117e+00 -6.661976117e+00 +1.6488e+00 +2.2879e+00 +8.8044e-01 -7.5241e-01 -5.2683e-01 -2.4114e+00 +9.3585e-01 -2.4378e+00 +6.3515e-01 -1.6395e+00
509 0 +3.423164709e+00 -6.856835291e+00 -6.856835291e+00 +1.3285e+00 +1.3609e+00 +1.3800e-01 -1.3340e+00 -8.7162e-01 -4.4640e-01 +9.1834e-01 -1.5708e+00 +8.9740e-01 -1.6079e+00
614 0 +3.329211421e+00 -6.950788579e+00 -6.950788579e+00 +1.3285e+00 +1.3609e+00 +1.3800e-01 -8.3032e-01 -8.7162e-01 -4.4640e-01 +9.1834e-01 -1.5708e+00 +8.9740e-01 -1.6079e+00
658 0 +3.296607365e+00 -6.983392635e+00 -6.983392635e+00 +1.2927e+00 +1.3459e+00 +1.4264e-01 -1.2667e+00 -8.8637e-01 -4.9169e-01 +9.0789e-01 -1.5722e+00 +9.2866e-01 -1.5966e+00
860 0 +3.180528712e+00 -7.099471288e+00 -7.099471288e+00 +1.1701e+00 +1.3674e+00 +1.4448e-01 -1.3214e+00 -8.6779e-01 -4.6101e-01 +9.1743e-01 -1.5767e+00 +8.9894e-01 -1.6106e+00
961 0 +3.015064385e+00 -7.264935615e+00 -7.264935615e+00 +1.1081e+00 +1.3496e+00 +1.4150e-01 -1.2021e+00 -8.8274e-01 -4.8054e-01 +9.1046e-01 -1.5718e+00 +9.2096e-01 -1.5822e+00
% f evaluations | g evaluations | best noise-free fitness - Fopt (1.799700000000e+02) + sum g_i+ | measured fitness | best measured fitness or single-digit g-values | x1 | x2...
1 0 +3.195109703e+04 +3.213106703e+04 +3.213106703e+04 -4.6847e+00 -1.4643e+00 +4.0822e+00 -3.1663e-02 +6.3978e-01 +5.0576e-01 +1.7067e+00 +7.7511e-01 +2.3002e+00 +1.5244e+00
4 0 +3.031009175e+04 +3.049006175e+04 +3.049006175e+04 -3.9457e+00 -2.4600e+00 -2.5186e+00 +2.3820e+00 +1.5689e+00 +3.0988e-02 +3.2510e+00 -9.9396e-01 -4.0646e+00 +3.9995e+00
7 0 +1.236848687e+04 +1.254845687e+04 +1.254845687e+04 +3.2551e+00 +4.6999e+00 +1.1695e+00 +1.4481e+00 +1.9977e+00 +4.3337e+00 -3.5236e-01 -2.8136e-01 -1.8953e+00 -1.6316e-01
56 0 +6.409220319e+03 +6.589190319e+03 +6.589190319e+03 +8.7240e-02 +4.2720e+00 +9.2379e-01 +8.7593e-01 +2.6162e+00 -1.3187e+00 +2.5625e+00 +5.7278e-01 +3.7118e-01 +2.3634e+00
57 0 +1.422768592e+03 +1.602738592e+03 +1.602738592e+03 +2.1307e+00 +4.5481e+00 +1.0823e+00 +1.2450e+00 +2.2172e+00 +2.3275e+00 +6.8221e-01 +2.1799e-02 -1.0908e+00 +7.3360e-01
152 0 +1.207332552e+03 +1.387302552e+03 +1.387302552e+03 +1.7160e+00 +4.0344e+00 +1.2402e+00 +1.5186e+00 +1.8273e+00 +2.3579e+00 +6.5015e-01 -5.7926e-02 -1.2496e+00 +9.5964e-01
414 0 +1.037549576e+03 +1.217519576e+03 +1.217519576e+03 +5.7061e-01 +2.6158e+00 +1.6764e+00 +2.2742e+00 +7.5045e-01 +2.4420e+00 +5.6159e-01 -4.6929e-02 -1.6883e+00 +1.5840e+00
455 0 +8.875480347e+02 +1.067518035e+03 +1.067518035e+03 +9.3597e-01 +3.2216e+00 +1.6603e+00 +1.2894e+00 +6.8836e-01 +2.0841e+00 +8.0632e-01 +1.1778e-02 -7.2490e-01 +1.0431e+00
502 0 +8.483809427e+02 +1.028350943e+03 +1.028350943e+03 +1.2369e+00 +3.5289e+00 +1.5065e+00 +1.3635e+00 +1.1041e+00 +1.7061e+00 +7.4280e-01 -1.2998e-02 -9.1312e-01 +9.9804e-01
810 0 +8.079175117e+02 +9.878875117e+02 +9.878875117e+02 +1.2160e+00 +3.5003e+00 +1.5119e+00 +1.3920e+00 +1.0930e+00 +1.7291e+00 +7.3713e-01 -1.9975e-03 -9.3738e-01 +1.0164e+00
% f evaluations | g evaluations | best noise-free fitness - Fopt (8.376000000000e+01) + sum g_i+ | measured fitness | best measured fitness or single-digit g-values | x1 | x2...
1 0 +6.172515820e+04 +6.180891820e+04 +6.180891820e+04 +3.4695e+00 +1.7436e+00 +4.0589e-01 +2.5868e+00 -3.4154e-01 -3.9117e+00 +2.7903e+00 +1.0101e+00 -5.1421e-02 -1.7193e+00
2 0 +4.655920581e+04 +4.664296581e+04 +4.664296581e+04 -3.6120e+00 -1.0624e+00 -1.2191e+00 +3.3445e+00 +4.8133e-01 -4.2026e+00 +9.0267e-01 +2.0238e+00 -3.6090e+00 +1.5103e+00
11 0 +3.940759499e+03 +4.024519499e+03 +4.024519499e+03 +2.3806e-01 +1.3209e+00 -1.4774e+00 -4.0670e+00 -3.7794e-01 +1.6908e+00 +2.5327e+00 +1.9019e+00 -3.3334e+00 +1.6217e+00
52 0 +2.544819698e+03 +2.628579698e+03 +2.628579698e+03 -3.7411e+00 -2.3870e+00 -1.5618e-01 +1.0807e+00 +1.4460e-02 +3.6641e+00 -1.5258e-01 +2.2089e+00 +1.7384e-02 +1.3462e+00
53 0 +2.032306479e+03 +2.116066479e+03 +2.116066479e+03 -3.7401e+00 -2.3740e+00 -7.2822e-02 +7.7984e-01 -7.4265e-02 +3.5909e+00 -1.0741e-01 +2.3433e+00 +6.2934e-03 +1.1974e+00
55 0 +1.870475523e+03 +1.954235523e+03 +1.954235523e+03 -2.7087e-01 +8.6573e-01 -1.1762e+00 -3.8819e+00 -4.6777e-01 +1.8283e+00 +2.2595e+00 +2.1535e+00 -2.9210e+00 +1.3513e+00
102 0 +2.766036104e+01 +1.114203610e+02 +1.114203610e+02 -2.3368e+00 -1.0707e+00 -5.6896e-01 -9.2758e-01 -1.8069e-01 +2.9212e+00 +8.2356e-01 +2.1865e+00 -1.1718e+00 +1.3483e+00
103 0 +4.217169484e+00 +8.797716948e+01 +8.797716948e+01 -1.6752e+00 -4.5059e-01 -7.6340e-01 -1.8736e+00 -2.7262e-01 +2.5712e+00 +1.2834e+00 +2.1759e+00 -1.7319e+00 +1.3492e+00
154 0 +4.002966823e+00 +8.776296682e+01 +8.776296682e+01 -2.0025e+00 -7.5738e-01 -6.6720e-01 -1.4056e+00 -2.2714e-01 +2.7444e+00 +1.0559e+00 +2.1812e+00 -1.4548e+00 +1.3488e+00
254 0 +3.348867295e+00 +8.710886730e+01 +8.710886730e+01 -1.9963e+00 -8.2373e-01 -6.0705e-01 -1.5041e+00 -1.6602e-01 +2.6284e+00 +1.0183e+00 +2.2888e+00 -1.4752e+00 +1.2778e+00
302 0 +3.243346037e+00 +8.700334604e+01 +8.700334604e+01 -2.0036e+00 -7.3739e-01 -4.1553e-01 -1.3776e+00 -4.1047e-02 +2.6022e+00 +1.0487e+00 +2.2394e+00 -1.6642e+00 +1.0690e+00
602 0 +3.147232818e+00 +8.690723282e+01 +8.690723282e+01 -1.9671e+00 -7.3861e-01 -4.2932e-01 -1.4277e+00 -4.7132e-02 +2.5915e+00 +1.0340e+00 +2.2792e+00 -1.6378e+00 +1.1136e+00
611 0 +3.060969548e+00 +8.682096955e+01 +8.682096955e+01 -2.0036e+00 -4.2697e-01 -4.1553e-01 -1.3776e+00 -4.1047e-02 +2.6022e+00 +1.0487e+00 +2.2394e+00 -1.6642e+00 +1.0690e+00
862 0 +2.971186332e+00 +8.673118633e+01 +8.673118633e+01 -2.0036e+00 -4.2697e-01 -4.1553e-01 -1.3776e+00 -4.1047e-02 +2.6022e+00 +1.0487e+00 +8.9764e-01 -1.6642e+00 +1.0690e+00
913 0 +2.837525065e+00 +8.659752507e+01 +8.659752507e+01 -1.9907e+00 -5.3665e-01 -2.5113e-01 -1.3952e+00 -4.3189e-02 +2.5984e+00 +1.0435e+00 +2.2534e+00 -1.6549e+00 +1.0847e+00
1013 0 +2.804665522e+00 +8.656466552e+01 +8.656466552e+01 -1.9781e+00 -2.8606e-01 -4.2434e-01 -1.4126e+00 -4.5299e-02 +2.5947e+00 +1.0384e+00 +2.2672e+00 -1.6458e+00 +1.1002e+00
% f evaluations | g evaluations | best noise-free fitness - Fopt (-3.890100000000e+02) + sum g_i+ | measured fitness | best measured fitness or single-digit g-values | x1 | x2...
1 0 +1.050866334e+05 +1.046976234e+05 +1.046976234e+05 -2.2684e+00 -2.2658e+00 +3.0052e+00 -4.7231e-01 -1.3125e+00 +3.0665e+00 -1.2883e-01 -3.3696e+00 -1.9654e+00 -4.2908e+00
2 0 +3.134593076e+04 +3.095692076e+04 +3.095692076e+04 -3.3219e-01 -3.9379e+00 -2.8093e+00 +2.0652e+00 -4.2159e-01 -8.4228e-01 -5.5542e-01 +3.2502e+00 -2.6330e+00 -7.6304e-01
15 0 +1.041611898e+04 +1.002710898e+04 +1.002710898e+04 +1.5835e+00 +2.9064e-01 +1.9594e+00 -9.6144e-01 +2.7328e+00 -4.5153e+00 -1.6693e+00 +3.2474e+00 +1.7032e+00 -2.5249e+00
22 0 +5.452156209e+03 +5.063146209e+03 +5.063146209e+03 +1.2002e+00 -2.9960e+00 +3.8918e-01 +4.6516e-01 -3.9737e+00 -1.5231e+00 +9.9105e-01 +7.4693e-01 +3.3782e+00 -1.7053e+00
58 0 +1.844890622e+03 +1.455880622e+03 +1.455880622e+03 -2.5773e+00 -2.6709e+00 +1.5049e+00 -5.9382e-01 +1.2053e-01 -1.4982e-01 -1.1182e+00 -3.8841e-01 +1.3828e+00 -2.0574e+00
103 0 +1.326563707e+03 +9.375537074e+02 +9.375537074e+02 -8.0171e-01 -1.5175e+00 +1.9211e+00 -1.4456e-02 +1.2752e-02 -1.3575e+00 -1.3091e+00 +6.4857e-01 +1.8900e+00 -2.8019e+00
152 0 +1.958830103e+02 -1.931269897e+02 -1.931269897e+02 -7.8811e-01 -2.5159e+00 +1.1331e+00 -2.3499e-01 -1.1559e+00 -1.0658e+00 -3.8663e-01 +3.7131e-01 +2.1532e+00 -1.9702e+00
153 0 +9.400961754e+01 -2.950003825e+02 -2.950003825e+02 -5.1218e-01 -2.4921e+00 +1.0758e+00 -1.7966e-01 -1.3528e+00 -1.2070e+00 -2.7382e-01 +4.8847e-01 +2.2720e+00 -1.9568e+00
205 0 +9.219542088e+01 -2.968145791e+02 -2.968145791e+02 -6.7657e-01 -9.8590e-01 +1.5144e+00 +2.7705e-02 +9.3694e-02 -1.5703e+00 -1.1017e+00 +4.4474e-01 +2.0091e+00 -2.3075e+00
255 0 +7.008673453e+01 -3.189232655e+02 -3.189232655e+02 -2.6432e-01 -2.1878e+00 -1.2035e+00 +1.0194e-01 -1.4671e+00 +3.8032e-01 -1.5637e+00 +1.8059e+00 +6.7507e-01 -2.4175e+00
256 0 +6.099434747e+01 -3.280156525e+02 -3.280156525e+02 -2.9315e-01 -2.0790e+00 -1.6410e+00 -5.0389e-03 -1.4880e+00 +3.6697e-01 -1.5582e+00 +1.7633e+00 +5.1431e-01 -2.0945e+00
306 0 +4.292080312e+01 -3.460891969e+02 -3.460891969e+02 -4.2196e-01 -2.1500e+00 -1.0207e+00 +9.0300e-02 -1.4013e+00 +3.1333e-01 -1.5212e+00 +1.5700e+00 +7.5697e-01 -2.3612e+00
307 0 +3.821277729e+00 -3.851887223e+02 -3.851887223e+02 -9.4401e-01 -2.0251e+00 -4.1543e-01 +5.1767e-02 -1.1834e+00 +9.1472e-02 -1.3805e+00 +7.8912e-01 +1.0282e+00 -2.1748e+00
564 0 +3.541940769e+00 -3.854680592e+02 -3.854680592e+02 +2.9910e-01 -1.7774e+00 -7.5652e-01 +6.4443e-02 -1.9184e+00 -5.7218e-01 -7.9784e-01 +1.5690e+00 +1.4678e+00 -2.0097e+00
855 0 +3.440228664e+00 -3.855697713e+02 -3.855697713e+02 +2.5794e-01 -1.8179e+00 -8.6026e-01 +2.6998e-02 -1.8994e+00 -5.1061e-01 -8.5307e-01 +1.5491e+00 +1.3780e+00 -1.9652e+00
1007 0 +3.356470241e+00 -3.856535298e+02 -3.856535298e+02 +2.1277e-01 -1.8356e+00 -8.2369e-01 +3.9216e-02 -1.8693e+00 -4.9011e-01 -8.6356e-01 +1.5287e+00 +1.3223e+00 -1.9605e+00
% f evaluations | g evaluations | best noise-free fitness - Fopt (-1.455800000000e+02) + sum g_i+ | measured fitness | best measured fitness or single-digit g-values | x1 | x2...
1 0 +1.686241467e+05 +1.684785667e+05 +1.684785667e+05 -4.3195e-01 +1.8322e-01 -4.9677e-01 -4.7607e+00 +1.0655e+00 +2.1971e+00 -2.9376e+00 +4.8199e+00 -1.8780e+00 +4.8192e+00
2 0 +1.590022101e+05 +1.588566301e+05 +1.588566301e+05 +1.6765e+00 -1.6494e-01 +1.7659e+00 -2.5069e+00 +7.9332e-01 +5.9144e-01 +2.0706e+00 -4.5043e+00 +2.3406e+00 +1.5050e+00
5 0 +1.894773137e+04 +1.880215137e+04 +1.880215137e+04 -8.3327e-01 -4.7159e+00 -2.9880e+00 -4.9596e-01 +1.0086e+00 +2.3412e+00 +4.6839e+00 +2.5993e+00 -3.1197e-01 -1.4829e+00
15 0 +1.459187661e+04 +1.444629661e+04 +1.444629661e+04 +1.3352e+00 -2.0873e+00 -4.8631e+00 +5.6412e-01 -5.0288e-01 +1.4224e+00 +7.8571e-01 +2.0440e+00 -2.7822e+00 -2.6459e+00
52 0 +9.212532975e+03 +9.066952975e+03 +9.066952975e+03 +7.7158e-01 -2.3172e+00 -4.1280e+00 +5.7145e-01 -1.4484e-01 +1.2761e+00 +1.0822e+00 +2.0573e+00 -2.7062e+00 -2.0914e+00
108 0 +5.200935106e+03 +5.055355106e+03 +5.055355106e+03 -1.3188e+00 -3.1698e+00 -1.4012e+00 +5.9864e-01 +1.1832e+00 +7.3342e-01 +2.1817e+00 +2.1064e+00 -2.4243e+00 -3.4804e-02
202 0 +5.044825670e+03 +4.899245670e+03 +4.899245670e+03 -8.9808e-02 -2.3716e+00 -2.9381e+00 +3.0328e-01 +4.6614e-01 +1.0967e+00 +1.5479e+00 +1.9680e+00 -2.6406e+00 -1.0266e+00
203 0 +4.532955507e+03 +4.387375507e+03 +4.387375507e+03 -1.1531e+00 -3.0621e+00 -1.6084e+00 +5.5882e-01 +1.0865e+00 +7.8240e-01 +2.0963e+00 +2.0877e+00 -2.4534e+00 -1.6852e-01
204 0 +3.823443620e+03 +3.677863620e+03 +3.677863620e+03 -8.1945e-01 -2.9661e+00 -2.0526e+00 +5.9214e-01 +8.6593e-01 +8.6305e-01 +1.9190e+00 +2.0947e+00 -2.4916e+00 -5.2609e-01
207 0 +3.338450806e+03 +3.192870806e+03 +3.192870806e+03 -4.6529e-01 -2.5702e+00 -2.5843e+00 +4.5571e-01 +5.1449e-01 +8.0342e-01 +1.5588e+00 +1.9462e+00 -2.5560e+00 -6.9371e-01
262 0 +3.248474643e+03 +3.102894643e+03 +3.102894643e+03 -4.6529e-01 -2.5702e+00 -2.5843e+00 +4.5571e-01 +5.1449e-01 +8.0342e-01 +1.5588e+00 +1.7025e+00 -2.5560e+00 -6.9371e-01
352 0 +3.150631032e+03 +3.005051032e+03 +3.005051032e+03 -6.0435e-01 -2.6679e+00 -2.3916e+00 +4.7900e-01 +6.2344e-01 +7.9201e-01 +1.6603e+00 +1.7683e+00 -2.5345e+00 -5.8635e-01
360 0 +2.055786632e+03 +1.910206632e+03 +1.910206632e+03 -4.5881e-01 -2.6640e+00 -2.5660e+00 +5.0617e-01 +5.5886e-01 +2.4232e-01 +1.6221e+00 +1.9998e+00 -2.5505e+00 -7.6941e-01
509 0 +1.987941780e+03 +1.842361780e+03 +1.842361780e+03 -5.6504e-01 -2.7530e+00 -2.4148e+00 +5.3150e-01 +4.4109e-01 +4.2517e-01 +1.7095e+00 +2.0277e+00 -2.5331e+00 -6.9774e-01
560 0 +1.865318322e+03 +1.719738322e+03 +1.719738322e+03 -4.6274e-01 -2.6634e+00 -2.5615e+00 +5.0510e-01 +5.6028e-01 +2.7033e-01 +1.5940e+00 +1.0560e+00 -2.5501e+00 -7.6401e-01
663 0 +1.782152031e+03 +1.636572031e+03 +1.636572031e+03 -4.6945e-01 -2.6655e+00 -2.5529e+00 +4.9842e-01 +5.0586e-01 +2.8561e-01 +1.5861e+00 +1.0797e+00 -2.5492e+00 -7.5709e-01
708 0 +1.627932277e+03 +1.482352277e+03 +1.482352277e+03 -4.9740e-01 -2.6741e+00 -2.3719e+00 +4.7063e-01 +5.1419e-01 +3.4915e-01 +1.5530e+00 +1.1782e+00 -2.5456e+00 -7.2833e-01
710 0 +1.500468594e+03 +1.354888594e+03 +1.354888594e+03 -5.1839e-01 -2.7121e+00 -2.4817e+00 +1.5120e-01 +4.9544e-01 +3.5457e-01 +1.6569e+00 +1.5846e+00 -2.5409e+00 -7.2796e-01
762 0 +1.335959727e+03 +1.190379727e+03 +1.190379727e+03 -5.6504e-01 -1.2417e+00 -1.3068e+00 +5.3150e-01 +4.4109e-01 +4.2517e-01 +1.7095e+00 +2.0277e+00 -2.5331e+00 -6.9774e-01
905 0 +1.284116299e+03 +1.138536299e+03 +1.138536299e+03 -5.5126e-01 -1.6762e+00 -1.6540e+00 +4.1911e-01 +4.5715e-01 +4.0431e-01 +1.6940e+00 +1.8968e+00 -2.5354e+00 -7.0667e-01
957 0 +1.241600812e+03 +1.096020812e+03 +1.096020812e+03 -5.5317e-01 -1.6941e+00 -1.7060e+00 +3.9235e-01 +4.6621e-01 +3.6993e-01 +1.6350e+00 +1.9151e+00 -2.5356e+00 -7.0004e-01
958 0 +1.188985770e+03 +1.043405770e+03 +1.043405770e+03 -5.5849e-01 -1.6354e+00 -1.7118e+00 +3.7662e-01 +4.7576e-01 +3.2598e-01 +1.5557e+00 +1.9658e+00 -2.5354e+00 -6.8908e-01
1012 0 +1.155381013e+03 +1.009801013e+03 +1.009801013e+03 -5.5126e-01 -1.6762e+00 -9.9647e-01 +4.1911e-01 +4.5715e-01 +4.0431e-01 +1.6940e+00 +1.8968e+00 -2.5354e+00 -7.0667e-01
