% f evaluations | g evaluations | best noise-free fitness - Fopt (1.000000000000e+03) + sum g_i+ | measured fitness | best measured fitness or single-digit g-values | x1 | x2...
1 0 +1.260211052e+03 +2.260211052e+03 +2.260211052e+03 -2.4229e-01 +2.7304e+00 +3.0777e+00 -1.1333e+00 -3.2415e+00 -4.5716e+00 +1.8296e+00 -2.4872e+00 +3.1269e+00 -2.2262e+00 +4.3075e+00 -1.6793e+00 +1.4921e+00 -2.8408e+00 +3.9256e-01 +2.3405e+00 -4.7882e-01 +2.0625e+00 +2.0111e+00 -2.2244e+00
2 0 +1.032453334e+03 +2.032453334e+03 +2.032453334e+03 -7.5730e-01 +2.5182e+00 +3.1985e-01 -2.1231e-01 -1.2702e+00 -3.0860e+00 +4.0940e+00 +1.9491e+00 +3.3414e+00 +2.6235e+00 -4.3397e-01 -4.7657e+00 +4.6803e+00 -4.8803e+00 +6.9077e-01 +3.7881e+00 +2.0033e+00 -2.5647e+00 -3.7746e+00 -3.8772e-02
58 0 +7.659537636e+02 +1.765953764e+03 +1.765953764e+03 +2.7839e-01 +1.8398e+00 +2.2147e+00 -2.1009e+00 -2.0408e+00 -3.5342e+00 +9.8961e-01 +2.1843e-02 -2.2276e-01 -1.1406e+00 +1.8609e+00 +8.0580e-01 +1.3715e+00 -3.7507e+00 +2.0849e+00 -3.2618e-02 +5.3808e-01 -9.8864e-01 +2.4369e+00 +4.7298e-01
59 0 +7.502286895e+02 +1.750228689e+03 +1.750228689e+03 +3.5971e-01 +1.7007e+00 +2.0800e+00 -2.2520e+00 -1.8533e+00 -3.3722e+00 +8.5842e-01 +4.1368e-01 -7.4588e-01 -9.7109e-01 +1.4788e+00 +1.1939e+00 +1.3526e+00 -3.8928e+00 +2.3492e+00 -4.0323e-01 +6.9688e-01 -1.4651e+00 +2.5034e+00 +8.9423e-01
258 0 +7.386415665e+02 +1.738641566e+03 +1.738641566e+03 +1.1075e-01 +1.9466e+00 +2.3846e+00 -1.7317e+00 -2.2588e+00 -3.6794e+00 +1.1983e+00 -6.6220e-01 +5.5755e-01 -1.2984e+00 +1.3970e+00 +1.3978e-01 +1.4488e+00 -3.4060e+00 +1.5476e+00 +6.2317e-01 +1.9974e-01 -1.5032e-01 +2.2234e+00 -1.2958e-01
454 0 +6.957533370e+02 +1.695753337e+03 +1.695753337e+03 -8.9175e-01 +5.3354e-01 +1.8326e+00 +4.0959e-01 -1.7252e+00 -1.9627e+00 +2.7438e+00 +1.4928e+00 +8.3989e-01 +1.7354e+00 +1.2137e+00 -2.9516e+00 +3.0958e+00 -2.6472e+00 +1.1759e+00 +9.2027e-01 +2.0968e+00 -1.3462e+00 -2.6982e+00 +1.4712e+00
504 0 +6.512117934e+02 +1.651211793e+03 +1.651211793e+03 -1.6722e-01 +2.0959e+00 +1.5629e+00 -1.2527e+00 -1.8093e+00 -3.3892e+00 +2.1999e+00 +4.8994e-01 +1.3320e+00 +2.1934e-01 +5.9712e-01 -1.4745e+00 +1.6171e+00 -4.0229e+00 +1.3661e+00 +1.6049e+00 +9.4399e-01 -1.2719e+00 +5.5738e-02 +1.0307e-01
708 0 +6.339031449e+02 +1.633903145e+03 +1.633903145e+03 -8.2719e-01 +1.7189e+00 +8.2887e-01 -5.6663e-01 -1.0168e+00 -2.9861e+00 +2.5290e+00 +6.8170e-01 +8.7299e-01 +1.2436e+00 +8.9525e-01 -1.5960e+00 +1.9868e+00 -3.5902e+00 +9.2294e-01 +1.0986e+00 +7.4853e-01 -8.2121e-01 -7.5510e-01 +3.3154e-01
760 0 +6.131175783e+02 +1.613117578e+03 +1.613117578e+03 -7.9172e-01 +1.6916e+00 +8.9714e-01 -5.8090e-01 -1.0536e+00 -2.9810e+00 +2.4146e+00 +6.5290e-01 +8.2929e-01 +1.1732e+00 +9.3210e-01 -1.5917e+00 +2.0551e+00 -3.5537e+00 +1.5765e-01 +1.0588e+00 +7.4888e-01 -8.0113e-01 -6.9582e-01 +3.4741e-01
% f evaluations | g evaluations | best noise-free fitness - Fopt (7.003000000000e+01) + sum g_i+ | measured fitness | best measured fitness or single-digit g-values | x1 | x2...
1 0 +1.350542247e+03 +1.420572247e+03 +1.420572247e+03 -3.0523e+00 -2.8961e+00 -4.9449e+00 -3.1394e+00 +3.8324e+00 +4.5718e+00 +3.7411e+00 +3.7288e+00 +2.8287e+00 -3.0825e+00 -2.6728e+00 -1.6781e+00 +3.8379e+00 -2.6909e+00 +6.7329e-02 -1.9865e+00 -4.4997e+00 +9.5950e-01 -1.9081e+00 -3.9783e+00
13 0 +1.021916309e+03 +1.091946309e+03 +1.091946309e+03 -1.0314e+00 +2.9493e+00 -3.2916e+00 +1.7836e-01 +3.2018e+00 -9.0071e-01 -4.4990e+00 +5.7610e-01 -3.1870e+00 +4.9139e+00 -3.2364e+00 -1.3284e+00 +2.7655e+00 -3.4953e+00 +2.2554e+00 +2.2383e+00 -8.6054e-01 +6.5887e-01 -2.3000e+00 +9.5980e-01
14 0 +9.850294936e+02 +1.055059494e+03 +1.055059494e+03 -3.6025e+00 +1.8866e+00 -3.8541e+00 +2.6967e+00 -4.2435e+00 +6.4622e-01 +2.7711e-01 -3.7770e+00 -5.0269e-02 -1.7653e+00 -1.3998e+00 -3.4662e+00 +1.8654e+00 +4.8713e+00 -8.6201e-02 -4.4725e+00 +5.7154e-01 +1.3467e-01 -3.5357e+00 +3.5610e+00
36 0 +9.657091230e+02 +1.035739123e+03 +1.035739123e+03 +7.0988e-01 -3.5473e+00 -5.5849e-01 +2.1288e+00 -1.8436e+00 -4.1720e+00 +1.6604e+00 -1.8918e+00 -2.0192e+00 +2.7831e+00 +2.2840e+00 -2.7381e+00 +1.5890e+00 -1.5146e+00 +4.4753e+00 +1.1989e+00 -2.8148e+00 +2.5500e+00 +3.8887e-01 -2.7972e+00
53 0 +9.411917295e+02 +1.011221729e+03 +1.011221729e+03 -3.9403e-01 +1.8791e+00 -2.9393e+00 +4.8140e-01 +2.5380e+00 -6.4072e-01 -3.9270e+00 +3.7221e-01 -2.8906e+00 +4.5523e+00 -3.4174e+00 -1.8185e+00 +2.0420e+00 -2.5711e+00 +2.4352e+00 +2.3329e+00 -1.1599e+00 +4.7947e-01 -2.6244e+00 +1.4448e+00
56 0 +8.750160062e+02 +9.450460062e+02 +9.450460062e+02 -3.1321e+00 -9.5834e-01 -7.4530e-01 +1.1244e+00 +3.5826e-01 +2.0188e-01 +3.2093e-01 +2.7124e+00 +4.3232e-01 +2.0476e+00 +1.4613e+00 -4.2618e+00 +3.4100e+00 +9.8626e-01 +4.0520e+00 -2.4658e+00 -7.9727e-01 -7.6388e-02 +1.1508e+00 -2.0642e+00
57 0 +7.756923370e+02 +8.457223370e+02 +8.457223370e+02 -1.1273e+00 -2.3093e+00 -6.4782e-01 +1.6485e+00 -7.9071e-01 -2.0805e+00 +1.0199e+00 +3.0986e-01 -8.4692e-01 +2.4314e+00 +1.8906e+00 -3.4667e+00 +2.4598e+00 -3.1874e-01 +4.2729e+00 -5.5347e-01 -1.8500e+00 +1.2941e+00 +7.5323e-01 -2.4467e+00
154 0 +7.135477242e+02 +7.835777242e+02 +7.835777242e+02 +4.0072e-01 -7.3823e-01 -1.1542e-01 +8.7425e-01 -2.0393e+00 -5.9091e-01 +2.8492e+00 -4.0352e-01 -1.1680e+00 +1.7659e+00 +7.4383e-01 -5.7285e-01 -1.5638e-02 -2.6296e+00 +1.4450e+00 -1.2232e+00 -4.8964e-01 +1.9526e+00 -2.4142e-01 -5.7964e-01
263 0 +7.038994097e+02 +7.739294097e+02 +7.739294097e+02 +4.0072e-01 -7.3823e-01 -1.1542e-01 +8.7425e-01 -2.0393e+00 -5.9091e-01 +2.8492e+00 -4.0352e-01 -1.1680e+00 +1.7659e+00 +7.4383e-01 -5.7285e-01 -1.5638e-02 -2.6296e+00 +1.4450e+00 -1.2232e+00 -3.6243e-01 +1.9526e+00 -2.4142e-01 -5.7964e-01
552 0 +6.880817644e+02 +7.581117644e+02 +7.581117644e+02 -1.4754e-01 +1.7242e+00 -2.6532e+00 -4.8269e-01 +3.1320e+00 +4.6769e-01 -1.9938e+00 +2.6446e-01 -2.0171e+00 +1.0235e+00 -1.7015e+00 -1.6316e+00 +4.4464e-01 -1.7741e+00 +1.2817e+00 +3.1423e-01 -7.0796e-01 -4.6826e-01 -1.3676e+00 -3.4603e-01
% f evaluations | g evaluations | best noise-free fitness - Fopt (-4.822000000000e+01) + sum g_i+ | measured fitness | best measured fitness or single-digit g-values | x1 | x2...
1 0 +2.941846450e+03 +2.893626450e+03 +2.893626450e+03 -1.3118e+00 -2.3603e+00 +2.6542e+00 -2.1770e+00 -4.5972e-01 +2.2912e+00 +7.1817e-01 +2.3175e+00 +3.8545e+00 -1.7482e+00 +2.8078e+00 +1.9202e+00 -1.1716e+00 +4.8969e-01 +1.4586e+00 +1.6752e+00 +4.1547e+00 +4.4332e+00 -9.9220e-02 -5.8606e-01
2 0 +2.397276638e+03 +2.349056638e+03 +2.349056638e+03 +2.3270e+00 +9.1198e-01 -2.3323e+00 -3.1128e+00 -2.8098e+00 +4.4467e+00 +2.8294e+00 +2.6066e+00 +1.7560e+00 -1.2825e+00 +4.1210e+00 -2.2846e+00 -4.2394e+00 -4.8031e+00 -4.9016e+00 +2.0927e+00 +4.1059e+00 +2.4235e-01 -4.7655e+00 +4.9857e+00
3 0 +1.084556352e+03 +1.036336352e+03 +1.036336352e+03 -3.2189e+00 -3.5676e+00 -1.2983e+00 +4.5681e+00 -3.5244e+00 -3.5627e+00 -4.7172e+00 -1.2065e+00 -3.0708e+00 -2.2652e+00 +2.7773e+00 -3.0835e+00 +4.0523e-01 +2.5135e+00 -3.8583e+00 +4.2637e+00 -2.4586e+00 -3.2386e+00 -4.1450e+00 +4.6058e+00
26 0 +9.561180170e+02 +9.078980170e+02 +9.078980170e+02 -3.0674e+00 +2.3406e+00 -6.0155e-01 +3.4571e+00 -1.4712e+00 -3.7864e+00 -2.0141e+00 -2.5464e+00 +4.0499e-01 -1.7802e+00 -3.3715e-01 -2.1641e+00 +4.1695e+00 +3.8426e+00 -3.1454e+00 -1.8418e+00 -4.5634e+00 +2.0729e+00 +2.3627e+00 -1.4948e+00
29 0 +9.448704467e+02 +8.966504467e+02 +8.966504467e+02 -4.8504e-01 -2.8425e+00 -4.4931e+00 -1.3633e+00 -3.4338e+00 +3.1834e-01 +4.2769e+00 +4.2552e+00 +2.4987e-01 +3.4940e+00 -3.0687e+00 +2.3007e+00 -2.0234e+00 -8.7638e-01 +2.9284e+00 -1.1144e+00 -4.3760e+00 -1.5291e+00 +2.2124e+00 -1.2913e+00
52 0 +8.963160627e+02 +8.480960627e+02 +8.480960627e+02 -4.2549e+00 -1.3504e+00 -2.0482e+00 -3.9926e+00 -2.7536e+00 -4.8865e-02 -3.1190e+00 +5.4537e-01 -8.0759e-01 +3.7919e+00 +1.1730e+00 +3.7235e+00 +2.6828e+00 +2.0113e+00 -1.3769e+00 -2.5639e+00 +7.2779e-01 -4.1675e-01 -2.1238e+00 -2.9843e-01
53 0 +8.814186107e+02 +8.331986107e+02 +8.331986107e+02 -3.5664e+00 +7.1736e-02 -9.3126e-01 -4.3299e+00 -2.1519e+00 +6.5014e-01 -1.8312e+00 +1.4274e+00 -5.6622e-01 +4.2353e+00 -3.9466e-01 +2.6495e+00 +2.8052e+00 +2.0392e+00 +1.1594e+00 -1.4484e+00 +1.0684e+00 +1.9910e-01 +7.2818e-01 -2.4798e+00
54 0 +7.357357903e+02 +6.875157903e+02 +6.875157903e+02 -1.2491e+00 +4.7123e-02 +1.6949e-01 +1.1825e+00 -2.0953e+00 -3.0145e+00 -2.3100e+00 -9.6964e-01 -3.7381e-01 -2.0262e+00 -5.2826e-01 -3.4585e-01 +2.5213e+00 +2.6491e+00 -6.0204e-01 -9.5010e-01 -3.5717e+00 +5.6588e-01 +5.1242e-01 -1.3217e+00
% f evaluations | g evaluations | best noise-free fitness - Fopt (2.547000000000e+01) + sum g_i+ | measured fitness | best measured fitness or single-digit g-values | x1 | x2...
1 0 +1.014853271e+03 +1.040323271e+03 +1.040323271e+03 -2.8667e+00 -6.4788e-01 -6.8361e-01 -9.0462e-01 +3.2157e+00 +1.6752e+00 +1.6455e+00 +1.7650e+00 -2.6940e+00 +1.7958e+00 -1.9976e+00 -4.0987e+00 -4.5074e+00 -3.0420e+00 +3.3004e+00 -3.4162e+00 +1.3610e+00 -1.3456e-01 +2.1303e+00 +5.8905e-01
13 0 +9.731712538e+02 +9.986412538e+02 +9.986412538e+02 -4.5105e+00 +3.0834e+00 -1.1459e+00 -9.3925e-01 -3.8054e+00 -2.3122e+00 -2.3147e+00 +1.8270e+00 -4.3170e+00 +2.8497e+00 -4.4159e+00 -1.7059e+00 +2.3030e+00 +1.3223e+00 -1.5620e+00 -4.4821e+00 +1.3428e+00 -2.1134e-01 +2.0822e+00 -1.0654e+00
58 0 +8.375868711e+02 +8.630568711e+02 +8.630568711e+02 -3.5182e+00 -1.1677e+00 +6.3528e-02 -1.6436e+00 -1.2284e+00 -2.0463e+00 +3.7804e-01 -1.2250e+00 -4.5985e-01 -3.0377e+00 -1.0339e+00 +1.4691e+00 +1.5074e+00 +1.4109e+00 -6.4167e-01 -4.3010e+00 -1.8293e+00 +1.2717e+00 +5.5599e-01 -2.0506e+00
105 0 +7.681546628e+02 +7.936246628e+02 +7.936246628e+02 -1.2045e+00 -4.3436e-01 +1.5542e-01 -2.9343e+00 -1.2066e+00 -1.5392e+00 +1.3609e-01 -1.9270e+00 +2.4393e+00 +2.6671e+00 -3.1008e+00 +4.0813e-01 +1.1179e+00 +3.4220e+00 -2.0035e-01 -3.8316e+00 +2.7188e+00 +8.5026e-01 +2.7022e+00 -2.0811e-01
157 0 +6.662593177e+02 +6.917293177e+02 +6.917293177e+02 -1.5749e+00 -2.3157e-02 -1.2710e-02 -2.6849e+00 -1.5063e+00 -1.6046e+00 -1.4817e-01 -1.4817e+00 +1.6525e+00 +2.6840e+00 -3.2111e+00 +1.7398e-01 +1.2710e+00 +3.1792e+00 -3.3409e-01 -3.8856e+00 +2.5352e+00 +7.4369e-01 +2.6356e+00 -2.8245e-01
158 0 +6.339878063e+02 +6.594578063e+02 +6.594578063e+02 -2.8438e+00 -9.7932e-01 +1.5290e-01 -2.1091e+00 -1.5813e+00 -2.1882e+00 +1.9938e-01 -1.6877e+00 +6.1232e-01 -1.6363e+00 -1.6054e+00 +1.5865e+00 +1.8720e+00 +2.4035e+00 -8.2217e-01 -4.2251e+00 -6.5833e-01 +1.2531e+00 +1.1030e+00 -1.6853e+00
159 0 +5.545896885e+02 +5.800596885e+02 +5.800596885e+02 -1.9558e+00 -6.8411e-01 +1.5426e-01 -2.5561e+00 -1.3783e+00 -1.8366e+00 +1.6510e-01 -1.8173e+00 +1.6021e+00 +6.9494e-01 -2.4155e+00 +9.4814e-01 +1.4635e+00 +2.9552e+00 -4.8531e-01 -4.0120e+00 +1.1712e+00 +1.0349e+00 +1.9693e+00 -8.8508e-01
% f evaluations | g evaluations | best noise-free fitness - Fopt (-1.008100000000e+02) + sum g_i+ | measured fitness | best measured fitness or single-digit g-values | x1 | x2...
1 0 +2.902396268e+03 +2.801586268e+03 +2.801586268e+03 -4.4812e+00 +5.9837e-01 -3.5537e+00 +2.0934e+00 +4.5653e+00 +4.1292e-01 -1.3319e+00 +4.7739e+00 +3.6288e+00 -3.0766e+00 +4.9062e+00 +2.9076e-01 +6.8693e-01 +3.2441e+00 -3.2951e-02 +7.8558e-01 -3.7430e+00 -4.1128e+00 +3.6651e+00 +1.3619e+00
2 0 +2.222852851e+03 +2.122042851e+03 +2.122042851e+03 +2.9460e+00 +3.4086e+00 -3.4567e+00 +3.6574e+00 -1.6579e+00 +3.8872e+00 -4.3674e+00 +6.5349e-01 +3.7293e+00 +2.7768e+00 -2.7874e+00 -2.5834e+00 -1.8700e+00 +2.6231e-01 -1.1274e+00 +4.1813e+00 +1.6353e+00 +4.4050e-01 +4.5306e+00 +4.6655e+00
3 0 +1.675380229e+03 +1.574570229e+03 +1.574570229e+03 -2.3722e+00 -4.8838e+00 -2.5244e+00 -2.7001e+00 -3.9103e+00 +2.4974e+00 +3.6781e+00 -4.4761e+00 -2.2860e+00 -2.9582e-02 +3.0603e+00 -2.2566e+00 +2.6494e+00 +2.3645e-01 +3.5682e+00 +4.2999e+00 +3.2191e+00 +3.8182e-01 +4.5338e+00 -3.2846e+00
4 0 +1.600480114e+03 +1.499670114e+03 +1.499670114e+03 -4.7435e+00 -4.0286e+00 -4.1571e+00 -2.2161e+00 -1.9999e-01 -3.9400e+00 +2.9161e+00 -3.8359e+00 -3.3929e+00 -3.8593e+00 -9.0131e-01 -4.9221e+00 +4.2961e+00 +3.6913e-01 +2.1808e+00 -3.6136e-01 -3.2190e+00 +2.6287e+00 -3.7403e+00 +3.3564e+00
5 0 +9.546861692e+02 +8.538761692e+02 +8.538761692e+02 -2.0636e-01 +4.3639e+00 +4.0403e-01 +1.5296e+00 +4.9274e+00 -4.6634e+00 -2.1652e+00 -4.0100e+00 -1.7357e+00 -3.8820e+00 -3.4834e+00 -1.9835e+00 -2.0167e+00 -3.0603e+00 -2.8035e+00 +4.2327e+00 +2.4937e+00 -2.0007e+00 -3.6174e+00 -6.7712e-01
34 0 +7.291204707e+02 +6.283104707e+02 +6.283104707e+02 +1.8497e+00 +4.7138e+00 -4.3411e+00 +4.6041e+00 +3.4799e+00 +3.0331e+00 -3.1477e-01 -4.7713e+00 -2.0233e+00 -3.3961e+00 +4.6099e+00 -3.3997e+00 +1.6793e+00 -2.9865e+00 +1.3832e+00 +3.8777e+00 +2.9995e+00 -3.1597e+00 -2.5289e-01 +4.8712e+00
102 0 +6.567345462e+02 +5.559245462e+02 +5.559245462e+02 -2.0930e+00 +3.3342e-01 +1.0552e+00 +1.1566e-01 -1.8936e+00 +4.3644e-01 -2.6196e+00 +6.5563e-01 -4.8261e-01 -1.0426e+00 -4.6778e-01 -4.1630e-01 -2.5117e+00 -2.7673e-02 +2.6077e+00 +9.0692e-01 +2.2940e+00 +1.2050e+00 -9.6728e-02 -1.1423e+00
104 0 +5.972975896e+02 +4.964875896e+02 +4.964875896e+02 -1.4215e+00 +1.6511e+00 -2.6412e-01 +2.0425e-01 +2.6305e+00 -3.5466e+00 -5.9499e-01 -3.3842e+00 -1.5083e+00 -3.5662e+00 -2.6667e+00 -2.5686e+00 -8.9253e-01 -2.2040e+00 -8.9184e-01 +2.2315e+00 +1.0353e+00 -3.3991e-01 -2.9793e+00 +3.9609e-01
202 0 +5.128261806e+02 +4.120161806e+02 +4.120161806e+02 -8.3906e-01 +8.3495e-01 -2.2291e-01 -3.9225e-01 +8.0928e-01 -1.2986e+00 -1.0373e+00 -1.6022e+00 +2.2338e-01 -2.4564e+00 -1.7473e+00 -1.7651e+00 -1.7151e+00 -1.1298e+00 +2.3691e-01 +1.4701e+00 +1.9843e+00 -3.6796e-01 -1.9853e+00 -3.5672e-01
203 0 +4.158931092e+02 +3.150831092e+02 +3.150831092e+02 -9.0438e-01 +5.4953e-01 -1.1934e-01 -4.8958e-01 +3.3650e-01 -8.2410e-01 -1.1262e+00 -1.0588e+00 +2.5641e-01 -2.1000e+00 -1.6037e+00 -1.6648e+00 -1.6974e+00 -9.8153e-01 +6.6406e-01 +1.3447e+00 +1.9465e+00 -1.6218e-01 -1.5996e+00 -2.8393e-01
252 0 +3.968890838e+02 +2.960790838e+02 +2.960790838e+02 -1.2874e+00 +3.8575e-01 -2.2805e-01 -9.2356e-01 +1.0049e+00 -1.0579e+00 -1.7760e-01 -1.1791e+00 -2.8293e-01 -2.5207e+00 -1.9627e+00 -2.5394e+00 -9.3190e-01 -1.3728e+00 +3.1224e-01 +1.5247e+00 +1.0415e+00 +1.2625e-02 -1.5440e+00 +7.7669e-01
253 0 +3.512390572e+02 +2.504290572e+02 +2.504290572e+02 -1.0093e+00 +1.7719e-01 -9.5101e-02 -1.2956e+00 +5.3455e-01 +7.0939e-02 -7.9280e-02 -1.1692e-01 +3.2783e-01 -2.0202e+00 -1.7286e+00 -2.4242e+00 -1.1443e+00 -1.0782e+00 +6.2481e-01 +1.4909e+00 +1.2932e+00 -8.3452e-02 -8.9179e-01 +7.9560e-01
% f evaluations | g evaluations | best noise-free fitness - Fopt (-3.531300000000e+02) + sum g_i+ | measured fitness | best measured fitness or single-digit g-values | x1 | x2...
1 0 +1.198499914e+03 +8.453699139e+02 +8.453699139e+02 -4.3418e+00 +4.5995e+00 +8.2805e-01 +2.0772e+00 +2.3667e-01 +3.3747e+00 +2.3721e-01 +3.1020e+00 +2.1739e+00 +4.0168e+00 +4.9845e+00 -4.9669e+00 -4.5944e+00 -2.2960e+00 -4.8909e+00 -5.7562e-01 -1.3354e+00 -5.3704e-01 +3.4504e+00 -9.9541e-01
15 0 +1.157013910e+03 +8.038839104e+02 +8.038839104e+02 +4.1666e+00 +1.5741e+00 -4.6083e+00 -3.1817e+00 +2.4966e+00 +4.5372e+00 -3.7850e+00 +1.1554e+00 -6.8998e-01 -2.2047e+00 -7.1280e-01 +2.5540e+00 +2.0813e+00 -4.1667e+00 -3.7435e+00 -3.9898e+00 -4.1455e+00 +5.0310e-01 +1.6450e+00 +2.1297e+00
20 0 +8.854331808e+02 +5.323031808e+02 +5.323031808e+02 -3.0502e+00 +2.6760e+00 +1.2967e+00 -2.1320e+00 +1.5828e+00 -2.3474e+00 -1.3449e+00 -1.0974e+00 +2.7126e+00 +4.1320e+00 +3.1615e+00 -4.8854e+00 +7.4223e-01 -2.8902e+00 +8.6462e-01 +1.4178e-01 -2.3286e+00 -4.4341e+00 +3.3274e+00 -3.4593e+00
54 0 +8.172652556e+02 +4.641352556e+02 +4.641352556e+02 -5.1973e-01 +1.7003e+00 +1.7774e+00 -3.5750e-02 -7.9241e-01 -1.0592e+00 -4.4887e+00 +1.1560e+00 +4.5299e-01 +2.8483e+00 -3.5666e+00 -6.0938e-01 +4.5953e-01 -1.7126e+00 -2.2285e+00 -1.9914e+00 -4.0348e+00 +1.1350e-02 -2.2407e+00 -2.7081e+00
108 0 +7.775234308e+02 +4.243934308e+02 +4.243934308e+02 +2.1109e+00 +1.7406e+00 -2.8678e+00 -2.4335e+00 +1.3564e+00 +3.3403e+00 -3.6832e+00 +1.1336e+00 +6.9957e-02 -1.3893e+00 -1.1051e+00 +1.3961e+00 +1.8799e+00 -3.2627e+00 -3.5599e+00 -2.9529e+00 -3.6458e+00 +3.7144e-01 +7.1233e-01 +8.6995e-01
109 0 +7.420792963e+02 +3.889492963e+02 +3.889492963e+02 -1.1894e+00 +2.7742e+00 +8.5509e-01 -8.8980e-01 -4.1480e-01 +9.5933e-01 -3.3783e+00 +2.0729e+00 +1.1448e+00 -8.6750e-01 -3.3280e+00 -3.7921e-01 +1.3298e+00 -1.6794e+00 -2.9320e+00 -8.1627e-01 -4.0049e+00 -4.4587e-01 -2.3128e+00 -1.8119e+00
152 0 +6.283758365e+02 +2.752458365e+02 +2.752458365e+02 -3.1764e+00 +2.1456e+00 +1.5844e-02 -1.0322e+00 -1.2947e+00 +1.6253e+00 -2.8365e+00 +7.7444e-01 +2.7051e+00 -7.9762e-01 -4.8392e-01 -1.2771e+00 +1.7794e+00 -9.9141e-01 -3.4386e+00 +1.6588e-01 -1.1498e+00 +4.9328e-01 -4.6212e-02 -1.3795e+00
252 0 +5.591872580e+02 +2.060572580e+02 +2.060572580e+02 -2.2280e+00 +1.4511e+00 -7.5921e-01 -8.6455e-01 -1.0220e+00 +7.9765e-01 -2.3862e+00 -6.2389e-01 +2.0665e+00 +7.8414e-01 +8.0710e-01 -1.7312e+00 +1.6656e+00 -9.7572e-01 -2.4063e+00 -4.0617e-01 -5.9306e-01 +5.7829e-01 +1.5226e+00 -1.1258e+00
254 0 +4.754162714e+02 +1.222862714e+02 +1.222862714e+02 -2.3542e+00 +1.6391e+00 -4.4370e-01 -1.0591e+00 -6.2223e-01 +3.1499e-01 -2.2264e+00 -6.9656e-01 +2.1657e+00 +1.2979e+00 +1.1684e+00 -2.2153e+00 +1.5239e+00 -1.2695e+00 -1.9043e+00 -3.2208e-01 -8.5940e-01 -1.9094e-01 +1.7996e+00 -1.4839e+00
% f evaluations | g evaluations | best noise-free fitness - Fopt (8.716000000000e+01) + sum g_i+ | measured fitness | best measured fitness or single-digit g-values | x1 | x2...
1 0 +1.098047490e+03 +1.185207490e+03 +1.185207490e+03 -2.1357e+00 -2.3261e+00 -2.9644e+00 +4.9331e-01 +3.1625e+00 +2.6703e+00 -3.2301e+00 -1.0089e+00 -1.7075e+00 +2.2001e+00 -2.4326e+00 -8.0598e-01 +4.3448e+00 -8.9874e-01 -3.5289e+00 +4.6359e+00 -9.1956e-01 -3.8517e+00 +4.0863e+00 -1.0230e+00
7 0 +1.085149747e+03 +1.172309747e+03 +1.172309747e+03 +7.0139e-01 +1.1994e+00 -1.2547e+00 +3.4211e+00 -4.3072e+00 +4.7025e+00 +4.9632e+00 -3.6915e+00 -2.8811e+00 -9.7697e-01 -2.9318e+00 +4.3491e+00 +3.5820e+00 -7.2908e-01 -2.8702e+00 -2.0980e+00 +3.5593e+00 +1.6070e+00 +3.4421e+00 -7.3950e-01
9 0 +1.036651794e+03 +1.123811794e+03 +1.123811794e+03 +4.9810e+00 +1.0556e+00 -8.4467e-01 +3.5068e+00 -3.8003e+00 +2.9166e+00 -1.6229e+00 +3.1173e+00 -1.3991e-02 -1.0575e+00 +2.0965e-02 -1.1980e+00 +2.1422e-01 -2.0718e+00 -3.1863e+00 -2.5392e+00 +4.8961e+00 +1.5623e+00 +6.5797e-01 +5.6504e-01
11 0 +8.746654591e+02 +9.618254591e+02 +9.618254591e+02 +4.0977e+00 -3.2138e+00 -3.4360e+00 +3.3947e+00 +4.0503e-01 -2.1381e+00 -4.9203e-01 +3.6101e+00 +2.4735e+00 -2.0287e+00 -4.1543e+00 -1.3328e+00 +2.0857e-02 -1.5220e+00 +2.2943e+00 -1.5311e+00 -2.9793e+00 -3.6719e+00 -1.9473e+00 -1.4988e+00
39 0 +6.287124246e+02 +7.158724246e+02 +7.158724246e+02 +2.9016e+00 -3.7105e+00 +6.3611e-01 +1.7811e+00 +4.2235e+00 -2.3674e+00 +1.7223e+00 -1.0260e+00 -4.8206e+00 -3.5270e+00 -3.8227e+00 -4.0351e+00 -3.8614e-01 -1.2103e+00 +4.1986e+00 -3.7966e+00 -3.2184e+00 +6.8889e-01 -3.3128e+00 +8.4062e-01
53 0 +5.675155541e+02 +6.546755541e+02 +6.546755541e+02 +3.1468e+00 -3.0932e+00 +1.2756e+00 +2.5714e+00 +3.9455e+00 -1.8700e+00 +2.4378e+00 -1.6767e+00 -4.6721e+00 -3.2036e+00 -2.0711e+00 -3.8342e+00 -8.4371e-01 +5.7813e-01 +3.5866e+00 -2.7720e+00 -3.1466e+00 -4.7238e-01 -3.6805e+00 -5.0931e-01
55 0 +5.006279033e+02 +5.877879033e+02 +5.877879033e+02 +2.4502e+00 -5.1103e-01 +1.0555e+00 +3.9495e+00 +1.6018e-01 +1.5028e+00 +4.4142e+00 -3.3572e+00 -3.7362e+00 -1.8600e+00 -1.5529e-01 -1.7780e-01 +3.9905e-01 +2.3565e+00 +1.1309e-01 -1.1627e+00 -2.7077e-01 -1.1164e+00 -1.2021e+00 -2.3566e+00
306 0 +3.895435801e+02 +4.767035801e+02 +4.767035801e+02 +2.7036e+00 -2.6657e+00 +5.1620e-02 +2.2666e+00 +2.7978e+00 -1.3606e+00 +1.7425e+00 -7.3379e-02 -2.6698e+00 -3.1492e+00 -2.1842e+00 -2.0869e+00 -2.1373e-02 -4.1576e-01 +2.5355e+00 -2.4532e+00 -2.4380e+00 +5.6503e-01 -3.2191e+00 -2.1326e-01
456 0 +3.789115162e+02 +4.660715162e+02 +4.660715162e+02 +2.7171e+00 -2.7725e+00 +9.9177e-02 +2.2292e+00 +2.8643e+00 -1.4260e+00 +1.7182e+00 -1.1679e-01 -2.8188e+00 -3.1858e+00 -2.2799e+00 -2.2171e+00 -5.5963e-02 -4.5898e-01 +2.6530e+00 -2.5689e+00 -2.4531e+00 +5.7560e-01 -3.2276e+00 -1.4504e-01
903 0 +3.634631414e+02 +4.506231414e+02 +4.506231414e+02 +2.0668e+00 -1.2586e+00 -3.9052e-01 +2.3260e+00 +2.4895e+00 -7.2407e-01 +2.0738e+00 -2.2384e-01 -1.1112e+00 -2.3129e+00 -9.6719e-01 -1.2387e+00 -3.3941e-02 -1.8479e-01 +1.4130e+00 -1.0797e+00 -2.5661e+00 +1.7488e-01 -2.6604e+00 -6.0120e-01
1507 0 +3.561743857e+02 +4.433343857e+02 +4.433343857e+02 +2.0531e+00 -6.5257e-01 -5.1532e-01 +2.4190e+00 +2.3073e+00 -5.4224e-01 +2.1302e+00 -1.1027e-01 -6.9605e-01 -1.1004e+00 -6.6160e-01 -9.0632e-01 +2.7557e-02 -6.5757e-02 +6.9257e-01 -6.8054e-01 -2.5169e+00 +1.3633e-01 -2.6143e+00 -7.7811e-01
1854 0 +3.531529959e+02 +4.403129959e+02 +4.403129959e+02 +1.6707e+00 -1.3965e+00 -2.6820e-01 +2.1051e+00 +2.2313e+00 -8.1819e-01 +1.9491e+00 -3.7794e-01 -1.3404e+00 -1.9728e+00 -6.2904e-01 -1.2061e+00 -1.8215e-01 -2.6850e-01 +1.6046e+00 -1.3495e+00 -2.4735e+00 +1.0272e-01 -2.5417e+00 -4.1546e-01
% f evaluations | g evaluations | best noise-free fitness - Fopt (-3.475000000000e+01) + sum g_i+ | measured fitness | best measured fitness or single-digit g-values | x1 | x2...
1 0 +1.897295000e+03 +1.862545000e+03 +1.862545000e+03 +1.0357e+00 -1.1129e+00 +8.4749e-02 +4.8874e+00 +4.6323e+00 -3.2838e+00 -1.9922e+00 +2.9550e+00 -3.5962e+00 +3.9023e-01 -2.1431e+00 -2.2610e+00 -9.4350e-01 -6.3051e-02 +1.7074e+00 +4.6612e-01 -3.3812e+00 +4.8672e+00 -4.0064e+00 -3.9329e+00
5 0 +1.643915551e+03 +1.609165551e+03 +1.609165551e+03 +4.1865e+00 +5.4563e-01 +1.9843e+00 +1.4729e+00 -2.1171e+00 -4.6762e+00 +1.2231e+00 -1.6683e+00 +2.7661e+00 -4.0714e+00 -1.9216e+00 -3.1185e+00 -2.1542e+00 +1.2206e+00 -4.0144e+00 -3.7899e+00 +2.4408e+00 +2.1279e+00 +1.9112e+00 -2.3106e+00
20 0 +1.489115376e+03 +1.454365376e+03 +1.454365376e+03 -2.2706e+00 -8.9323e-01 +2.4232e+00 -9.8669e-03 +1.6394e+00 -4.9893e+00 -8.3096e-01 +1.4205e+00 -9.1756e-02 +4.6625e+00 +2.6415e-01 +1.3651e+00 +8.6248e-01 +4.6034e+00 -4.7779e+00 -4.7883e+00 -3.8512e+00 +2.8097e+00 +4.8049e+00 -2.0068e-01
28 0 +1.460526166e+03 +1.425776166e+03 +1.425776166e+03 +4.4077e+00 +1.4009e+00 -1.8663e-01 +4.2833e+00 +1.9411e+00 -1.2534e+00 -7.6510e-01 +6.0873e-01 +2.2661e+00 +4.3197e+00 -1.5568e+00 -7.0346e-01 +3.4802e+00 -2.3318e+00 +1.2153e+00 +3.4827e+00 +2.7565e-01 +1.4721e-01 -3.5252e+00 +4.8542e+00
31 0 +1.154608344e+03 +1.119858344e+03 +1.119858344e+03 +3.4760e+00 +4.0377e+00 -5.9349e-01 +2.1664e+00 -4.6609e+00 -1.4858e+00 +1.9618e+00 -2.5248e+00 -1.0177e+00 -2.9712e+00 +2.1428e+00 +2.9137e+00 -2.2369e+00 -1.9075e+00 +4.0131e+00 +2.3918e+00 -3.4969e+00 +1.0334e+00 -1.8678e+00 -4.8828e+00
34 0 +9.651784820e+02 +9.304284820e+02 +9.304284820e+02 -3.0941e+00 +3.6792e+00 -3.0649e-01 -2.8572e+00 +4.3974e+00 -3.4165e+00 +2.4114e+00 -3.9930e+00 +5.2514e-01 +3.8565e+00 -3.1291e+00 +2.0087e+00 +4.1539e+00 -1.4677e+00 -3.5706e+00 -1.4736e+00 +2.0966e+00 -3.4682e+00 +3.0262e+00 -2.5738e+00
35 0 +7.135354519e+02 +6.787854519e+02 +6.787854519e+02 -4.5474e+00 +4.6920e+00 +1.6778e+00 +2.4781e-01 -2.2771e+00 -1.3856e+00 +4.1675e+00 -1.8048e+00 -2.7288e+00 +4.8824e+00 -1.2495e+00 +6.9672e-01 -2.2298e+00 +1.5188e+00 +2.9008e+00 +2.4557e+00 -3.3336e+00 -1.3781e+00 -1.9740e+00 +4.2141e+00
54 0 +6.938723955e+02 +6.591223955e+02 +6.591223955e+02 +3.1791e+00 +3.0975e+00 -9.6456e-01 -9.1783e-01 +2.9492e+00 -2.5947e+00 +2.5131e+00 -1.8418e+00 -1.1083e+00 +2.7275e+00 -2.1791e+00 -1.8069e+00 +2.4334e+00 -6.2039e-01 +2.4816e+00 +2.4181e+00 -2.1085e+00 -4.0605e+00 +1.2098e+00 +1.6127e+00
105 0 +6.654181743e+02 +6.306681743e+02 +6.306681743e+02 +3.0054e+00 +3.0666e+00 -1.0468e+00 -8.2315e-01 +2.8579e+00 -2.4811e+00 +2.6002e+00 -1.6951e+00 -8.3253e-01 +2.6630e+00 -1.9507e+00 -1.6487e+00 +2.1959e+00 -7.9864e-01 +2.4964e+00 +2.5477e+00 -2.0130e+00 -3.7132e+00 +1.2800e+00 +1.3416e+00
155 0 +5.422328029e+02 +5.074828029e+02 +5.074828029e+02 -4.3600e+00 +2.5799e+00 +2.5334e+00 -1.2498e+00 -5.8041e-02 -2.2436e+00 +2.3379e+00 -1.1323e+00 -1.7385e+00 +3.6317e+00 -9.1472e-02 +8.7673e-01 +7.3364e-02 +3.0127e-01 +1.4993e+00 +1.6287e+00 -4.0019e-01 +8.2173e-01 -1.4253e-01 +2.3183e+00
207 0 +4.979551948e+02 +4.632051948e+02 +4.632051948e+02 -4.2037e+00 +2.3066e+00 +2.3324e+00 -1.3910e+00 -1.3057e-02 -1.9867e+00 +2.4068e+00 -1.0072e+00 -1.7689e+00 +3.5659e+00 -1.0537e-01 +6.5099e-01 +1.1101e-01 +2.8161e-01 +1.4441e+00 +1.6230e+00 -2.8503e-01 +6.3258e-01 +8.2149e-04 +2.4106e+00
406 0 +4.797180958e+02 +4.449680958e+02 +4.449680958e+02 -3.2683e+00 +3.1696e+00 +1.4944e+00 -2.6362e-01 -1.1395e+00 -1.3093e+00 +3.3351e+00 -1.3613e+00 -1.1592e+00 +3.6156e+00 -5.8831e-01 +1.0899e+00 -1.6320e+00 -1.0626e-02 +1.9217e+00 +2.3860e+00 -1.6560e+00 -1.1113e-01 -5.8490e-01 +2.1554e+00
561 0 +4.757820256e+02 +4.410320256e+02 +4.410320256e+02 -2.5928e+00 +3.1510e+00 +6.7190e-01 -2.9444e-01 -1.2268e+00 -8.1403e-01 +3.5083e+00 -8.6669e-01 -5.0428e-01 +3.2743e+00 -4.1972e-01 +2.3275e-01 -2.0909e+00 +2.7866e-01 +1.8218e+00 +1.6187e+00 -2.2295e+00 +1.0084e-01 -7.9512e-01 +1.4039e+00
604 0 +4.436809973e+02 +4.089309973e+02 +4.089309973e+02 -1.9854e+00 +2.8951e+00 +1.0750e+00 -1.3359e-01 -1.1527e+00 -6.2816e-01 +3.0271e+00 -1.2778e+00 -2.8933e-01 +2.7512e+00 -6.7440e-01 +1.2129e+00 -2.0733e+00 -7.7163e-01 +1.2682e+00 +2.0540e+00 -1.2408e+00 -6.9535e-02 -1.4204e-01 +1.2280e+00
1460 0 +4.336905349e+02 +3.989405349e+02 +3.989405349e+02 -3.0588e+00 +2.3589e+00 +9.8903e-01 -7.5603e-01 -1.0867e+00 -5.6248e-01 +2.8876e+00 -9.7538e-01 -1.6519e+00 +3.3432e+00 -2.9966e-01 +2.0697e-01 -1.3804e+00 +2.5393e-01 +1.8514e+00 +2.2255e+00 -1.4225e+00 -8.9598e-01 -3.3505e-01 +2.8971e+00
1608 0 +4.150411539e+02 +3.802911539e+02 +3.802911539e+02 -1.9175e+00 +1.4214e+00 +8.3063e-01 -7.9411e-01 -7.7675e-01 -3.9575e-01 +2.5890e+00 -9.3235e-01 -6.5617e-01 +1.8970e+00 -4.3070e-01 +5.9426e-01 -1.3970e+00 -7.3499e-01 +1.2770e+00 +2.0621e+00 -7.0128e-01 -2.9051e-01 +2.8327e-01 +1.5392e+00
% f evaluations | g evaluations | best noise-free fitness - Fopt (-1.000000000000e+03) + sum g_i+ | measured fitness | best measured fitness or single-digit g-values | x1 | x2...
1 0 +2.722541337e+03 +1.722541337e+03 +1.722541337e+03 +4.9622e+00 +1.1615e+00 +2.6052e+00 +1.1317e-01 +3.3292e+00 +3.3631e+00 +1.1097e+00 +4.0825e+00 +2.1726e+00 -1.8746e+00 +1.3595e+00 -3.5427e+00 +2.0898e+00 +2.9144e+00 +2.7608e+00 -4.4191e+00 -1.8833e+00 +3.4548e+00 -3.5302e+00 -4.1843e+00
2 0 +1.137140373e+03 +1.371403727e+02 +1.371403727e+02 +3.9082e+00 -8.5173e-01 +4.9328e+00 -4.1894e+00 -5.6872e-01 -2.1791e+00 -2.1477e+00 +1.8881e+00 -2.4981e+00 -2.8643e+00 -3.0257e+00 -2.7649e+00 -2.3155e+00 -4.0832e+00 -3.8384e+00 -3.0603e+00 +8.3782e-01 -6.7808e-01 +4.1704e+00 +1.8984e+00
4 0 +1.058822289e+03 +5.882228882e+01 +5.882228882e+01 -1.9554e+00 -1.3622e+00 +3.7378e+00 +1.9014e-01 -2.2075e+00 -1.3170e+00 +4.3992e+00 -4.0295e+00 +8.1215e-02 -8.1087e-01 -2.2078e+00 +1.6764e+00 +2.4726e+00 +1.7743e+00 +3.1299e+00 +3.4645e+00 +2.3475e-01 -2.2613e+00 -6.3847e-01 -3.6234e+00
28 0 +9.893878534e+02 -1.061214655e+01 -1.061214655e+01 +3.9391e+00 +1.3304e+00 -2.9366e+00 -3.9510e+00 +2.1509e-01 -7.1249e-01 -3.7466e+00 -7.3380e-01 -6.7995e-01 -2.5616e-01 +4.6446e-01 +9.9313e-01 +3.2325e+00 -1.3998e+00 -2.1486e+00 -4.8314e+00 +5.2074e-01 +1.1651e+00 -6.0288e-01 -7.4937e-01
49 0 +9.450815473e+02 -5.491845267e+01 -5.491845267e+01 +3.9388e+00 +1.0895e+00 +2.0615e+00 -4.7162e+00 -2.4239e+00 -2.9320e-02 +2.3023e+00 -4.8524e-01 -4.2884e+00 -1.2749e+00 -2.5440e+00 +6.8980e-01 +3.1350e+00 -2.4666e+00 +1.2226e+00 +3.1797e+00 -1.7775e-02 +2.0041e-01 -1.0246e+00 -1.6849e+00
56 0 +9.141203137e+02 -8.587968629e+01 -8.587968629e+01 -2.2868e-01 -1.6375e+00 +3.4288e+00 -5.8253e-01 -1.5924e+00 +1.8551e-01 +2.5105e+00 -3.8636e+00 -4.8695e-02 +2.4779e-01 -1.3187e+00 +6.6343e-01 +8.6304e-01 +1.8543e+00 +1.3171e+00 +1.7855e+00 -9.0244e-01 -1.0380e+00 -1.2577e+00 -2.5098e+00
58 0 +6.174612228e+02 -3.825387772e+02 -3.825387772e+02 -1.7834e+00 +1.4690e+00 +1.1698e+00 -6.2116e-01 +1.1678e-03 -3.2608e+00 -1.9137e+00 +2.3808e+00 +1.7349e+00 +9.1992e-01 +5.2940e-01 +8.4462e-01 +3.3948e+00 -1.8866e+00 -1.7461e+00 +1.7726e+00 +5.8728e-01 +1.5528e+00 +1.4610e+00 +1.9003e+00
59 0 +5.806666950e+02 -4.193333050e+02 -4.193333050e+02 +9.8376e-01 +1.2855e+00 +1.6010e+00 -2.6014e+00 -1.1716e+00 -1.6982e+00 +1.2503e-01 +9.9485e-01 -1.1778e+00 -1.4144e-01 -9.5684e-01 +7.6975e-01 +3.2692e+00 -2.1671e+00 -3.1047e-01 +2.4530e+00 +2.9469e-01 +8.9879e-01 +2.5903e-01 +1.6658e-01
153 0 +5.665714529e+02 -4.334285471e+02 -4.334285471e+02 -1.5755e+00 +1.6531e+00 +1.4172e+00 -6.4338e-01 -3.3736e-01 -2.9306e+00 -1.8175e+00 +2.2312e+00 +1.6039e+00 +1.0882e+00 +2.6481e-01 +5.5255e-01 +3.4010e+00 -1.5165e+00 -1.6953e+00 +1.3773e+00 +2.8912e-01 +1.4720e+00 +1.2225e+00 +1.5288e+00
254 0 +5.559825623e+02 -4.440174377e+02 -4.440174377e+02 +1.4953e+00 +3.6052e-01 +1.7865e+00 -2.1539e+00 -6.1473e-01 -5.2285e-01 -9.5406e-01 +1.1220e-01 -3.3206e-01 +9.0599e-01 -1.3166e-01 +7.5140e-02 +1.5705e+00 -9.8014e-01 -1.4096e+00 +9.9616e-01 -7.2714e-01 +1.3485e+00 -3.0164e-01 +5.7964e-01
502 0 +5.247243753e+02 -4.752756247e+02 -4.752756247e+02 +8.4693e-01 +1.6778e-01 +1.8688e+00 -1.8190e+00 -9.3770e-01 -8.9808e-01 -1.4825e-01 -3.2405e-01 -5.2706e-01 +3.2541e-01 -4.7637e-01 +5.4150e-01 +1.8155e+00 -9.4806e-01 -4.4371e-01 +1.6346e+00 -4.9821e-01 +6.3114e-01 -3.2580e-01 -2.2814e-02
554 0 +5.033903872e+02 -4.966096128e+02 -4.966096128e+02 +1.2866e+00 +2.9847e-01 +1.8130e+00 -2.0461e+00 -7.1870e-01 -6.4365e-01 -6.9465e-01 -2.8242e-02 -3.9483e-01 +7.1908e-01 -2.4263e-01 +2.2527e-01 +1.6494e+00 -9.6981e-01 -1.0986e+00 +1.2017e+00 -6.5344e-01 +1.1176e+00 -3.0942e-01 +3.8569e-01
% f evaluations | g evaluations | best noise-free fitness - Fopt (-9.247000000000e+01) + sum g_i+ | measured fitness | best measured fitness or single-digit g-values | x1 | x2...
1 0 +1.242477216e+03 +1.150007216e+03 +1.150007216e+03 +8.4189e-01 +4.3153e+00 -1.8071e+00 +3.7407e+00 -8.9382e-01 +4.3882e+00 +2.6604e+00 +4.4130e+00 -2.8281e+00 -8.8086e-01 -4.2403e+00 -2.9192e+00 +2.3235e+00 -8.6029e-01 +9.1944e-01 +3.5980e-01 -4.0567e+00 -4.3648e-01 -1.7186e+00 -6.8827e-01
7 0 +7.356646416e+02 +6.431946416e+02 +6.431946416e+02 +3.3652e+00 -2.3715e+00 +2.4240e-01 -2.5664e+00 +9.0579e-02 -9.0517e-01 +7.8023e-01 +3.2721e+00 +1.8525e+00 +2.7919e+00 -1.3864e+00 -1.1651e+00 -1.7498e+00 -4.6112e+00 -8.5898e-01 -4.8487e+00 +1.7333e+00 +2.4861e+00 -2.7675e-01 -3.6138e+00
102 0 +6.871440104e+02 +5.946740104e+02 +5.946740104e+02 +6.5116e-02 -1.6351e+00 +8.1558e-01 +2.5331e+00 +3.5269e-01 -8.5857e-01 -3.5305e-01 +8.0862e-01 +1.5787e-02 +3.0367e+00 +4.2340e-01 -2.5541e-01 +2.5017e+00 +3.3305e+00 +2.6115e+00 -1.1519e+00 +1.1638e+00 +3.2191e+00 -7.3981e-02 +2.2851e+00
152 0 +6.563101521e+02 +5.638401521e+02 +5.638401521e+02 +3.7176e-01 +7.1390e-01 -2.1977e-01 +1.5523e+00 -1.3939e-01 +1.2127e+00 +8.3657e-01 +2.2315e+00 -1.1069e+00 +1.4902e+00 -1.4177e+00 -1.3070e+00 +2.4313e+00 +1.6761e+00 +1.9435e+00 -5.5515e-01 -8.9709e-01 +1.7760e+00 -7.2321e-01 +1.1113e+00
156 0 +6.126231550e+02 +5.201531550e+02 +5.201531550e+02 +3.9367e-01 +1.2319e+00 -5.1321e-01 +8.6738e-01 -2.2682e-01 +1.6922e+00 +1.0842e+00 +2.5989e+00 -1.3934e+00 +1.1071e+00 -1.7786e+00 -1.6006e+00 +2.4775e+00 +1.3829e+00 +1.8746e+00 -4.7897e-01 -1.3466e+00 +1.4993e+00 -8.6556e-01 +8.2049e-01
358 0 +5.236834154e+02 +4.312134154e+02 +4.312134154e+02 +2.2687e+00 -2.0809e+00 +3.7552e-01 -1.2442e+00 +2.2837e-01 -8.7956e-01 +3.6164e-01 +2.4505e+00 +1.2600e+00 +2.8306e+00 -7.1387e-01 -9.0658e-01 -3.5717e-01 -1.9723e+00 +3.2731e-01 -3.6896e+00 +1.5437e+00 +2.7007e+00 -1.4828e-01 -1.8155e+00
455 0 +4.902318247e+02 +3.977618247e+02 +3.977618247e+02 +1.8051e+00 -1.9581e+00 +4.3180e-01 -6.8523e-01 +2.8662e-01 -8.6873e-01 +1.8467e-01 +2.1031e+00 +1.0095e+00 +2.8470e+00 -4.2951e-01 -7.9729e-01 +2.3162e-01 -8.5653e-01 +8.2887e-01 -3.1996e+00 +1.4636e+00 +2.7914e+00 -9.3972e-02 -7.0671e-01
1503 0 +4.863816738e+02 +3.939116738e+02 +3.939116738e+02 +1.6302e+00 -5.9652e-01 +4.6489e-01 -1.9204e+00 +9.8214e-01 -2.3896e-01 +6.4001e-02 +2.0169e+00 +6.8621e-01 +2.4442e+00 +1.3620e-01 -9.6841e-01 -9.0615e-01 -1.0890e+00 +9.6533e-02 -3.0183e+00 +1.0761e+00 +2.1205e+00 +7.8444e-01 -2.3983e-01
% f evaluations | g evaluations | best noise-free fitness - Fopt (-2.153000000000e+02) + sum g_i+ | measured fitness | best measured fitness or single-digit g-values | x1 | x2...
1 0 +1.076634076e+03 +8.613340758e+02 +8.613340758e+02 +3.4292e+00 +4.1552e+00 -1.8200e+00 +8.9796e-02 +3.6292e+00 +3.9004e+00 +4.0817e+00 +3.1883e+00 +3.2807e+00 +4.6817e-01 -3.7738e+00 -3.5251e+00 +1.2974e+00 +4.9415e+00 +3.2246e+00 +3.4250e+00 -4.0688e+00 +1.7337e+00 -1.9475e+00 +2.0442e+00
4 0 +9.004156680e+02 +6.851156680e+02 +6.851156680e+02 -1.3472e+00 +1.0157e+00 -4.7544e+00 +1.9745e-01 -8.1322e-01 +3.8110e-01 -5.0791e-01 +3.8560e-01 +2.5835e+00 +1.1253e+00 -4.3835e-01 -3.7014e+00 +1.6527e+00 +4.2115e+00 -2.1041e+00 -1.8233e+00 +2.2412e+00 +3.2434e+00 +1.0173e+00 -2.3325e+00
50 0 +4.435484626e+02 +2.282484626e+02 +2.282484626e+02 -1.4060e+00 +3.9131e+00 -3.1099e-01 -2.5000e+00 +4.2236e+00 -4.8634e+00 -2.2714e+00 -5.8466e-01 +2.8713e+00 -2.6436e+00 -5.1664e-01 +8.4230e-01 -7.6107e-01 +2.3687e+00 -1.9264e+00 +1.7072e+00 -5.4332e-01 +3.6849e+00 -5.9503e-01 -2.9534e-01
55 0 +3.788536850e+02 +1.635536850e+02 +1.635536850e+02 -9.4838e-01 +3.7102e+00 -3.7762e-01 -2.2820e+00 +3.3564e+00 -3.9229e+00 -2.2211e+00 -4.5066e-01 +1.9887e+00 -1.1376e+00 -1.1213e+00 +1.1611e-01 +1.1058e-01 +2.8729e+00 -2.1732e+00 +1.7477e+00 +2.4621e-01 +2.6720e+00 -6.4866e-01 -1.1237e+00
254 0 +3.549434456e+02 +1.396434456e+02 +1.396434456e+02 +1.6983e-01 +2.7189e+00 +2.8441e-01 -1.9530e+00 +3.9781e+00 -2.9783e+00 -1.7454e+00 +2.6183e-01 +2.0201e+00 -2.3096e+00 +1.3295e-01 -3.6081e-01 +2.2305e-01 +1.4773e+00 -1.5611e+00 +1.0912e+00 -1.0727e+00 +2.3437e+00 -1.1418e+00 +7.8964e-01
907 0 +3.527644973e+02 +1.374644973e+02 +1.374644973e+02 -1.7710e+00 +3.3849e+00 -4.2588e-01 -2.1633e+00 +3.0677e+00 -4.2815e+00 -2.3491e+00 -5.1000e-02 +2.2285e+00 -2.4685e+00 +4.5915e-02 +7.7217e-01 -8.0845e-01 +1.7127e+00 -1.5646e+00 +1.8433e+00 -1.0635e+00 +3.2233e+00 -9.2769e-01 -2.8425e-01
1106 0 +3.394182924e+02 +1.241182924e+02 +1.241182924e+02 -1.0778e+00 +3.0884e+00 -2.5344e-01 -2.1838e+00 +3.6995e+00 -3.9704e+00 -1.6390e+00 -2.4799e-01 +2.4413e+00 -2.5761e+00 +2.6427e-03 +4.3509e-01 -3.0335e-01 +1.8106e+00 -1.7653e+00 +1.5058e+00 -7.6777e-01 +2.7954e+00 -8.0412e-01 +1.6260e-04
1107 0 +3.375635399e+02 +1.222635399e+02 +1.222635399e+02 -1.0803e+00 +3.0947e+00 -2.5387e-01 -2.1862e+00 +3.7035e+00 -3.9772e+00 -1.6438e+00 -2.5055e-01 +2.4446e+00 -2.5766e+00 -1.3091e-03 +4.3819e-01 -3.0683e-01 +1.8148e+00 -1.7666e+00 +1.5073e+00 -7.6606e-01 +2.8022e+00 -8.0253e-01 -2.0862e-03
1510 0 +3.254294305e+02 +1.101294305e+02 +1.101294305e+02 -1.4060e+00 +3.9131e+00 -3.1099e-01 -2.5000e+00 +4.2236e+00 -4.8634e+00 -2.2714e+00 -5.8466e-01 +2.8713e+00 -2.6592e-01 -5.1664e-01 +8.4230e-01 -7.6107e-01 +2.3687e+00 -1.9264e+00 +1.7072e+00 -5.4332e-01 +3.6849e+00 -4.2213e-01 -2.9534e-01
1512 0 +3.114296679e+02 +9.612966789e+01 +9.612966789e+01 -1.4060e+00 +3.9131e+00 -3.1099e-01 -2.5000e+00 +4.2236e+00 -4.8634e+00 -2.2714e+00 -5.8466e-01 +2.8713e+00 -2.5619e-01 -5.1664e-01 +8.4230e-01 -7.6107e-01 +2.3687e+00 -1.9264e+00 +1.7072e+00 -5.4332e-01 +3.6849e+00 -5.9503e-01 -2.9534e-01
1562 0 +3.086757517e+02 +9.337575170e+01 +9.337575170e+01 -1.4060e+00 +3.9131e+00 -3.1099e-01 -2.5000e+00 +4.2236e+00 -4.8634e+00 -2.2714e+00 -5.8466e-01 +2.5517e+00 -2.5619e-01 -5.1664e-01 +8.4230e-01 -7.6107e-01 +2.3687e+00 -1.9264e+00 +1.7072e+00 -5.4332e-01 +3.6849e+00 -5.9503e-01 -2.9534e-01
% f evaluations | g evaluations | best noise-free fitness - Fopt (-5.449000000000e+01) + sum g_i+ | measured fitness | best measured fitness or single-digit g-values | x1 | x2...
1 0 +1.893744280e+03 +1.839254280e+03 +1.839254280e+03 -2.3047e+00 +7.4711e-01 -3.3664e+00 +4.1504e+00 -2.0900e+00 -3.4375e+00 +4.0496e+00 +1.0618e-01 +1.3271e-01 +4.2037e-01 -4.8919e+00 -7.4783e-01 -3.6924e+00 -2.7753e+00 -1.8812e+00 +4.0649e-01 -2.7846e+00 -2.1888e-01 +2.0336e+00 +4.3039e+00
2 0 +1.481363637e+03 +1.426873637e+03 +1.426873637e+03 +4.9618e-01 -2.3297e+00 +6.4637e-02 +2.8785e+00 -1.5080e+00 -2.1497e+00 -1.1642e+00 +2.9453e-01 +3.3512e+00 +2.0750e+00 -3.1086e+00 -2.5243e+00 +1.4212e+00 -4.2811e+00 +3.5555e+00 -1.6203e-01 +7.5148e-01 +3.3897e+00 +3.8051e+00 +8.2530e-01
3 0 +9.516024190e+02 +8.971124190e+02 +8.971124190e+02 -8.9962e-01 -3.8684e+00 -8.9929e-01 -3.9554e+00 -9.4412e-01 +2.8430e+00 +1.7118e+00 +4.6189e+00 +1.5577e+00 -4.6914e+00 -4.5114e+00 +3.9070e+00 -1.7240e+00 +3.3507e+00 +3.4376e+00 +4.4445e+00 +4.0643e+00 -3.0205e+00 -1.4627e+00 -1.2425e+00
4 0 +9.258976608e+02 +8.714076608e+02 +8.714076608e+02 +1.5531e+00 +1.5701e-02 -1.5094e+00 -3.0058e+00 -4.0853e-01 +1.7941e+00 -2.9964e+00 +2.7975e-01 -4.3180e+00 -3.2602e+00 -1.7985e+00 -1.8755e+00 -2.9178e+00 +2.5485e+00 -4.0035e+00 +1.7226e+00 +3.9400e+00 +1.8207e+00 +2.6925e+00 +9.1736e-01
22 0 +6.249199890e+02 +5.704299890e+02 +5.704299890e+02 -1.3927e+00 +1.6770e+00 -6.4245e-01 -4.9318e+00 +3.6662e+00 +4.8413e-01 +5.2003e-01 -5.5249e-01 +2.8829e+00 -2.1815e+00 +6.7541e-02 -3.0726e+00 -4.5780e-01 -1.5755e+00 +6.7442e-01 +5.9036e-01 -3.2390e+00 -2.1556e+00 -4.6411e+00 +1.5845e+00
52 0 +4.693031438e+02 +4.148131438e+02 +4.148131438e+02 -6.2331e-01 +9.6594e-01 -1.9589e-01 -4.4093e+00 +3.2965e+00 -2.0740e-01 -9.8256e-02 -8.5380e-01 +2.1814e+00 -2.2435e+00 -2.2201e-01 -2.1505e+00 -9.4956e-01 -1.6801e+00 +1.0571e+00 +1.0563e+00 -2.3064e+00 -2.0986e+00 -3.7170e+00 +1.9392e+00
56 0 +4.555969390e+02 +4.011069390e+02 +4.011069390e+02 +3.4997e+00 -2.7568e+00 +3.6851e+00 -3.9659e-02 -8.5446e-01 -5.7325e-01 -6.7801e-02 +5.1817e-01 -2.0223e+00 +2.1529e+00 -1.2026e+00 +1.7142e+00 -2.1450e+00 +3.0302e+00 -2.0032e+00 +1.7533e+00 +2.5425e+00 -2.0731e+00 -4.1876e+00 +1.7937e+00
104 0 +4.179821463e+02 +3.634921463e+02 +3.634921463e+02 +2.4299e-01 +1.6532e-01 +3.0690e-01 -3.8211e+00 +2.8803e+00 -9.8600e-01 -7.9439e-01 -1.1930e+00 +1.3917e+00 -2.3133e+00 -5.4801e-01 -1.1122e+00 -1.5032e+00 -1.7978e+00 +1.4880e+00 +1.5808e+00 -1.2563e+00 -2.0344e+00 -2.6765e+00 +2.3386e+00
105 0 +3.959972859e+02 +3.415072859e+02 +3.415072859e+02 +1.9797e+00 -1.4398e+00 +1.3149e+00 -2.6418e+00 +2.0459e+00 -2.5469e+00 -2.1900e+00 -1.8732e+00 -1.9158e-01 -2.4533e+00 -1.2016e+00 +9.6934e-01 -2.6132e+00 -2.0337e+00 +2.3518e+00 +2.6325e+00 +8.4891e-01 -1.9058e+00 -5.9050e-01 +3.1393e+00
158 0 +3.615996295e+02 +3.071096295e+02 +3.071096295e+02 +1.4246e+00 -9.2670e-01 +9.9268e-01 -3.0187e+00 +2.3126e+00 -2.0480e+00 -1.7439e+00 -1.6558e+00 +3.1451e-01 -2.4085e+00 -9.9267e-01 +3.0398e-01 -2.2584e+00 -1.9583e+00 +2.0757e+00 +2.2963e+00 +1.7599e-01 -1.9469e+00 -1.2573e+00 +2.8834e+00
159 0 +3.312255840e+02 +2.767355840e+02 +2.767355840e+02 +7.9814e-01 -3.4774e-01 +6.2910e-01 -3.4441e+00 +2.6136e+00 -1.4849e+00 -1.2405e+00 -1.4104e+00 +8.8561e-01 -2.3580e+00 -7.5692e-01 -4.4683e-01 -1.8581e+00 -1.8732e+00 +1.7641e+00 +1.9170e+00 -5.8336e-01 -1.9933e+00 -2.0097e+00 +2.5946e+00
259 0 +3.246127810e+02 +2.701227810e+02 +2.701227810e+02 +7.7340e-02 -2.7476e-01 +1.4747e-01 -3.8588e+00 +2.4502e+00 -5.1055e-01 -4.7620e-01 -9.8849e-01 +1.4407e+00 -2.5878e+00 -9.9769e-01 -5.6616e-01 -1.5082e+00 -1.1933e+00 +1.6990e+00 +1.8949e+00 -6.7558e-01 -2.1518e+00 -2.5740e+00 +1.9063e+00
% f evaluations | g evaluations | best noise-free fitness - Fopt (5.049000000000e+01) + sum g_i+ | measured fitness | best measured fitness or single-digit g-values | x1 | x2...
1 0 +6.468996899e+03 +6.519486899e+03 +6.519486899e+03 -3.6161e+00 +1.2347e+00 -4.1826e+00 -3.4463e+00 +2.9467e+00 -3.9225e+00 +4.5963e+00 -6.6253e-01 -4.7452e+00 -1.6773e-01 -4.9052e+00 +3.9523e+00 -4.2559e+00 -6.9433e-01 +3.9823e+00 +1.0247e+00 +2.3518e+00 -8.3501e-01 -3.5800e+00 -3.4555e+00
2 0 +3.777960530e+03 +3.828450530e+03 +3.828450530e+03 +1.3400e+00 -4.1904e+00 -3.8900e+00 +2.0372e+00 +2.7164e-01 -6.4909e-01 -1.0646e+00 -4.2147e+00 +3.6121e+00 -8.9121e-01 +1.9567e+00 -3.1761e+00 -1.1685e+00 -3.7064e+00 -2.4797e+00 -4.1472e+00 -5.4577e-01 +7.2956e-01 +3.8331e+00 +3.4433e-01
4 0 +3.252848436e+03 +3.303338436e+03 +3.303338436e+03 +3.1553e+00 -4.1998e+00 +1.8875e+00 -4.2556e+00 -1.1396e+00 +1.9336e+00 -5.6751e-01 -3.2359e+00 -1.1338e+00 +2.4565e-01 -1.7803e+00 -4.2394e+00 +2.7360e+00 -2.8311e+00 +4.5104e-01 -1.6237e+00 +2.9795e+00 -4.1486e+00 -3.0726e-01 -4.4960e+00
5 0 +1.640674957e+03 +1.691164957e+03 +1.691164957e+03 +3.1740e-01 +1.7907e+00 +1.5464e+00 +3.0335e+00 +1.5676e+00 -4.4903e+00 +1.0034e+00 -9.9035e-01 +2.0715e+00 -4.6148e+00 -2.5362e+00 -7.1569e-01 -3.1716e+00 -1.6156e+00 -2.2531e+00 +1.2678e+00 -1.7313e+00 -4.0752e+00 +3.1019e+00 -9.3297e-01
12 0 +1.346176798e+03 +1.396666798e+03 +1.396666798e+03 +2.4906e+00 +1.1227e+00 +2.7521e+00 -1.6222e+00 +3.8870e-02 +3.4274e+00 -2.1203e-01 +5.5810e-01 -4.4362e+00 +3.2262e+00 -9.3423e-01 -4.6765e+00 +4.2609e+00 -1.6620e+00 +3.2349e+00 -4.1926e-01 -3.5320e+00 -2.0093e+00 +3.7990e+00 +2.8464e+00
26 0 +7.926137005e+02 +8.431037005e+02 +8.431037005e+02 +4.3680e+00 +2.1167e+00 +7.6553e-01 -1.1899e+00 +2.5633e-01 +3.3898e+00 -3.5724e+00 -4.0135e+00 +1.7286e+00 -2.4154e+00 -1.8267e+00 +4.0642e+00 -1.1210e+00 -3.2881e+00 -3.3778e+00 -3.4879e+00 -3.9323e+00 -3.3312e+00 +1.1034e+00 +2.0022e+00
53 0 +7.469829441e+02 +7.974729441e+02 +7.974729441e+02 +4.3161e+00 +2.2355e+00 +6.7366e-01 -1.0667e+00 +1.7985e-01 +3.1166e+00 -3.3393e+00 -3.7459e+00 +1.4155e+00 -2.1163e+00 -1.8151e+00 +4.0618e+00 -8.6895e-01 -3.0275e+00 -3.2356e+00 -3.3307e+00 -3.6805e+00 -3.3438e+00 +8.9057e-01 +2.0702e+00
107 0 +6.407062005e+02 +6.911962005e+02 +6.911962005e+02 +4.1552e+00 +2.7130e+00 +2.0348e+00 -2.7472e-01 +1.4000e-01 +1.2627e+00 +2.2664e-01 -1.9301e+00 +2.3110e+00 -4.2494e-02 -2.3986e+00 +3.1123e+00 -2.6343e+00 -3.6385e+00 -3.1655e-01 -3.2977e+00 -1.1291e-01 -2.9698e+00 -2.0723e-01 +8.4351e-01
1014 0 +5.374519655e+02 +5.879419655e+02 +5.879419655e+02 +3.7807e+00 +1.5511e+00 +1.4823e+00 -1.4781e-01 +8.9591e-01 +3.3277e+00 -2.4648e+00 -2.1385e+00 -1.0549e-01 -9.3416e-02 -1.6774e+00 +2.6801e+00 -1.2498e+00 -1.6213e+00 -2.5765e+00 -2.8669e+00 -2.8628e+00 -3.5326e+00 +1.6019e+00 +1.9477e+00
% f evaluations | g evaluations | best noise-free fitness - Fopt (-3.641300000000e+02) + sum g_i+ | measured fitness | best measured fitness or single-digit g-values | x1 | x2...
1 0 +2.172642408e+03 +1.808512408e+03 +1.808512408e+03 -4.5752e+00 -3.8480e+00 -3.7930e+00 -4.6493e+00 +1.6673e+00 +4.7280e+00 +2.7409e-01 +4.2906e+00 -6.4068e-01 +1.2443e+00 +2.5242e+00 -1.5498e+00 -3.2127e+00 -3.6962e+00 +8.3399e-01 -3.8383e+00 -4.9650e+00 -1.0604e-01 +2.6773e+00 +2.8573e+00
2 0 +1.851960292e+03 +1.487830292e+03 +1.487830292e+03 -3.1206e+00 +2.1197e+00 -4.4088e-01 +2.3466e+00 -1.4549e+00 +1.6485e-01 -2.9606e+00 +4.2537e+00 -3.5982e+00 +1.3793e+00 -1.7560e+00 -4.3949e+00 -4.0162e+00 +3.0272e+00 +1.1488e+00 -8.9011e-01 -4.3072e+00 +4.7253e+00 -2.6593e+00 +4.0078e+00
3 0 +1.346219300e+03 +9.820892996e+02 +9.820892996e+02 -3.4991e+00 +2.5107e+00 +4.3199e+00 -1.8278e+00 -3.6185e+00 -3.2762e-01 -1.0865e+00 +1.6547e+00 -2.9125e+00 -4.6950e+00 +3.6956e+00 -5.4120e-01 -1.0946e-01 -2.3675e+00 -4.0919e-01 +3.4423e+00 +5.8647e-01 -1.3318e+00 +4.7670e-01 +1.2474e-01
5 0 +7.707693138e+02 +4.066393138e+02 +4.066393138e+02 +1.0185e+00 +3.9627e+00 -9.2324e-01 -3.6541e+00 +2.5058e+00 -4.5890e+00 +3.9878e-01 +2.2963e+00 +1.2951e+00 -3.8120e+00 -1.9104e-01 +1.0402e+00 -7.8765e-01 +3.2100e+00 +8.3120e-01 +2.4060e+00 +3.5153e+00 +8.6813e-01 +4.3818e+00 -3.5927e+00
14 0 +7.044224123e+02 +3.402924123e+02 +3.402924123e+02 -3.9751e+00 -4.6950e+00 -3.2792e+00 -2.4911e+00 +1.3400e+00 -4.2303e+00 -6.1049e-01 -4.2266e+00 +1.1139e+00 -2.6646e+00 +4.4544e+00 -2.5188e+00 +6.6214e-01 -3.2521e+00 -3.1280e+00 -3.8342e+00 +7.5895e-01 +1.4258e+00 +2.0855e+00 +4.0455e+00
40 0 +5.950609119e+02 +2.309309119e+02 +2.309309119e+02 -3.8723e+00 -4.2795e+00 -2.0662e+00 +3.1279e+00 +1.6639e+00 -4.5322e+00 +4.1898e+00 +1.4285e+00 -4.3722e+00 -4.9807e+00 +3.5865e+00 +4.9570e+00 +1.1433e+00 +3.0669e+00 -6.4868e-01 +3.3359e+00 -2.0528e+00 +4.1339e+00 +3.4704e+00 +2.4107e+00
52 0 +3.667400632e+02 +2.610063193e+00 +2.610063193e+00 -2.0478e+00 +3.5864e-01 +7.0287e-01 +1.4507e+00 +1.8126e+00 -4.4544e+00 +5.5761e-01 -8.8120e-01 -7.9613e-02 -3.3296e+00 +1.5035e+00 +2.1541e+00 -1.5753e+00 -7.2840e-01 +4.8972e-01 -1.2271e-01 +6.2191e-01 +4.5552e+00 +4.2360e+00 +2.0273e+00
255 0 +2.919465536e+02 -7.218344635e+01 -7.218344635e+01 -2.9871e+00 -1.8490e+00 +1.7282e-01 +1.9017e+00 +1.1892e+00 -2.3469e+00 +9.7999e-01 +1.9540e-01 -1.5200e+00 -2.8439e+00 +3.0685e+00 +3.1303e+00 +1.4410e+00 +1.8549e+00 +1.3127e+00 +2.4674e+00 -7.3798e-01 +2.4814e+00 +3.2371e+00 +2.4430e+00
% f evaluations | g evaluations | best noise-free fitness - Fopt (1.592700000000e+02) + sum g_i+ | measured fitness | best measured fitness or single-digit g-values | x1 | x2...
1 0 +2.593893907e+03 +2.753163907e+03 +2.753163907e+03 +1.0631e+00 -2.8026e+00 -1.3037e+00 +3.2612e+00 -3.4329e-01 -2.9091e+00 +2.3498e+00 -4.2154e-01 +1.8212e+00 +4.4320e+00 +2.4758e+00 -3.3294e+00 +3.2015e+00 -4.6049e+00 +8.8636e-01 -1.3052e+00 +2.0134e+00 +9.0931e-01 -4.7604e+00 -1.7827e+00
2 0 +1.574085576e+03 +1.733355576e+03 +1.733355576e+03 -1.2830e+00 +3.9501e+00 +1.0424e+00 -4.2696e+00 +4.8943e+00 -6.8097e-01 -2.8420e-01 -2.5769e+00 -7.8917e-01 +2.9558e+00 +1.2747e+00 +3.3784e+00 +2.9404e+00 -1.0694e+00 +2.8502e+00 -2.2152e-01 +2.6733e+00 +8.8354e-01 +4.2929e+00 -8.4905e-01
3 0 +1.436786658e+03 +1.596056658e+03 +1.596056658e+03 +1.4164e+00 -3.8634e+00 -4.1691e-02 -1.8216e+00 -1.1832e+00 -1.3396e+00 +2.0525e+00 +1.0352e+00 -1.3069e-01 -2.7022e+00 -3.2558e+00 -1.1715e+00 -4.3755e+00 -2.1338e-01 -4.9172e+00 -2.3178e+00 -1.2342e+00 +1.6573e+00 -2.1825e+00 -3.7646e+00
4 0 +7.335405607e+02 +8.928105607e+02 +8.928105607e+02 +2.4272e+00 +4.9746e-01 +4.1312e+00 +1.6783e+00 -1.3863e+00 -2.6200e+00 -1.3850e+00 -4.1967e+00 +2.5466e-01 +9.7240e-01 -1.5105e+00 +2.5054e+00 +3.4052e+00 +2.7216e+00 +4.1809e+00 +1.9088e+00 -3.3172e+00 -3.7307e+00 -2.0845e+00 +3.8281e+00
45 0 +6.907812518e+02 +8.500512518e+02 +8.500512518e+02 +3.2436e+00 +1.4339e+00 +2.9085e+00 +1.7879e+00 -1.1444e-01 +4.2704e+00 -4.5053e-01 -3.1579e+00 +4.7345e+00 +1.6840e+00 +1.2007e+00 +4.3550e+00 +4.0923e+00 -2.6421e+00 +3.6684e+00 -1.2262e+00 +6.7851e-01 -3.0241e+00 -4.8460e+00 +2.3901e+00
59 0 +6.397235886e+02 +7.989935886e+02 +7.989935886e+02 -2.2745e+00 -3.7514e+00 +8.9240e-01 +1.6008e+00 -1.2173e+00 +4.5267e-01 -1.5877e+00 -1.9713e+00 +2.3863e+00 +2.2144e+00 -3.0334e+00 -1.2966e-01 -2.2520e+00 +1.8117e+00 +3.2720e+00 -1.7114e-01 -7.8354e-01 -1.9004e+00 -4.5176e+00 -2.6426e+00
107 0 +6.308937898e+02 +7.901637898e+02 +7.901637898e+02 -1.2466e+00 -2.5457e+00 +9.1716e-02 +1.1177e+00 -4.5162e-01 +6.5940e-01 -2.2378e+00 -2.4677e+00 +1.4783e+00 +2.2601e+00 -1.5555e+00 -6.3251e-01 -5.0330e-01 +2.1834e+00 +2.8143e+00 -6.9194e-01 +2.8016e-01 -2.1430e+00 -4.1440e+00 -1.0182e+00
108 0 +5.769185383e+02 +7.361885383e+02 +7.361885383e+02 +1.0499e+00 +2.9991e+00 +2.6390e+00 +2.6434e+00 +3.8580e-01 -5.2790e-01 +1.7004e-02 -2.5220e+00 +1.4112e+00 -5.4451e-01 +1.4909e+00 -4.5870e-01 +2.1394e+00 +7.4383e-01 -1.3475e+00 +1.6458e+00 +1.2667e+00 -2.3782e+00 -2.8719e+00 +8.1770e-01
109 0 +5.281753637e+02 +6.874453637e+02 +6.874453637e+02 +2.0217e+00 +2.3057e+00 +2.7584e+00 +2.2644e+00 +1.6420e-01 +1.5977e+00 -1.9011e-01 -2.8037e+00 +2.8834e+00 +4.4269e-01 +1.3624e+00 +1.6737e+00 +3.0045e+00 -7.5610e-01 +8.7454e-01 +3.7350e-01 +1.0062e+00 -2.6644e+00 -3.7464e+00 +1.5143e+00
156 0 +4.768875309e+02 +6.361575309e+02 +6.361575309e+02 +1.9145e+00 +2.0635e+00 +2.8672e+00 +2.2380e+00 +6.0063e-02 +1.5276e+00 -2.8336e-01 -2.6684e+00 +2.9605e+00 +4.6465e-01 +1.4310e+00 +1.4501e+00 +2.9351e+00 -9.0905e-01 +7.9698e-01 +4.6760e-01 +1.1783e+00 -2.6959e+00 -3.7390e+00 +1.5973e+00
702 0 +4.625336111e+02 +6.218036111e+02 +6.218036111e+02 +1.1799e+00 -2.1989e-01 +3.0201e+00 +1.2394e-01 -2.8981e-01 +8.0357e-01 -3.8760e-01 -1.7474e+00 +1.5267e+00 +1.9513e+00 +1.1823e+00 +1.9634e+00 +2.0038e+00 -2.0871e+00 +2.2812e+00 +1.2500e+00 +9.5605e-02 -1.4366e+00 -2.0336e+00 +2.1920e+00
908 0 +4.406074143e+02 +5.998774143e+02 +5.998774143e+02 +1.4218e+00 +1.4080e-01 +3.1138e+00 +1.0246e+00 -1.8620e-01 +1.8492e+00 -9.0089e-01 -2.1259e+00 +2.6186e+00 +1.0995e+00 +1.4732e+00 +1.9304e+00 +2.5560e+00 -2.0972e+00 +1.9374e+00 +6.5629e-01 +8.5439e-01 -2.2908e+00 -2.9454e+00 +2.0536e+00
