% f evaluations | g evaluations | best noise-free fitness - Fopt (1.000000000000e+03) + sum g_i+ | measured fitness | best measured fitness or single-digit g-values | x1 | x2...
1 0 +1.405574877e+03 +2.405574877e+03 +2.405574877e+03 -1.6363e+00 -1.3528e+00 -8.6033e-01 +9.6322e-01 +1.9033e+00 +3.8804e+00 +4.2910e+00 +3.4481e+00 -1.6915e+00 +2.6513e+00
2 0 +6.339380860e+02 +1.633938086e+03 +1.633938086e+03 +4.8139e+00 +5.9714e-01 -3.3852e+00 +2.9973e+00 -4.5588e+00 -3.6176e+00 +1.0270e+00 -4.1711e+00 +1.7168e+00 -4.1519e+00
4 0 +4.059378593e+02 +1.405937859e+03 +1.405937859e+03 +4.4374e+00 +1.4665e+00 -4.9134e-01 +1.5795e+00 -4.3223e+00 -4.1481e+00 -1.5032e+00 +1.3721e+00 +1.5184e+00 -1.2791e+00
7 0 +2.686051131e+02 +1.268605113e+03 +1.268605113e+03 -1.3574e+00 +2.1886e+00 +2.3013e+00 -8.4768e-02 +6.5628e-01 -4.8235e+00 +1.1103e+00 +4.1857e+00 -3.3744e+00 -3.9290e+00
50 0 +1.962456569e+02 +1.196245657e+03 +1.196245657e+03 -4.2949e+00 +2.2697e+00 +4.5468e+00 +4.1474e+00 +3.4542e+00 +1.0238e-01 -1.7312e+00 -8.2179e-01 -4.7879e+00 +1.2097e-01
102 0 +1.345745516e+02 +1.134574552e+03 +1.134574552e+03 -1.9937e+00 +1.6456e+00 +2.6648e+00 +3.1999e+00 +1.9777e+00 -7.5801e-01 -1.6515e+00 +3.9361e-01 -2.8512e+00 -6.7001e-02
212 0 +1.117633984e+02 +1.111763398e+03 +1.111763398e+03 -1.9937e+00 +1.6456e+00 +1.5396e+00 +3.1999e+00 +1.9777e+00 -7.5801e-01 -1.0988e+00 +3.9361e-01 -2.8512e+00 -6.7001e-02
454 0 +9.828851443e+01 +1.098288514e+03 +1.098288514e+03 -9.1568e-01 +1.3171e+00 +2.9896e+00 +3.1495e+00 +3.4315e+00 -1.8682e+00 -9.8320e-01 +1.9059e-01 -1.1302e+00 -1.0483e+00
% f evaluations | g evaluations | best noise-free fitness - Fopt (7.003000000000e+01) + sum g_i+ | measured fitness | best measured fitness or single-digit g-values | x1 | x2...
1 0 +9.450263496e+02 +1.015056350e+03 +1.015056350e+03 +3.9019e+00 +2.7000e+00 -3.9614e+00 -1.4142e+00 +5.3998e-01 +4.7726e+00 +1.6251e+00 -1.9825e+00 +2.8988e+00 +1.9901e+00
3 0 +9.292639490e+02 +9.992939490e+02 +9.992939490e+02 +8.5095e-01 +2.7497e+00 +1.0536e+00 +3.4659e+00 -2.9729e+00 +2.8264e+00 -3.7506e+00 -3.6606e+00 -2.9817e+00 -3.9562e+00
4 0 +5.738361967e+02 +6.438661967e+02 +6.438661967e+02 -4.6543e+00 -4.4368e+00 -4.7025e+00 +6.7080e-01 -5.7978e-01 +6.6233e-01 +2.3099e+00 -2.2213e+00 +2.2742e-01 +1.6674e+00
20 0 +3.010588306e+02 +3.710888306e+02 +3.710888306e+02 +1.6601e+00 -2.4016e+00 -1.4900e+00 -4.1596e+00 -2.5189e+00 +2.0035e-01 -1.6470e+00 -1.1844e+00 -3.3626e+00 +1.8312e+00
152 0 +2.707221452e+02 +3.407521452e+02 +3.407521452e+02 -1.0293e-01 -8.3116e-01 -1.8656e+00 +1.2240e-01 -1.5068e+00 -2.3690e-01 -1.1588e+00 -8.5386e-01 +5.0269e-01 -3.5599e-01
% f evaluations | g evaluations | best noise-free fitness - Fopt (-4.822000000000e+01) + sum g_i+ | measured fitness | best measured fitness or single-digit g-values | x1 | x2...
1 0 +7.014555194e+02 +6.532355194e+02 +6.532355194e+02 +4.1211e+00 +5.9272e-01 -2.9997e+00 +3.4540e+00 -3.8784e+00 +2.5189e+00 +9.0146e-01 -2.2690e+00 +2.0916e+00 -3.9975e+00
5 0 +4.400385076e+02 +3.918185076e+02 +3.918185076e+02 -3.0448e+00 -4.4744e+00 +8.3909e-01 +6.5719e-01 -1.6969e+00 -2.5648e+00 +5.0733e-01 +2.6546e+00 -4.8859e+00 +3.3897e+00
54 0 +3.848813716e+02 +3.366613716e+02 +3.366613716e+02 +3.8702e-01 -3.1423e-01 +1.8144e+00 +2.5217e+00 -2.7714e+00 -1.8361e-01 -1.7385e+00 +2.7229e+00 -2.9254e+00 +3.6636e+00
106 0 +3.680513222e+02 +3.198313222e+02 +3.198313222e+02 -1.0750e+00 -2.3822e+00 +5.1239e-01 +3.1485e+00 -3.8569e-01 +3.0078e-01 -2.6531e-01 +2.6757e+00 -2.2101e+00 +3.5190e+00
208 0 +3.096846792e+02 +2.614646792e+02 +2.614646792e+02 -1.4594e+00 -5.8828e-01 +6.9193e-01 +2.9887e+00 -1.8783e+00 -8.8868e-01 -2.4716e-01 +1.2848e+00 -1.6950e+00 +3.1669e+00
% f evaluations | g evaluations | best noise-free fitness - Fopt (2.547000000000e+01) + sum g_i+ | measured fitness | best measured fitness or single-digit g-values | x1 | x2...
1 0 +6.397700694e+02 +6.652400694e+02 +6.652400694e+02 -1.3481e+00 -4.1395e+00 +4.3874e+00 +8.9724e-02 +1.3928e+00 +4.7062e+00 -2.9690e+00 -3.6864e+00 +4.4607e+00 +4.0762e+00
7 0 +5.624621507e+02 +5.879321507e+02 +5.879321507e+02 -1.6550e+00 -1.1187e-01 +2.1622e+00 -1.8462e-01 -1.7471e+00 -4.2985e+00 -1.7738e+00 +3.6195e+00 +2.8830e+00 +4.7189e+00
8 0 +3.941662028e+02 +4.196362028e+02 +4.196362028e+02 -9.7613e-01 +2.0448e+00 -4.2188e+00 +1.2429e+00 -1.2126e+00 -6.3089e-02 -4.5831e+00 -3.5931e+00 +1.4229e+00 -4.9873e+00
11 0 +3.533879082e+02 +3.788579082e+02 +3.788579082e+02 -3.0727e+00 +8.8499e-01 +3.6668e+00 -5.7793e-01 -3.0630e+00 +2.1285e+00 +3.4463e+00 -3.4791e-01 +1.1177e+00 -3.2858e+00
14 0 +2.946837201e+02 +3.201537201e+02 +3.201537201e+02 -3.5761e+00 -3.7998e+00 -3.8380e+00 -2.9841e+00 +5.6927e-01 +9.2759e-01 -2.9462e+00 +4.4636e+00 -8.8360e-01 -1.3786e+00
22 0 +2.668126165e+02 +2.922826165e+02 +2.922826165e+02 -2.2214e+00 -4.3760e+00 -4.7427e+00 +1.1224e+00 -2.3372e+00 -3.9556e+00 -1.5152e+00 -2.4598e+00 -1.4219e-01 -2.6102e+00
52 0 +2.626720822e+02 +2.881420822e+02 +2.881420822e+02 -1.2123e+00 -2.0782e+00 -7.9681e-03 -2.9309e-01 -1.2662e+00 -3.3632e+00 -1.9671e+00 -2.5194e-01 +2.6211e+00 -4.1969e+00
53 0 +2.430303282e+02 +2.685003282e+02 +2.685003282e+02 -1.8316e+00 -3.4884e+00 -2.9138e+00 +5.7562e-01 -1.9235e+00 -3.7267e+00 -1.6897e+00 -1.6070e+00 +9.2520e-01 -3.2231e+00
158 0 +2.344927208e+02 +2.599627208e+02 +2.599627208e+02 -1.0633e+00 -2.7473e-01 +1.3389e+00 -1.3115e+00 -1.9511e+00 -3.1126e+00 -3.1515e-01 +1.6108e+00 +8.4395e-01 -1.0362e+00
253 0 +2.250320617e+02 +2.505020617e+02 +2.505020617e+02 -6.6303e-01 -1.7834e+00 -1.1777e+00 +8.5355e-01 -1.4466e+00 -2.3115e+00 -8.5634e-01 -9.1238e-01 +1.2026e+00 -2.4241e+00
256 0 +2.126781055e+02 +2.381481055e+02 +2.381481055e+02 -1.1282e+00 -4.5069e-01 -1.3803e+00 +3.3310e-01 -1.2487e+00 -1.9962e+00 -2.1981e-01 +1.6139e-01 +2.8615e-02 -1.4803e+00
257 0 +1.867663283e+02 +2.122363283e+02 +2.122363283e+02 -1.8116e+00 -2.9044e+00 -3.4822e+00 +8.2650e-01 -1.9291e+00 -3.2210e+00 -1.0295e+00 -1.4771e+00 -7.8160e-02 -2.1866e+00
453 0 +1.857277982e+02 +2.111977982e+02 +2.111977982e+02 -2.1505e+00 -3.9400e+00 -4.2190e+00 +1.0219e+00 -2.2322e+00 -3.8243e+00 -1.3486e+00 -2.1480e+00 -1.3104e-01 -2.4933e+00
510 0 +1.581859327e+02 +1.836559327e+02 +1.836559327e+02 -1.8116e+00 -2.9044e+00 -3.4822e+00 +8.2650e-01 -1.9291e+00 -3.2210e+00 -3.4852e-01 -8.4914e-01 -7.8160e-02 -2.1866e+00
% f evaluations | g evaluations | best noise-free fitness - Fopt (-1.008100000000e+02) + sum g_i+ | measured fitness | best measured fitness or single-digit g-values | x1 | x2...
1 0 +1.014174252e+03 +9.133642523e+02 +9.133642523e+02 -4.5756e-01 +4.1978e+00 +3.5255e+00 -4.1131e+00 -3.7040e+00 -4.3296e+00 -8.4481e-01 -4.3871e+00 -4.4595e+00 -1.9076e+00
2 0 +8.526325580e+02 +7.518225580e+02 +7.518225580e+02 -3.1286e+00 +1.9240e+00 +2.5585e+00 +3.1969e+00 -1.3082e+00 +1.5981e+00 +1.9411e+00 -1.9484e+00 +2.9787e+00 +1.0014e+00
3 0 +4.241335134e+02 +3.233235134e+02 +3.233235134e+02 +3.5788e+00 +1.4230e+00 +1.6123e+00 -1.8435e+00 -1.2159e+00 +3.6838e+00 +1.9987e+00 +3.6743e+00 -6.0259e-01 +1.7072e+00
9 0 +4.127074310e+02 +3.118974310e+02 +3.118974310e+02 -4.0327e+00 +3.0170e+00 +2.2101e+00 -3.3220e+00 +1.0857e+00 -2.8013e+00 +1.1115e+00 -2.5200e+00 +1.4945e+00 +2.9952e+00
16 0 +3.613127287e+02 +2.605027287e+02 +2.605027287e+02 -3.8330e+00 -1.9791e+00 -1.0811e+00 -3.0536e+00 +1.2007e+00 +8.6739e-01 +1.1444e+00 +3.8482e+00 -3.5224e+00 +3.7816e+00
27 0 +3.393598062e+02 +2.385498062e+02 +2.385498062e+02 +2.5424e+00 +7.5125e-01 -4.9177e+00 -1.3759e+00 +1.7627e+00 -3.6234e+00 +1.1213e+00 -1.1994e+00 +8.0148e-01 +1.2357e+00
28 0 +2.643022819e+02 +1.634922819e+02 +1.634922819e+02 +4.4404e-01 +4.1830e+00 +2.2339e+00 -3.0143e+00 -1.4003e+00 +4.6742e-01 +1.1400e+00 -3.8522e-01 -1.3942e-01 +2.7391e+00
30 0 +2.518608076e+02 +1.510508076e+02 +1.510508076e+02 +8.4199e-01 +1.3622e-01 -1.8015e+00 +3.3127e+00 +4.8302e+00 +3.7817e+00 +1.7605e+00 +8.9662e-01 -4.1688e+00 +8.6816e-01
52 0 +1.566163861e+02 +5.580638611e+01 +5.580638611e+01 +3.5247e-01 -6.0884e-01 -1.2404e+00 +1.8127e+00 +4.3709e+00 +2.0736e+00 +1.5749e+00 -3.2457e-02 -3.1600e+00 +1.4738e+00
57 0 +1.527988411e+02 +5.198884113e+01 +5.198884113e+01 +6.6364e-01 +1.9499e+00 +7.0397e-03 +4.7713e-01 +2.0379e+00 +2.2963e+00 +1.4824e+00 +3.2213e-01 -2.3629e+00 +1.7066e+00
109 0 +1.363400492e+02 +3.553004915e+01 +3.553004915e+01 +5.9905e-01 +1.4188e+00 -2.5191e-01 +7.5436e-01 +2.5221e+00 +2.2501e+00 +1.5016e+00 +2.4853e-01 -2.5284e+00 +1.6583e+00
264 0 +1.070706888e+02 +6.260688843e+00 +6.260688843e+00 +5.9905e-01 +1.4188e+00 -2.5191e-01 +1.9517e-01 +2.5221e+00 +2.2501e+00 +1.5016e+00 +2.4853e-01 -2.5284e+00 +1.6583e+00
703 0 +9.978847551e+01 -1.021524488e+00 -1.021524488e+00 +6.6139e-01 +5.7361e-01 -6.5932e-01 +1.0091e+00 +3.1230e+00 +2.6478e+00 +1.5691e+00 +4.1687e-01 -2.9547e+00 +1.4517e+00
% f evaluations | g evaluations | best noise-free fitness - Fopt (-3.531300000000e+02) + sum g_i+ | measured fitness | best measured fitness or single-digit g-values | x1 | x2...
1 0 +1.198558363e+03 +8.454283629e+02 +8.454283629e+02 -4.7696e+00 +1.2305e+00 +2.3740e+00 -7.1130e-01 -3.8174e+00 -4.8754e+00 -1.7579e+00 +3.2295e+00 -2.2869e+00 -4.6984e+00
3 0 +5.974034838e+02 +2.442734838e+02 +2.442734838e+02 -1.7695e+00 -7.1373e-01 +1.4420e+00 -2.8296e+00 +2.7634e+00 +3.6582e+00 +2.6629e+00 +3.9684e+00 -8.9381e-02 -2.8713e+00
7 0 +3.108180960e+02 -4.231190397e+01 -4.231190397e+01 +1.8701e+00 -1.8550e+00 -2.4753e+00 -3.2697e+00 -4.2950e+00 +1.2601e+00 -2.0099e+00 +9.0536e-01 +4.9232e+00 -7.4610e-01
29 0 +2.986489695e+02 -5.448103045e+01 -5.448103045e+01 -2.7465e+00 -1.9077e+00 -4.1952e+00 -3.8733e-01 -1.0812e+00 -3.1014e+00 -7.2327e-01 -4.5577e-01 -2.0699e-01 +4.9512e-01
56 0 +2.357148202e+02 -1.174151798e+02 -1.174151798e+02 +4.8682e-01 -2.7847e+00 +4.5531e-02 -2.2940e+00 +1.2167e+00 -1.2970e+00 -2.9858e-01 +1.7002e+00 +2.3223e+00 +2.1223e+00
57 0 +2.098393885e+02 -1.432906115e+02 -1.432906115e+02 -6.5433e-01 -2.6593e-01 -1.3055e+00 +1.2217e-01 +4.3543e-01 -1.9184e+00 -1.9951e+00 +7.9978e-01 +1.3282e+00 +3.4184e+00
402 0 +1.890800822e+02 -1.640499178e+02 -1.640499178e+02 -1.7813e+00 -1.4961e+00 -2.7507e+00 -6.0032e-01 -1.2165e+00 -8.6429e-01 +1.4650e-01 +2.0666e-01 -2.2618e-01 +1.4288e+00
455 0 +1.542675003e+02 -1.988624997e+02 -1.988624997e+02 -4.0119e-01 -9.4344e-01 -4.0330e-01 -3.7517e-01 -1.2885e+00 +8.5335e-02 +1.2080e+00 +1.0826e+00 -4.7490e-01 +2.5073e+00
% f evaluations | g evaluations | best noise-free fitness - Fopt (8.716000000000e+01) + sum g_i+ | measured fitness | best measured fitness or single-digit g-values | x1 | x2...
1 0 +6.452120308e+02 +7.323720308e+02 +7.323720308e+02 -2.1923e+00 +4.3910e+00 -3.9189e+00 +2.0544e+00 -4.7602e+00 +1.2040e+00 -3.3795e+00 +2.1253e+00 +1.7866e+00 +2.9143e+00
3 0 +4.680718971e+02 +5.552318971e+02 +5.552318971e+02 +2.6231e+00 +3.1430e+00 -1.5879e+00 +8.7724e-01 -2.1120e+00 -7.7099e-01 -4.5289e+00 +3.8293e+00 +3.9404e+00 -6.6719e-01
18 0 +2.942518667e+02 +3.814118667e+02 +3.814118667e+02 +3.4552e-01 +3.4726e+00 -4.1053e+00 -1.2044e+00 -2.5947e+00 -2.0875e+00 -7.4346e-01 +1.5455e+00 -1.3928e-01 +2.8379e+00
33 0 +2.687919160e+02 +3.559519160e+02 +3.559519160e+02 -1.4249e-01 -8.7949e-01 +1.9579e-01 +3.5390e+00 -1.0548e+00 -2.1253e+00 -1.6265e+00 +1.0074e+00 -1.5113e+00 -3.1574e+00
102 0 +2.620274216e+02 +3.491874216e+02 +3.491874216e+02 +4.1724e-01 +1.1181e-01 +1.4012e-01 +3.7367e+00 -1.0024e+00 -7.7683e-01 -1.8134e+00 -4.8852e-02 -1.2930e+00 -2.8041e+00
252 0 +2.487827482e+02 +3.359427482e+02 +3.359427482e+02 -1.7175e-01 -5.7395e-01 +2.5653e-01 +2.8540e+00 -3.3525e-01 -1.6868e+00 -1.6356e+00 +5.8058e-01 -1.2366e+00 -2.5015e+00
413 0 +2.417733218e+02 +3.289333218e+02 +3.289333218e+02 -1.4249e-01 -8.7949e-01 +1.9579e-01 +3.5390e+00 -1.0548e+00 -2.1253e+00 -1.6265e+00 +1.0074e+00 -1.3057e-01 -3.1574e+00
453 0 +2.315775984e+02 +3.187375984e+02 +3.187375984e+02 -3.0445e-01 +2.2266e-01 +6.0330e-01 +2.7021e+00 -5.0866e-02 -1.3321e+00 -1.4999e+00 +7.6789e-01 -1.2221e+00 -2.1671e+00
513 0 +2.221948814e+02 +3.093548814e+02 +3.093548814e+02 -3.0445e-01 +2.2266e-01 +6.0330e-01 +2.7021e+00 -5.0866e-02 -2.7717e-01 -1.4999e+00 +7.6789e-01 -1.2221e+00 -2.1671e+00
% f evaluations | g evaluations | best noise-free fitness - Fopt (-3.475000000000e+01) + sum g_i+ | measured fitness | best measured fitness or single-digit g-values | x1 | x2...
1 0 +6.990323466e+02 +6.642823466e+02 +6.642823466e+02 -2.6928e+00 +4.7391e+00 +1.2877e+00 +2.7216e+00 -8.6229e-01 -2.1452e+00 -3.0662e+00 -3.0327e+00 +3.2505e+00 +2.3436e+00
10 0 +3.913773834e+02 +3.566273834e+02 +3.566273834e+02 -7.9533e-01 -2.0371e+00 +1.4152e+00 +4.3849e+00 -1.1730e+00 -1.0493e+00 -1.5386e-02 -1.1440e-01 -2.6763e+00 +3.6235e+00
13 0 +2.676708570e+02 +2.329208570e+02 +2.329208570e+02 +2.4561e+00 +8.6669e-01 -7.2389e-01 +7.7841e-01 -8.2220e-02 -3.5390e+00 +1.0577e+00 -1.3418e+00 -1.6626e+00 +3.5680e+00
663 0 +2.285853005e+02 +1.938353005e+02 +1.938353005e+02 +2.4561e+00 +8.6669e-01 -7.2389e-01 +7.7841e-01 -8.2220e-02 -3.5390e+00 +1.0577e+00 -1.3418e+00 -1.6626e+00 +2.0237e+00
% f evaluations | g evaluations | best noise-free fitness - Fopt (-1.000000000000e+03) + sum g_i+ | measured fitness | best measured fitness or single-digit g-values | x1 | x2...
1 0 +1.095521338e+03 +9.552133837e+01 +9.552133837e+01 +4.5047e-01 -6.3391e-01 -2.5066e+00 -2.4984e+00 -3.8550e+00 -7.8459e-01 +3.9734e+00 -4.2309e+00 -1.9443e+00 -2.9668e+00
2 0 +5.766072888e+02 -4.233927112e+02 -4.233927112e+02 +2.8128e-01 -3.2498e-01 -4.7200e-01 +4.4921e+00 -2.2363e+00 -2.3304e+00 +3.0547e+00 +2.0466e+00 +1.8855e+00 -4.9459e+00
5 0 +5.484088264e+02 -4.515911736e+02 -4.515911736e+02 -1.5289e+00 -1.6644e-01 +1.0952e+00 -2.6932e+00 -4.1105e+00 -2.3351e+00 +9.5477e-01 -8.0666e-01 +3.8709e+00 +1.8877e+00
13 0 +2.429459573e+02 -7.570540427e+02 -7.570540427e+02 -2.4987e+00 -9.2290e-01 -2.7769e+00 -2.0994e+00 -2.6001e+00 +1.3451e+00 -1.1712e+00 +3.1439e+00 +2.5177e+00 -2.5070e+00
104 0 +1.971182307e+02 -8.028817693e+02 -8.028817693e+02 -1.5216e+00 -7.3878e-01 -2.0759e+00 -1.2072e+00 -1.9950e+00 +7.3571e-01 -5.0620e-01 +2.9643e+00 +2.2929e+00 -2.5067e+00
358 0 +1.931788706e+02 -8.068211294e+02 -8.068211294e+02 -1.0231e+00 -8.0742e-01 -1.0950e+00 -2.0013e+00 -1.4103e+00 -2.1819e-01 -7.3532e-01 +8.7530e-01 +2.0057e+00 -1.2352e+00
553 0 +1.892846799e+02 -8.107153201e+02 -8.107153201e+02 -2.1580e+00 -8.6766e-01 -1.3463e+00 -2.0099e+00 -2.5199e+00 +8.8008e-01 -1.1079e+00 +2.2209e+00 +2.2569e+00 -2.1737e+00
908 0 +1.815692297e+02 -8.184307703e+02 -8.184307703e+02 -1.4669e+00 -1.5301e+00 -2.3682e+00 -1.4872e+00 -1.9684e+00 +1.1633e+00 -9.3318e-01 +2.3302e+00 +1.9430e+00 -1.8651e+00
% f evaluations | g evaluations | best noise-free fitness - Fopt (-9.247000000000e+01) + sum g_i+ | measured fitness | best measured fitness or single-digit g-values | x1 | x2...
1 0 +6.607452885e+02 +5.682752885e+02 +5.682752885e+02 -1.3545e+00 -1.5604e-01 -2.7701e+00 -9.9670e-01 -6.6855e-01 -1.1984e+00 +4.1164e+00 -9.2753e-01 -2.2175e+00 -8.0555e-03
3 0 +3.673230653e+02 +2.748530653e+02 +2.748530653e+02 +2.0760e+00 -4.5596e+00 +9.2803e-01 +1.6894e+00 +5.2774e-01 -2.1034e+00 -1.1762e-01 +3.0849e+00 +8.6492e-01 -1.0080e+00
6 0 +3.337159726e+02 +2.412459726e+02 +2.412459726e+02 +2.7243e+00 -2.3601e+00 +3.8017e+00 +2.3844e+00 -3.8036e+00 -1.5153e+00 +3.1916e+00 +3.4559e+00 +2.6762e+00 -1.7132e+00
7 0 +2.935424950e+02 +2.010724950e+02 +2.010724950e+02 +2.6570e+00 -6.2230e-01 +2.6329e+00 +5.8978e-01 -4.0551e+00 -4.6790e+00 -2.8032e+00 +1.9775e+00 +2.3117e+00 +3.8112e+00
10 0 +2.233905683e+02 +1.309205683e+02 +1.309205683e+02 +8.4931e-01 +5.1400e-01 +4.5554e+00 -5.3973e-02 +2.7451e+00 -2.6702e+00 +4.2503e-01 +4.5141e+00 -2.9632e+00 -1.5037e-01
108 0 +1.991995417e+02 +1.067295417e+02 +1.067295417e+02 +1.5801e+00 -3.7866e+00 +8.9857e-01 +1.2103e+00 +5.9860e-02 -2.0271e+00 +1.1520e-01 +3.1021e+00 +3.9285e-01 -7.7543e-01
156 0 +1.634546430e+02 +7.098464302e+01 +7.098464302e+01 +1.2623e+00 +8.5733e-02 +4.2628e+00 +1.1570e+00 -2.3647e-01 -6.1395e-01 +1.3401e+00 +4.0816e+00 -5.8683e-01 -2.1901e-01
% f evaluations | g evaluations | best noise-free fitness - Fopt (-2.153000000000e+02) + sum g_i+ | measured fitness | best measured fitness or single-digit g-values | x1 | x2...
1 0 +4.440799967e+02 +2.287799967e+02 +2.287799967e+02 -4.8704e+00 -2.0740e+00 +9.9217e-01 +1.0952e+00 +4.4322e+00 -3.6528e+00 -2.5357e+00 -3.0862e+00 +2.9988e+00 +4.3493e+00
28 0 +2.894508009e+02 +7.415080085e+01 +7.415080085e+01 -2.0731e+00 +4.5293e+00 -1.0851e+00 +9.5971e-02 +4.2715e+00 -2.8039e+00 -1.7566e+00 +4.2020e+00 -1.9306e+00 -2.5388e+00
41 0 +1.601301778e+02 -5.516982221e+01 -5.516982221e+01 -1.2678e+00 +2.0268e+00 +1.4982e+00 -2.3165e-01 +4.8818e+00 -2.5217e+00 -1.2333e+00 +1.9583e+00 +1.8575e+00 -6.4881e-01
54 0 +1.312461631e+02 -8.405383691e+01 -8.405383691e+01 -1.0937e+00 +1.5064e+00 +9.8392e-01 +1.8145e-01 +4.3389e+00 -1.4837e+00 -1.1158e+00 +1.4502e+00 +1.9617e+00 -1.4161e+00
113 0 +1.122566692e+02 -1.030433308e+02 -1.030433308e+02 -3.0849e+00 +2.1407e+00 -3.3366e-01 +4.5741e-01 +4.3296e+00 -3.1109e+00 -1.1299e+00 +1.5656e+00 -1.4745e-01 -4.7135e-02
207 0 +9.760272349e+01 -1.176972765e+02 -1.176972765e+02 -1.6012e+00 +2.3202e+00 -1.5442e-01 -4.9741e-01 +3.0411e+00 -2.0206e+00 -1.6925e+00 +2.6023e+00 +4.2559e-01 -1.8678e-01
610 0 +8.684544919e+01 -1.284545508e+02 -1.284545508e+02 -1.5063e+00 +1.1814e+00 +3.9806e-01 +5.0678e-01 +3.0698e+00 -1.4238e+00 -1.7668e+00 +1.9116e+00 +4.0844e-01 -2.4287e-01
860 0 +8.320315054e+01 -1.320968495e+02 -1.320968495e+02 -1.5063e+00 +1.1814e+00 +3.9806e-01 +4.4284e-01 +3.0698e+00 -1.4238e+00 -1.7668e+00 +1.9116e+00 +4.0844e-01 -2.4287e-01
% f evaluations | g evaluations | best noise-free fitness - Fopt (-5.449000000000e+01) + sum g_i+ | measured fitness | best measured fitness or single-digit g-values | x1 | x2...
1 0 +1.481152646e+03 +1.426662646e+03 +1.426662646e+03 -4.7423e+00 -4.0859e+00 -1.9627e+00 +3.2851e+00 -1.5760e+00 +2.0348e+00 +4.0019e+00 -3.4830e+00 +4.9602e+00 +2.2599e+00
2 0 +2.891493418e+02 +2.346593418e+02 +2.346593418e+02 +4.4623e+00 -3.9229e+00 -5.9057e-01 -4.6641e+00 +1.8296e+00 -4.9075e-01 +1.2022e+00 +1.1857e+00 +3.4099e+00 +1.3012e+00
104 0 +2.745088259e+02 +2.200188259e+02 +2.200188259e+02 +8.3284e-01 -1.7420e+00 -4.8497e-01 -2.1759e+00 +2.6423e+00 +2.5144e+00 -4.4634e+00 +1.4896e+00 +1.8526e-01 -2.5399e+00
154 0 +2.670557017e+02 +2.125657017e+02 +2.125657017e+02 +7.1556e-01 -1.6344e+00 -5.3258e-01 -2.1539e+00 +2.2728e+00 +2.3421e+00 -4.3569e+00 +1.3848e+00 +4.2082e-01 -2.6034e+00
203 0 +2.305885822e+02 +1.760985822e+02 +1.760985822e+02 +1.3614e-01 +2.8322e-01 -1.3401e+00 -1.3810e-01 +5.9630e-02 -1.3688e+00 -1.0242e+00 +4.3431e-01 -2.0729e+00 +5.2489e-01
252 0 +2.231813205e+02 +1.686913205e+02 +1.686913205e+02 +1.9222e+00 -1.2280e+00 -3.3518e-01 -8.9791e-03 +1.0975e+00 -1.4182e+00 -4.3166e-01 +2.2598e-01 -1.1188e+00 +1.4865e+00
258 0 +2.051331453e+02 +1.506431453e+02 +1.506431453e+02 -8.1763e-01 -3.2124e-01 -1.4165e+00 -2.2149e+00 +4.4949e-01 -6.0904e-02 -1.9350e+00 +1.6855e+00 -5.9365e-01 -1.9100e+00
402 0 +1.793837637e+02 +1.248937637e+02 +1.248937637e+02 +2.0035e+00 -1.6764e+00 -1.2382e+00 -2.8913e+00 +1.1422e-01 -8.6202e-01 -2.9174e-01 +1.1874e+00 +6.8239e-01 +3.0410e-01
406 0 +1.515001250e+02 +9.701012498e+01 +9.701012498e+01 +2.2797e+00 -2.6113e+00 -6.8540e-01 -2.7843e+00 +2.0910e+00 +5.4076e-01 -1.3878e+00 +1.1614e+00 +1.0019e+00 -4.2655e-01
458 0 +1.061560067e+02 +5.166600669e+01 +5.166600669e+01 +1.7086e+00 -1.4070e+00 -1.3159e+00 -2.6787e+00 +2.6763e-01 -9.0655e-01 -4.7089e-01 +1.1876e+00 +3.5530e-01 +1.8453e-01
% f evaluations | g evaluations | best noise-free fitness - Fopt (5.049000000000e+01) + sum g_i+ | measured fitness | best measured fitness or single-digit g-values | x1 | x2...
1 0 +9.128025221e+02 +9.632925221e+02 +9.632925221e+02 -3.5694e+00 -1.1293e+00 -3.6179e+00 -3.5969e+00 +6.8935e-01 +5.4378e-01 +1.8267e-01 -3.5739e+00 +4.6394e+00 +4.2336e-01
2 0 +8.376234442e+02 +8.881134442e+02 +8.881134442e+02 -2.3113e+00 -2.5191e+00 +4.0254e+00 +4.3002e+00 -3.3335e+00 -1.1587e+00 -1.0857e+00 -4.7521e+00 +1.3637e+00 +6.2387e-01
3 0 +4.324994732e+02 +4.829894732e+02 +4.829894732e+02 +4.1490e+00 -1.8993e+00 +4.4238e+00 +2.8809e+00 +4.6760e+00 -3.3579e+00 +1.9200e+00 +2.2548e+00 +4.1325e+00 +1.1265e+00
4 0 +3.105499005e+02 +3.610399005e+02 +3.610399005e+02 -9.6589e-01 -4.1920e+00 +2.8428e+00 -2.5031e+00 +1.1211e+00 +1.2364e+00 +2.5565e+00 +4.5069e-01 -3.3311e+00 +2.2845e+00
12 0 +2.985112440e+02 +3.490012440e+02 +3.490012440e+02 +7.1625e-01 +1.7056e+00 +2.5164e+00 +4.5720e+00 +1.8818e+00 -1.2227e+00 +3.2695e+00 -2.3357e-01 -4.6788e-01 +2.4914e+00
21 0 +2.777761496e+02 +3.282661496e+02 +3.282661496e+02 -1.1914e+00 -2.6051e+00 +1.5542e+00 +2.0744e+00 -1.7825e+00 +1.6767e+00 +2.0852e+00 +3.5647e+00 -4.8483e-01 +5.8250e-01
23 0 +1.700059768e+02 +2.204959768e+02 +2.204959768e+02 +3.3977e+00 +2.5023e+00 +3.0720e+00 +4.7350e-01 +4.7037e+00 +3.4561e-02 +1.3432e+00 -1.1908e+00 +5.6955e-01 +3.2572e+00
53 0 +1.342996547e+02 +1.847896547e+02 +1.847896547e+02 +3.1902e+00 +2.3725e+00 +2.8488e+00 +4.4470e-01 +4.4596e+00 +8.1356e-02 +1.2406e+00 -1.0590e+00 +5.1494e-01 +3.1390e+00
107 0 +1.308415727e+02 +1.813315727e+02 +1.813315727e+02 +2.3899e+00 +1.5140e+00 +4.1670e-01 -4.7450e-01 +4.6507e+00 -2.3837e+00 +1.4170e-01 +3.0827e-01 -6.8021e-02 +6.3880e-02
152 0 +1.267845076e+02 +1.772745076e+02 +1.772745076e+02 +3.2969e+00 +2.3989e+00 +2.8911e+00 +4.7659e-01 +4.5356e+00 +6.8198e-02 +1.2365e+00 -1.1892e+00 +5.9355e-01 +3.1509e+00
204 0 +1.255459609e+02 +1.760359609e+02 +1.760359609e+02 +3.1740e+00 +2.3312e+00 +2.6948e+00 +3.7218e-01 +4.5390e+00 -1.4500e-01 +1.1715e+00 -9.7401e-01 +4.7829e-01 +2.9020e+00
261 0 +1.188209680e+02 +1.693109680e+02 +1.693109680e+02 +2.3899e+00 +1.5140e+00 +1.2273e-01 -4.7450e-01 +4.6507e+00 -2.3837e+00 +1.4170e-01 +3.0827e-01 -6.8021e-02 +6.3880e-02
309 0 +1.139284324e+02 +1.644184324e+02 +1.644184324e+02 +1.8244e+00 +1.2086e+00 +2.7585e+00 -3.3816e-02 +2.7256e+00 +4.6149e-01 +1.2076e+00 +1.2886e-01 +2.7343e-01 +2.7396e+00
404 0 +1.105442542e+02 +1.610342542e+02 +1.610342542e+02 +2.2877e+00 +1.9368e+00 +1.6127e+00 +3.4794e-01 +2.9462e+00 -4.8672e-01 +6.7704e-01 -9.3777e-01 +9.4244e-01 +2.2381e+00
661 0 +8.730891970e+01 +1.377989197e+02 +1.377989197e+02 +3.2061e+00 +2.3549e+00 +7.5102e-01 +3.8846e-01 +4.5594e+00 -1.1516e-01 +1.1951e+00 -1.0086e+00 +4.9370e-01 +2.9549e+00
% f evaluations | g evaluations | best noise-free fitness - Fopt (-3.641300000000e+02) + sum g_i+ | measured fitness | best measured fitness or single-digit g-values | x1 | x2...
1 0 +7.828545031e+02 +4.187245031e+02 +4.187245031e+02 +2.4449e+00 -4.5724e+00 +4.8945e+00 -3.1107e-01 -2.2125e+00 -1.8388e-01 -4.8890e+00 -1.7358e+00 -4.6842e+00 -4.1739e+00
3 0 +4.290033331e+02 +6.487333311e+01 +6.487333311e+01 -1.7142e+00 -4.7286e+00 -2.6146e+00 -3.6315e+00 -2.9685e+00 +7.3255e-01 -6.5483e-01 -3.9124e+00 -4.0728e-01 +2.3895e-01
5 0 +2.906040384e+02 -7.352596163e+01 -7.352596163e+01 -5.7524e-01 +3.2822e-01 +3.1560e+00 -4.4456e+00 +2.6325e+00 -2.6996e+00 -5.3524e-01 +1.8060e+00 +1.4862e+00 -3.7191e+00
22 0 +2.377529265e+02 -1.263770735e+02 -1.263770735e+02 -1.8158e+00 -2.8076e+00 +3.4337e+00 -1.5014e+00 +3.8923e+00 -4.1461e+00 +2.5519e-01 -1.2035e+00 +4.0061e+00 -1.8708e+00
40 0 +1.980880514e+02 -1.660419486e+02 -1.660419486e+02 -5.7051e-01 +7.4630e-01 -2.7089e+00 -3.5961e+00 +4.3848e+00 -6.3226e-01 +8.0168e-01 -8.3274e-01 -2.1068e+00 -4.9639e+00
53 0 +1.845223560e+02 -1.796076440e+02 -1.796076440e+02 -1.8835e+00 -2.1216e+00 +2.5510e+00 -8.5361e-01 +3.5814e+00 -3.2888e+00 +3.7570e-01 -3.5072e-01 +2.9482e+00 -1.6129e+00
64 0 +1.725180903e+02 -1.916119097e+02 -1.916119097e+02 -1.8058e+00 -3.1065e+00 -1.3661e+00 -4.4659e+00 -8.2044e-02 -2.2541e+00 +2.5764e-01 -8.1188e-01 +1.4161e+00 -6.7715e-01
103 0 +1.368553589e+02 -2.272746411e+02 -2.272746411e+02 -5.6812e-01 -1.1176e+00 +7.6334e-01 -7.9080e-01 +2.6522e+00 -3.7953e+00 +1.1550e+00 -1.9540e-01 +1.4249e+00 -7.7001e-01
108 0 +1.083839794e+02 -2.557460206e+02 -2.557460206e+02 -1.3860e+00 -1.1927e+00 +2.1616e+00 -2.4076e+00 +3.3452e+00 -3.1229e+00 -1.1045e-01 +6.5913e-01 +1.9323e+00 -2.2222e+00
% f evaluations | g evaluations | best noise-free fitness - Fopt (1.592700000000e+02) + sum g_i+ | measured fitness | best measured fitness or single-digit g-values | x1 | x2...
1 0 +2.047577304e+03 +2.206847304e+03 +2.206847304e+03 +2.8018e+00 +2.7537e+00 -2.5575e+00 +1.0347e-01 -6.5110e-01 -1.5727e+00 +3.5274e+00 +4.6847e+00 -3.3976e+00 +3.9664e+00
2 0 +9.986644598e+02 +1.157934460e+03 +1.157934460e+03 -4.2013e+00 -3.9815e+00 -4.3370e+00 +2.8455e+00 -5.4376e-01 +2.8236e+00 +1.0168e+00 +1.3487e+00 +2.3865e+00 +2.3008e+00
4 0 +5.051935810e+02 +6.644635810e+02 +6.644635810e+02 -3.7479e+00 +4.3070e+00 +2.2960e+00 -4.2643e-01 -3.9756e+00 -4.9747e-01 +1.6935e+00 +2.4419e+00 +1.7052e+00 -2.4959e+00
7 0 +3.477809379e+02 +5.070509379e+02 +5.070509379e+02 -4.3559e+00 -2.2195e-02 +3.6723e+00 +1.7706e+00 -4.2076e+00 +2.9020e-01 -3.2948e+00 -1.6717e+00 -4.3060e+00 -1.1905e-01
18 0 +2.433810777e+02 +4.026510777e+02 +4.026510777e+02 -2.4740e+00 -2.8820e+00 +3.3550e+00 -2.4561e+00 -1.7150e+00 -2.3186e-01 -2.1259e+00 -2.2298e+00 +1.0992e+00 +2.8539e+00
20 0 +2.278476496e+02 +3.871176496e+02 +3.871176496e+02 -3.0972e+00 +1.7823e+00 +3.0449e+00 -2.2146e-01 -4.2770e+00 +1.9827e+00 +2.0764e+00 -5.6305e-01 +2.0223e+00 -1.4316e+00
152 0 +2.177339247e+02 +3.770039247e+02 +3.770039247e+02 -1.7982e+00 +1.7081e+00 +2.7467e+00 -5.3642e-01 -3.2681e+00 +1.6114e+00 +1.0453e+00 -2.9970e-01 +1.3076e+00 -1.0853e+00
214 0 +1.922181910e+02 +3.514881910e+02 +3.514881910e+02 -3.0972e+00 +1.7823e+00 +3.0449e+00 -2.2146e-01 -4.2770e+00 +1.9827e+00 +8.4170e-01 -5.6305e-01 +2.0223e+00 -1.4316e+00
405 0 +1.786949693e+02 +3.379649693e+02 +3.379649693e+02 -2.2246e+00 +2.2298e+00 +1.6645e+00 +6.0388e-02 -3.2506e+00 +1.2248e+00 +2.5324e-02 -5.1670e-01 +1.7140e+00 -9.8504e-01
509 0 +1.708697235e+02 +3.301397235e+02 +3.301397235e+02 -2.2931e+00 +2.2316e+00 +1.5710e+00 +2.2909e-01 -2.7391e+00 +1.2916e+00 +4.6640e-01 -3.9362e-01 +1.9111e+00 -6.9473e-01
554 0 +1.589024009e+02 +3.181724009e+02 +3.181724009e+02 -1.3988e+00 +2.4188e+00 +9.9259e-01 +3.4882e-01 -2.9856e+00 +9.7528e-01 -3.8663e-01 -3.7289e-01 +1.7843e+00 -5.0477e-01
