% f evaluations | g evaluations | best noise-free fitness - Fopt (1.238300000000e+02) + sum g_i+ | measured fitness | best measured fitness or single-digit g-values | x1 | x2...
1 0 +1.360251121e+05 +1.361489421e+05 +1.361489421e+05 +1.5227e+00 +4.0159e+00 +2.8580e+00 -7.2545e-01 +1.5430e+00 -7.5313e-01 -2.7003e+00 -4.2725e-01 +2.9402e+00 -8.4756e-01 -4.7681e-01 -3.2553e+00 -3.9172e+00 +1.3977e+00 -4.0280e-01 -1.1977e+00 -1.7596e+00 +3.3690e+00 +9.4920e-01 -4.8648e+00
2 0 +9.973567028e+04 +9.985950028e+04 +9.985950028e+04 +2.5226e+00 +3.7315e+00 +7.8042e-01 -6.7125e-01 +2.5293e+00 -1.7931e-01 +1.4989e+00 +2.2387e-01 +2.9235e+00 -2.3872e+00 -2.0919e-01 -1.5113e-01 +4.4127e-01 -4.3815e+00 +3.4088e+00 +1.4220e+00 +2.7154e+00 -1.9886e+00 +2.7243e+00 +3.6982e+00
57 0 +9.042696730e+04 +9.055079730e+04 +9.055079730e+04 -2.3905e+00 -1.5264e+00 -6.5722e-01 -1.0057e+00 -2.7843e+00 +3.4800e-01 -3.1155e+00 +2.4897e+00 +7.3952e-01 +2.3521e+00 +3.6692e+00 +2.7205e-01 +1.7865e+00 -3.4816e+00 -5.6262e-01 -2.4144e+00 -8.7858e-01 -3.4539e+00 -2.9783e+00 +4.3334e-01
114 0 +7.046745066e+04 +7.059128066e+04 +7.059128066e+04 -2.3905e+00 -1.5264e+00 -6.5722e-01 -1.0057e+00 -2.7843e+00 +3.4800e-01 -3.1155e+00 +2.4897e+00 +7.3952e-01 +2.3521e+00 +3.6692e+00 +2.7205e-01 +1.7865e+00 -3.4816e+00 -5.6262e-01 -2.4144e+00 -8.7858e-01 -1.5389e-01 -2.9783e+00 +4.3334e-01
208 0 +3.952180334e+04 +3.964563334e+04 +3.964563334e+04 +3.0642e+00 +2.1889e+00 -7.2628e-01 +9.5033e-01 -1.1266e+00 -5.6019e-01 +1.6055e-01 -1.4755e-01 +2.0976e-01 +3.8039e+00 +1.7679e+00 -1.1627e+00 +3.1614e+00 -1.6770e+00 -1.7187e-02 -1.7605e+00 +1.3074e+00 -1.1810e+00 -7.3586e-01 -1.8725e-01
% f evaluations | g evaluations | best noise-free fitness - Fopt (4.751000000000e+01) + sum g_i+ | measured fitness | best measured fitness or single-digit g-values | x1 | x2...
1 0 +3.843441132e+05 +3.843916232e+05 +3.843916232e+05 +4.1557e-01 +2.1316e+00 +1.6599e+00 -4.8574e+00 +4.3224e+00 +1.4672e-01 -2.6784e+00 +1.8962e+00 -4.5331e+00 -1.4349e+00 -8.9277e-01 +1.2854e+00 +4.4773e+00 -4.8637e+00 +3.5268e-02 +4.8330e+00 -2.6843e+00 +4.1018e-01 +1.9841e+00 +1.7661e+00
4 0 +3.630883618e+05 +3.631358718e+05 +3.631358718e+05 +1.0277e-01 +2.5382e+00 -2.4200e+00 -4.1884e+00 -1.1631e+00 +3.4435e+00 +8.5076e-01 -2.5962e+00 +4.5903e+00 -1.3954e+00 +2.9629e+00 +3.7214e+00 +2.1611e+00 -2.9654e+00 -3.7117e+00 +5.1536e-01 -7.2164e-01 -4.3115e+00 +1.3008e+00 +4.0257e+00
5 0 +3.289485840e+05 +3.289960940e+05 +3.289960940e+05 -3.8910e+00 +1.4068e+00 +2.4220e+00 +7.5329e-01 -2.6223e+00 -4.8612e+00 +2.5452e+00 -2.3939e+00 +4.7876e-02 -4.1567e+00 +3.2641e+00 +4.1664e+00 +4.3786e+00 -1.6698e-01 +2.7796e+00 +3.6002e+00 -1.4924e+00 -1.1478e+00 -3.0412e+00 +3.2436e+00
6 0 +2.820192452e+05 +2.820667552e+05 +2.820667552e+05 -4.4547e+00 +2.9247e-01 +1.3879e+00 -1.7851e+00 +3.4263e+00 +4.0925e+00 +1.7684e-01 +1.7676e+00 +4.8600e+00 -1.7069e+00 +1.3672e-01 -2.2765e+00 +1.5648e+00 -2.4357e+00 +8.0102e-01 +4.1514e+00 +2.0844e+00 -2.8716e+00 -3.9045e+00 +3.5231e+00
10 0 +2.431927355e+05 +2.432402455e+05 +2.432402455e+05 +1.1794e+00 +3.6373e-01 -6.4429e-01 -5.4834e-01 +3.1984e+00 +3.3886e-01 +3.1063e+00 +4.7626e+00 -2.6458e+00 +1.5517e+00 -2.3136e+00 +1.0813e+00 -1.2916e+00 -2.4625e+00 -2.6670e+00 -4.2812e+00 +3.3847e+00 +1.8608e+00 -3.4825e+00 -2.4416e+00
11 0 +2.172371295e+05 +2.172846395e+05 +2.172846395e+05 -7.1455e-01 -2.3772e+00 +9.3547e-02 +4.6476e+00 -3.9695e+00 -9.0901e-01 -4.8876e-01 +1.1515e+00 +3.6887e+00 +2.0885e-01 +1.6824e+00 -2.4829e+00 +1.4777e+00 +7.1302e-01 +2.3277e+00 +3.5216e+00 +2.2540e+00 +4.7231e+00 +4.7045e+00 +2.6231e+00
28 0 +2.095122141e+05 +2.095597241e+05 +2.095597241e+05 +3.5037e+00 -7.4779e-01 -1.8426e+00 -2.1013e+00 -3.2344e+00 -2.2208e+00 -3.2814e+00 +1.8051e+00 +3.5794e+00 -2.6979e-01 -2.9882e+00 +3.3549e+00 +3.8834e+00 +1.6038e+00 +2.2515e+00 -1.1321e+00 +2.3837e+00 -8.7402e-01 +6.2355e-01 -4.3274e+00
29 0 +2.081159718e+05 +2.081634818e+05 +2.081634818e+05 +1.2788e+00 -2.8071e+00 -1.9575e+00 -3.5090e-01 -3.1792e+00 +2.8421e+00 -2.5078e+00 +4.0332e+00 -8.1418e-01 -2.8362e+00 -4.0316e+00 +1.4479e+00 -9.0422e-01 -3.8433e-01 +1.4646e+00 +4.3529e+00 -1.6991e-01 -2.7258e+00 +3.3209e+00 -4.5435e+00
31 0 +1.369074648e+05 +1.369549748e+05 +1.369549748e+05 +1.0021e+00 -4.9154e+00 +1.5714e+00 -4.9744e-01 -1.2448e+00 +1.4990e+00 +1.4962e+00 +2.7885e+00 +2.0308e+00 +5.2422e-01 +8.6011e-01 +1.8567e+00 -1.6051e+00 +1.7491e+00 -1.7782e+00 +2.3840e+00 -3.2554e+00 -4.7683e+00 -2.1329e+00 +1.0125e+00
32 0 +1.215349940e+05 +1.215825040e+05 +1.215825040e+05 -1.6224e+00 +4.8530e+00 -3.3993e+00 +9.0714e-01 +3.3529e+00 +8.8622e-01 +4.5507e-01 -1.7459e+00 -2.1684e+00 +1.1392e+00 -2.2996e-01 +9.8214e-01 +1.4878e+00 -4.3744e+00 +3.9718e-01 +8.3527e-01 +2.8130e+00 -4.9418e+00 +1.8126e+00 +1.1749e+00
50 0 +6.613107607e+04 +6.617858607e+04 +6.617858607e+04 +1.9959e+00 -1.9778e+00 -7.3321e-01 +2.2110e+00 +3.8989e+00 +9.0046e-01 +2.6281e+00 -7.0127e-01 -1.2147e-01 -9.1048e-01 +2.9577e+00 -2.2901e+00 +3.4018e+00 -3.0351e-01 -2.0100e+00 +3.4146e+00 +1.4679e+00 +1.3322e+00 +5.3130e-01 -3.9774e+00
107 0 +4.599098594e+04 +4.603849594e+04 +4.603849594e+04 +4.7131e-01 +1.3515e+00 -3.2409e+00 -1.0116e+00 -1.2677e+00 -1.2426e+00 +2.0688e+00 +2.2223e+00 +2.8539e+00 +2.0911e+00 +3.3358e+00 +2.3926e+00 -8.4583e-01 +3.5292e-01 +1.5115e+00 +1.6666e+00 -1.3473e+00 -1.2505e+00 -1.8157e+00 -5.3464e-01
% f evaluations | g evaluations | best noise-free fitness - Fopt (5.534000000000e+01) + sum g_i+ | measured fitness | best measured fitness or single-digit g-values | x1 | x2...
1 0 +3.930290264e+05 +3.930843664e+05 +3.930843664e+05 +2.5134e+00 +4.3022e+00 +2.9129e+00 -5.1560e-01 -4.3034e+00 -1.2123e+00 +2.1974e-01 -6.5804e-01 -3.7398e+00 +5.9467e-01 -4.4007e+00 +2.4429e+00 +4.0614e+00 -1.2728e-01 -3.2740e+00 +4.9459e+00 +3.8746e+00 +1.1604e+00 +2.4957e+00 +3.6383e+00
2 0 +2.055390933e+05 +2.055944333e+05 +2.055944333e+05 +1.0772e+00 -1.8161e+00 -3.2203e+00 -1.1532e+00 -3.0634e+00 -2.1075e-01 +2.7081e+00 -3.9093e+00 -4.1710e+00 -6.1742e-01 +2.0192e+00 +1.9621e+00 -3.1095e+00 -3.7826e-01 +2.5976e+00 +1.5936e+00 -1.8376e+00 +3.8511e+00 +3.0029e+00 -3.4210e+00
7 0 +1.877308500e+05 +1.877861900e+05 +1.877861900e+05 -3.4967e-01 -5.1682e-01 +1.0058e+00 +3.7867e+00 +1.9899e+00 -3.6551e+00 -3.5300e+00 -2.0948e-02 -4.8580e+00 -2.4043e+00 +2.1700e+00 -3.6602e+00 +8.1866e-01 -3.6863e+00 -3.6224e+00 -2.4332e+00 -2.5644e+00 +1.9809e+00 -4.7876e+00 +3.1709e+00
14 0 +1.433906537e+05 +1.434459937e+05 +1.434459937e+05 +1.0149e+00 +4.1240e+00 +9.9752e-02 +1.8700e+00 +4.7493e-01 -1.4235e+00 -2.1222e+00 -2.3562e+00 -2.1681e+00 -1.3302e+00 +4.6307e-02 +1.1778e+00 +5.0375e-01 -1.0288e+00 +4.0215e+00 -4.1436e+00 -4.3321e+00 +5.4566e-01 +4.9043e+00 -2.4964e+00
15 0 +5.204058386e+04 +5.209592386e+04 +5.209592386e+04 -1.5211e+00 -1.1371e+00 +2.9915e+00 -2.2394e+00 +6.4172e-01 -2.2461e+00 +9.9756e-02 -4.7397e+00 +2.3728e+00 -2.5673e-01 +7.4592e-01 +4.7183e-01 +1.6961e+00 +2.9311e+00 +1.7038e+00 +1.4123e+00 +1.4093e+00 -6.4830e-01 -5.3156e-01 -9.1634e-01
108 0 +3.815514883e+04 +3.821048883e+04 +3.821048883e+04 +2.1061e+00 +1.9200e+00 +6.2746e-01 -1.5924e+00 -4.0117e+00 -2.3090e+00 -2.0961e-01 -3.4779e-01 -2.6386e+00 +1.9102e+00 -1.5828e+00 -9.9459e-02 +1.4240e+00 -7.2468e-01 -3.9093e-01 +1.6740e+00 +3.0223e+00 +1.0029e+00 +2.4175e+00 +9.9753e-01
% f evaluations | g evaluations | best noise-free fitness - Fopt (-9.033000000000e+01) + sum g_i+ | measured fitness | best measured fitness or single-digit g-values | x1 | x2...
1 0 +4.573595936e+05 +4.572692636e+05 +4.572692636e+05 +4.9100e+00 +4.7292e+00 +4.1290e-01 +1.2864e-01 -3.7173e+00 -6.0445e-01 +3.8782e+00 +3.1750e+00 -1.7438e+00 +5.7735e-01 -2.8935e+00 -4.5047e+00 +5.0465e-01 +1.7990e+00 -3.5131e+00 +7.8505e-01 +3.6470e+00 +4.3875e-01 -1.4717e+00 +3.3198e+00
2 0 +3.012991971e+05 +3.012088671e+05 +3.012088671e+05 +4.6282e-01 +2.1521e+00 +1.0498e+00 +3.2723e+00 -6.9607e-01 +4.2330e+00 +2.7558e-01 -2.0575e+00 -8.1224e-01 -9.7175e-01 -2.8220e+00 +6.2711e-01 -4.0461e+00 -2.4931e+00 -2.1612e+00 -4.1856e+00 +2.2849e+00 -2.1139e+00 +2.6574e+00 +3.5262e+00
6 0 +2.262986480e+05 +2.262083180e+05 +2.262083180e+05 +2.6348e+00 -6.6027e-01 +1.5252e+00 +1.9811e+00 +3.6340e+00 -4.9831e-01 -2.5100e+00 -2.6255e+00 -2.2463e+00 +3.2081e+00 +3.8712e+00 -2.3915e+00 +1.7972e+00 -3.4043e+00 -3.7190e+00 -1.5092e+00 -1.2759e+00 -4.3183e+00 +3.6877e+00 -2.7328e+00
13 0 +1.895271053e+05 +1.894367753e+05 +1.894367753e+05 -1.2291e+00 +3.3628e+00 +1.3298e+00 -1.7647e+00 +2.4208e+00 -6.9521e-01 +3.0072e+00 +2.9123e+00 -7.8114e-01 +7.4048e-01 -1.4398e-01 +3.1360e+00 -1.3189e+00 -6.3788e-01 -2.1894e-01 -3.6169e+00 +1.2554e+00 -1.1800e+00 +4.7898e+00 -4.8178e+00
14 0 +1.851828251e+05 +1.850924951e+05 +1.850924951e+05 +1.1303e+00 -4.6032e+00 -3.1021e+00 -5.3976e-01 -1.9315e+00 -2.2791e+00 -2.1347e+00 -2.2443e+00 -3.6242e+00 -2.9055e+00 -3.2269e+00 +2.0213e+00 -2.6943e+00 -1.9714e-01 -3.9439e+00 -3.3408e+00 +2.5688e+00 +1.6135e+00 -7.8412e-02 -7.7356e-01
25 0 +1.802277453e+05 +1.801374153e+05 +1.801374153e+05 -4.1556e+00 +1.8482e+00 +2.7824e+00 -1.5200e+00 +5.2686e-01 +1.3576e+00 -1.5132e+00 +3.5551e+00 -3.1244e+00 +4.6589e+00 -2.5800e+00 +2.0455e+00 +2.6798e-01 -5.0829e-01 +3.9513e+00 +2.6762e+00 -5.8794e-02 +1.1719e+00 -6.5264e-01 -5.3175e-01
27 0 +5.801084379e+04 +5.792051379e+04 +5.792051379e+04 -1.6892e+00 +2.7335e-01 +4.4005e+00 -7.4022e-01 -6.1164e-01 +4.4574e-01 -5.3468e-01 -1.3785e+00 +2.0893e+00 -2.4584e+00 -1.5716e+00 -1.0180e+00 -8.1256e-01 +2.2840e+00 +3.2985e-02 +3.8158e+00 +4.3566e-01 +1.6063e+00 +3.2433e+00 +5.5647e-01
58 0 +5.597066188e+04 +5.588033188e+04 +5.588033188e+04 +1.8507e+00 +5.8023e-02 -1.6412e+00 +8.7190e-01 +1.1470e+00 +5.4176e-01 -3.0067e+00 +9.4554e-01 -4.7741e-01 -1.0689e+00 +1.1343e+00 +1.2977e+00 -5.7147e-02 -4.3475e+00 -2.1448e+00 +2.8703e+00 -3.6922e-01 -2.3308e-01 +3.0895e+00 -2.9407e+00
59 0 +5.145214567e+04 +5.136181567e+04 +5.136181567e+04 +2.0389e+00 +6.5391e-01 -1.3739e+00 +9.4531e-01 +9.3564e-01 +3.5047e-01 -2.7990e+00 +4.9523e-01 -1.0670e-01 -1.3272e+00 +1.0535e+00 +8.2519e-01 +2.7029e-01 -4.2421e+00 -2.3729e+00 +3.0865e+00 -5.3970e-01 -4.7490e-02 +2.9156e+00 -2.7061e+00
114 0 +3.771163572e+04 +3.762130572e+04 +3.762130572e+04 +1.8507e+00 +5.8023e-02 -1.6412e+00 +8.7190e-01 +1.1470e+00 +5.4176e-01 -3.0067e+00 +9.4554e-01 -4.7741e-01 -1.0689e+00 +1.1343e+00 +1.2977e+00 -5.7147e-02 -2.2899e+00 -2.1448e+00 +2.8703e+00 -3.6922e-01 -2.3308e-01 +3.0895e+00 -2.9407e+00
155 0 +1.011076496e+04 +1.002043496e+04 +1.002043496e+04 -6.3066e-01 +1.7725e+00 -2.7439e+00 -8.0265e-01 +4.4698e-01 -1.4810e+00 -3.1290e+00 -8.6428e-01 +1.3058e+00 +1.9345e-01 -5.3336e-01 +1.9359e+00 -2.3054e-01 -8.1049e-01 -1.0463e+00 +1.2826e+00 -9.7481e-01 +1.4005e+00 +3.6158e-01 -2.7710e-02
% f evaluations | g evaluations | best noise-free fitness - Fopt (6.561000000000e+01) + sum g_i+ | measured fitness | best measured fitness or single-digit g-values | x1 | x2...
1 0 +5.326897115e+05 +5.327553215e+05 +5.327553215e+05 -4.6251e+00 -3.5032e+00 -1.8347e+00 +2.4773e+00 +4.8279e+00 +3.0797e+00 -2.7755e-01 -2.6195e+00 -4.2621e+00 -3.7952e+00 -2.6017e+00 -4.3581e+00 +3.3124e+00 -4.4402e+00 -6.7031e-01 -2.9810e+00 -3.4311e+00 -3.8008e+00 +1.0156e+00 +1.3893e+00
3 0 +3.066626553e+05 +3.067282653e+05 +3.067282653e+05 +2.4412e+00 -4.1436e+00 +1.8628e+00 -1.7648e+00 -4.0982e+00 -4.8773e+00 -4.4773e+00 +3.2957e+00 +1.9399e+00 -2.3838e-01 -2.2686e+00 +4.5412e+00 -1.6736e+00 +3.6551e+00 -3.3903e+00 +2.9357e+00 +4.1380e-01 -1.0185e+00 +3.3272e+00 +2.5838e+00
5 0 +1.853163695e+05 +1.853819795e+05 +1.853819795e+05 -1.4147e+00 +2.5321e+00 +4.7704e-01 +2.8166e+00 +2.6990e+00 -4.3004e+00 -1.1205e+00 -3.2618e+00 +3.9637e-02 -4.1519e+00 +4.1477e+00 -6.3715e-01 +3.1936e+00 +3.7217e+00 -4.1108e-02 -3.0513e+00 +6.4659e-01 -4.8693e+00 -2.0621e-01 -1.0405e+00
11 0 +1.537549580e+05 +1.538205680e+05 +1.538205680e+05 +1.1505e+00 -3.4034e+00 +5.5934e-01 -3.6733e+00 +1.8313e+00 +1.1605e+00 -6.5690e-01 -9.6870e-01 +1.3590e+00 -6.3451e-01 +2.7682e+00 +2.7355e+00 -2.6756e+00 -3.7404e+00 -2.9278e+00 -6.3806e-01 +2.5292e+00 -1.1460e+00 +4.8212e+00 +3.0628e+00
21 0 +1.402706859e+05 +1.403362959e+05 +1.403362959e+05 -4.9865e+00 -7.4389e-01 -1.8267e+00 -5.6844e-01 +3.2532e+00 +3.2021e+00 +4.6437e-01 +1.1625e+00 -1.5185e+00 -3.3104e+00 +4.5479e-01 +3.5407e+00 -4.7371e-02 +3.4353e+00 +3.4278e+00 +3.1188e-01 -1.6776e+00 +5.6723e-01 -2.0340e+00 -2.4356e+00
40 0 +9.803686604e+04 +9.810247604e+04 +9.810247604e+04 -4.1101e+00 +4.5451e-01 +4.8091e+00 -6.7166e-01 +3.9014e+00 +1.2018e+00 +1.1668e-01 +3.0869e+00 +2.7504e+00 +1.0975e+00 -6.6088e-01 +2.5324e+00 -1.5529e+00 +3.8055e+00 +1.4523e+00 +1.3693e+00 +9.2819e-01 +2.3981e+00 +4.3018e+00 +1.4811e+00
41 0 +8.545579940e+04 +8.552140940e+04 +8.552140940e+04 -2.1892e+00 +4.5767e-02 -4.1111e+00 -1.1677e-01 +3.6659e+00 -2.7848e+00 +1.2260e+00 -4.2402e+00 -1.8434e+00 -1.4443e+00 +2.9664e+00 +2.8519e+00 +2.7858e-01 -1.3515e+00 -4.3968e+00 +2.2864e+00 +2.0317e-02 -3.3610e+00 -1.3029e+00 +2.3201e+00
113 0 +7.303700239e+04 +7.310261239e+04 +7.310261239e+04 +2.0195e-01 -1.1109e-01 +1.7396e+00 +2.4480e+00 -1.2979e+00 +1.8052e+00 -4.3252e+00 +9.3612e-01 +1.1894e+00 -3.3497e-01 +3.8091e+00 +2.1067e+00 -7.8309e-01 +1.0791e+00 -4.0836e+00 +1.9197e+00 +1.5864e-01 -1.1593e+00 +7.8290e-01 -5.7436e-01
% f evaluations | g evaluations | best noise-free fitness - Fopt (9.348200000000e+02) + sum g_i+ | measured fitness | best measured fitness or single-digit g-values | x1 | x2...
1 0 +2.433878582e+05 +2.443226782e+05 +2.443226782e+05 +1.6272e+00 -2.5084e+00 +4.3568e+00 +1.7169e+00 +3.6516e+00 -1.7050e+00 +3.3794e+00 -1.5094e+00 +2.2620e+00 +2.8081e+00 +4.6510e+00 +3.3270e+00 +2.0560e+00 +3.4538e+00 -3.3458e+00 +3.9785e+00 +3.8157e+00 +7.4173e-01 -9.6092e-01 +2.8878e+00
5 0 +1.901655247e+05 +1.911003447e+05 +1.911003447e+05 -1.6782e+00 -4.2585e+00 +8.5169e-01 +3.2950e+00 -4.3670e+00 -2.1107e+00 +1.8537e+00 -1.5048e+00 +1.1833e-01 -3.1259e+00 -2.1960e+00 +8.3170e-01 -3.7861e+00 -2.5521e+00 +1.0349e+00 -2.7232e+00 +7.2365e-01 +3.2244e+00 +3.3883e+00 -7.9490e-01
7 0 +1.603761063e+05 +1.613109263e+05 +1.613109263e+05 +1.6342e-01 +1.3281e+00 -7.3557e-01 +1.1397e+00 +3.0628e+00 +1.2848e+00 +2.0018e+00 -1.8767e+00 +3.3747e+00 -1.5305e+00 -2.5145e+00 +4.0144e+00 -2.5676e+00 +4.2991e+00 -3.0512e+00 -3.7582e+00 -4.1321e+00 +1.5021e+00 +1.6865e+00 +1.9898e+00
24 0 +1.134541219e+05 +1.143889419e+05 +1.143889419e+05 -8.9074e-01 +2.6943e+00 -3.4431e+00 -5.3111e-01 +1.7577e+00 +2.2447e+00 -3.7730e+00 -1.6431e+00 +3.3821e+00 -1.0268e+00 -2.3602e+00 +1.8395e+00 +2.8307e+00 +2.3832e+00 +2.1738e+00 +8.8020e-01 +9.0379e-01 +3.7494e+00 +4.8060e-01 +9.5472e-01
52 0 +5.463072050e+04 +5.556554050e+04 +5.556554050e+04 -3.0556e-01 -2.2055e+00 -2.3563e+00 -2.2975e+00 -1.8598e+00 +1.4755e+00 -1.7506e+00 +2.8561e+00 +1.0907e+00 +6.4603e-01 +2.0706e-01 +3.9127e+00 -1.5058e+00 +1.3982e-01 -1.3954e-01 +3.5686e+00 -8.0082e-01 +2.4487e+00 +3.4048e-02 +1.4488e+00
104 0 +4.304252572e+04 +4.397734572e+04 +4.397734572e+04 +1.0415e+00 +1.8966e+00 -1.1200e-01 -9.6778e-01 +3.3311e+00 -5.9511e-01 +6.0640e-01 +2.6665e+00 +2.3016e+00 -1.1322e+00 +6.3081e-01 -4.1003e+00 -3.3676e-01 -3.1675e-01 +8.8653e-01 +8.5698e-02 +1.4437e-01 +2.1503e+00 +1.2847e+00 +2.2659e+00
% f evaluations | g evaluations | best noise-free fitness - Fopt (-6.371000000000e+01) + sum g_i+ | measured fitness | best measured fitness or single-digit g-values | x1 | x2...
1 0 +3.430732060e+05 +3.430094960e+05 +3.430094960e+05 +1.5870e+00 +2.5180e+00 +1.6770e+00 -3.8044e-01 +4.5926e+00 +4.9506e+00 +4.7673e+00 +2.7605e+00 +9.7418e-02 +1.9123e+00 +1.9888e+00 -1.9645e-01 -2.0982e+00 +2.1539e+00 -7.7051e-01 +3.9084e+00 +3.4873e+00 -1.3866e+00 -2.5689e+00 -4.8393e+00
2 0 +2.459670264e+05 +2.459033164e+05 +2.459033164e+05 -2.4644e+00 +1.0438e+00 -3.0360e+00 -4.4102e-01 +2.1654e+00 -1.6924e+00 -8.3708e-01 +4.3844e+00 +3.2040e+00 -4.4124e+00 +5.3576e-02 -1.2855e+00 +1.1419e+00 +1.0775e+00 +1.8895e+00 +3.0592e+00 -3.3513e+00 -1.0993e+00 -3.7839e+00 +4.1027e+00
3 0 +2.018615351e+05 +2.017978251e+05 +2.017978251e+05 +2.0679e+00 +8.7869e-01 -1.9777e+00 -1.7726e+00 +3.6165e+00 -3.1578e+00 -1.9646e+00 -4.2342e+00 -8.7538e-01 +4.3785e+00 +4.2698e+00 +2.1921e+00 +4.1979e+00 -3.6651e+00 +9.8326e-02 +1.0957e+00 +6.9966e-01 -3.2167e+00 +7.4557e-01 -1.3071e-01
5 0 +1.612311408e+05 +1.611674308e+05 +1.611674308e+05 +4.8754e-01 +2.6345e+00 +5.5784e-01 +1.7398e+00 -4.3152e+00 +3.3517e-01 +3.5811e+00 -2.1825e+00 -4.6142e+00 -1.2412e+00 -1.8810e+00 -1.3328e+00 +4.4420e-01 +2.5821e+00 -4.3540e-01 +4.4446e+00 +2.7315e+00 +4.3757e+00 -2.6999e+00 +1.6093e-01
39 0 +9.296966226e+04 +9.290595226e+04 +9.290595226e+04 -4.7903e+00 +2.1965e+00 +2.2357e+00 -8.3895e-01 +1.9325e+00 +2.9705e-01 -3.1400e+00 -4.1133e+00 -8.3848e-01 -1.6176e+00 -1.9559e+00 -2.8463e+00 -1.0134e+00 +2.7699e-02 +1.3818e+00 +1.7146e+00 +5.8725e-01 +4.3282e-01 -4.1062e+00 +6.0750e-01
155 0 +6.411702648e+04 +6.405331648e+04 +6.405331648e+04 -2.3182e+00 -3.3245e-01 -3.9526e+00 -8.4881e-01 +3.8444e+00 -9.9152e-01 -1.3537e+00 +4.0885e+00 -1.8086e+00 +3.7599e+00 -3.5191e+00 +9.3378e-01 -1.2056e+00 -1.2139e+00 +2.2144e+00 -8.2835e-01 +4.1170e-01 -1.8125e-01 -1.0655e+00 +2.0941e+00
502 0 +6.030901760e+04 +6.024530760e+04 +6.024530760e+04 -2.2065e+00 -3.7788e-01 -3.8715e+00 -6.6250e-01 +3.8466e+00 -8.6170e-01 -1.4480e+00 +4.0962e+00 -1.9093e+00 +3.7369e+00 -3.5695e+00 +7.8755e-01 -1.2938e+00 -1.0360e+00 +2.2638e+00 -9.7053e-01 +2.9950e-01 -2.0690e-01 -1.0552e+00 +2.1899e+00
% f evaluations | g evaluations | best noise-free fitness - Fopt (1.000000000000e+03) + sum g_i+ | measured fitness | best measured fitness or single-digit g-values | x1 | x2...
1 0 +3.510976353e+05 +3.520976353e+05 +3.520976353e+05 +2.6424e+00 -6.8674e-01 -4.2933e+00 -1.7177e+00 -1.3611e+00 +3.0572e+00 -3.8832e-01 +4.8955e+00 -1.3906e+00 -4.0961e+00 +1.7442e-01 -7.3682e-01 -6.4089e-01 +1.3890e+00 -4.1623e+00 -4.4392e+00 +2.8487e+00 +4.3734e+00 -1.3733e+00 -9.6998e-01
2 0 +3.027997635e+05 +3.037997635e+05 +3.037997635e+05 +7.9671e-02 +3.4771e+00 +1.1028e+00 +4.1850e+00 +2.9711e+00 +4.8706e+00 -2.9684e+00 +4.6330e+00 +1.9438e+00 +3.4454e+00 -2.6184e+00 +2.6665e+00 +3.1594e+00 -1.6960e+00 +5.1326e-01 -1.7274e+00 -4.5085e+00 -4.0900e+00 -2.8720e+00 -2.9592e+00
3 0 +1.390424884e+05 +1.400424884e+05 +1.400424884e+05 +1.9877e+00 +2.3579e+00 -1.2929e+00 -2.9017e+00 +2.8376e+00 +1.1026e+00 +2.8304e+00 +2.0777e-01 -3.8274e-02 -1.7761e+00 +1.8899e+00 +3.6147e+00 +4.0291e+00 -3.7016e+00 -3.1745e-01 -2.2408e-01 +4.7166e+00 +2.8872e+00 -2.9030e+00 +5.6374e-01
21 0 +8.471476294e+04 +8.571476294e+04 +8.571476294e+04 -3.3003e+00 -8.0670e-01 -2.1555e+00 +5.1804e-01 +3.4246e-01 +2.2504e+00 -2.9031e-01 +3.9414e+00 -7.1989e-01 -4.8256e-01 +1.5831e+00 +1.8809e-01 +1.0538e-02 -2.6471e+00 +4.1280e+00 -1.6817e+00 +6.2357e-01 +3.3970e+00 -2.6596e+00 -9.8646e-01
107 0 +8.238840714e+04 +8.338840714e+04 +8.338840714e+04 +3.4881e+00 -1.7487e+00 +3.3210e-01 +1.2185e+00 -2.0677e+00 -1.5516e+00 +1.2579e+00 -3.4888e+00 -3.1841e+00 -1.3334e+00 +2.0299e+00 -1.6715e+00 -1.9007e+00 -1.6918e+00 +1.2646e+00 -1.2536e+00 -3.3569e+00 +1.6074e+00 +2.4302e+00 -3.5154e+00
152 0 +6.524436504e+04 +6.624436504e+04 +6.624436504e+04 +8.7621e-01 +9.0298e-01 +3.6064e+00 -5.4290e-01 -5.7635e-01 +3.6634e+00 +8.9311e-01 -9.4835e-01 +1.2132e+00 -3.5658e+00 +2.3106e-01 -2.2701e+00 -5.0106e-01 +3.5844e+00 +4.7161e-01 -7.4571e-01 +2.7538e-01 -1.0693e-01 -1.0052e+00 +3.8486e+00
211 0 +5.740514743e+04 +5.840514743e+04 +5.840514743e+04 -3.3003e+00 -8.0670e-01 -2.1555e+00 +5.1804e-01 +3.4246e-01 +2.2504e+00 -2.9031e-01 +3.9414e+00 -7.1989e-01 -4.8256e-01 +1.5831e+00 +1.8809e-01 +1.0538e-02 -2.6471e+00 +4.1280e+00 -1.6817e+00 +6.2357e-01 +1.5104e+00 -2.6596e+00 -9.8646e-01
255 0 +1.807402013e+04 +1.907402013e+04 +1.907402013e+04 -2.0329e+00 -2.1808e+00 -1.2181e+00 -9.3482e-01 +2.3247e+00 +5.0903e-01 -4.4703e-01 -1.4678e+00 -4.0411e-01 +1.2156e+00 -4.7386e-01 +1.4190e+00 -6.8987e-01 -1.3077e+00 -2.1724e+00 +1.6538e+00 +9.6996e-02 +1.2211e+00 +1.3014e-01 -3.8557e-01
356 0 +1.420454191e+04 +1.520454191e+04 +1.520454191e+04 -2.7616e-01 -2.4085e+00 -3.6197e-01 +2.1526e-01 +1.7943e+00 -8.1222e-01 -2.3736e+00 -8.5582e-01 -1.5068e+00 +2.5461e+00 +5.4690e-01 -5.2183e-02 -2.4589e-01 +3.4939e-01 -8.9310e-01 +9.6842e-01 -7.0963e-01 -3.6731e-01 +1.3522e+00 +2.2380e-02
% f evaluations | g evaluations | best noise-free fitness - Fopt (3.197000000000e+01) + sum g_i+ | measured fitness | best measured fitness or single-digit g-values | x1 | x2...
1 0 +6.587597470e+05 +6.587917170e+05 +6.587917170e+05 +9.4427e-02 -4.8331e+00 -4.6987e+00 -1.8432e+00 -2.3271e+00 -1.8888e+00 +2.7788e+00 +4.5736e+00 -4.8310e+00 -2.9932e+00 -2.1675e+00 +2.4241e+00 +1.1510e+00 +3.2574e+00 +3.8626e+00 -1.1360e-01 +2.2243e-01 +3.5994e-01 +2.0652e+00 +4.0882e+00
3 0 +4.629881562e+05 +4.630201262e+05 +4.630201262e+05 -3.9306e+00 -4.3540e+00 -3.9850e+00 -3.5722e+00 -4.1438e+00 +1.1351e+00 +3.9474e+00 +1.3150e+00 -8.3441e-01 -4.3479e+00 -3.4882e+00 -2.8043e+00 +1.9186e+00 +1.4352e+00 +4.2055e+00 -2.7238e+00 -1.4728e-01 -5.5648e-01 -4.6512e+00 -9.6452e-01
4 0 +2.971864087e+05 +2.972183787e+05 +2.972183787e+05 +4.9442e+00 +1.1411e+00 -1.8639e+00 +7.7733e-01 +3.2825e-01 -2.3357e-01 -4.0671e+00 -4.2443e+00 +2.5946e+00 +3.1412e+00 +3.4205e+00 -2.3452e+00 -2.0657e+00 +1.5576e+00 +3.8952e+00 -3.5032e+00 +3.5832e+00 +4.3489e-01 -1.6266e+00 -4.1305e+00
13 0 +1.764537702e+05 +1.764857402e+05 +1.764857402e+05 -9.8942e-02 -7.3416e-01 +3.4859e+00 -1.6948e+00 +1.2798e+00 -2.5286e+00 -2.2846e+00 +7.1792e-01 -2.9386e+00 -2.2061e+00 -1.7403e-01 -1.5824e+00 +3.1861e+00 -1.5874e+00 -1.9285e+00 -4.9147e+00 +2.5690e+00 +2.7157e+00 -3.7801e+00 -2.8173e+00
27 0 +9.066988406e+04 +9.070185406e+04 +9.070185406e+04 -2.1276e+00 -3.0308e+00 -3.2349e+00 +3.2026e+00 +3.6080e+00 +1.7419e+00 +1.0201e+00 +9.3901e-01 -1.9729e+00 -2.8995e+00 -1.5854e+00 -2.1226e+00 +1.2500e+00 +1.7576e+00 -1.3656e+00 +1.1634e+00 -3.1488e-01 +9.9690e-01 +4.8422e-02 -2.7328e-01
359 0 +8.745865925e+04 +8.749062925e+04 +8.749062925e+04 +2.6410e+00 +1.1607e-01 +2.7544e+00 -1.8868e+00 -2.6328e+00 +2.1393e+00 -1.3557e+00 -8.3590e-01 -3.3910e+00 +3.6991e-02 -2.2322e+00 +5.9655e-01 +2.3256e-01 +5.9716e-02 -9.5355e-01 +2.0422e+00 +1.8372e-01 -1.2543e+00 +3.6673e+00 -9.5574e-01
% f evaluations | g evaluations | best noise-free fitness - Fopt (5.819000000000e+01) + sum g_i+ | measured fitness | best measured fitness or single-digit g-values | x1 | x2...
1 0 +5.935990437e+05 +5.936572337e+05 +5.936572337e+05 +6.2744e-01 -3.7022e-01 -1.8082e+00 +1.3695e+00 -4.4292e+00 -2.2428e-02 +9.9462e-01 -2.1177e+00 +2.0897e+00 +3.7426e+00 -2.6787e+00 +3.7806e-02 -4.6446e+00 +1.3569e+00 +2.8552e+00 +3.8409e+00 -4.9554e+00 +4.0394e-01 -4.4442e+00 -4.3482e+00
2 0 +3.433619107e+05 +3.434201007e+05 +3.434201007e+05 +2.1364e+00 +1.3225e+00 -2.6587e+00 -1.4093e+00 -1.9362e+00 -4.7453e+00 -2.2988e-01 -4.2891e+00 -4.1540e+00 -2.0290e+00 +9.9353e-01 +2.8463e-01 -4.7669e+00 -2.3386e+00 -1.2056e-01 -3.9276e+00 +9.2809e-01 -3.5627e+00 +1.8990e+00 -3.5266e+00
5 0 +1.846980035e+05 +1.847561935e+05 +1.847561935e+05 -7.8184e-02 +1.6679e+00 +8.6033e-01 -3.1161e+00 +2.3113e+00 -7.2798e-01 -1.4390e+00 -1.5484e+00 -3.2305e+00 +3.7217e+00 +5.7867e-01 +4.5669e+00 -2.3137e+00 +2.9014e+00 -3.3740e+00 -2.8553e+00 -1.5596e+00 -2.1042e+00 +2.2677e+00 -2.3959e+00
18 0 +1.615396824e+05 +1.615978724e+05 +1.615978724e+05 -9.7309e-01 +1.7368e+00 -2.1551e+00 +2.6365e+00 -2.4894e+00 -3.2708e+00 -1.7119e+00 +3.0902e-01 +1.7782e+00 +4.3286e+00 +2.5086e+00 -1.2214e+00 +4.0890e+00 +1.1348e+00 -1.2050e+00 +1.2327e+00 +1.5501e+00 +4.5326e+00 +1.9247e+00 -1.2450e+00
32 0 +1.121008702e+05 +1.121590602e+05 +1.121590602e+05 -6.2082e-01 +4.6257e+00 +3.4424e+00 -1.3227e+00 -2.9379e+00 +2.7201e-01 -1.7839e+00 -2.5215e+00 -1.1340e+00 -9.4122e-01 -1.0687e+00 +3.1237e+00 -4.8652e-01 +3.0021e+00 -1.7393e+00 +4.0065e-02 +1.8561e+00 +8.8430e-01 -1.3610e+00 -4.2345e-01
54 0 +6.736214948e+04 +6.742033948e+04 +6.742033948e+04 +1.6903e+00 +1.7833e+00 -7.5202e-01 -4.7025e-02 +1.7340e+00 +4.2379e+00 +2.1444e+00 +1.6669e+00 -1.0678e+00 -2.6061e+00 +3.0797e-01 +1.7456e+00 +5.2617e-01 +3.9064e+00 +2.8857e-01 +1.8036e+00 +2.2489e-02 -6.0096e-01 -5.5983e-01 -3.7327e-01
55 0 +6.508457252e+04 +6.514276252e+04 +6.514276252e+04 +1.8244e+00 +1.7491e+00 -8.9854e-01 -1.9335e-01 +1.7752e+00 +4.2656e+00 +2.1509e+00 +1.6646e+00 -9.1412e-01 -2.7038e+00 +3.9347e-01 +1.6389e+00 +6.4575e-01 +3.9070e+00 +1.6005e-01 +1.7614e+00 -6.5610e-02 -4.1070e-01 -3.7792e-01 -5.1631e-01
460 0 +4.120349499e+04 +4.126168499e+04 +4.126168499e+04 -6.2082e-01 +1.8197e+00 +3.4424e+00 -1.3227e+00 -1.0685e-01 +2.7201e-01 -1.7839e+00 -2.5215e+00 -1.1340e+00 -9.4122e-01 -1.0687e+00 +3.1237e+00 -4.8652e-01 +3.0021e+00 -1.7393e+00 +4.0065e-02 +1.8561e+00 +8.8430e-01 -1.3610e+00 -4.2345e-01
% f evaluations | g evaluations | best noise-free fitness - Fopt (-4.840000000000e+00) + sum g_i+ | measured fitness | best measured fitness or single-digit g-values | x1 | x2...
1 0 +3.355253090e+05 +3.355204690e+05 +3.355204690e+05 +2.8017e-02 -4.4522e+00 -3.3062e+00 -2.6279e+00 -2.7720e+00 +3.4813e+00 -4.7019e+00 -3.3104e+00 +3.4493e+00 +4.7087e+00 +3.1277e+00 +1.2172e+00 +1.0631e+00 -1.3880e+00 -2.1279e+00 -1.2872e+00 -5.1438e-01 +4.8451e-01 +1.5309e+00 +1.7048e+00
2 0 +6.374133979e+04 +6.373649979e+04 +6.373649979e+04 +1.8551e+00 +3.7313e+00 +1.7770e+00 +3.1189e-01 +1.9932e+00 +6.1140e-02 -2.0707e+00 +6.7593e-01 -3.9386e+00 -2.3043e+00 +1.2763e-01 +2.3929e+00 -7.6701e-01 -1.9886e+00 +9.9791e-01 +2.3618e+00 +6.0421e-01 -2.9512e+00 -2.6778e+00 +1.3471e+00
204 0 +4.649128485e+04 +4.648644485e+04 +4.648644485e+04 +3.5188e-01 -9.9214e-01 -3.4666e+00 -2.8647e+00 +1.7971e+00 -5.2562e-02 -3.3579e+00 -3.3157e-01 +8.3545e-01 +1.1593e+00 -3.0697e+00 -1.7557e+00 +2.3795e-01 +2.3672e+00 -3.4537e+00 +9.6935e-01 +9.8282e-03 +7.9391e-01 +9.4570e-01 +9.5617e-01
402 0 +3.115733488e+04 +3.115249488e+04 +3.115249488e+04 -1.4954e+00 +4.5260e-02 +8.2091e-01 -1.2781e+00 +1.5535e+00 +3.9725e-01 -2.0236e+00 -4.0337e+00 -9.6852e-02 -6.3683e-01 -2.8033e+00 -1.1850e+00 -1.8040e+00 -8.6482e-01 -7.1040e-01 +5.3513e-01 +1.6644e+00 +3.1672e+00 +4.7770e-01 +1.6689e+00
% f evaluations | g evaluations | best noise-free fitness - Fopt (-6.337000000000e+01) + sum g_i+ | measured fitness | best measured fitness or single-digit g-values | x1 | x2...
1 0 +1.405358797e+06 +1.405295427e+06 +1.405295427e+06 +2.9424e+00 +2.9313e+00 -2.0077e+00 -2.8505e+00 -3.5120e+00 -2.3899e+00 -4.1418e+00 -2.0042e+00 +3.9977e+00 +3.2279e+00 +2.7233e+00 +4.1546e-01 -2.0500e+00 +4.9048e+00 +4.9023e+00 +4.9991e+00 +3.6119e+00 +1.2071e+00 +4.3619e+00 -2.7012e-01
2 0 +1.268757297e+05 +1.268123597e+05 +1.268123597e+05 +2.3659e+00 -3.6315e-01 +3.0802e+00 -6.0273e-01 -2.2575e-02 -2.5400e+00 -4.2762e+00 +2.4580e+00 -3.4949e-01 -1.3317e-03 -3.3726e+00 -1.4806e+00 -3.5774e+00 -7.0705e-01 -1.4122e-01 -1.4282e-01 -4.6216e-01 +8.3830e-01 -3.3630e+00 +9.3829e-01
59 0 +9.510917877e+04 +9.504580877e+04 +9.504580877e+04 -1.9767e+00 +1.9888e+00 +7.1883e-01 -3.8931e+00 +2.3934e+00 -1.5222e+00 +2.8840e+00 +3.9044e-01 +4.1698e+00 +1.3467e+00 +2.8211e+00 -7.1934e-01 -7.0635e-01 -2.2624e+00 +1.9066e+00 -1.0759e+00 +7.5274e-01 -3.7617e+00 +3.8747e-01 +1.5400e+00
556 0 +3.076993489e+04 +3.070656489e+04 +3.070656489e+04 +1.2304e+00 -1.3183e+00 +1.2221e+00 -1.7042e+00 +3.9528e+00 -2.1073e+00 -6.8714e-01 -8.4029e-01 +1.2683e+00 -2.4909e+00 -2.9571e+00 +2.7143e-01 -2.0161e+00 +1.0653e+00 +1.6702e+00 +3.3687e+00 +3.0697e-01 +1.3309e+00 -7.9333e-02 -2.8699e+00
% f evaluations | g evaluations | best noise-free fitness - Fopt (2.750000000000e+00) + sum g_i+ | measured fitness | best measured fitness or single-digit g-values | x1 | x2...
1 0 +3.728824148e+05 +3.728851648e+05 +3.728851648e+05 -1.9566e-01 -2.5496e+00 +1.1236e+00 -3.0286e+00 +4.2934e+00 +2.8600e+00 +4.9456e+00 +3.1224e+00 +2.6454e+00 +1.9342e+00 +5.2313e-01 -3.6643e+00 -2.3732e+00 -4.6755e+00 +3.0601e+00 +3.5161e+00 +2.9692e+00 +1.6435e+00 -9.3366e-01 -4.9101e+00
2 0 +2.975720607e+05 +2.975748107e+05 +2.975748107e+05 -7.3154e-01 -3.4648e+00 +4.7811e+00 +2.8790e+00 -1.0157e+00 -4.3570e+00 +4.6355e+00 +4.8466e+00 +3.4554e+00 -8.0100e-01 +2.5961e+00 -2.2563e+00 -6.2127e-01 -9.2180e-01 -4.1840e+00 -4.3516e+00 +6.3228e-01 +2.1510e-01 +3.7321e+00 +2.1621e+00
10 0 +1.488800570e+05 +1.488828070e+05 +1.488828070e+05 -2.9535e+00 +5.1848e-01 -2.0193e+00 -1.5695e+00 -3.9366e-01 +3.0424e+00 -2.9121e+00 +9.8261e-01 +1.2475e+00 +1.2345e+00 -4.6491e+00 -1.5346e-01 +3.7131e+00 -1.6353e+00 +2.1390e+00 -3.3582e+00 +3.3637e+00 -4.3017e+00 -6.0846e-01 -3.5108e-01
40 0 +1.275108567e+05 +1.275136067e+05 +1.275136067e+05 +4.1464e+00 -4.2844e+00 -3.9648e-01 +1.8883e+00 +1.9186e+00 +2.3061e+00 +1.6896e+00 +2.1825e+00 -3.5183e+00 +2.0177e+00 +3.2654e+00 -8.9312e-01 -2.8649e+00 -1.4075e+00 +9.7585e-01 -1.2435e+00 +7.3507e-01 -3.5676e+00 +3.0856e+00 -2.7503e+00
108 0 +7.152356863e+04 +7.152631863e+04 +7.152631863e+04 +4.1704e+00 -1.4329e+00 +2.4168e+00 +8.7353e-01 +1.9016e-01 -7.9270e-01 -2.9230e+00 -1.1545e+00 +2.0144e+00 +5.1723e-01 +1.5051e+00 +1.5188e-01 -5.5844e-02 -3.7370e+00 +7.3029e-01 +1.8570e+00 -3.5225e+00 +1.2057e+00 -5.3456e-01 -8.0651e-02
603 0 +6.325239204e+04 +6.325514204e+04 +6.325514204e+04 -3.7676e+00 -4.4381e-01 +6.9321e-01 -7.5030e-01 -1.4676e+00 -7.9058e-01 -1.1015e+00 -2.2921e+00 +2.3871e+00 +3.7399e+00 -4.0925e+00 +7.3560e-01 +8.5080e-01 +3.2250e-01 -2.5564e+00 +9.1631e-01 +1.4539e+00 -8.0829e-01 -4.0973e-02 +1.1243e+00
604 0 +5.017117595e+04 +5.017392595e+04 +5.017392595e+04 -2.2315e+00 -1.7283e+00 -9.1850e-01 -2.0774e+00 +2.3999e-01 +5.8992e-01 -1.0789e+00 +7.6864e-01 +2.7908e+00 -1.1312e+00 -1.8919e+00 -6.7455e-01 +1.7863e+00 +3.6566e+00 -1.9176e+00 -6.2693e-03 +3.9329e+00 -6.2003e-01 -1.7197e+00 +1.7496e+00
711 0 +4.658991824e+04 +4.659266824e+04 +4.659266824e+04 -2.2315e+00 -1.7283e+00 -9.1850e-01 -2.0774e+00 +2.3999e-01 +5.8992e-01 -1.0789e+00 +7.6864e-01 +2.7908e+00 -1.1312e+00 -1.8919e+00 -6.7455e-01 +1.7863e+00 +3.6566e+00 -1.9176e+00 -6.2693e-03 +3.4528e+00 -6.2003e-01 -1.7197e+00 +1.7496e+00
% f evaluations | g evaluations | best noise-free fitness - Fopt (-4.681000000000e+01) + sum g_i+ | measured fitness | best measured fitness or single-digit g-values | x1 | x2...
1 0 +2.056010652e+05 +2.055542552e+05 +2.055542552e+05 -2.3821e+00 +3.9669e+00 -1.1526e+00 -2.0802e+00 -3.6612e+00 +2.3553e+00 -2.8992e+00 +1.5573e+00 +3.2368e+00 -2.2002e-01 +2.9364e+00 -1.8119e+00 -4.1914e+00 +2.3199e+00 +1.6185e+00 -4.1590e+00 -3.8789e-01 +4.7950e-01 -2.6432e+00 +1.2379e+00
3 0 +1.746523476e+05 +1.746055376e+05 +1.746055376e+05 -4.8869e+00 -8.4614e-01 +2.4787e+00 -2.8504e+00 +3.1028e+00 -2.6763e+00 -4.3945e-01 -3.1653e+00 +2.3568e+00 -2.2134e+00 +8.4910e-01 +7.1641e-01 -3.0712e-01 -3.5820e+00 -4.0744e-01 -1.3509e+00 -7.8853e-01 -1.9994e-01 -4.6610e+00 -1.7669e+00
15 0 +1.485316395e+05 +1.484848295e+05 +1.484848295e+05 -3.9985e+00 -2.0606e+00 +3.2698e-01 +3.4348e+00 -1.4252e-01 +2.8900e+00 -3.0143e-01 +3.3859e+00 +1.5789e+00 -2.2608e+00 -3.9844e+00 +2.5868e+00 -3.1095e+00 +2.3259e+00 +8.4222e-01 -2.3659e+00 +1.7173e+00 +3.3137e+00 +1.7824e+00 -4.5807e-01
58 0 +1.008330109e+05 +1.007862009e+05 +1.007862009e+05 +2.9246e+00 +1.2197e+00 +1.4880e-01 +6.5854e-01 -9.2999e-01 +4.0281e+00 -1.6158e+00 +2.5165e+00 +2.9026e+00 -6.0241e-01 +1.4069e+00 +2.5135e+00 -5.4182e-01 +1.1198e+00 +7.4292e-01 -1.2098e+00 -1.0073e+00 -3.2009e+00 +1.9647e+00 +2.4098e-02
106 0 +8.834821629e+04 +8.830140629e+04 +8.830140629e+04 -1.5639e+00 +2.4786e+00 +3.0538e+00 -3.7720e+00 -2.1081e+00 +5.7184e-01 -4.4025e+00 +4.3751e+00 +7.5007e-01 -3.2576e-01 +3.4053e+00 -2.8052e+00 +7.6388e-01 -2.0629e+00 -1.6392e-01 -2.4038e-01 +9.0733e-01 -1.4477e-01 +7.0910e-01 -3.2262e+00
152 0 +5.142300544e+04 +5.137619544e+04 +5.137619544e+04 -1.3392e+00 +1.7034e+00 -7.6683e-01 +2.1737e+00 +2.3126e+00 -1.0264e+00 -1.1757e+00 +3.0201e+00 -4.0941e-01 -7.3413e-01 +9.7094e-01 -7.1726e-01 +2.5538e+00 +1.8475e+00 -1.5929e+00 +2.4585e+00 +2.6658e+00 -2.7695e+00 +3.1875e+00 +1.4542e+00
214 0 +5.099477814e+04 +5.094796814e+04 +5.094796814e+04 -1.3392e+00 +1.7034e+00 -7.6683e-01 +2.1737e+00 +2.3126e+00 -1.0264e+00 -1.1757e+00 +3.0201e+00 -4.0941e-01 -7.3413e-01 +9.7094e-01 -7.1726e-01 +2.5538e+00 +1.8475e+00 -1.5929e+00 +2.4585e+00 +2.6658e+00 -1.4435e+00 +3.1875e+00 +1.4542e+00
508 0 +3.617212454e+04 +3.612531454e+04 +3.612531454e+04 -1.6770e-01 +6.3581e-01 +2.6840e+00 -2.4884e+00 -4.9572e-01 +7.6008e-02 -1.9407e+00 +4.0177e+00 +1.8907e+00 -2.6892e+00 +1.5092e+00 -5.9315e-02 +4.0804e-01 +5.4825e-01 +3.1929e-01 -5.5877e-01 -1.0088e+00 -4.4093e-01 -2.1865e+00 -2.4420e+00
% f evaluations | g evaluations | best noise-free fitness - Fopt (6.134000000000e+01) + sum g_i+ | measured fitness | best measured fitness or single-digit g-values | x1 | x2...
1 0 +2.814657285e+05 +2.815270685e+05 +2.815270685e+05 +2.9521e+00 -3.5576e+00 +1.5654e+00 -8.9846e-04 +3.6429e+00 +2.6169e-01 +3.7053e+00 -3.0365e+00 +2.6747e+00 +1.1968e+00 +4.6435e+00 +4.1036e+00 +2.0407e+00 -7.7155e-01 -7.6940e-01 -3.6421e+00 +1.1968e+00 -4.9114e+00 -2.2514e+00 +9.0623e-01
7 0 +2.444051664e+05 +2.444665064e+05 +2.444665064e+05 -1.0928e+00 -2.7167e+00 -2.5891e+00 +6.5519e-01 -3.7155e-01 -2.3087e+00 +2.0622e+00 +3.6807e+00 -4.6216e+00 -3.7219e+00 -3.2067e+00 +2.0936e-01 +1.5288e+00 -2.5339e+00 +5.8813e-01 -1.7442e+00 -2.5816e-01 -2.4494e+00 +1.0869e+00 +1.6228e+00
17 0 +2.349568087e+05 +2.350181487e+05 +2.350181487e+05 +7.7247e-01 -1.4341e+00 +9.5417e-01 -1.5345e+00 +8.7487e-01 -2.8816e+00 -3.7003e+00 -4.1272e+00 +5.3251e-01 +1.4074e+00 -1.4670e+00 -1.4514e+00 +4.1407e+00 +2.9419e+00 +2.1524e+00 -4.0746e+00 -2.3087e+00 +3.9921e+00 +1.7296e+00 +3.8143e+00
25 0 +8.615001616e+04 +8.621135616e+04 +8.621135616e+04 +2.2921e+00 -1.0922e+00 +1.0457e+00 -2.1255e+00 -9.6481e-02 -1.2006e+00 +1.0493e-01 -2.6648e+00 -2.4455e+00 +1.5371e-01 +1.3881e+00 +1.4013e+00 -3.9713e+00 -2.2427e+00 +5.0637e-01 +4.0358e-01 -1.4484e+00 -2.5530e+00 +3.1880e+00 +2.4555e+00
54 0 +8.221220852e+04 +8.227354852e+04 +8.227354852e+04 -3.8360e+00 -1.9616e+00 -3.1012e+00 +1.8915e+00 -1.5880e+00 -3.0107e+00 +3.0400e+00 +3.4767e-01 +1.5073e+00 -5.9105e-01 -4.8895e-01 -3.3450e+00 +7.7270e-01 -1.5701e+00 -2.4477e+00 +8.2552e-01 -6.2864e-01 -1.3334e-01 +1.5929e+00 +6.2166e-01
160 0 +7.302190732e+04 +7.308324732e+04 +7.308324732e+04 -3.8360e+00 -4.8134e-01 -3.1012e+00 +1.8915e+00 -1.5880e+00 -3.0107e+00 +3.0400e+00 +3.4767e-01 +1.5073e+00 -5.9105e-01 -4.8895e-01 -3.3450e+00 +7.7270e-01 -1.5701e+00 -2.4477e+00 +8.2552e-01 -6.2864e-01 -1.3334e-01 +1.5929e+00 +6.2166e-01
