% f evaluations | g evaluations | best noise-free fitness - Fopt (1.238300000000e+02) + sum g_i+ | measured fitness | best measured fitness or single-digit g-values | x1 | x2...
1 0 +3.805291202e+04 +3.817674202e+04 +3.817674202e+04 -1.0131e+00 +1.1024e+00 +2.0694e+00 -4.5481e+00 -1.6095e-01 -2.5594e-01 -2.4196e+00 -1.3484e+00 -2.3329e+00 +3.0968e+00
5 0 +3.631206645e+04 +3.643589645e+04 +3.643589645e+04 +3.6984e+00 -1.1113e-01 -4.8895e+00 +1.0477e+00 +9.5543e-01 +3.0810e-02 +3.7179e+00 +3.0460e+00 +2.1664e-01 -1.9135e+00
12 0 +3.339980893e+04 +3.352363893e+04 +3.352363893e+04 -4.0483e-01 -2.7399e+00 +3.7257e+00 -1.1248e+00 -3.4123e+00 -3.2073e+00 +1.3735e-01 -4.9775e+00 -2.6016e-01 +1.6526e+00
28 0 +2.106157256e+04 +2.118540256e+04 +2.118540256e+04 -4.0553e+00 +1.1168e+00 +3.8645e+00 +1.6971e+00 +1.6166e+00 +8.9241e-01 -1.8982e+00 +2.6828e-01 +4.7398e-01 +2.3138e+00
41 0 +1.713882821e+04 +1.726265821e+04 +1.726265821e+04 -4.5261e+00 -2.6192e+00 +2.3741e+00 -2.8575e+00 +6.6011e-01 -2.2651e+00 -1.1929e+00 -2.1507e+00 -7.6818e-01 +3.7473e+00
% f evaluations | g evaluations | best noise-free fitness - Fopt (4.751000000000e+01) + sum g_i+ | measured fitness | best measured fitness or single-digit g-values | x1 | x2...
1 0 +1.463176625e+05 +1.463651725e+05 +1.463651725e+05 +3.1990e-01 +3.2672e+00 -3.5773e+00 -1.9870e+00 +3.2022e+00 -2.9828e+00 -7.5468e-01 -4.8847e+00 -7.9068e-02 -2.1401e+00
2 0 +1.458262464e+05 +1.458737564e+05 +1.458737564e+05 +9.0332e-01 -4.4443e+00 +5.8392e-02 -4.9329e+00 -2.6240e-01 +1.4980e+00 +1.9061e+00 +3.4190e-01 +2.9797e+00 -2.5622e+00
4 0 +2.635599703e+04 +2.640350703e+04 +2.640350703e+04 +2.5616e+00 +8.7357e-01 +1.2401e+00 -4.1212e-01 +1.1950e+00 +2.1229e+00 -3.1053e+00 +1.0534e+00 +8.2539e-02 -4.6901e+00
6 0 +2.311512279e+04 +2.316263279e+04 +2.316263279e+04 -3.1927e+00 -1.2349e+00 -1.2543e+00 +9.6580e-01 +1.6234e+00 +1.5229e+00 -1.0154e+00 -1.8777e+00 -4.8158e+00 +3.6783e+00
8 0 +1.944446897e+04 +1.949197897e+04 +1.949197897e+04 -3.2575e+00 -1.5350e+00 +1.5943e+00 -4.9609e-01 -3.0826e-01 -3.7751e+00 +2.6773e-02 -5.9617e-01 +8.2746e-01 -2.2769e+00
% f evaluations | g evaluations | best noise-free fitness - Fopt (5.534000000000e+01) + sum g_i+ | measured fitness | best measured fitness or single-digit g-values | x1 | x2...
1 0 +1.367563762e+05 +1.368117162e+05 +1.368117162e+05 -2.4084e+00 -1.9805e+00 +1.2456e+00 -4.4780e+00 +1.8790e+00 -3.5579e+00 +3.3590e+00 -1.2254e+00 +7.0818e-01 +1.4428e+00
3 0 +1.247876132e+05 +1.248429532e+05 +1.248429532e+05 -2.4942e+00 -1.3050e+00 -2.1799e+00 -1.1247e+00 -8.9364e-01 -2.4050e+00 +2.9590e+00 +4.4457e+00 -3.2554e+00 -4.4777e+00
5 0 +5.806174356e+04 +5.811708356e+04 +5.811708356e+04 +1.1338e+00 +1.3757e+00 +3.6927e+00 -4.0540e+00 +1.4207e+00 -1.6763e-01 +3.7048e-02 -3.1150e-01 -1.4128e+00 -1.4631e+00
6 0 +4.987957944e+04 +4.993491944e+04 +4.993491944e+04 -1.6251e+00 +1.0808e-02 -6.9645e-01 +2.6404e+00 +1.7026e+00 -3.0490e+00 -1.8603e+00 +8.1903e-01 -4.0832e+00 +7.5334e-01
14 0 +3.123252740e+04 +3.128786740e+04 +3.128786740e+04 +3.4318e+00 +8.5068e-01 +1.3368e+00 -3.6102e+00 -9.4607e-01 +1.8598e+00 -1.1175e+00 +2.4009e+00 +1.7791e+00 +5.5272e-01
% f evaluations | g evaluations | best noise-free fitness - Fopt (-9.033000000000e+01) + sum g_i+ | measured fitness | best measured fitness or single-digit g-values | x1 | x2...
1 0 +2.815906468e+05 +2.815003168e+05 +2.815003168e+05 -1.6395e+00 +3.7922e+00 -4.7846e+00 -8.4371e-01 -4.0510e+00 -4.2153e+00 -4.9487e+00 -3.7047e+00 -2.3118e+00 +2.0135e+00
2 0 +7.025115817e+04 +7.016082817e+04 +7.016082817e+04 -3.0143e+00 -1.5169e+00 +8.1948e-01 +1.9031e+00 -3.8271e+00 +1.6572e+00 -9.3730e-01 +4.4213e+00 +2.2302e+00 +2.6109e+00
3 0 +5.567651964e+04 +5.558618964e+04 +5.558618964e+04 -4.6822e+00 +3.8336e+00 +2.4131e+00 -3.6052e+00 +3.5871e-01 +2.1699e-01 -2.5620e+00 -1.8849e+00 +2.4125e+00 +1.1194e+00
29 0 +3.418181670e+04 +3.409148670e+04 +3.409148670e+04 -1.1831e+00 +3.1035e+00 -1.7637e-01 +2.8660e+00 +9.7395e-01 -6.6879e-01 +6.1461e-01 +1.0928e+00 -3.4358e+00 +2.2886e+00
% f evaluations | g evaluations | best noise-free fitness - Fopt (6.561000000000e+01) + sum g_i+ | measured fitness | best measured fitness or single-digit g-values | x1 | x2...
1 0 +7.492882254e+04 +7.499443254e+04 +7.499443254e+04 +1.6182e+00 -3.1021e+00 -2.5605e+00 -3.3113e+00 -3.1453e+00 +1.4926e+00 +2.8325e+00 -1.7559e+00 -2.4489e-01 +1.8457e+00
6 0 +2.143562754e+04 +2.150123754e+04 +2.150123754e+04 +1.2904e-01 -9.2191e-01 +2.2044e+00 -7.1013e-01 -1.6035e+00 +2.0146e+00 -3.1969e+00 +4.7898e-01 +1.8280e+00 -3.2612e+00
164 0 +1.039664491e+04 +1.046225491e+04 +1.046225491e+04 -2.5677e-01 -1.1030e+00 -1.3142e-01 +4.5311e-01 +8.2215e-01 +4.7711e-01 -2.9389e+00 +1.7517e+00 +1.0695e+00 -2.2997e+00
% f evaluations | g evaluations | best noise-free fitness - Fopt (9.348200000000e+02) + sum g_i+ | measured fitness | best measured fitness or single-digit g-values | x1 | x2...
1 0 +2.979082307e+05 +2.988430507e+05 +2.988430507e+05 -2.8809e+00 +8.6821e-01 +2.4909e+00 -4.9616e+00 -4.9928e+00 -2.7771e+00 +4.9042e+00 +1.8288e+00 -3.3510e+00 +3.9772e+00
2 0 +1.794081896e+05 +1.803430096e+05 +1.803430096e+05 +2.5557e+00 +4.1490e+00 -3.9960e+00 +3.2162e+00 -3.7013e+00 +3.2345e+00 +1.6661e-01 -1.0700e+00 -1.7194e+00 -4.3172e+00
3 0 +5.219299437e+04 +5.312781437e+04 +5.312781437e+04 +2.5271e+00 +1.6851e+00 +3.9361e+00 +2.3603e+00 -3.0711e+00 -3.3882e+00 +1.3535e+00 +2.8227e-01 +1.0488e+00 -2.6995e+00
7 0 +2.801962905e+04 +2.895444905e+04 +2.895444905e+04 +5.3038e-01 +1.4113e+00 +3.5430e+00 -4.6652e+00 +1.5192e+00 -2.7081e+00 +5.9111e-01 -1.5948e+00 -3.3881e+00 -1.2544e+00
15 0 +1.098857527e+04 +1.192339527e+04 +1.192339527e+04 +8.4802e-01 -1.0225e+00 -6.6223e-01 -2.8055e+00 +9.6165e-01 -1.7638e+00 -2.7909e+00 -8.2210e-01 +1.4665e-01 +1.6533e+00
% f evaluations | g evaluations | best noise-free fitness - Fopt (-6.371000000000e+01) + sum g_i+ | measured fitness | best measured fitness or single-digit g-values | x1 | x2...
1 0 +1.009455947e+05 +1.008818847e+05 +1.008818847e+05 +4.8002e+00 -4.2028e+00 -1.2038e-01 -1.5080e+00 -4.6097e+00 +1.7056e+00 +4.3764e+00 -3.1653e-01 +1.0478e+00 +3.1689e+00
6 0 +6.379946533e+04 +6.373575533e+04 +6.373575533e+04 +1.7661e-01 -3.0298e+00 -8.2686e-01 -4.8541e-01 -2.2061e-01 +5.4559e-02 +3.8730e+00 +2.5681e+00 -1.4851e+00 -2.9497e+00
13 0 +3.091455181e+04 +3.085084181e+04 +3.085084181e+04 +2.0168e+00 -3.7380e+00 -3.0215e+00 +2.1894e-01 -1.2418e+00 -1.5605e+00 -1.1838e+00 -8.4626e-02 -3.8054e+00 +1.1925e+00
28 0 +6.077302078e+03 +6.013592078e+03 +6.013592078e+03 +2.2531e+00 -2.8184e+00 +2.1328e-01 -1.2873e+00 -2.7584e-01 +1.2985e+00 +1.1897e+00 +3.4055e-02 +2.8525e+00 -7.0417e-01
% f evaluations | g evaluations | best noise-free fitness - Fopt (1.000000000000e+03) + sum g_i+ | measured fitness | best measured fitness or single-digit g-values | x1 | x2...
1 0 +9.370279629e+04 +9.470279629e+04 +9.470279629e+04 -3.4249e+00 -2.8743e+00 -3.4550e+00 +6.9220e-01 +2.4494e+00 -4.9228e+00 +7.6890e-01 -4.6726e+00 -1.6961e+00 -7.9788e-01
6 0 +8.087760447e+03 +9.087760447e+03 +9.087760447e+03 +2.7084e-01 -1.1606e+00 -1.1840e+00 -2.2884e+00 -1.5553e+00 -4.7773e+00 -9.5168e-01 -1.9011e+00 +3.0476e+00 -9.2289e-01
357 0 +5.447414515e+03 +6.447414515e+03 +6.447414515e+03 +1.6605e+00 +1.2107e+00 -1.6481e+00 +8.5777e-01 +2.4614e-02 -8.6054e-01 +1.5952e-02 -9.2909e-01 +3.7169e-01 -5.8326e-01
% f evaluations | g evaluations | best noise-free fitness - Fopt (3.197000000000e+01) + sum g_i+ | measured fitness | best measured fitness or single-digit g-values | x1 | x2...
1 0 +2.931489642e+05 +2.931809342e+05 +2.931809342e+05 +1.8650e+00 -1.2340e+00 -2.1752e+00 -4.1614e+00 +4.4538e+00 +4.5455e+00 +4.8118e+00 -2.2084e+00 -2.7795e+00 -3.3024e+00
2 0 +1.165148931e+05 +1.165468631e+05 +1.165468631e+05 +4.6103e+00 -3.4053e+00 +3.9978e+00 -4.0847e+00 -4.2087e+00 -2.7405e+00 -1.7235e+00 +1.4923e+00 +4.0102e-01 -1.9858e+00
4 0 +7.846364329e+04 +7.849561329e+04 +7.849561329e+04 -4.3256e-02 +3.0419e+00 -1.2486e+00 +3.2371e+00 +1.8585e+00 -2.5889e+00 +4.3985e+00 +1.8233e+00 -2.8132e+00 +1.2125e+00
6 0 +6.240586068e+04 +6.243783068e+04 +6.243783068e+04 +1.0809e+00 +4.1432e+00 -1.3741e+00 -1.7999e+00 -2.1383e+00 +9.0541e-02 -1.6825e+00 +3.8876e+00 -3.5517e+00 +4.0419e+00
16 0 +5.436375795e+04 +5.439572795e+04 +5.439572795e+04 -3.4685e+00 +3.0719e-01 +1.3716e+00 +3.3633e+00 -3.1349e+00 +7.1883e-01 -2.5482e+00 +3.1678e+00 +1.5396e+00 -2.4721e+00
18 0 +5.356292945e+04 +5.359489945e+04 +5.359489945e+04 -2.6798e+00 +3.3888e-02 +1.3211e+00 -4.6590e+00 -2.7741e+00 -4.7653e+00 +1.9123e+00 +1.8498e-01 -3.3044e+00 -2.9713e+00
20 0 +1.675404488e+04 +1.678601488e+04 +1.678601488e+04 -8.3223e-01 +3.3091e+00 +4.4916e+00 -4.0207e+00 -2.2068e+00 -7.8091e-01 +1.0755e-01 +4.4171e-01 +1.1709e+00 -3.6153e+00
31 0 +3.908523206e+03 +3.940493206e+03 +3.940493206e+03 -5.8968e-01 -1.7874e-01 -2.4928e+00 -1.3868e+00 -1.7938e+00 -3.5188e-02 +1.4034e+00 -2.3800e-01 +7.9520e-01 -1.6740e+00
% f evaluations | g evaluations | best noise-free fitness - Fopt (5.819000000000e+01) + sum g_i+ | measured fitness | best measured fitness or single-digit g-values | x1 | x2...
1 0 +5.288427912e+04 +5.294246912e+04 +5.294246912e+04 +2.9056e+00 -1.5219e+00 -1.2244e+00 +1.9803e-01 -4.5735e+00 -3.1267e+00 -1.4426e+00 -1.2595e+00 -1.3217e-02 -3.1887e+00
35 0 +2.661795937e+04 +2.667614937e+04 +2.667614937e+04 -3.7929e-01 +7.9334e-01 -1.7065e-01 -2.0025e-01 +4.3262e+00 +1.9914e+00 -3.4191e-01 +1.0443e+00 -2.0920e+00 +1.6620e+00
% f evaluations | g evaluations | best noise-free fitness - Fopt (-4.840000000000e+00) + sum g_i+ | measured fitness | best measured fitness or single-digit g-values | x1 | x2...
1 0 +3.554770929e+05 +3.554722529e+05 +3.554722529e+05 +4.9797e+00 -4.6718e+00 -3.8484e+00 -3.3967e+00 +3.9871e+00 -4.9152e+00 +6.3024e-01 -2.5825e+00 +8.3077e-01 +4.5204e+00
2 0 +1.437369369e+05 +1.437320969e+05 +1.437320969e+05 +1.9133e+00 +7.4245e-01 -3.7859e+00 -3.3885e+00 +1.8263e+00 +1.9301e+00 +2.8054e-01 +3.4267e-02 -2.9606e+00 -2.4960e+00
3 0 +9.743350209e+04 +9.742866209e+04 +9.742866209e+04 -4.3137e+00 +4.6710e+00 +2.6606e+00 -1.0355e+00 -2.6136e+00 +3.4306e+00 +3.2908e+00 -1.4545e+00 +2.4110e+00 +1.3228e+00
7 0 +2.202556587e+04 +2.202072587e+04 +2.202072587e+04 -1.5935e+00 +3.2594e+00 -1.6123e+00 +7.4871e-01 -2.0464e+00 -6.3072e-02 -2.5553e+00 +9.1956e-02 -2.4862e+00 -2.1236e+00
30 0 +1.796506683e+04 +1.796022683e+04 +1.796022683e+04 -2.1444e+00 +5.8641e-01 +1.4855e+00 +1.0934e+00 -3.0735e+00 +1.0888e+00 +2.5408e-01 +2.4320e+00 +3.3146e+00 -2.8628e-01
% f evaluations | g evaluations | best noise-free fitness - Fopt (-6.337000000000e+01) + sum g_i+ | measured fitness | best measured fitness or single-digit g-values | x1 | x2...
1 0 +1.637456189e+05 +1.636822489e+05 +1.636822489e+05 -4.9548e+00 -4.7725e+00 +1.2544e+00 -1.6873e+00 +3.4179e-01 -2.9238e+00 -2.8954e+00 +2.0658e-01 +3.2335e+00 -1.7956e+00
2 0 +7.819201575e+04 +7.812864575e+04 +7.812864575e+04 -3.5365e+00 +5.3779e-01 +2.1975e+00 -2.7758e+00 -3.5958e+00 -1.7388e+00 -4.5375e+00 -1.3930e+00 +6.6572e-01 +1.9605e-01
9 0 +6.705731085e+04 +6.699394085e+04 +6.699394085e+04 -2.7530e+00 -2.2967e+00 +4.2312e-01 -1.7679e+00 -2.3821e+00 +1.8177e+00 +4.3434e+00 -1.0583e+00 +4.1621e+00 +2.6080e-01
14 0 +6.356196489e+04 +6.349859489e+04 +6.349859489e+04 +2.0492e-01 +3.4889e+00 -3.6948e+00 +6.0220e-01 -1.6694e+00 +2.2907e-01 -9.9323e-01 -2.3291e+00 +2.5820e+00 -1.1050e+00
15 0 +5.786722165e+04 +5.780385165e+04 +5.780385165e+04 -2.0603e+00 -4.3742e+00 -1.1364e+00 -3.1925e+00 -2.9032e+00 +2.9662e+00 -8.6028e-01 -7.5763e-01 -1.0598e+00 +1.5803e+00
22 0 +5.263286224e+04 +5.256949224e+04 +5.256949224e+04 -5.7914e-01 +1.8328e-01 +1.9146e+00 -2.8621e+00 -1.1361e+00 -4.0251e-01 -1.4909e-01 -1.6298e+00 -4.4783e+00 +2.6640e+00
23 0 +2.126356508e+04 +2.120019508e+04 +2.120019508e+04 -1.7863e-01 +3.2295e+00 -3.3599e+00 +1.6884e+00 -1.4373e+00 -2.2073e+00 +1.1381e+00 -3.9095e-01 -6.0201e-01 +1.9174e-01
38 0 +1.723201985e+04 +1.716864985e+04 +1.716864985e+04 +1.4417e-01 -3.4010e+00 +9.5264e-01 +1.1710e+00 +4.4484e-01 -3.0267e+00 +5.0672e-01 -1.1573e+00 -2.0812e+00 -1.6605e+00
309 0 +1.150455152e+04 +1.144118152e+04 +1.144118152e+04 +4.1085e-01 -2.9187e+00 +1.9247e-01 +1.0582e+00 -1.1604e+00 -1.7591e-01 +1.0594e+00 -1.0275e-01 +1.9168e+00 +3.4851e+00
362 0 +3.209510094e+03 +3.146140094e+03 +3.146140094e+03 +4.1085e-01 -5.1636e-01 +1.9247e-01 +1.0582e+00 -1.1604e+00 -1.7591e-01 +1.0594e+00 -1.0275e-01 +1.9168e+00 +3.4851e+00
% f evaluations | g evaluations | best noise-free fitness - Fopt (2.750000000000e+00) + sum g_i+ | measured fitness | best measured fitness or single-digit g-values | x1 | x2...
1 0 +2.513174842e+05 +2.513202342e+05 +2.513202342e+05 -4.8697e+00 +4.6285e+00 -3.2417e+00 +4.9972e+00 -3.8589e+00 -5.7076e-01 +9.5903e-01 +4.8234e+00 +2.2259e-01 -1.3267e-01
2 0 +1.629043931e+05 +1.629071431e+05 +1.629071431e+05 -4.2274e-01 -3.1976e-01 +2.0814e-01 -4.6892e+00 -2.5266e+00 +2.5684e+00 +5.4212e-01 -3.0791e+00 +2.8147e+00 -4.4827e+00
4 0 +1.291816225e+05 +1.291843725e+05 +1.291843725e+05 -1.1608e+00 +2.0713e+00 -1.9758e+00 -8.5202e-01 +1.5615e+00 -4.5060e+00 -4.3465e+00 -4.8838e+00 -5.1367e-01 -5.9036e-01
7 0 +3.584249740e+04 +3.584524740e+04 +3.584524740e+04 -9.3789e-01 +2.8210e+00 +1.0270e+00 +6.4685e-01 -3.5120e+00 -1.8721e+00 +3.1038e+00 +1.0690e+00 -4.4541e-01 -1.3526e+00
56 0 +1.677182062e+04 +1.677457062e+04 +1.677457062e+04 -1.5478e+00 -2.2547e+00 +5.5491e-01 -8.0093e-01 -2.0636e+00 -3.9872e-02 -1.3765e+00 -7.0446e-01 +9.0636e-01 -1.6328e+00
156 0 +1.560551465e+04 +1.560826465e+04 +1.560826465e+04 -1.6491e+00 -1.8361e+00 +5.7369e-01 -2.6762e-01 -3.9714e+00 +2.0630e+00 +1.1266e+00 -1.3441e+00 -8.7431e-01 +1.2429e+00
212 0 +1.405017989e+04 +1.405292989e+04 +1.405292989e+04 -1.5478e+00 -1.6797e+00 +5.5491e-01 -8.0093e-01 -2.0636e+00 -3.9872e-02 -1.3765e+00 -7.0446e-01 +9.0636e-01 -1.6328e+00
% f evaluations | g evaluations | best noise-free fitness - Fopt (-4.681000000000e+01) + sum g_i+ | measured fitness | best measured fitness or single-digit g-values | x1 | x2...
1 0 +9.117547302e+04 +9.112866302e+04 +9.112866302e+04 +1.3123e+00 -4.4212e+00 -9.5127e-01 +4.1569e+00 -2.2579e+00 -2.1858e+00 -7.1116e-02 +2.2795e+00 -1.8833e+00 -9.9540e-01
2 0 +8.598646524e+04 +8.593965524e+04 +8.593965524e+04 -1.7362e+00 -1.8714e+00 -2.1095e+00 -4.5029e+00 +1.7405e+00 -1.5276e+00 +1.4848e+00 +2.4382e+00 -2.5402e-01 -4.2650e+00
5 0 +6.565274647e+04 +6.560593647e+04 +6.560593647e+04 -2.1792e-01 -4.0610e+00 -5.2202e-01 -2.9731e+00 -9.0073e-01 +3.9226e+00 +1.9514e+00 +2.2260e+00 +1.6947e+00 +3.0105e+00
7 0 +3.132185791e+04 +3.127504791e+04 +3.127504791e+04 -7.5456e-01 +1.2231e+00 +1.0720e+00 -1.2607e+00 +2.7104e+00 +1.3417e+00 +2.4192e-01 -2.9615e+00 +2.7968e+00 +1.1056e-01
22 0 +1.163752704e+04 +1.159071704e+04 +1.159071704e+04 +2.1611e+00 +1.0328e+00 -1.1328e+00 -3.2577e+00 -1.6975e+00 -2.5901e-01 -5.4878e-02 -1.7155e-01 -8.3778e-01 +1.5143e+00
362 0 +8.808290273e+03 +8.761480273e+03 +8.761480273e+03 +1.0828e-01 -1.0210e+00 -1.3317e+00 -1.9395e+00 -4.5175e-01 -3.0997e+00 +4.8043e+00 -2.2345e+00 -1.2264e+00 +2.1009e+00
% f evaluations | g evaluations | best noise-free fitness - Fopt (6.134000000000e+01) + sum g_i+ | measured fitness | best measured fitness or single-digit g-values | x1 | x2...
1 0 +1.283377585e+05 +1.283990985e+05 +1.283990985e+05 -4.5425e+00 -7.1341e-01 -1.9561e+00 -3.9151e+00 -4.1180e+00 +3.2799e+00 +2.4925e+00 +7.0869e-01 +1.3170e+00 -4.2115e+00
2 0 +6.700095878e+04 +6.706229878e+04 +6.706229878e+04 +3.6104e+00 -9.9361e-01 -2.6206e+00 -7.0469e-01 -1.8373e+00 +1.2197e+00 -2.3636e+00 +8.4372e-01 -3.8444e+00 -1.7795e+00
5 0 +5.382330900e+04 +5.388464900e+04 +5.388464900e+04 -1.4235e+00 -6.5692e-01 -6.9189e-01 +3.4351e+00 -2.1990e-01 +3.8528e+00 +4.7560e+00 -3.9908e+00 +6.9900e-01 +2.7004e+00
6 0 +3.973556608e+04 +3.979690608e+04 +3.979690608e+04 -1.0335e+00 +3.4263e+00 -2.9491e+00 +3.1205e+00 -5.1993e-01 +3.7916e+00 +2.1745e+00 -3.4399e+00 +2.0931e+00 +6.6098e-01
20 0 +3.000831232e+04 +3.006965232e+04 +3.006965232e+04 +4.6909e+00 -1.7416e+00 +3.3617e+00 -2.2325e+00 +2.0127e+00 -3.5738e+00 +4.0414e-01 +2.7157e+00 -1.1814e+00 +2.0799e+00
46 0 +2.376672868e+04 +2.382806868e+04 +2.382806868e+04 -7.0023e-01 -7.6677e-01 +4.9935e+00 -7.7057e-01 +3.9239e+00 +5.1925e-01 -5.3715e-01 -6.4101e-01 +2.8557e+00 +1.1847e+00
57 0 +2.113007933e+04 +2.119141933e+04 +2.119141933e+04 +1.9773e+00 +3.6302e-02 -1.1042e+00 -2.3718e-01 -1.0772e+00 +5.6553e-01 +3.2063e+00 -1.2263e+00 -3.8158e+00 +2.6058e+00
