% f evaluations | g evaluations | best noise-free fitness - Fopt (7.135000000000e+01) + sum g_i+ | measured fitness | best measured fitness or single-digit g-values | x1 | x2...
1 0 +5.986097165e+01 +1.312109716e+02 +1.312109716e+02 +2.9030e+00 -2.3085e+00 +9.1271e-01 +4.1970e+00 +3.1741e+00 +7.1682e-01 +2.0250e+00 +4.4974e+00 -2.4272e+00 -7.3846e-01
5 0 +3.968554189e+01 +1.110355419e+02 +1.110355419e+02 -3.9648e+00 -2.2548e+00 -3.7602e+00 +4.3412e+00 -1.6366e+00 -9.6007e-02 +3.5063e+00 -3.0644e+00 -1.1842e+00 +3.7316e+00
17 0 +3.489140048e+01 +1.062414005e+02 +1.062414005e+02 +6.7353e-01 +1.1699e-01 +2.1018e+00 -2.0244e+00 -4.2315e+00 -3.0245e+00 +3.5475e+00 -3.4936e+00 +2.9309e+00 +4.3013e+00
45 0 +3.356105014e+01 +1.049110501e+02 +1.049110501e+02 -2.1999e+00 -2.9797e+00 +2.7017e+00 +4.8119e+00 -4.7973e+00 -2.3054e+00 +2.0245e+00 +1.9549e+00 +2.8714e+00 -3.9013e+00
356 0 +3.047991002e+01 +1.018299100e+02 +1.018299100e+02 -2.1836e+00 -2.9499e+00 +2.6977e+00 +4.7687e+00 -4.7584e+00 -2.3062e+00 +2.0278e+00 +1.9427e+00 +2.8636e+00 -3.8928e+00
604 0 +2.868738875e+01 +1.000373888e+02 +1.000373888e+02 -2.1836e+00 -2.9499e+00 +2.6977e+00 +4.7687e+00 -4.7584e+00 -1.6858e+00 +2.0278e+00 +1.9427e+00 +2.8636e+00 -3.8928e+00
811 0 +2.758404933e+01 +9.893404933e+01 +9.893404933e+01 -2.1800e+00 -2.9431e+00 +2.6968e+00 +4.7589e+00 -4.7495e+00 -2.1785e+00 +1.6963e+00 +1.9399e+00 +2.8618e+00 -3.8909e+00
903 0 +2.445217721e+01 +9.580217721e+01 +9.580217721e+01 -2.1809e+00 -2.9449e+00 +2.6970e+00 +4.7615e+00 -4.7518e+00 -2.1745e+00 +1.9232e+00 +1.9406e+00 +2.8623e+00 -3.8914e+00
909 0 +2.284198792e+01 +9.419198792e+01 +9.419198792e+01 -2.1829e+00 -2.9484e+00 +2.6975e+00 +4.7666e+00 -4.7565e+00 -2.1164e+00 +1.9441e+00 +1.9421e+00 +2.8632e+00 -3.8924e+00
964 0 +2.039372075e+01 +9.174372075e+01 +9.174372075e+01 -2.1924e+00 -3.0901e-01 +2.6999e+00 +4.7920e+00 -4.7794e+00 -1.9419e+00 +1.5599e+00 +1.9493e+00 +1.9556e+00 -3.8974e+00
% f evaluations | g evaluations | best noise-free fitness - Fopt (-3.552200000000e+02) + sum g_i+ | measured fitness | best measured fitness or single-digit g-values | x1 | x2...
1 0 +7.775946240e+01 -2.774605376e+02 -2.774605376e+02 +4.7596e-01 -4.8753e+00 -4.3182e+00 +4.6521e+00 +2.6866e+00 +2.1164e+00 -1.3492e+00 +2.8653e+00 +1.1641e+00 -4.6248e+00
2 0 +7.523104045e+01 -2.799889595e+02 -2.799889595e+02 +3.7058e+00 -1.7285e+00 +3.9412e+00 +2.7263e+00 -8.7613e-01 +1.2394e+00 -3.9578e+00 +1.1513e+00 -2.3505e+00 +3.0735e+00
3 0 +7.194779107e+01 -2.832722089e+02 -2.832722089e+02 -1.3988e+00 +2.3689e-01 +1.3102e+00 +4.2340e+00 -4.5461e+00 -4.2559e+00 -7.0085e-01 -1.1618e+00 -2.7869e+00 -2.2608e+00
7 0 +2.333198818e+01 -3.318880118e+02 -3.318880118e+02 -5.0787e-01 -3.8624e+00 -3.3444e+00 -3.2922e+00 -4.7158e+00 +1.8657e+00 -1.4931e+00 -2.7673e+00 -3.4798e+00 -4.3567e+00
% f evaluations | g evaluations | best noise-free fitness - Fopt (9.917000000000e+01) + sum g_i+ | measured fitness | best measured fitness or single-digit g-values | x1 | x2...
1 0 +6.349105343e+01 +1.626610534e+02 +1.626610534e+02 +3.1410e+00 -4.0927e+00 -1.8675e+00 +1.4106e+00 -7.4777e-01 -1.3769e+00 -5.3223e-01 -4.1012e+00 +2.0618e+00 +1.4215e+00
8 0 +5.236671873e+01 +1.515367187e+02 +1.515367187e+02 +2.5135e+00 -9.8449e-01 +4.5256e+00 +1.0096e+00 +3.5584e+00 -1.2272e+00 -1.0142e+00 +2.0423e+00 -2.4946e+00 +1.9735e+00
13 0 +4.792447284e+01 +1.470944728e+02 +1.470944728e+02 -3.9088e+00 +4.2409e+00 -2.0691e-01 +1.7914e+00 -1.3165e+00 -1.5059e+00 -2.1386e+00 -6.6314e-01 -8.0368e-01 +2.7666e-01
16 0 +3.894635916e+01 +1.381163592e+02 +1.381163592e+02 -3.1528e+00 +4.1857e+00 -3.7598e+00 -5.8373e-01 +3.3159e+00 +5.6412e-02 +4.0892e+00 +1.6215e+00 -1.9301e+00 +4.6680e+00
20 0 +1.665238720e+01 +1.158223872e+02 +1.158223872e+02 -2.5567e+00 +4.6427e+00 -3.9834e+00 +1.3886e+00 -1.1556e+00 -2.4968e+00 +3.5392e+00 -4.8342e+00 +2.7461e+00 -4.2784e+00
207 0 +1.115195404e+01 +1.103219540e+02 +1.103219540e+02 -2.9367e+00 +3.1401e+00 -1.9112e+00 +9.8739e-02 -7.0247e-01 -6.9246e-01 +3.3994e+00 -3.5293e+00 +3.0310e+00 -3.4047e+00
455 0 +9.244853534e+00 +1.084148535e+02 +1.084148535e+02 -2.8367e+00 +3.2736e+00 -2.0877e+00 +2.5897e-01 -7.1179e-01 -9.0909e-01 +3.3705e+00 -3.6249e+00 +2.9411e+00 -3.4520e+00
459 0 +8.926703860e+00 +1.080967039e+02 +1.080967039e+02 -2.8707e+00 +3.2282e+00 -2.0277e+00 +1.1399e-01 -7.0862e-01 -8.3543e-01 +3.3803e+00 -3.5924e+00 +2.9717e+00 -3.4359e+00
506 0 +5.603470399e+00 +1.047734704e+02 +1.047734704e+02 -2.9015e+00 +3.1871e+00 -1.9733e+00 +1.0688e-01 -7.0575e-01 -7.6876e-01 +3.3892e+00 -3.5630e+00 +2.9994e+00 -3.4213e+00
557 0 +5.256756336e+00 +1.044267563e+02 +1.044267563e+02 -2.8957e+00 +3.1948e+00 -1.9835e+00 +1.1306e-01 -7.0629e-01 -7.8118e-01 +3.3876e+00 -3.5684e+00 +2.9942e+00 -3.4241e+00
% f evaluations | g evaluations | best noise-free fitness - Fopt (-5.179100000000e+02) + sum g_i+ | measured fitness | best measured fitness or single-digit g-values | x1 | x2...
1 0 +7.150423427e+01 -4.464057657e+02 -4.464057657e+02 -2.2448e+00 +3.9688e+00 -6.6570e-01 -1.0763e+00 +3.0265e+00 +1.3823e+00 +3.1167e+00 +3.5069e+00 -2.3761e-01 -4.4142e+00
2 0 +7.012990959e+01 -4.477800904e+02 -4.477800904e+02 +1.6065e+00 -4.2327e+00 -1.6666e+00 -1.5285e+00 +2.1361e+00 -2.6317e+00 +3.6584e+00 +5.6920e-01 +4.4405e+00 +4.2738e+00
4 0 +5.342168717e+01 -4.644883128e+02 -4.644883128e+02 +1.2801e+00 +4.0753e+00 +4.0865e+00 -4.3111e+00 -2.4801e+00 +1.1714e+00 -2.0411e+00 +3.2428e+00 +2.2558e+00 +4.7874e-01
16 0 +4.413934723e+01 -4.737706528e+02 -4.737706528e+02 +4.4627e+00 +3.4431e+00 +2.5010e+00 -2.0516e+00 +3.9850e+00 -2.8551e-01 +1.9364e+00 -2.5502e-01 -3.0525e+00 +4.4858e+00
17 0 +3.859003486e+01 -4.793199651e+02 -4.793199651e+02 +3.9871e+00 +4.3527e+00 -3.3901e+00 +2.3468e+00 +1.4806e+00 +1.8480e+00 +1.3454e+00 +4.5522e+00 +4.2648e+00 +9.3817e-01
27 0 +3.146989957e+01 -4.864401004e+02 -4.864401004e+02 -4.5520e+00 -4.6163e+00 +4.3033e+00 +2.6582e+00 +4.1499e+00 -2.5480e+00 -4.5681e+00 -4.3400e+00 +1.5962e+00 +3.6590e+00
54 0 +2.793183929e+01 -4.899781607e+02 -4.899781607e+02 +3.8532e+00 -1.2752e+00 -2.0034e+00 +8.4406e-01 -2.7967e+00 +2.0601e+00 +4.2943e+00 +2.4645e+00 +3.3712e+00 +2.0649e+00
57 0 +2.570247312e+01 -4.922075269e+02 -4.922075269e+02 -7.7820e-01 +3.5861e+00 +7.9049e-01 +2.4344e+00 -1.2998e+00 -3.9506e-01 +2.1964e-01 +9.8079e-01 +3.9630e+00 -8.9802e-01
359 0 +2.269534013e+01 -4.952146599e+02 -4.952146599e+02 -2.8320e+00 -2.2579e+00 +4.5749e+00 -1.4980e-01 -6.8747e-01 -1.5719e+00 -4.9207e-01 +3.4452e+00 +3.9268e+00 +4.3798e+00
604 0 +2.235491516e+01 -4.955550848e+02 -4.955550848e+02 -2.8172e+00 -2.2651e+00 +4.5736e+00 -1.5396e-01 -6.8328e-01 -1.5769e+00 -4.7571e-01 +3.4182e+00 +3.8996e+00 +4.3536e+00
605 0 +2.113532644e+01 -4.967746736e+02 -4.967746736e+02 -2.8294e+00 -2.2592e+00 +4.5746e+00 -1.5055e-01 -6.8672e-01 -1.5728e+00 -4.8915e-01 +3.4403e+00 +3.9219e+00 +4.3751e+00
962 0 +1.945221577e+01 -4.984577842e+02 -4.984577842e+02 -9.0580e-01 -1.3581e+00 +9.4402e-01 +6.0530e-01 -5.9529e-01 +9.1595e-01 +3.8665e+00 -1.5605e+00 +6.6534e-01 -1.5538e+00
% f evaluations | g evaluations | best noise-free fitness - Fopt (-5.721000000000e+01) + sum g_i+ | measured fitness | best measured fitness or single-digit g-values | x1 | x2...
1 0 +8.762551288e+01 +3.041551288e+01 +3.041551288e+01 -8.3862e-01 +3.9439e+00 -1.6690e+00 +2.5864e+00 +1.8730e+00 -4.6054e+00 +4.7395e+00 -3.2513e+00 +2.1446e+00 +4.9714e+00
4 0 +4.977039283e+01 -7.439607170e+00 -7.439607170e+00 +2.8747e+00 -4.7127e-01 +1.8772e+00 +1.4951e+00 +5.5642e-01 -1.8551e+00 -2.7978e+00 +1.6859e+00 -7.0476e-02 -4.7692e+00
6 0 +4.145460189e+01 -1.575539811e+01 -1.575539811e+01 +2.6529e+00 -2.9861e+00 +2.0859e+00 +4.6835e+00 -4.1845e-01 +1.6539e+00 +4.6852e-01 -2.2999e+00 -2.1389e+00 -4.8525e+00
14 0 +3.815103504e+01 -1.905896496e+01 -1.905896496e+01 +4.3367e-01 -1.3451e+00 +2.9290e+00 +4.0262e+00 -2.9962e+00 -6.4340e-01 +3.6860e+00 +2.5134e+00 -2.1557e+00 -3.5383e+00
35 0 +3.076794451e+01 -2.644205549e+01 -2.644205549e+01 +4.6215e+00 +4.1479e+00 +3.2301e-02 -1.8830e+00 -4.8984e+00 -2.2271e+00 +4.2105e+00 +8.7415e-01 +3.4049e+00 +2.2638e+00
358 0 +2.664040119e+01 -3.056959881e+01 -3.056959881e+01 +2.6213e+00 -2.7419e+00 +2.0853e+00 +4.4566e+00 -2.9594e-01 +5.4275e-01 +5.9088e-01 -2.2810e+00 -1.9544e+00 -4.6109e+00
361 0 +2.538792178e+01 -3.182207822e+01 -3.182207822e+01 +1.6415e+00 +3.2569e+00 +4.7884e-01 -4.7513e+00 -2.5025e+00 +2.2824e+00 -2.1731e+00 +8.5534e-01 -8.5734e-01 +2.3899e+00
404 0 +1.811466267e+01 -3.909533733e+01 -3.909533733e+01 +1.8186e+00 -6.0555e-01 +2.1528e+00 +2.4659e+00 +2.4498e-01 -3.0582e-02 +1.8290e+00 -1.4460e+00 -9.9183e-01 -2.3352e+00
564 0 +1.740472782e+01 -3.980527218e+01 -3.980527218e+01 +1.8186e+00 -6.0555e-01 +2.1528e+00 +2.4659e+00 +2.4498e-01 -8.8363e-03 +1.8290e+00 -1.4460e+00 -9.9183e-01 -2.3352e+00
654 0 +1.737798954e+01 -3.983201046e+01 -3.983201046e+01 +1.8186e+00 -6.0555e-01 +2.1528e+00 +2.4659e+00 +2.4498e-01 -1.8327e-02 +1.8290e+00 -1.4460e+00 -9.9183e-01 -2.3352e+00
764 0 +1.527819383e+01 -4.193180617e+01 -4.193180617e+01 +1.8186e+00 -6.0555e-01 +2.1528e+00 +2.4659e+00 +2.4498e-01 -3.0582e-02 +1.8290e+00 -5.8428e-01 -9.9183e-01 -2.3352e+00
903 0 +1.496714781e+01 -4.224285219e+01 -4.224285219e+01 +1.8186e+00 -6.0555e-01 +2.1528e+00 +2.4659e+00 +2.4498e-01 -3.0112e-02 +1.8290e+00 -6.2372e-01 -9.9183e-01 -2.3352e+00
958 0 +1.334496172e+01 -4.386503828e+01 -4.386503828e+01 +1.8186e+00 -6.0555e-01 +2.1528e+00 +2.4659e+00 +2.4498e-01 -2.8813e-02 +1.8290e+00 -7.1435e-01 -9.9183e-01 -2.3352e+00
% f evaluations | g evaluations | best noise-free fitness - Fopt (6.626000000000e+01) + sum g_i+ | measured fitness | best measured fitness or single-digit g-values | x1 | x2...
1 0 +9.634361682e+01 +1.626036168e+02 +1.626036168e+02 -5.4212e-01 -5.3822e-02 +2.7041e+00 +4.4427e-01 -4.8043e+00 -3.8678e+00 +2.1190e+00 +3.4460e+00 +3.7821e+00 -2.2959e+00
2 0 +4.746944729e+01 +1.137294473e+02 +1.137294473e+02 -4.5803e+00 +1.7098e+00 +3.4667e+00 -2.5078e-01 -4.2734e+00 +4.5833e+00 +4.5016e-01 -9.7399e-01 -2.2748e+00 -2.1749e+00
13 0 +4.302252035e+01 +1.092825204e+02 +1.092825204e+02 +2.5654e+00 -4.4134e+00 -1.2258e+00 -6.5669e-01 -5.6002e-01 +1.5656e+00 +4.1904e+00 +4.2723e+00 -2.2883e+00 -2.2783e+00
21 0 +4.176330872e+01 +1.080233087e+02 +1.080233087e+02 +5.6568e-02 -3.9416e+00 -4.4182e+00 +4.9081e+00 -3.8591e+00 +6.1779e-01 -2.4099e+00 +3.6639e+00 -4.1742e+00 -2.5284e+00
27 0 +4.135959591e+01 +1.076195959e+02 +1.076195959e+02 +3.1603e+00 -2.6312e+00 +1.8971e+00 -8.6959e-02 -4.1872e+00 +1.0343e+00 -2.8171e+00 +1.6406e-01 +1.1680e+00 -4.8590e+00
32 0 +2.694095448e+01 +9.320095448e+01 +9.320095448e+01 -1.0307e+00 +3.6133e+00 -6.1046e-01 -3.0796e+00 +4.5897e+00 -6.9535e-01 -6.9286e-01 -5.6626e-01 +2.8831e+00 -1.5994e+00
102 0 +2.466204823e+01 +9.092204823e+01 +9.092204823e+01 -1.0260e+00 +3.6066e+00 -6.0827e-01 -3.0789e+00 +4.5727e+00 -6.8584e-01 -6.9370e-01 -5.5954e-01 +2.8773e+00 -1.6043e+00
406 0 +2.238892484e+01 +8.864892484e+01 +8.864892484e+01 -1.0225e+00 +3.5802e+00 -5.8430e-01 -3.0535e+00 +4.5049e+00 -7.0886e-01 -6.8553e-01 -5.3056e-01 +2.8839e+00 -1.6093e+00
657 0 +2.198873416e+01 +8.824873416e+01 +8.824873416e+01 -1.0260e+00 +3.6066e+00 -6.0827e-01 -3.0789e+00 +4.5727e+00 -6.8584e-01 -6.9370e-01 -5.5954e-01 +2.8773e+00 -1.3310e+00
714 0 +2.172874612e+01 +8.798874612e+01 +8.798874612e+01 -9.6075e-01 +3.5887e+00 -5.9202e-01 -3.0617e+00 +4.5267e+00 -7.0145e-01 -6.8816e-01 -5.3990e-01 +2.8818e+00 -1.6077e+00
759 0 +2.115664654e+01 +8.741664654e+01 +8.741664654e+01 -9.7260e-01 +3.5920e+00 -5.9498e-01 -3.0648e+00 +4.5351e+00 -6.9861e-01 -6.8916e-01 -5.4347e-01 +2.8810e+00 -1.5574e+00
813 0 +2.079837255e+01 +8.705837255e+01 +8.705837255e+01 -1.0251e+00 +3.6003e+00 -6.0256e-01 -3.0729e+00 +4.5566e+00 -4.6932e-01 -6.9175e-01 -5.5264e-01 +2.8789e+00 -1.6055e+00
861 0 +1.874017862e+01 +8.500017862e+01 +8.500017862e+01 -1.0141e+00 +3.6034e+00 -6.0532e-01 -3.0758e+00 +4.5644e+00 -3.8900e-01 -6.9269e-01 -5.5597e-01 +2.8781e+00 -1.3812e+00
904 0 +1.675214626e+01 +8.301214626e+01 +8.301214626e+01 -1.0064e+00 +3.6007e+00 -6.0292e-01 -3.0733e+00 +4.5576e+00 -4.4983e-01 -6.9187e-01 -5.5308e-01 +2.8788e+00 -1.4194e+00
955 0 +1.599241535e+01 +8.225241535e+01 +8.225241535e+01 -1.0086e+00 +3.6010e+00 -6.0313e-01 -3.0735e+00 +4.5582e+00 -4.4524e-01 -6.9195e-01 -5.5333e-01 +2.8787e+00 -1.4297e+00
% f evaluations | g evaluations | best noise-free fitness - Fopt (-1.386200000000e+02) + sum g_i+ | measured fitness | best measured fitness or single-digit g-values | x1 | x2...
1 0 +6.878985784e+01 -6.983014216e+01 -6.983014216e+01 +3.3948e+00 -3.8836e+00 +2.6671e+00 -2.2750e+00 -2.4154e+00 +2.1235e+00 +4.9886e+00 +2.3257e+00 +4.1272e+00 -1.4371e+00
4 0 +5.937362147e+01 -7.924637853e+01 -7.924637853e+01 -3.7348e+00 +5.2160e-02 +1.4270e+00 -1.2329e+00 +2.9998e+00 +1.1416e+00 +4.2817e-01 -2.2763e+00 -9.0733e-01 +1.5275e+00
6 0 +3.527941056e+01 -1.033405894e+02 -1.033405894e+02 +4.5953e+00 -4.4481e+00 -4.6003e+00 -2.4121e+00 -3.0462e+00 -2.9939e+00 +3.3818e+00 +1.3266e+00 -4.6026e+00 +9.5377e-01
41 0 +3.313363468e+01 -1.054863653e+02 -1.054863653e+02 -4.1503e+00 -4.3075e+00 +4.7333e+00 -1.9995e+00 -3.9009e+00 -2.8696e+00 +2.7852e+00 +1.2122e+00 -3.4640e+00 +3.9933e+00
53 0 +2.181826582e+01 -1.168017342e+02 -1.168017342e+02 -3.8970e-01 +1.8820e+00 +1.1056e+00 +3.3755e+00 -2.0964e+00 -8.2245e-01 -8.4244e-01 -1.3777e-01 +2.1406e+00 -1.8504e+00
357 0 +1.988049168e+01 -1.187395083e+02 -1.187395083e+02 -6.5476e-01 +1.8923e+00 +1.2062e+00 +3.4423e+00 -2.0735e+00 -6.1557e-01 -6.5343e-01 -3.6189e-01 +1.7638e+00 -1.6084e+00
502 0 +1.758744892e+01 -1.210325511e+02 -1.210325511e+02 -6.2486e-01 +1.8977e+00 +1.1834e+00 +3.4380e+00 -2.0843e+00 -6.4091e-01 -6.6335e-01 -3.3397e-01 +1.8045e+00 -1.6376e+00
861 0 +1.709378902e+01 -1.215262110e+02 -1.215262110e+02 -5.7087e-01 +1.9028e+00 +1.1503e+00 +3.4280e+00 -2.0979e+00 -6.8523e-01 -6.8947e-01 -2.4456e-01 +1.8793e+00 -1.6891e+00
% f evaluations | g evaluations | best noise-free fitness - Fopt (7.313900000000e+02) + sum g_i+ | measured fitness | best measured fitness or single-digit g-values | x1 | x2...
1 0 +6.267539160e+01 +7.940653916e+02 +7.940653916e+02 -3.9874e+00 -2.3186e+00 +3.5049e+00 -3.8842e+00 +1.8307e+00 -4.0214e+00 -4.7623e+00 -2.8458e-01 -3.9937e+00 +5.1826e-01
2 0 +5.069732109e+01 +7.820873211e+02 +7.820873211e+02 -2.0762e+00 +1.0197e+00 +2.1408e+00 -4.2064e+00 +4.6424e+00 +2.2645e+00 -1.7478e+00 -1.6421e+00 +1.4466e+00 +4.2921e+00
4 0 +3.331967739e+01 +7.647096774e+02 +7.647096774e+02 +4.8707e-01 -3.6698e+00 -3.8571e+00 +1.7842e-01 -1.7524e+00 -1.0831e+00 +1.0578e+00 -3.3432e+00 -3.3302e+00 -2.1944e-02
11 0 +3.163328494e+01 +7.630232849e+02 +7.630232849e+02 +3.2889e+00 -2.5770e+00 +4.7777e+00 +4.1800e+00 -1.2801e+00 -1.4090e+00 -1.4083e+00 +2.6055e+00 -3.8683e+00 +2.8355e+00
54 0 +2.583631611e+01 +7.572263161e+02 +7.572263161e+02 -2.1976e+00 -4.1951e-01 +7.9241e-03 -2.3174e+00 -6.0855e-01 -3.3893e+00 +2.0731e+00 +1.6209e+00 +3.1126e+00 -1.0624e+00
63 0 +2.129415417e+01 +7.526841542e+02 +7.526841542e+02 +1.0356e+00 +4.6557e+00 +3.4567e+00 -2.4194e+00 -4.8591e+00 -1.1332e-01 +2.4240e+00 -1.8665e+00 +2.9360e-01 -3.3073e-01
212 0 +1.168121260e+01 +7.430712126e+02 +7.430712126e+02 -3.8403e+00 -2.1202e+00 +3.4991e+00 -3.4634e+00 +1.4892e+00 -3.7743e+00 -3.2715e+00 -3.1274e-01 -3.8862e+00 +2.5813e-01
% f evaluations | g evaluations | best noise-free fitness - Fopt (7.526000000000e+01) + sum g_i+ | measured fitness | best measured fitness or single-digit g-values | x1 | x2...
1 0 +5.078402621e+01 +1.260440262e+02 +1.260440262e+02 +4.0333e+00 +4.7085e+00 +3.3969e+00 +4.7400e+00 +7.3822e-01 +3.8774e-01 -2.5353e+00 +8.7105e-02 -1.3638e-01 +5.4022e-01
5 0 +2.861509643e+01 +1.038750964e+02 +1.038750964e+02 +3.7707e+00 +3.6134e+00 -1.0522e+00 -1.3037e+00 +2.3048e+00 +2.0274e+00 -2.9910e+00 -4.6607e+00 +2.5210e-01 -2.1416e+00
60 0 +2.635121202e+01 +1.016112120e+02 +1.016112120e+02 -8.7837e-01 -3.4149e+00 +1.2272e+00 -2.1665e+00 -1.7435e+00 +1.2848e+00 -4.3186e+00 +3.1846e+00 +4.8947e-01 -2.9278e+00
302 0 +2.608454961e+01 +1.013445496e+02 +1.013445496e+02 -8.5500e-01 -3.3825e+00 +1.2119e+00 -2.1649e+00 -1.7282e+00 +1.2834e+00 -4.3009e+00 +3.1462e+00 +4.9123e-01 -2.9184e+00
313 0 +2.359179671e+01 +9.885179671e+01 +9.885179671e+01 -8.7837e-01 -3.4149e+00 +1.2272e+00 -2.1665e+00 -1.7435e+00 +1.2848e+00 -4.3186e+00 +3.1846e+00 +2.3970e-01 -2.9278e+00
355 0 +2.181857947e+01 +9.707857947e+01 +9.707857947e+01 -8.7837e-01 -3.4149e+00 +1.2272e+00 -2.1665e+00 -1.7435e+00 +1.2848e+00 -4.3186e+00 +3.1846e+00 +2.9164e-01 -2.9278e+00
452 0 +2.099366744e+01 +9.625366744e+01 +9.625366744e+01 -8.7837e-01 -3.4149e+00 +1.2272e+00 -2.1665e+00 -1.7435e+00 +1.2848e+00 -4.3186e+00 +3.1846e+00 +3.2072e-01 -2.9278e+00
653 0 +2.076332770e+01 +9.602332770e+01 +9.602332770e+01 -8.7071e-01 -3.4149e+00 +1.2272e+00 -2.1665e+00 -1.7435e+00 +1.2848e+00 -4.3186e+00 +3.1846e+00 +3.1411e-01 -2.9278e+00
% f evaluations | g evaluations | best noise-free fitness - Fopt (-4.913000000000e+01) + sum g_i+ | measured fitness | best measured fitness or single-digit g-values | x1 | x2...
1 0 +7.073648920e+01 +2.160648920e+01 +2.160648920e+01 +4.1047e+00 +1.8808e+00 -3.9325e+00 +7.9445e-01 -4.0765e+00 +3.0437e+00 +1.8649e+00 +4.0392e-01 -4.2368e+00 -2.8263e+00
2 0 +6.799454606e+01 +1.886454606e+01 +1.886454606e+01 +8.0838e-01 -2.3698e+00 -4.5593e-01 +4.4683e+00 -3.4445e+00 -4.1897e+00 +4.1769e+00 -3.8922e+00 -3.8901e+00 +3.4209e+00
3 0 +4.915102227e+01 +2.102226686e-02 +2.102226686e-02 +3.1679e+00 +3.5053e+00 +2.0672e+00 +4.1810e+00 -6.7243e-01 -2.9800e-01 +3.9991e-01 +6.9058e-01 +2.5963e+00 +1.9067e-01
4 0 +2.525938001e+01 -2.387061999e+01 -2.387061999e+01 -3.9686e+00 -8.9604e-02 +4.2633e+00 +2.1100e+00 +4.5291e+00 +6.1677e-01 -8.9633e-01 -3.8549e+00 +4.2129e+00 +4.6565e-01
109 0 +2.509729996e+01 -2.403270004e+01 -2.403270004e+01 -3.9827e+00 -6.4369e-03 +4.1922e+00 +2.0830e+00 +4.5078e+00 +6.5673e-01 -8.5734e-01 -3.7280e+00 +4.0215e+00 +4.4506e-01
205 0 +2.139021093e+01 -2.773978907e+01 -2.773978907e+01 -3.9712e+00 -7.4749e-02 +4.2506e+00 +2.1051e+00 +4.5253e+00 +6.2391e-01 -8.8936e-01 -3.8322e+00 +4.1787e+00 +4.6197e-01
207 0 +2.058342148e+01 -2.854657852e+01 -2.854657852e+01 -3.9775e+00 -3.7445e-02 +4.2187e+00 +2.0930e+00 +4.5158e+00 +6.4183e-01 -8.7188e-01 -3.7753e+00 +4.0929e+00 +4.5274e-01
312 0 +1.564778955e+01 -3.348221045e+01 -3.348221045e+01 -3.9712e+00 -7.4749e-02 +4.2506e+00 +2.1051e+00 +4.5253e+00 +6.2391e-01 -8.8936e-01 -3.8322e+00 +4.1787e+00 +7.2671e-03
410 0 +1.499401830e+01 -3.413598170e+01 -3.413598170e+01 -3.9726e+00 -6.6400e-02 +4.2434e+00 +2.1024e+00 +4.5232e+00 +6.2792e-01 -8.8545e-01 -3.8195e+00 +4.1595e+00 +3.7185e-01
456 0 +1.443098380e+01 -3.469901620e+01 -3.469901620e+01 -3.9575e+00 -6.7005e-02 +4.2488e+00 +2.1003e+00 +4.5220e+00 +6.2162e-01 -8.8659e-01 -3.8257e+00 +4.1735e+00 +4.4237e-02
603 0 +1.154629570e+01 -3.758370430e+01 -3.758370430e+01 -3.9517e+00 -6.1570e-02 +4.2468e+00 +2.0978e+00 +4.5201e+00 +6.2131e-01 -8.8470e-01 -3.8206e+00 +4.1679e+00 +1.3813e-01
659 0 +1.117201677e+01 -3.795798323e+01 -3.795798323e+01 -3.9552e+00 -6.1193e-02 +4.2449e+00 +2.0980e+00 +4.5202e+00 +6.2309e-01 -8.8410e-01 -3.8181e+00 +4.1631e+00 +2.3127e-01
755 0 +1.091210889e+01 -3.821789111e+01 -3.821789111e+01 -3.9501e+00 -5.7105e-02 +4.2447e+00 +2.0964e+00 +4.5191e+00 +6.2203e-01 -8.8329e-01 -3.8164e+00 +4.1622e+00 +2.4034e-01
% f evaluations | g evaluations | best noise-free fitness - Fopt (-1.418900000000e+02) + sum g_i+ | measured fitness | best measured fitness or single-digit g-values | x1 | x2...
1 0 +5.124308974e+01 -9.064691026e+01 -9.064691026e+01 +3.9752e+00 +2.8315e+00 -6.9835e-02 -2.3778e+00 +4.9985e+00 +5.9164e-01 -4.2661e+00 -4.9835e+00 +3.3035e-01 +1.4656e+00
8 0 +4.903846735e+01 -9.285153265e+01 -9.285153265e+01 -4.5323e+00 +1.6001e+00 -2.1747e+00 -4.7582e+00 +2.7980e+00 -1.4420e+00 -2.8799e+00 -1.1991e+00 +3.0498e+00 -2.2294e+00
19 0 +4.849596344e+01 -9.339403656e+01 -9.339403656e+01 +1.6327e+00 -4.0583e+00 +2.9945e+00 -3.8376e+00 +1.0871e+00 -4.7932e+00 -3.7543e+00 -3.8814e+00 +4.1084e+00 +2.3113e-01
29 0 +3.269927756e+01 -1.091907224e+02 -1.091907224e+02 +3.3514e+00 +1.4484e+00 -2.6072e+00 +9.6244e-01 -2.3190e+00 -1.6487e+00 -1.3777e+00 +3.0032e+00 -3.3662e+00 +2.5012e+00
46 0 +2.908243087e+01 -1.128075691e+02 -1.128075691e+02 -1.9638e+00 -2.6030e+00 +1.5680e+00 +2.1825e+00 +3.3608e+00 -1.5400e+00 +4.8211e+00 -8.5962e-01 +1.6632e+00 -1.3591e+00
204 0 +2.479461092e+01 -1.170953891e+02 -1.170953891e+02 +1.6673e+00 -6.9889e-01 +3.0866e+00 -9.6828e-01 +2.8314e+00 -3.1860e+00 +1.7793e+00 +3.3634e+00 -1.8193e+00 +1.7113e+00
304 0 +2.396347034e+01 -1.179265297e+02 -1.179265297e+02 +3.7866e+00 +2.1586e+00 +7.6262e-01 +1.4051e+00 +1.7191e+00 -1.7864e+00 -1.5599e+00 -2.5932e+00 +2.0683e+00 -2.0492e+00
364 0 +2.261771526e+01 -1.192722847e+02 -1.192722847e+02 +3.7866e+00 +2.1586e+00 +7.4995e-01 +1.4051e+00 +1.7191e+00 -1.7864e+00 -1.5599e+00 -2.5932e+00 +2.0683e+00 -2.0492e+00
558 0 +1.672920594e+01 -1.251607941e+02 -1.251607941e+02 +3.3658e+00 +1.7411e+00 +9.0467e-01 +1.2550e+00 +1.8384e+00 -1.8424e+00 -1.0250e+00 -2.1033e+00 +1.8146e+00 -1.7285e+00
753 0 +1.594369549e+01 -1.259463045e+02 -1.259463045e+02 +3.4991e+00 +1.8752e+00 +8.5083e-01 +1.3079e+00 +1.8007e+00 -1.8227e+00 -1.1963e+00 -2.2680e+00 +1.9008e+00 -1.8371e+00
804 0 +1.424936434e+01 -1.276406357e+02 -1.276406357e+02 +3.4803e+00 +1.8563e+00 +8.5845e-01 +1.3005e+00 +1.8060e+00 -1.8255e+00 -1.1721e+00 -2.2447e+00 +1.8886e+00 -1.8217e+00
805 0 +1.398092463e+01 -1.279090754e+02 -1.279090754e+02 +3.3847e+00 +1.7601e+00 +8.9705e-01 +1.2625e+00 +1.8331e+00 -1.8396e+00 -1.0493e+00 -2.1266e+00 +1.8268e+00 -1.7438e+00
856 0 +1.193358758e+01 -1.299564124e+02 -1.299564124e+02 +3.4025e+00 +1.7780e+00 +8.8987e-01 +1.2696e+00 +1.8281e+00 -1.8370e+00 -1.0721e+00 -2.1486e+00 +1.8383e+00 -1.7583e+00
% f evaluations | g evaluations | best noise-free fitness - Fopt (1.095700000000e+02) + sum g_i+ | measured fitness | best measured fitness or single-digit g-values | x1 | x2...
1 0 +7.708414243e+01 +1.866541424e+02 +1.866541424e+02 -8.9799e-01 +1.2350e+00 +3.8584e+00 -3.4034e-01 +4.0978e+00 +1.1352e+00 -2.4247e+00 +1.9239e+00 -1.7337e+00 +9.8959e-01
3 0 +7.012486313e+01 +1.796948631e+02 +1.796948631e+02 +9.8826e-02 +2.6767e+00 +3.0303e+00 +3.6705e+00 -3.9975e+00 -3.3556e+00 +6.7190e-01 +5.4258e-01 -2.5237e+00 +5.6657e-01
4 0 +6.725772788e+01 +1.768277279e+02 +1.768277279e+02 +3.9245e+00 +1.3438e+00 -2.2269e+00 +1.3130e+00 -9.1254e-01 -1.8569e+00 -1.2798e+00 +4.1072e+00 +8.3031e-01 -2.6107e+00
9 0 +6.409852312e+01 +1.736685231e+02 +1.736685231e+02 +1.9969e+00 +1.2675e+00 +2.5265e+00 +2.0437e+00 -2.5384e+00 -2.0557e+00 +3.2798e+00 -6.8520e-02 +1.1140e+00 +8.2926e-01
11 0 +4.367110233e+01 +1.532411023e+02 +1.532411023e+02 -5.8604e-01 +1.5842e+00 -3.7586e+00 +1.5502e-01 +7.2647e-01 -1.3219e+00 +2.8734e+00 -2.4368e+00 +2.5051e+00 -4.9979e+00
22 0 +3.648610969e+01 +1.460561097e+02 +1.460561097e+02 -3.1697e+00 -4.8351e-01 +4.2936e+00 -4.5758e+00 +4.3733e+00 +9.9680e-01 +3.5408e-01 -2.5866e+00 +4.4222e+00 +2.8216e+00
58 0 +2.888650108e+01 +1.384565011e+02 +1.384565011e+02 -8.1907e-01 +2.1327e+00 -2.0383e+00 +2.4615e+00 +1.3747e+00 +1.6239e+00 -3.3630e+00 +4.1638e+00 -2.6999e+00 +1.2072e+00
256 0 +2.058874054e+01 +1.301587405e+02 +1.301587405e+02 -9.1489e-01 +1.9516e+00 -1.9953e+00 +2.3254e+00 +1.3149e+00 +1.7195e+00 -3.2275e+00 +4.1684e+00 -2.7568e+00 +1.1608e+00
% f evaluations | g evaluations | best noise-free fitness - Fopt (7.836000000000e+01) + sum g_i+ | measured fitness | best measured fitness or single-digit g-values | x1 | x2...
1 0 +6.847072727e+01 +1.468307273e+02 +1.468307273e+02 -2.8211e+00 -8.9653e-01 -3.6511e+00 +3.5459e+00 +4.3294e-01 -1.6611e+00 -4.1195e+00 +2.6838e+00 +4.3728e-01 +4.3507e+00
13 0 +5.171028990e+01 +1.300702899e+02 +1.300702899e+02 +1.2992e+00 +4.3861e+00 -1.0636e+00 -9.6704e-01 -2.0204e+00 +7.7342e-01 -1.5708e+00 -4.1844e+00 +4.1016e+00 -6.1952e-01
22 0 +4.825294657e+01 +1.266129466e+02 +1.266129466e+02 +3.0529e+00 -4.3123e+00 +5.8011e-01 +1.2776e+00 -1.1989e+00 -2.8309e+00 +4.5027e+00 +3.2531e+00 -4.2338e-01 -4.8983e+00
24 0 +4.637428620e+01 +1.247342862e+02 +1.247342862e+02 +1.5961e+00 +8.8995e-01 +3.3298e+00 -4.7036e+00 +4.7550e+00 -3.5512e+00 -2.0846e+00 +4.7759e-01 +2.4722e-01 -2.4809e+00
35 0 +4.080122538e+01 +1.191612254e+02 +1.191612254e+02 -6.8639e-01 -4.6379e+00 +1.1451e-01 +9.0118e-02 +3.9686e+00 +1.9369e+00 -2.4888e+00 -5.2161e-01 +1.9753e+00 +4.4636e+00
36 0 +3.619122480e+01 +1.145512248e+02 +1.145512248e+02 -4.7658e+00 -1.2828e+00 +2.4157e+00 +3.7105e+00 +3.5751e+00 +6.1935e-01 +9.9768e-02 -3.0061e+00 +3.5262e+00 +3.2074e+00
42 0 +3.040015747e+01 +1.087601575e+02 +1.087601575e+02 -3.4389e-01 -1.5093e+00 -2.5137e+00 -1.9351e+00 -9.0872e-01 -4.1870e+00 +9.4932e-01 +4.5676e+00 +3.4722e+00 -3.0499e+00
106 0 +2.226203924e+01 +1.006220392e+02 +1.006220392e+02 -3.3942e+00 -1.0185e+00 +2.8112e-01 +3.3748e+00 -1.9304e+00 -4.2494e+00 -1.5655e+00 +5.9964e-01 +2.9014e+00 -2.2324e+00
311 0 +2.182272927e+01 +1.001827293e+02 +1.001827293e+02 -3.4389e-01 -1.5093e+00 -2.5137e+00 -1.9351e+00 -9.0872e-01 -1.0980e+00 +9.2478e-01 +4.5676e+00 +3.4722e+00 -3.0499e+00
612 0 +2.118123223e+01 +9.954123223e+01 +9.954123223e+01 -2.9017e-01 -1.5093e+00 -2.5137e+00 -1.9351e+00 -9.0872e-01 -1.0980e+00 +9.2478e-01 +4.5676e+00 +3.4722e+00 -3.0499e+00
752 0 +2.045215398e+01 +9.881215398e+01 +9.881215398e+01 -3.4868e-01 -1.5075e+00 -2.5038e+00 -1.9164e+00 -9.1233e-01 -1.1091e+00 +9.1598e-01 +4.5536e+00 +3.4701e+00 -3.0470e+00
856 0 +2.037434527e+01 +9.873434527e+01 +9.873434527e+01 -3.1066e-01 -1.5089e+00 -2.5115e+00 -1.9310e+00 -9.0951e-01 -1.1004e+00 +9.2285e-01 +4.5645e+00 +3.4717e+00 -3.0493e+00
% f evaluations | g evaluations | best noise-free fitness - Fopt (1.140900000000e+02) + sum g_i+ | measured fitness | best measured fitness or single-digit g-values | x1 | x2...
1 0 +6.534069862e+01 +1.794306986e+02 +1.794306986e+02 -3.2498e+00 -1.0171e+00 +2.0916e+00 -1.4552e+00 -2.2681e-01 +7.8294e-01 +4.5500e+00 -1.7762e+00 -1.9049e+00 -4.8719e+00
2 0 +5.208207249e+01 +1.661720725e+02 +1.661720725e+02 -9.1856e-01 -1.0449e+00 -3.3698e+00 +8.2428e-01 -4.2340e+00 -7.2922e-01 +2.3944e+00 -4.9993e+00 +4.0123e+00 -1.1730e+00
4 0 +4.975071353e+01 +1.638407135e+02 +1.638407135e+02 -1.9274e+00 -1.9945e+00 -2.5943e+00 -8.9269e-01 -3.8509e+00 -9.7113e-02 +2.2344e+00 -3.6186e+00 -4.8723e-01 +2.4083e+00
8 0 +4.177883529e+01 +1.558688353e+02 +1.558688353e+02 -1.8414e+00 +3.0905e+00 -2.9986e+00 +4.7298e+00 -3.2332e+00 +3.6797e+00 +5.6846e-01 -5.4515e-01 +6.0805e-01 +2.1110e+00
9 0 +4.130548286e+01 +1.553954829e+02 +1.553954829e+02 -1.0881e+00 +2.5407e-01 +4.2280e+00 -6.6900e-01 -3.0986e+00 -4.6866e+00 +3.1256e+00 -2.1635e+00 +2.5523e+00 +2.0952e-01
18 0 +2.793249347e+01 +1.420224935e+02 +1.420224935e+02 -3.2951e-01 +4.0171e+00 -2.9539e+00 -4.2771e+00 +3.9435e+00 +3.3258e+00 -4.5010e+00 +2.2556e+00 +1.7738e+00 +3.5910e+00
25 0 +2.161595486e+01 +1.357059549e+02 +1.357059549e+02 +2.4165e+00 -2.0769e+00 -2.2162e+00 -3.0560e+00 -2.2535e+00 -2.1440e+00 -8.1799e-02 -2.7624e+00 -2.8990e+00 +2.3657e+00
259 0 +1.838640762e+01 +1.324764076e+02 +1.324764076e+02 +1.3640e+00 -1.3082e-01 -1.7798e+00 -1.3127e+00 -2.1488e-01 +3.3710e+00 -5.0265e-01 +7.2214e-01 +2.2918e+00 -6.9057e-01
904 0 +1.678296327e+01 +1.308729633e+02 +1.308729633e+02 +1.4350e+00 -6.6255e-02 -1.7972e+00 -1.3071e+00 -3.3262e-01 +3.3273e+00 -4.5832e-01 +7.2890e-01 +2.2179e+00 -5.6564e-01
953 0 +1.466957019e+01 +1.287595702e+02 +1.287595702e+02 +1.3601e+00 -1.3495e-01 -1.7803e+00 -1.3171e+00 -2.4291e-01 +3.3203e+00 -4.7349e-01 +6.9948e-01 +2.2602e+00 -6.6018e-01
% f evaluations | g evaluations | best noise-free fitness - Fopt (-5.445900000000e+02) + sum g_i+ | measured fitness | best measured fitness or single-digit g-values | x1 | x2...
1 0 +1.139028097e+02 -4.306871903e+02 -4.306871903e+02 +3.9151e+00 -1.5934e+00 -2.4848e-01 +4.9994e-01 -4.2135e+00 -3.5808e+00 +4.9195e+00 -4.5479e+00 +3.5726e+00 +2.2367e+00
2 0 +9.388659898e+01 -4.507034010e+02 -4.507034010e+02 +1.9657e+00 +6.4403e-01 -3.8742e+00 +4.8426e+00 +4.2853e+00 +6.6190e-01 -3.5823e+00 +4.0398e+00 +4.0054e+00 -1.7576e+00
3 0 +5.418851754e+01 -4.904014825e+02 -4.904014825e+02 -2.6746e+00 -6.4248e-01 +6.0895e-01 +2.2788e+00 -1.0445e+00 -1.1885e+00 -4.6781e-02 -4.3074e+00 -4.5148e+00 +1.7466e+00
9 0 +4.353599542e+01 -5.010540046e+02 -5.010540046e+02 -4.2720e+00 -3.0031e+00 -1.0131e+00 -3.2156e+00 +2.9766e+00 -1.8537e-01 +4.3809e+00 -1.6931e+00 -1.8866e+00 +4.1178e-01
12 0 +2.751648071e+01 -5.170735193e+02 -5.170735193e+02 -6.5149e-01 +2.0810e+00 +1.6114e+00 +4.2893e-01 -4.1967e+00 +3.7903e+00 -4.1950e+00 -2.0215e+00 +3.7723e-01 -7.8422e-01
20 0 +1.942444374e+01 -5.251655563e+02 -5.251655563e+02 +2.2027e+00 -4.3406e+00 -2.0024e+00 +2.6074e+00 -2.5460e+00 +3.9659e+00 -2.6848e+00 -8.3812e-01 +1.7407e+00 +3.9526e-01
261 0 +1.888900776e+01 -5.257009922e+02 -5.257009922e+02 +2.1857e+00 -4.3406e+00 -2.0024e+00 +2.6074e+00 -2.5460e+00 +3.9659e+00 -2.6848e+00 -8.3812e-01 +1.7407e+00 +3.9526e-01
