% f evaluations | g evaluations | best noise-free fitness - Fopt (-5.494000000000e+01) + sum g_i+ | measured fitness | best measured fitness or single-digit g-values | x1 | x2...
1 0 +1.700370655e+07 +1.700365161e+07 +1.700365161e+07 -1.4933e+00 -3.7205e+00 -4.2046e+00 -3.0028e+00 +8.7176e-01 -3.1596e+00 +4.8920e+00 -4.4622e+00 +4.6697e+00 -4.1537e+00 +4.7809e+00 -2.8753e+00 +4.8287e+00 -1.4999e-01 +2.9703e+00 -2.4266e+00 +4.2266e-01 +4.8097e+00 -3.8237e+00 -2.2126e+00
2 0 +2.779216873e+06 +2.779161933e+06 +2.779161933e+06 -1.3814e-01 -1.4105e+00 +1.3172e+00 +5.1742e-01 +2.8080e+00 -4.5817e+00 -2.4607e+00 +4.6770e+00 -3.9360e+00 +2.7164e+00 -3.0423e+00 +5.6961e-01 -1.5970e+00 -1.2545e+00 +3.6305e+00 +7.9664e-01 +1.2182e+00 -1.4674e+00 -3.1901e+00 +1.8375e+00
% f evaluations | g evaluations | best noise-free fitness - Fopt (5.913000000000e+01) + sum g_i+ | measured fitness | best measured fitness or single-digit g-values | x1 | x2...
1 0 +2.881979337e+07 +2.881985250e+07 +2.881985250e+07 +4.1912e+00 -7.0143e-01 -3.1131e+00 +1.8118e+00 -3.6208e+00 +4.6049e+00 +3.7445e+00 +4.5454e+00 -3.2921e+00 +3.8355e+00 +2.7233e+00 -2.3410e+00 -3.3098e+00 -4.0260e+00 +7.2841e-01 -2.4224e-01 -4.7731e+00 +2.8510e+00 -2.4669e+00 -5.4387e-01
2 0 +2.835043990e+07 +2.835049903e+07 +2.835049903e+07 -2.5213e-01 -3.9939e+00 +4.2428e+00 -3.8039e+00 -4.9990e+00 +4.0783e+00 -4.5450e-01 +2.0309e+00 -4.5294e+00 -3.1217e-01 +1.3178e+00 +2.2337e+00 -4.3020e+00 +1.1831e+00 -1.2499e+00 -2.6485e+00 +4.4481e+00 -1.8926e+00 -4.2776e+00 -1.4842e+00
3 0 +2.002975120e+07 +2.002981033e+07 +2.002981033e+07 +4.8410e+00 -1.2113e+00 +2.3435e-01 -2.9020e+00 +3.6129e+00 -3.8490e+00 +4.7655e+00 +3.1108e+00 -3.9532e-01 -2.3462e+00 -4.7331e+00 +4.9511e+00 +5.0667e-01 +1.5402e+00 -2.6118e+00 +1.9911e+00 -4.9394e+00 -3.1036e+00 +2.9987e-01 +2.9759e+00
4 0 +1.715138191e+07 +1.715144104e+07 +1.715144104e+07 -1.1521e+00 +4.5983e+00 +3.3211e+00 +3.4191e+00 -1.9433e+00 -1.0629e+00 -1.0039e+00 +2.4752e+00 +2.9343e+00 +3.3673e+00 -9.4208e-01 +4.4328e-01 +3.0494e+00 -8.5128e-01 +5.8961e-01 +3.2416e+00 -2.7437e+00 -3.3157e+00 +2.4163e+00 +4.7035e+00
5 0 +1.152514182e+07 +1.152520095e+07 +1.152520095e+07 +2.2388e+00 +2.9275e+00 +1.9929e+00 -1.9881e+00 +2.2571e+00 -1.9729e+00 -2.6697e+00 -7.8054e-01 +2.8058e+00 -4.1473e+00 -5.7720e-01 +3.5081e+00 -2.3609e+00 +3.8824e+00 -2.3009e+00 +4.7163e+00 -4.1557e+00 +4.4311e-01 -1.2450e+00 -1.9333e+00
6 0 +5.262023191e+06 +5.262082321e+06 +5.262082321e+06 -3.5839e+00 -2.4660e+00 -3.0396e+00 -9.5868e-01 -4.7496e+00 +1.0519e+00 +1.8300e+00 -2.5430e+00 -3.4391e+00 +4.7034e+00 -3.5149e-02 -1.1202e+00 +4.9438e+00 +6.5917e-02 -4.5472e+00 +3.7057e+00 +3.3276e+00 +1.2437e+00 +2.3706e+00 +1.9353e+00
10 0 +5.130167321e+06 +5.130226451e+06 +5.130226451e+06 -2.9665e+00 -3.4053e+00 -2.8604e+00 +1.4477e-01 +1.0707e-01 -3.2424e+00 -1.7544e+00 +4.5743e+00 -2.2174e+00 +3.4470e+00 +2.9781e+00 -4.9907e+00 -1.9972e+00 -2.1619e+00 +1.1700e+00 +4.0230e+00 -1.3281e+00 -1.1719e+00 +1.5534e+00 -3.5055e+00
14 0 +4.868042251e+06 +4.868101381e+06 +4.868101381e+06 -1.2931e+00 +3.3883e-01 -3.7176e+00 +3.2382e+00 -2.2044e+00 -3.7488e+00 +4.8288e+00 +9.0250e-01 +1.4192e+00 +2.2458e+00 +3.6376e+00 -2.0464e+00 +4.0212e+00 +9.2872e-01 +3.9565e+00 +4.4531e+00 -1.4480e+00 -1.1503e+00 -3.8795e-01 -1.1697e+00
% f evaluations | g evaluations | best noise-free fitness - Fopt (-4.915300000000e+02) + sum g_i+ | measured fitness | best measured fitness or single-digit g-values | x1 | x2...
1 0 +1.033252344e+07 +1.033203191e+07 +1.033203191e+07 +3.5129e+00 -3.2054e+00 +2.2545e+00 -3.7620e+00 -2.4868e+00 +2.4701e+00 +1.8343e+00 -2.5681e+00 +2.1828e+00 +1.9742e+00 -3.9220e+00 +4.8955e+00 -4.7877e+00 +2.7992e-01 +4.0913e+00 -2.5605e+00 +2.3534e+00 -1.2847e+00 -2.2613e+00 -3.8029e+00
2 0 +1.200560978e+06 +1.200069448e+06 +1.200069448e+06 -2.6008e+00 -2.3906e+00 -8.9255e-01 +3.1153e+00 -1.1965e+00 -4.4788e+00 +3.2218e+00 -1.7041e+00 +2.4200e+00 +5.8244e-01 -1.2966e+00 +3.5173e+00 +2.0187e+00 +2.5300e+00 -3.3282e+00 -2.7786e+00 +4.9964e-01 +1.7451e+00 +3.8327e-01 -1.0622e+00
% f evaluations | g evaluations | best noise-free fitness - Fopt (-1.702000000000e+02) + sum g_i+ | measured fitness | best measured fitness or single-digit g-values | x1 | x2...
1 0 +1.551008366e+07 +1.550991346e+07 +1.550991346e+07 +4.0556e+00 +1.3554e+00 -2.0058e+00 +7.5115e-01 +3.7543e+00 -2.5710e+00 +6.6063e-01 -2.4315e+00 +3.8807e+00 +3.5637e-01 +3.5553e+00 +3.5046e-02 -9.3959e-01 -1.0110e+00 -3.6827e+00 +3.9760e+00 +4.5826e+00 +2.1130e+00 +2.4186e+00 +2.8448e+00
3 0 +1.483758608e+07 +1.483741588e+07 +1.483741588e+07 +1.2690e+00 -4.8382e-01 -3.0038e-01 +3.0813e+00 +9.6541e-01 +4.1759e+00 -3.8142e+00 -3.5426e+00 +6.9878e-01 +2.3648e+00 +2.1605e-01 -2.7336e+00 +2.3098e+00 +2.9610e+00 +4.1924e+00 -2.6621e+00 +1.1085e+00 -1.6060e+00 -1.3551e+00 +1.5656e+00
6 0 +5.062374505e+06 +5.062204305e+06 +5.062204305e+06 -1.8780e+00 -4.8436e+00 +4.8374e-01 +2.9188e+00 -2.4530e+00 -3.9925e-01 +4.3258e+00 +3.1475e+00 -3.1942e+00 +4.7118e+00 +1.4933e+00 -2.6087e-01 +5.1299e-01 -2.4537e+00 +2.2590e+00 -1.3799e+00 +1.0800e+00 +3.4661e+00 -1.5715e+00 +2.4141e+00
% f evaluations | g evaluations | best noise-free fitness - Fopt (-4.697500000000e+02) + sum g_i+ | measured fitness | best measured fitness or single-digit g-values | x1 | x2...
1 0 +5.629748013e+07 +5.629701038e+07 +5.629701038e+07 +4.7871e+00 +1.2953e+00 +3.7834e+00 -2.4277e+00 -3.2769e+00 +3.6088e+00 -1.4422e+00 +1.1807e+00 -3.1988e+00 -4.4173e+00 -1.8329e+00 +3.8546e+00 -3.4405e+00 -4.8293e+00 -1.5537e+00 -6.3456e-01 -3.1365e+00 -2.1349e+00 -3.0127e+00 +4.2382e+00
2 0 +1.781068954e+07 +1.781021979e+07 +1.781021979e+07 -1.6071e+00 +1.3766e+00 -4.7894e+00 +4.2284e+00 -2.3932e+00 -4.8258e+00 +4.4258e+00 +4.4766e+00 +2.0780e-01 +2.7549e+00 -4.4681e+00 +3.0512e-02 -3.1232e+00 -1.5182e+00 -1.0289e+00 +3.6942e+00 -2.8973e-01 +3.9969e+00 -1.8075e+00 +3.0070e+00
8 0 +1.288746210e+07 +1.288699235e+07 +1.288699235e+07 -1.0042e+00 +3.4839e+00 -8.6455e-01 +4.8501e+00 -2.1938e+00 +3.5286e-01 -4.0950e+00 +4.6168e+00 -2.3327e+00 -1.8050e+00 -8.1439e-01 +1.0575e+00 +3.9283e+00 +3.4289e+00 +3.6174e+00 +2.7808e+00 +3.4292e+00 +2.9345e+00 -2.5662e+00 +1.5369e+00
9 0 +6.566052181e+06 +6.565582431e+06 +6.565582431e+06 +1.3677e+00 +5.0482e-02 -4.3437e+00 -2.8630e+00 -4.7957e+00 +1.6500e+00 -4.2324e+00 +5.2863e-01 +1.6508e+00 +3.2070e+00 -1.7610e+00 -3.8023e+00 +1.3802e+00 +1.4813e+00 -2.0858e+00 +2.8084e+00 +3.1592e+00 -2.4388e+00 -3.9357e+00 -1.0895e+00
29 0 +6.221429464e+06 +6.220959714e+06 +6.220959714e+06 -1.4145e+00 +4.9827e+00 +8.0512e-02 +4.0573e+00 +9.8022e-01 +6.5423e-01 -4.3278e+00 +9.9424e-01 +3.1820e+00 +3.9912e+00 -2.8923e+00 +4.9430e+00 +2.6800e+00 -1.4958e-01 +4.9534e+00 -3.2706e+00 +3.9999e+00 +1.7108e+00 +2.1880e+00 -2.0394e+00
% f evaluations | g evaluations | best noise-free fitness - Fopt (-5.191000000000e+01) + sum g_i+ | measured fitness | best measured fitness or single-digit g-values | x1 | x2...
1 0 +1.888782331e+07 +1.888777140e+07 +1.888777140e+07 -4.8054e+00 -2.6161e+00 +2.2744e+00 -3.1475e+00 +4.5638e+00 -4.5164e+00 -5.4309e-01 +8.2850e-01 +9.5907e-01 -4.6565e+00 -1.8094e+00 -4.5672e+00 +3.5847e+00 -1.9991e+00 +4.9946e+00 +1.7957e+00 +1.7646e+00 +4.6183e+00 +1.2960e+00 -2.2886e-01
2 0 +1.471224564e+07 +1.471219373e+07 +1.471219373e+07 +2.2285e+00 +2.9550e+00 +3.9938e+00 +1.5738e+00 +2.8413e+00 -3.2244e+00 +4.0889e+00 -9.9210e-01 +2.8449e+00 -1.7355e+00 -1.3636e+00 -1.4971e+00 +2.4500e+00 +2.6273e+00 +4.6711e+00 -3.0574e+00 -1.4478e-01 -2.9375e-01 +3.6450e-01 -1.3423e+00
7 0 +1.284981196e+07 +1.284976005e+07 +1.284976005e+07 +2.7085e-02 +1.6492e+00 +3.7447e+00 -1.0335e+00 -9.5028e-01 +6.0395e-01 +4.7040e+00 +2.2249e+00 -1.6277e+00 +3.1960e-01 -4.2609e+00 -4.5735e-01 -3.3379e+00 -4.1541e+00 +2.6660e-01 +3.0972e+00 +8.1263e-02 +3.2979e-01 -4.1005e+00 +1.2288e+00
8 0 +1.226503354e+07 +1.226498163e+07 +1.226498163e+07 +1.1832e+00 -1.6825e+00 +1.2648e+00 +1.7278e+00 +4.8355e+00 -3.6437e+00 -3.1313e-01 -3.2781e+00 -1.1098e+00 -3.6938e+00 +3.4424e+00 +3.8341e+00 -3.4684e+00 -1.0787e+00 -3.6672e+00 +3.6827e+00 +6.8116e-01 -1.3605e-01 +3.4167e+00 -2.2600e+00
9 0 +1.160533193e+06 +1.160481283e+06 +1.160481283e+06 +3.3955e+00 +3.3820e+00 -1.9644e+00 +3.9548e+00 +1.0154e+00 -4.7524e+00 +3.1362e+00 +3.0872e+00 +2.4787e+00 +3.5022e+00 +6.1317e-01 +6.1338e-01 +1.2357e+00 +1.8284e+00 +1.8705e+00 +2.1871e+00 +4.7763e+00 -2.0625e+00 +1.8971e+00 -7.4303e-01
% f evaluations | g evaluations | best noise-free fitness - Fopt (4.808000000000e+01) + sum g_i+ | measured fitness | best measured fitness or single-digit g-values | x1 | x2...
1 0 +1.651903514e+07 +1.651908322e+07 +1.651908322e+07 +1.5354e+00 +1.9647e+00 +2.2602e+00 +4.3075e+00 +3.4374e+00 -1.7240e+00 -3.8678e-01 -2.9646e+00 +4.6985e+00 +1.0335e+00 +2.6495e+00 -2.1930e+00 +2.3537e+00 -4.3204e+00 +6.1109e-01 +4.6808e+00 -4.5429e+00 -7.1740e-01 +3.8466e-01 +4.2751e+00
3 0 +1.057700282e+07 +1.057705090e+07 +1.057705090e+07 +4.5887e+00 +4.9823e+00 +2.9881e+00 +6.2808e-01 -4.3824e+00 +3.7226e+00 -2.0351e+00 -4.4056e+00 +3.9539e+00 -3.5377e+00 +9.0631e-01 +3.5048e+00 +1.6722e+00 -5.9210e-01 +5.6893e-01 +7.3941e-02 -1.9056e+00 +2.8268e-01 +2.3644e-01 +3.9934e+00
5 0 +4.364846843e+06 +4.364894923e+06 +4.364894923e+06 -4.2232e+00 +1.1118e+00 -4.1057e+00 +3.1271e+00 +1.3626e+00 +3.3700e+00 +3.3391e+00 +4.4100e+00 -3.8233e+00 -7.5780e-01 +3.2475e+00 +3.8731e+00 -1.6479e+00 +2.1651e+00 +4.9531e+00 +3.4369e+00 -2.8849e+00 -2.2438e+00 -7.2378e-01 -1.6102e+00
8 0 +2.890424171e+06 +2.890472251e+06 +2.890472251e+06 -3.5263e-01 +6.0787e-01 -4.1106e-01 +2.0710e+00 -3.8223e+00 +1.2690e+00 +2.1325e+00 +9.4684e-01 -9.6396e-01 -1.6665e-01 +1.7287e+00 -2.2609e+00 +3.6555e+00 +4.2102e+00 -9.8679e-01 +1.6336e-01 +1.2824e+00 +3.7867e+00 +4.5002e+00 -2.0698e+00
38 0 +2.202757530e+06 +2.202805610e+06 +2.202805610e+06 -2.2315e+00 +1.0817e-01 -2.2488e+00 +1.5752e+00 -1.4670e+00 -1.6223e+00 -4.3170e+00 +6.1001e-01 +3.8125e+00 +1.9212e+00 -1.9532e+00 +2.5738e+00 -3.8856e+00 +1.9388e+00 +1.9966e+00 +4.6159e+00 +3.5704e+00 +1.3984e+00 +3.6363e-02 -4.3818e+00
% f evaluations | g evaluations | best noise-free fitness - Fopt (3.058000000000e+01) + sum g_i+ | measured fitness | best measured fitness or single-digit g-values | x1 | x2...
1 0 +4.161809689e+07 +4.161812747e+07 +4.161812747e+07 +2.6690e+00 +7.2285e-02 +3.7064e+00 +2.9214e+00 -4.6298e+00 -2.6658e+00 -4.9001e+00 -1.2136e-01 -3.8633e+00 +1.3418e+00 -2.2619e+00 -1.6255e+00 +4.4156e+00 +6.1626e-01 -3.7671e+00 -3.9216e+00 -4.6554e+00 +3.3210e-01 -4.1562e+00 +4.8468e+00
5 0 +2.413518349e+07 +2.413521407e+07 +2.413521407e+07 +1.8483e+00 -3.8200e+00 -4.1829e+00 +2.3092e+00 +1.6333e+00 -1.9207e+00 +2.5497e+00 +3.2066e+00 -3.3616e+00 -3.2302e+00 +1.0967e+00 +1.7873e+00 +9.6404e-01 +1.2166e+00 -4.0924e+00 +2.3848e+00 -2.6249e+00 -1.1052e+00 +3.0317e+00 -4.3275e+00
9 0 +6.973789968e+06 +6.973820548e+06 +6.973820548e+06 -3.2700e+00 -4.9382e+00 -4.1078e+00 +4.9961e+00 +3.4401e-01 -3.3049e+00 -4.6245e-01 -1.4424e+00 -5.7732e-01 +1.3169e-01 +3.8156e+00 -1.9458e+00 +2.6088e-01 -3.1632e+00 -5.4118e-01 +3.8396e+00 -4.6543e+00 -2.7732e+00 -1.8003e+00 -2.9036e+00
37 0 +4.624796539e+06 +4.624827119e+06 +4.624827119e+06 -3.6504e+00 -1.9431e+00 -2.3286e+00 +4.8077e+00 +3.7996e+00 -3.3755e+00 -2.1400e+00 +1.2500e+00 +3.0824e+00 -2.0918e+00 -1.9756e+00 -3.3364e+00 +3.2925e+00 +1.0728e+00 -1.4922e+00 -3.9943e+00 -4.0106e+00 +3.2765e-01 +2.9002e+00 -4.6755e+00
% f evaluations | g evaluations | best noise-free fitness - Fopt (1.000000000000e+03) + sum g_i+ | measured fitness | best measured fitness or single-digit g-values | x1 | x2...
1 0 +3.551524908e+07 +3.551624908e+07 +3.551624908e+07 +1.0591e+00 -1.7184e+00 +3.7052e+00 -2.0587e+00 -3.7888e+00 +4.2376e+00 +2.5428e+00 +3.5907e-01 +4.7451e+00 -2.2133e+00 -4.3025e+00 +4.4215e+00 -2.1051e+00 +8.7975e-01 +1.9933e+00 -3.9901e+00 -2.1839e+00 +1.4203e+00 -3.1257e+00 +1.0785e+00
2 0 +8.667140346e+06 +8.668140346e+06 +8.668140346e+06 -5.0192e-01 +1.1200e+00 -3.9176e+00 +3.5738e+00 -8.7503e-01 +2.4730e+00 +8.0697e-01 +1.5748e+00 +3.0067e+00 -1.2378e+00 +1.4772e+00 -2.3747e+00 +4.4504e+00 +3.2009e+00 -3.6392e+00 +2.0217e+00 +4.3857e+00 +6.5206e-01 -3.1997e+00 +6.8702e-01
3 0 +6.497541302e+06 +6.498541302e+06 +6.498541302e+06 -4.4904e+00 -4.6239e+00 -3.7673e+00 -6.7297e-02 +3.5449e+00 -1.8271e+00 -4.3683e+00 +7.4699e-01 -1.1770e-02 +1.3683e+00 -5.5952e-01 -4.9923e+00 +1.9630e+00 +2.3456e+00 -2.6860e+00 +2.1643e+00 -3.7658e+00 -2.5935e+00 +4.2427e+00 +4.8573e+00
17 0 +4.563825102e+06 +4.564825102e+06 +4.564825102e+06 +4.0315e+00 -2.3094e+00 +3.1516e+00 +1.3763e+00 +4.6474e+00 -2.8882e-01 -4.0330e+00 -3.7579e+00 -7.6914e-01 +3.2389e+00 -1.8400e+00 +1.4550e+00 -1.5477e+00 -3.2957e+00 +3.5459e+00 -2.8764e+00 +2.1946e+00 -3.8862e+00 -4.5536e-01 -3.4499e+00
24 0 +3.308400313e+06 +3.309400313e+06 +3.309400313e+06 -2.2568e+00 +3.3983e+00 -4.2052e+00 +3.0721e+00 +2.9438e+00 -4.4125e+00 +2.4652e+00 -2.5286e+00 -2.9216e+00 +1.9346e+00 +2.1908e+00 +1.9918e+00 -3.6877e+00 -6.8243e-01 -2.2974e+00 -3.9740e+00 +9.4654e-01 +4.5603e-01 -8.3893e-01 -2.0812e+00
38 0 +2.264283813e+06 +2.265283813e+06 +2.265283813e+06 +7.2214e-01 +3.9414e+00 -2.5112e+00 -3.0196e+00 +4.6752e+00 -1.9592e+00 +1.9182e+00 +4.4729e-01 -2.8656e+00 -4.3490e+00 +7.9322e-01 +1.4164e+00 -1.5714e+00 +3.8075e-01 +1.7394e+00 +4.1938e+00 -2.2319e+00 -4.0037e+00 -1.7022e+00 -1.4706e+00
% f evaluations | g evaluations | best noise-free fitness - Fopt (-4.236000000000e+01) + sum g_i+ | measured fitness | best measured fitness or single-digit g-values | x1 | x2...
1 0 +2.421585334e+07 +2.421581098e+07 +2.421581098e+07 -1.0325e+00 +5.8834e-02 +4.8954e+00 +9.2943e-01 -4.7766e+00 +4.5092e+00 -4.7095e+00 -4.8342e-01 +4.8002e-01 +2.8237e+00 +3.2521e+00 +4.3565e+00 -2.0001e+00 +1.5704e+00 -3.5735e+00 -2.8390e+00 +2.7171e+00 +1.4112e-01 -2.2314e+00 +2.2222e+00
2 0 +1.021281640e+07 +1.021277404e+07 +1.021277404e+07 +8.9373e-01 -6.8638e-01 +3.7239e+00 +3.1044e+00 -4.5194e+00 -2.3457e+00 +4.8330e+00 +8.1549e-02 +1.7646e+00 -1.3979e+00 -1.2323e-01 +3.4315e+00 +4.7496e-01 -2.3689e+00 +2.3205e+00 -9.2819e-01 +2.3778e+00 +3.0982e+00 -7.4919e-01 +1.2363e+00
16 0 +5.297194249e+06 +5.297151889e+06 +5.297151889e+06 -3.7168e+00 -4.2485e+00 -2.9253e+00 -1.5136e+00 -1.2392e+00 +3.3584e+00 -1.3835e+00 -3.2650e+00 -4.9257e+00 +3.4492e+00 -1.2926e+00 -2.3937e+00 +3.9907e+00 -3.5351e+00 -9.7531e-01 +1.4544e+00 -2.9330e+00 -7.8941e-01 -4.6379e+00 +1.5004e+00
% f evaluations | g evaluations | best noise-free fitness - Fopt (-7.187000000000e+01) + sum g_i+ | measured fitness | best measured fitness or single-digit g-values | x1 | x2...
1 0 +1.153604648e+07 +1.153597461e+07 +1.153597461e+07 -4.4577e+00 +1.4345e+00 +4.4921e+00 +3.5710e+00 +1.7242e+00 -3.0280e+00 -2.4006e+00 -1.4950e+00 -2.7144e+00 +2.2033e-01 +3.5597e+00 +1.0935e+00 +6.6603e-02 -7.6526e-01 -1.6075e+00 -4.9190e+00 +4.7978e+00 +3.4907e+00 +2.8056e+00 -2.6260e+00
4 0 +7.614124347e+06 +7.614052477e+06 +7.614052477e+06 +4.7028e+00 -1.0578e-01 -3.9786e+00 -3.6943e+00 +3.1686e-01 +1.4275e+00 -4.0678e+00 -1.0185e-01 -2.7904e+00 +4.4325e+00 +4.1638e+00 +1.1603e+00 +3.4338e+00 +3.8211e+00 +1.7103e+00 +4.1652e+00 -6.5618e-01 +6.6219e-02 +1.7280e+00 -5.8083e-01
5 0 +6.555759629e+06 +6.555687759e+06 +6.555687759e+06 +2.3073e+00 -4.3597e+00 -1.8310e+00 -4.1028e+00 +1.6987e+00 -1.5935e+00 +7.2961e-01 +6.7241e-01 +3.8220e+00 +4.5647e+00 -3.5862e+00 +7.2712e-01 -2.5742e+00 +4.2824e+00 -2.7888e+00 +2.2089e+00 +3.3543e+00 +3.5905e+00 -1.3075e+00 +1.9536e-01
7 0 +3.252652446e+06 +3.252580576e+06 +3.252580576e+06 -4.5052e+00 +4.5498e+00 -3.7059e+00 -1.9195e+00 -8.3856e-01 -1.1024e+00 +1.2629e+00 +4.4911e+00 +8.2434e-01 -2.8659e+00 +4.7733e+00 +3.5164e-02 -4.5278e+00 -4.4417e+00 -4.0533e+00 +4.0001e+00 +2.6218e+00 -3.9432e+00 -2.8147e+00 +1.7091e+00
% f evaluations | g evaluations | best noise-free fitness - Fopt (-1.650000000000e+01) + sum g_i+ | measured fitness | best measured fitness or single-digit g-values | x1 | x2...
1 0 +7.693807014e+06 +7.693790514e+06 +7.693790514e+06 -3.8240e+00 +2.2378e+00 -4.2521e+00 +2.4521e+00 +1.7122e+00 +3.1473e+00 -1.3665e-01 +3.4018e+00 -2.8985e+00 +4.6116e+00 +2.7330e+00 +4.7179e+00 -3.0336e+00 +4.4578e+00 +4.2145e+00 +1.9296e+00 -4.1586e+00 -9.2039e-01 -1.9897e+00 -2.7842e+00
9 0 +6.772911772e+06 +6.772895272e+06 +6.772895272e+06 +2.7041e+00 +3.2167e+00 -2.0417e+00 +3.6485e+00 -2.2946e+00 +1.1916e+00 +3.8200e+00 -1.0527e+00 +4.0436e+00 -1.9403e+00 +4.7143e+00 +8.7952e-01 +2.2052e+00 +1.1694e+00 -3.7644e+00 -9.3435e-01 -5.4626e-01 +3.1898e+00 -1.5368e+00 +3.2775e+00
10 0 +5.235276846e+06 +5.235260346e+06 +5.235260346e+06 +6.8110e-01 +3.5491e+00 -2.5487e+00 -3.6093e+00 -4.0145e+00 +3.8618e-01 -2.9066e+00 -1.9070e+00 +4.8487e+00 +1.6441e+00 -4.6289e-01 -1.5924e+00 +1.1216e-01 +1.8865e-01 +4.2292e+00 +2.5750e+00 -1.2315e+00 +1.6802e+00 +1.6269e+00 -2.1302e+00
13 0 +3.771432137e+06 +3.771415637e+06 +3.771415637e+06 +2.2267e+00 -2.4856e+00 +1.2982e+00 -1.5966e+00 -1.6278e+00 +2.4708e+00 +8.9411e-01 +3.8710e+00 -4.2333e+00 -2.0662e-01 +3.7235e+00 +2.5549e+00 +1.5460e+00 +2.7759e+00 +3.4879e+00 +3.1945e+00 +3.4991e+00 -2.0223e+00 +1.4182e+00 -4.5721e+00
18 0 +1.566534871e+06 +1.566518371e+06 +1.566518371e+06 -3.0402e+00 -2.2222e+00 -4.3676e+00 +2.4203e+00 +2.1475e+00 -4.8862e+00 -2.5963e-01 -2.1572e+00 -2.0311e+00 -1.0154e+00 +4.0192e-01 +3.6803e+00 -4.7844e+00 +3.2269e+00 +4.3428e+00 -4.4755e+00 -2.4676e+00 +1.0540e+00 -3.5477e+00 +2.3535e-01
% f evaluations | g evaluations | best noise-free fitness - Fopt (1.000000000000e+03) + sum g_i+ | measured fitness | best measured fitness or single-digit g-values | x1 | x2...
1 0 +3.784398385e+07 +3.784498385e+07 +3.784498385e+07 -4.9030e+00 -3.9350e+00 +4.8310e-01 -1.0023e+00 +2.3946e+00 +4.4329e+00 -1.6158e+00 -3.9181e+00 +1.2847e+00 -9.2199e-01 +3.0826e+00 +2.0179e+00 -1.2804e+00 -4.5071e-01 +1.1121e+00 -4.6726e+00 -4.7946e+00 -1.0746e+00 +3.9180e+00 -4.9641e+00
2 0 +8.086822081e+06 +8.087822081e+06 +8.087822081e+06 -2.5235e+00 +1.2734e+00 -1.8325e+00 +4.4098e+00 +5.1883e-01 +1.3100e+00 -3.1832e+00 -1.2488e+00 -4.3835e+00 -1.3369e+00 +4.9255e+00 +1.9696e+00 +3.4389e+00 +4.2607e+00 -3.5639e+00 +1.4159e+00 +9.8156e-01 +7.4438e-01 +3.9985e+00 -3.3386e+00
12 0 +3.521021145e+06 +3.522021145e+06 +3.522021145e+06 -4.6811e+00 -8.9247e-01 -2.4215e+00 -4.2075e+00 +1.1884e+00 -1.7145e+00 +4.8941e+00 +8.0861e-02 +4.5713e+00 +3.9728e-01 +1.9959e+00 -4.2695e+00 +4.5832e+00 +2.6206e+00 +3.8558e+00 +3.0999e+00 +4.7959e+00 -9.2660e-02 +1.8863e+00 -4.2413e+00
% f evaluations | g evaluations | best noise-free fitness - Fopt (-1.000000000000e+03) + sum g_i+ | measured fitness | best measured fitness or single-digit g-values | x1 | x2...
1 0 +1.587958959e+07 +1.587858959e+07 +1.587858959e+07 +2.1407e+00 -7.5845e-01 -1.5640e+00 +3.7063e-01 -7.3485e-01 +1.1065e+00 -4.9513e+00 +4.1527e+00 +1.2696e+00 +4.2520e-01 +1.1452e+00 +4.3246e+00 +1.7673e+00 -3.4747e+00 -3.5977e+00 -1.7999e+00 +4.3375e-01 -4.3542e+00 +3.9873e+00 -4.3572e+00
3 0 +8.189502970e+06 +8.188502970e+06 +8.188502970e+06 -3.4032e+00 +2.8601e+00 +3.2708e+00 -1.6052e-01 +3.7952e+00 +4.1914e+00 -1.7448e+00 +3.8810e-01 -4.2898e+00 -4.3655e+00 -2.7366e+00 +2.1186e+00 -5.5862e-01 -2.3562e+00 -1.9294e+00 +5.6777e-01 -3.1282e+00 +2.5242e+00 +3.4485e+00 +2.6063e+00
7 0 +4.458932194e+06 +4.457932194e+06 +4.457932194e+06 +4.9216e+00 +5.6779e-01 -2.5259e+00 -2.5940e-01 +4.8719e+00 -3.9363e-01 +1.2611e+00 -3.8925e+00 -3.5540e+00 +1.2281e+00 +2.7023e+00 +4.5972e+00 +4.0552e+00 -3.4555e+00 -2.8588e+00 +5.7044e-01 -3.0989e+00 +2.5243e+00 -1.2267e+00 +1.4920e+00
16 0 +4.059170155e+06 +4.058170155e+06 +4.058170155e+06 -1.4288e+00 +7.9685e-01 +2.7217e+00 +1.1646e+00 -2.6785e+00 +1.9892e+00 +2.0406e+00 +1.0821e+00 +2.3825e+00 -4.2017e+00 -3.9880e+00 -4.6187e+00 +4.7333e+00 -4.0777e+00 +3.5571e+00 +2.6475e+00 -3.1384e+00 -2.6075e-01 -2.0017e+00 -2.4866e-01
27 0 +3.539380358e+06 +3.538380358e+06 +3.538380358e+06 +3.3411e+00 +8.4854e-01 -4.0699e+00 +2.6838e+00 -4.9266e+00 +2.3668e+00 -3.6531e+00 +2.3087e-01 -5.6182e-01 +2.6750e+00 +1.5273e-01 +3.4344e+00 -2.9066e+00 -4.0406e+00 +1.7149e+00 +1.8656e+00 -4.8037e+00 -3.4839e+00 -4.3068e+00 +2.3121e+00
28 0 +2.208013722e+06 +2.207013722e+06 +2.207013722e+06 -3.9879e+00 -4.8471e+00 -3.7449e+00 -2.9412e+00 +4.0630e+00 -1.2595e+00 -1.3844e+00 +1.6967e+00 -8.3036e-01 +4.6015e+00 +4.1931e+00 +4.2767e+00 -2.9476e+00 -4.3388e-01 +4.5693e+00 -4.2352e+00 -2.7571e+00 +4.9304e-01 -3.1837e+00 -3.6124e+00
% f evaluations | g evaluations | best noise-free fitness - Fopt (-1.527400000000e+02) + sum g_i+ | measured fitness | best measured fitness or single-digit g-values | x1 | x2...
1 0 +1.296517441e+07 +1.296502167e+07 +1.296502167e+07 +2.1171e+00 +1.5884e+00 -4.2624e+00 +3.7077e+00 -4.7174e+00 +4.1751e+00 -1.8594e+00 +3.9557e+00 -4.6182e+00 -5.8070e-01 -4.6697e-01 +3.5115e+00 +2.9631e-01 -3.1501e+00 -3.6368e+00 +1.3705e+00 +4.6200e+00 +2.9004e+00 -4.6234e+00 +4.8848e+00
4 0 +1.005482684e+07 +1.005467410e+07 +1.005467410e+07 +2.0258e+00 -4.9149e-02 -3.8739e+00 -1.4430e-01 -3.5872e+00 -2.9041e+00 +2.9906e+00 -2.1589e+00 -4.6506e+00 -9.7206e-02 +4.1636e+00 -3.4992e+00 +4.1688e+00 -4.7602e+00 +2.3111e+00 -4.6234e+00 -4.0901e+00 -1.0158e+00 -1.4002e+00 +3.9640e+00
5 0 +5.248860591e+06 +5.248707851e+06 +5.248707851e+06 +3.8427e+00 +5.7200e-01 -4.6448e+00 -2.5698e+00 +2.6103e+00 -4.4037e+00 -2.9065e+00 +3.1691e+00 +2.6475e+00 +4.4676e+00 +3.8229e+00 -3.4746e+00 -2.5735e+00 -1.9869e+00 +1.3750e+00 +4.2428e+00 +3.0568e+00 -2.4291e+00 +4.4766e+00 -3.0149e+00
35 0 +4.243633717e+06 +4.243480977e+06 +4.243480977e+06 +1.5177e+00 +4.2309e+00 -3.7516e+00 -3.9782e+00 +4.9454e+00 +3.3821e+00 +4.7592e+00 +4.7040e+00 +1.0970e+00 +4.7083e+00 +8.0117e-03 -2.2334e+00 +3.2327e+00 -4.9476e+00 +2.2670e+00 +5.7727e-01 +2.8563e+00 +9.8497e-01 -1.5147e+00 -3.0581e+00
