% f evaluations | g evaluations | best noise-free fitness - Fopt (9.294000000000e+01) + sum g_i+ | measured fitness | best measured fitness or single-digit g-values | x1 | x2...
1 0 +1.655999468e+02 +2.585399468e+02 +2.585399468e+02 +3.1755e+00 +8.6103e-01 -1.1210e+00 +4.7585e+00 +3.1045e+00 -5.5957e-02 +2.1666e+00 -2.0450e+00 -3.0557e+00 -1.3413e+00
35 0 +1.618900376e+02 +2.548300376e+02 +2.548300376e+02 -3.5504e-01 +4.3082e+00 +1.6938e+00 +1.8484e+00 +1.0545e+00 +1.6439e+00 +3.7169e-01 -3.5407e+00 +2.2819e+00 -5.8983e-01
109 0 +9.241600950e+01 +1.853560095e+02 +1.853560095e+02 +4.5537e-01 +2.6062e+00 +1.5191e+00 +2.0486e+00 +1.9645e-01 +2.2699e+00 +1.7719e-01 -2.9925e+00 +2.1064e+00 -1.1991e+00
% f evaluations | g evaluations | best noise-free fitness - Fopt (3.535000000000e+01) + sum g_i+ | measured fitness | best measured fitness or single-digit g-values | x1 | x2...
1 0 +9.773838889e+02 +1.012733889e+03 +1.012733889e+03 +1.8836e+00 +2.3465e+00 +4.0053e+00 -4.9860e+00 -2.0363e+00 -3.3236e+00 -3.3586e+00 -3.4415e+00 +5.9764e-01 +2.0713e+00
2 0 +3.866141063e+02 +4.219641063e+02 +4.219641063e+02 +4.8669e+00 +2.9470e+00 -4.6310e+00 +2.9297e+00 +1.0446e+00 -7.3877e-01 -8.1525e-01 +4.3489e+00 +4.9834e+00 -1.5306e+00
21 0 +3.746576803e+02 +4.100076803e+02 +4.100076803e+02 -2.0384e+00 -1.5635e+00 +4.3287e+00 +3.8922e+00 +2.0082e-01 +2.6987e+00 -4.4086e-01 +3.3160e+00 +1.7625e+00 -1.9179e+00
46 0 +3.607443269e+02 +3.960943269e+02 +3.960943269e+02 +2.6043e-01 +2.4617e+00 +3.2844e+00 +6.4145e-01 -4.9603e+00 -1.0415e+00 +3.7478e+00 +3.0504e+00 +3.6874e-01 +1.6130e+00
54 0 +1.013824121e+02 +1.367324121e+02 +1.367324121e+02 +1.7512e+00 +3.6342e-01 +3.7831e-01 +3.3582e+00 -1.9723e+00 -1.4227e+00 +6.0589e-01 +2.2390e+00 -5.5577e-01 -1.3699e+00
55 0 +5.002801985e+01 +8.537801985e+01 +8.537801985e+01 -1.3282e-02 -5.3379e-01 +2.2177e+00 +3.6069e+00 -9.6047e-01 +4.9628e-01 +1.1851e-01 +2.7405e+00 +5.2365e-01 -1.6251e+00
202 0 +3.479046966e+01 +7.014046966e+01 +7.014046966e+01 -1.1813e-01 +3.6732e-01 +2.4937e+00 +2.5490e+00 -1.9858e+00 +2.4138e-02 +1.0722e+00 +2.6503e+00 +5.0501e-01 -6.3044e-01
453 0 +3.255951548e+01 +6.790951548e+01 +6.790951548e+01 -1.7395e-01 -1.1874e-02 +2.4208e+00 +2.9780e+00 -1.5829e+00 +2.7957e-01 +6.3077e-01 +2.7080e+00 +5.2028e-01 -1.0169e+00
463 0 +2.524073895e+01 +6.059073895e+01 +6.059073895e+01 -1.2093e-01 +2.0587e-01 +2.4419e+00 +2.7854e+00 -1.7596e+00 +5.8657e-02 +8.4400e-01 +2.6757e+00 +5.1109e-01 -8.4844e-01
663 0 +2.302038526e+01 +5.837038526e+01 +5.837038526e+01 -1.2093e-01 +2.0587e-01 +2.4419e+00 +2.7854e+00 -1.7596e+00 +5.8657e-02 +5.6607e-01 +2.6757e+00 +5.1109e-01 -8.4844e-01
% f evaluations | g evaluations | best noise-free fitness - Fopt (3.820000000000e+00) + sum g_i+ | measured fitness | best measured fitness or single-digit g-values | x1 | x2...
1 0 +1.392603735e+03 +1.396423735e+03 +1.396423735e+03 -1.9808e+00 +4.1227e+00 +3.6095e+00 +7.2820e-01 -2.4745e+00 +1.5455e+00 -3.4882e-01 -3.5549e+00 -4.7228e+00 -7.6520e-01
2 0 +7.683618114e+02 +7.721818114e+02 +7.721818114e+02 -2.6561e+00 -1.6863e+00 -1.5621e+00 -1.3157e+00 -3.3642e+00 +4.9409e+00 +1.1434e+00 -2.0062e+00 -3.2563e+00 +7.3035e-01
6 0 +3.509879545e+02 +3.548079545e+02 +3.548079545e+02 +2.2063e+00 +4.8465e+00 -2.1289e+00 +4.7693e+00 -1.0806e-02 +2.6760e+00 +7.7404e-01 +3.7797e+00 +3.1833e+00 +3.8446e+00
9 0 +2.553669278e+02 +2.591869278e+02 +2.591869278e+02 +1.3719e+00 -8.6822e-01 +3.9318e+00 -2.7891e+00 -1.2747e+00 -8.1718e-01 -2.7046e+00 -5.6850e-01 -1.8539e+00 -1.1009e+00
54 0 +1.891911811e+02 +1.930111811e+02 +1.930111811e+02 -2.9198e+00 -2.1557e+00 -4.3609e-01 -2.1856e+00 -1.7612e+00 +3.1882e+00 -3.6372e+00 -1.9833e+00 +2.2912e+00 +1.8992e+00
106 0 +9.639367304e+01 +1.002136730e+02 +1.002136730e+02 +2.4743e+00 -1.0805e+00 +2.4288e+00 -8.9337e-01 +1.3931e+00 -1.8880e+00 +1.1931e-01 -2.5819e+00 +3.4632e+00 -2.9119e+00
312 0 +4.239063617e+01 +4.621063617e+01 +4.621063617e+01 +2.4764e+00 -1.0840e+00 +2.4098e+00 -9.3823e-01 +1.4432e+00 -1.8756e+00 +1.0728e-01 -2.5434e+00 +3.4820e+00 -7.6943e-01
760 0 +2.662407270e+01 +3.044407270e+01 +3.044407270e+01 +2.4764e+00 -1.0840e+00 +2.4098e+00 -9.3823e-01 +1.4432e+00 -1.8756e+00 +1.0637e-01 -2.5434e+00 +2.2225e+00 -7.6943e-01
910 0 +2.593741192e+01 +2.975741192e+01 +2.975741192e+01 +2.4764e+00 -1.0840e+00 +2.4098e+00 -3.3911e-01 +1.4432e+00 -1.8756e+00 +1.0637e-01 -2.5434e+00 +2.2225e+00 -7.6943e-01
963 0 +2.514582266e+01 +2.896582266e+01 +2.896582266e+01 +2.4764e+00 -1.0841e+00 +2.4097e+00 -9.3834e-01 +8.1309e-01 -1.8756e+00 +1.0726e-01 -2.5434e+00 +1.7305e+00 -8.4528e-01
1006 0 +2.273774730e+01 +2.655774730e+01 +2.655774730e+01 +2.4764e+00 -1.0840e+00 +2.4098e+00 -9.3824e-01 +1.3811e+00 -1.8756e+00 +1.0646e-01 -2.5434e+00 +2.1740e+00 -7.7691e-01
% f evaluations | g evaluations | best noise-free fitness - Fopt (2.175000000000e+01) + sum g_i+ | measured fitness | best measured fitness or single-digit g-values | x1 | x2...
1 0 +7.914675396e+02 +8.132175396e+02 +8.132175396e+02 +4.6596e-01 -9.4211e-01 -1.2443e+00 -1.7274e+00 +3.3088e+00 -1.7236e+00 +4.6561e+00 -4.8875e+00 +3.2729e-01 -3.4366e+00
2 0 +7.484010322e+02 +7.701510322e+02 +7.701510322e+02 +4.4362e+00 -3.2323e+00 +1.2971e+00 -4.3739e+00 +1.4194e+00 -4.9451e+00 +4.5284e+00 +3.7362e+00 +8.0426e-02 +1.6235e+00
3 0 +2.489067407e+02 +2.706567407e+02 +2.706567407e+02 -3.7528e+00 -1.9686e-01 -5.1406e-01 +3.6771e+00 +1.9467e+00 -2.9110e+00 +4.1536e+00 +1.4458e+00 +1.1531e+00 +2.3610e+00
52 0 +2.379525239e+02 +2.597025239e+02 +2.597025239e+02 -1.2211e+00 -2.1671e+00 +2.8141e-01 -1.0636e+00 +3.4861e+00 -4.7077e+00 +2.3877e+00 +3.6725e-01 +2.8706e+00 +2.8910e+00
53 0 +2.238992830e+02 +2.456492830e+02 +2.456492830e+02 +3.1615e+00 -1.5782e+00 -5.1006e-01 +4.4189e+00 -3.1985e+00 +9.6267e-01 +5.2428e-01 -1.0587e+00 +2.0247e+00 -1.1799e+00
108 0 +1.976360428e+02 +2.193860428e+02 +2.193860428e+02 -2.8902e-01 -1.1306e+00 +1.2381e-01 -5.7384e-01 +1.2140e+00 -2.1336e+00 +6.3255e-01 +1.8323e-01 +1.8094e+00 +1.6113e+00
158 0 +1.314321399e+02 +1.531821399e+02 +1.531821399e+02 -4.8994e-01 +4.3556e-01 +7.4381e-01 +1.1356e+00 +1.2857e+00 -1.7962e+00 +1.2419e+00 +1.4905e+00 +1.0038e+00 +2.2816e+00
260 0 +1.134865732e+02 +1.352365732e+02 +1.352365732e+02 -4.8994e-01 +4.3556e-01 +7.4381e-01 +1.1356e+00 +3.4362e-01 -1.7962e+00 +1.2419e+00 +1.4905e+00 +1.0038e+00 +2.2816e+00
405 0 +1.105206382e+02 +1.322706382e+02 +1.322706382e+02 -2.4853e-01 +2.3521e-01 +6.5099e-01 +1.2340e+00 +2.0422e-01 -1.6269e+00 +1.1248e+00 +1.2628e+00 +1.1091e+00 +2.0291e+00
410 0 +9.148111698e+01 +1.132311170e+02 +1.132311170e+02 -4.8994e-01 +6.1839e-02 +7.4381e-01 +1.1356e+00 +3.4362e-01 -1.7962e+00 +1.2419e+00 +1.4905e+00 +1.0038e+00 +2.2816e+00
860 0 +8.966656105e+01 +1.114165611e+02 +1.114165611e+02 -1.8609e-01 +6.1839e-02 +7.4381e-01 +1.1356e+00 +3.4362e-01 -1.7962e+00 +1.2419e+00 +1.4905e+00 +1.0038e+00 +2.2816e+00
% f evaluations | g evaluations | best noise-free fitness - Fopt (6.479000000000e+01) + sum g_i+ | measured fitness | best measured fitness or single-digit g-values | x1 | x2...
1 0 +9.895482860e+02 +1.054338286e+03 +1.054338286e+03 +4.8878e+00 -2.6841e+00 +2.8823e+00 -1.0205e-01 +2.8817e+00 -3.6287e+00 +3.8437e+00 +4.9980e+00 +3.5529e-02 -2.0125e+00
2 0 +8.298300017e+02 +8.946200017e+02 +8.946200017e+02 +3.1802e+00 -3.1041e+00 +1.8249e+00 +3.8629e+00 +3.8386e+00 +4.1262e+00 +3.1181e+00 +1.3087e+00 +7.7541e-01 +6.8866e-01
3 0 +5.471414350e+02 +6.119314350e+02 +6.119314350e+02 -3.7826e+00 -4.4074e-01 +4.3504e+00 +1.7799e+00 -3.2876e+00 -4.5518e+00 -4.5581e+00 +2.2548e+00 +1.1746e+00 -4.0779e+00
4 0 +3.659611090e+02 +4.307511090e+02 +4.307511090e+02 -3.7545e+00 +5.0607e-01 -1.2192e+00 +1.0973e+00 -9.9583e-01 +2.5022e+00 -2.1749e+00 -3.9899e+00 -4.0695e+00 +9.6063e-01
7 0 +2.297926477e+02 +2.945826477e+02 +2.945826477e+02 -3.0459e+00 -2.0272e+00 +7.8214e-01 -2.4941e+00 +3.4273e+00 +1.2650e+00 -9.1656e-01 +2.8371e+00 -1.4063e+00 -3.3447e+00
13 0 +5.879864358e+01 +1.235886436e+02 +1.235886436e+02 -2.2144e+00 -3.0744e-01 -4.4179e+00 -1.0038e-01 +8.0695e-01 -2.0178e+00 -4.1032e+00 -4.3952e-01 -3.1616e+00 +3.8308e+00
107 0 +4.951724165e+01 +1.143072416e+02 +1.143072416e+02 -1.9004e+00 -3.5820e+00 -1.9174e+00 +6.9260e-01 +2.2624e+00 -1.3326e+00 -4.8194e+00 +2.1011e+00 +5.0835e-01 +5.0626e-01
152 0 +4.345730661e+01 +1.082473066e+02 +1.082473066e+02 -1.8799e+00 -3.6571e+00 -1.8397e+00 +6.3117e-01 +2.2458e+00 -1.2713e+00 -4.7477e+00 +2.1306e+00 +4.6221e-01 +4.3368e-01
252 0 +4.238519186e+01 +1.071751919e+02 +1.071751919e+02 -1.9750e+00 -3.7130e+00 -2.0061e+00 +4.5104e-01 +2.1409e+00 -1.3812e+00 -4.7418e+00 +2.3025e+00 +2.0986e-01 +4.6283e-01
305 0 +4.148829215e+01 +1.062782921e+02 +1.062782921e+02 -1.9779e+00 -2.3864e+00 -2.7750e+00 +1.6582e-01 +1.5819e+00 -1.4517e+00 -4.2995e+00 +1.0917e+00 -1.2198e+00 +6.3997e-01
354 0 +3.523944576e+01 +1.000294458e+02 +1.000294458e+02 -1.9530e+00 -2.5988e+00 -2.5391e+00 +1.9244e-01 +1.6608e+00 -1.3925e+00 -4.3180e+00 +1.2470e+00 -1.0223e+00 +5.7076e-01
452 0 +3.314843820e+01 +9.793843820e+01 +9.793843820e+01 -9.9000e-01 -3.1651e+00 -2.1648e+00 +4.2722e-01 +1.3068e+00 -1.3276e+00 -4.5480e+00 +1.7198e+00 -2.2790e-01 +4.9740e-01
502 0 +2.436217669e+01 +8.915217669e+01 +8.915217669e+01 -8.5258e-01 -2.6233e+00 -2.5863e+00 +2.4338e-01 +1.5050e+00 -1.4128e+00 -4.3729e+00 +1.2821e+00 -9.2120e-01 +5.9525e-01
814 0 +2.331011447e+01 +8.810011447e+01 +8.810011447e+01 -8.5258e-01 -2.6233e+00 -2.0521e+00 +2.4338e-01 +1.5050e+00 -1.4128e+00 -4.3729e+00 +1.2821e+00 -9.2120e-01 +5.9525e-01
% f evaluations | g evaluations | best noise-free fitness - Fopt (-1.000000000000e+03) + sum g_i+ | measured fitness | best measured fitness or single-digit g-values | x1 | x2...
1 0 +4.379874459e+02 -5.620125541e+02 -5.620125541e+02 +3.8489e+00 +4.6983e-02 +1.9150e+00 -1.2273e+00 +5.4211e-01 +1.8889e+00 +3.6089e+00 -1.7856e+00 +4.5732e+00 +5.4215e-01
6 0 +4.289119652e+02 -5.710880348e+02 -5.710880348e+02 -1.2317e+00 +4.0374e-01 -4.7002e+00 -1.4828e+00 +2.6372e+00 +9.3819e-02 +3.4166e+00 +4.7389e+00 +4.9872e+00 +8.6005e-01
9 0 +3.474077633e+02 -6.525922367e+02 -6.525922367e+02 +2.2661e+00 +1.9399e-01 -1.0161e+00 -4.2193e+00 -2.7115e+00 +3.6713e+00 +1.7779e+00 -6.4896e-01 +3.7837e+00 -1.3139e+00
35 0 +2.147521402e+02 -7.852478598e+02 -7.852478598e+02 -4.3012e+00 -2.9105e+00 -2.8882e+00 +4.6865e+00 -1.8358e+00 -3.2459e+00 +1.2941e+00 +5.3441e-01 +2.9552e+00 -2.8437e+00
57 0 +1.742974988e+02 -8.257025012e+02 -8.257025012e+02 -3.5760e+00 -3.2463e+00 -1.8360e+00 +3.2426e+00 -7.5007e-01 -3.4361e+00 +1.9092e+00 +4.1386e-01 +2.4234e+00 -2.8091e+00
104 0 +1.054072012e+02 -8.945927988e+02 -8.945927988e+02 -3.4228e+00 +7.3641e-01 +2.3374e-01 +2.3039e+00 -2.8842e+00 -1.0154e+00 +4.4788e-01 -6.0686e-01 -2.1374e-01 -1.7244e+00
105 0 +9.534929418e+01 -9.046507058e+02 -9.046507058e+02 -3.5066e+00 +3.8842e-01 -6.4158e-02 +2.5313e+00 -2.7842e+00 -1.2282e+00 +5.2863e-01 -4.9795e-01 +8.8653e-02 -1.8312e+00
257 0 +9.245606407e+01 -9.075439359e+02 -9.075439359e+02 -2.9071e+00 -2.3066e+00 -2.4266e+00 +2.7688e+00 -1.9236e+00 -1.8604e+00 +1.4417e+00 +2.8140e-01 +3.0727e+00 -2.5274e+00
306 0 +8.965700102e+01 -9.103429990e+02 -9.103429990e+02 -3.6212e+00 -8.7365e-02 -4.7145e-01 +2.8421e+00 -2.6474e+00 -1.5192e+00 +6.3902e-01 -3.4906e-01 +5.0209e-01 -1.9772e+00
307 0 +8.520607548e+01 -9.147939245e+02 -9.147939245e+02 -3.6517e+00 -2.1377e-01 -5.7966e-01 +2.9247e+00 -2.6111e+00 -1.5965e+00 +6.6835e-01 -3.0950e-01 +6.1193e-01 -2.0160e+00
404 0 +8.469997934e+01 -9.153000207e+02 -9.153000207e+02 -3.5612e+00 -3.1110e-01 -5.6180e-01 +2.8182e+00 -2.5224e+00 -1.6055e+00 +7.3552e-01 -3.0150e-01 +6.4413e-01 -2.0054e+00
513 0 +6.196355976e+01 -9.380364402e+02 -9.380364402e+02 -3.7663e+00 -6.8956e-01 -9.8696e-01 +6.1831e-01 -2.4743e+00 -1.8875e+00 +7.7874e-01 -1.6061e-01 +1.0254e+00 -2.1621e+00
711 0 +5.339388701e+01 -9.466061130e+02 -9.466061130e+02 -3.7663e+00 -6.8956e-01 -9.8696e-01 +6.1831e-01 -2.4743e+00 -9.7778e-01 +7.7874e-01 -1.6061e-01 +1.0254e+00 -2.1621e+00
1004 0 +4.952886002e+01 -9.504711400e+02 -9.504711400e+02 -3.6474e+00 -6.2354e-01 -8.3986e-01 +1.2873e+00 -2.4387e+00 -6.9514e-01 +7.7139e-01 -2.0159e-01 +9.2139e-01 -2.1054e+00
1011 0 +4.824829211e+01 -9.517517079e+02 -9.517517079e+02 -3.6735e+00 -8.2456e-01 -1.0471e+00 +9.5176e-01 -2.3780e+00 -8.8622e-01 +8.5062e-01 -1.4434e-01 +1.1153e+00 -2.1647e+00
% f evaluations | g evaluations | best noise-free fitness - Fopt (1.640700000000e+02) + sum g_i+ | measured fitness | best measured fitness or single-digit g-values | x1 | x2...
1 0 +1.255961236e+03 +1.420031236e+03 +1.420031236e+03 -9.3235e-01 -4.6804e-01 +1.5107e+00 +6.0126e-01 -2.0581e+00 +4.6697e+00 +1.9755e+00 -3.0719e+00 +4.5366e+00 -1.3068e+00
2 0 +7.582220585e+02 +9.222920585e+02 +9.222920585e+02 -3.1100e+00 +2.5415e+00 -2.3300e+00 +2.7575e+00 +2.3954e+00 +2.9199e+00 +3.4707e+00 -2.4619e+00 +4.7802e-01 -4.4937e+00
4 0 +6.484648360e+02 +8.125348360e+02 +8.125348360e+02 -3.5301e+00 +3.5105e-01 +4.9065e+00 -1.8405e+00 -2.6256e+00 -4.6245e+00 +9.4361e-01 +4.0143e+00 +3.5821e+00 -1.5216e-01
7 0 +3.222425908e+02 +4.863125908e+02 +4.863125908e+02 -1.9061e+00 +1.1940e+00 +5.3218e-01 -1.3984e-02 +2.3144e+00 -3.8248e+00 +2.2162e+00 +1.7081e+00 +4.8023e-01 -6.7969e-01
58 0 +2.936121865e+02 +4.576821865e+02 +4.576821865e+02 -1.9615e+00 -1.5364e+00 -9.9991e-01 +1.6797e+00 +2.1299e+00 -1.6926e-01 +3.8402e+00 -1.6606e-01 +1.5694e+00 -2.4135e+00
59 0 +2.438301869e+02 +4.079001869e+02 +4.079001869e+02 -2.3955e+00 +4.6736e-03 -1.5026e+00 +2.0870e+00 +2.2302e+00 +9.9817e-01 +3.7006e+00 -1.0337e+00 +1.1570e+00 -3.1996e+00
202 0 +2.026660870e+02 +3.667360870e+02 +3.667360870e+02 -1.8406e+00 +8.2560e-01 -2.0144e-01 +8.8232e-01 +2.0755e+00 -1.8930e+00 +2.7385e+00 +7.4625e-01 +5.1699e-01 -1.6615e+00
203 0 +1.950472602e+02 +3.591172602e+02 +3.591172602e+02 -2.0696e+00 +4.8690e-01 -7.3826e-01 +1.3794e+00 +2.1393e+00 -7.0013e-01 +3.1355e+00 +1.1870e-02 +7.8103e-01 -2.2961e+00
252 0 +1.814553307e+02 +3.455253307e+02 +3.455253307e+02 -2.1514e+00 +3.6587e-01 -9.3007e-01 +1.5570e+00 +2.1621e+00 -2.7391e-01 +3.2773e+00 -2.5054e-01 +8.7538e-01 -2.5229e+00
253 0 +1.777757776e+02 +3.418457776e+02 +3.418457776e+02 -2.0848e+00 +4.6440e-01 -7.7391e-01 +1.4124e+00 +2.1436e+00 -6.2090e-01 +3.1618e+00 -3.6909e-02 +7.9857e-01 -2.3383e+00
762 0 +1.311265726e+02 +2.951965726e+02 +2.951965726e+02 -2.0851e+00 +4.6325e-01 -7.7384e-01 +1.4133e+00 +1.6487e-01 -5.1595e-01 +3.1601e+00 -3.7626e-02 +7.9763e-01 -2.3384e+00
813 0 +1.257076810e+02 +2.897776810e+02 +2.897776810e+02 -2.0855e+00 +4.3937e-01 -7.7398e-01 +1.4143e+00 +5.2300e-01 -6.1722e-01 +3.1586e+00 -3.8573e-02 +7.9686e-01 -2.3388e+00
959 0 +1.153030637e+02 +2.793730637e+02 +2.793730637e+02 -2.0850e+00 +4.6354e-01 -7.7386e-01 +1.4131e+00 +3.8965e-01 -4.4918e-01 +2.4579e+00 -3.7448e-02 +7.9786e-01 -2.3384e+00
% f evaluations | g evaluations | best noise-free fitness - Fopt (-1.656800000000e+02) + sum g_i+ | measured fitness | best measured fitness or single-digit g-values | x1 | x2...
1 0 +6.974868661e+02 +5.318068661e+02 +5.318068661e+02 +3.6099e+00 -3.9318e-01 +4.6834e+00 +4.9199e+00 +4.1475e+00 -1.7109e-01 +4.5250e+00 +1.5503e+00 +1.7378e+00 +4.8172e+00
2 0 +6.655983972e+02 +4.999183972e+02 +4.999183972e+02 -8.3647e-01 -1.1826e+00 +2.3026e-01 +2.8950e+00 -8.6190e-02 +1.0028e+00 +3.4672e+00 -2.5841e+00 +1.6100e+00 +9.6912e-01
3 0 +3.268054449e+02 +1.611254449e+02 +1.611254449e+02 +5.0271e-01 +4.9446e-01 -2.0686e+00 -1.6827e-01 -2.9355e+00 -1.0362e+00 -4.3338e+00 +1.8259e+00 -1.3121e+00 +3.2581e+00
9 0 +2.732824869e+02 +1.076024869e+02 +1.076024869e+02 -4.1114e+00 +2.2878e+00 -2.5444e+00 +2.0511e+00 +1.9070e+00 +1.8484e-01 +1.6542e+00 +2.9605e+00 -2.9719e+00 +1.8222e+00
22 0 +1.697804619e+02 +4.100461935e+00 +4.100461935e+00 +3.0550e+00 -9.8131e-01 +4.3509e+00 +4.1652e+00 -2.8532e-01 -7.9008e-01 +4.1509e+00 +2.0613e+00 -8.8628e-01 -3.2867e-01
55 0 +1.294416053e+02 -3.623839467e+01 -3.623839467e+01 +1.8672e+00 -7.9906e-01 +2.9994e+00 +3.6878e+00 +1.1914e-01 +2.7138e-01 +2.8904e+00 +1.7286e+00 -1.5275e+00 +1.9559e-01
56 0 +1.163305758e+02 -4.934942424e+01 -4.934942424e+01 +3.3345e+00 -2.5521e-01 +4.2740e+00 +3.7806e+00 -1.5925e-01 -1.4482e+00 +3.8494e+00 +2.3187e+00 -6.4666e-01 -1.3281e+00
104 0 +1.040392184e+02 -6.164078161e+01 -6.164078161e+01 -1.1178e+00 +1.7889e+00 -2.5490e+00 +7.7474e-01 -3.4944e+00 -1.7858e+00 -1.2834e+00 -1.4171e+00 -3.0941e+00 +4.6607e-02
158 0 +6.058225429e+01 -1.050977457e+02 -1.050977457e+02 -2.4071e-01 +1.7892e+00 +1.5351e+00 +2.4996e+00 +1.0370e+00 -1.2623e+00 +2.4106e+00 +2.9089e+00 -1.6105e+00 -6.9858e-01
203 0 +2.519442743e+01 -1.404855726e+02 -1.404855726e+02 -1.0601e+00 +1.9499e+00 +2.2979e+00 +1.3240e+00 +1.1812e+00 -1.6791e-01 +2.5486e+00 +2.2840e+00 -2.0879e-01 -4.6271e-01
257 0 +2.009822378e+01 -1.455817762e+02 -1.455817762e+02 -1.0798e+00 +1.8950e+00 +6.4539e-01 +1.1367e+00 -4.1291e-01 -7.1952e-01 +1.2421e+00 +1.0221e+00 -1.1925e+00 -2.8906e-01
408 0 +1.988554654e+01 -1.457944535e+02 -1.457944535e+02 -1.0604e+00 +1.8935e+00 +6.9000e-01 +1.1634e+00 -3.6384e-01 -7.2167e-01 +1.2838e+00 +1.0743e+00 -1.1821e+00 -3.0194e-01
413 0 +1.947045764e+01 -1.462095424e+02 -1.462095424e+02 -7.3831e-01 +1.8950e+00 +6.4539e-01 +1.1367e+00 -4.1291e-01 -7.1952e-01 +1.2421e+00 +1.0221e+00 -1.1925e+00 -2.8906e-01
461 0 +1.767088952e+01 -1.480091105e+02 -1.480091105e+02 -5.1220e-01 +1.8501e+00 +1.9526e+00 +1.9179e+00 +1.4427e-01 -7.8245e-01 +2.4647e+00 +2.5507e+00 -8.8735e-01 -6.6639e-01
504 0 +1.456086282e+01 -1.511191372e+02 -1.511191372e+02 -7.8379e-01 +1.8716e+00 +1.3271e+00 +1.5441e+00 +3.3703e-01 -7.5234e-01 +1.8797e+00 +1.8193e+00 -1.0334e+00 -4.8584e-01
911 0 +1.441760663e+01 -1.512623934e+02 -1.512623934e+02 -7.7698e-01 +1.8667e+00 +1.3056e+00 +1.5415e+00 +3.1732e-01 -7.5991e-01 +1.8539e+00 +1.8135e+00 -8.5916e-01 -4.7510e-01
962 0 +9.844108589e+00 -1.558358914e+02 -1.558358914e+02 -5.1631e-01 +1.7792e+00 +1.9431e+00 +1.9123e+00 +1.0147e+00 -7.8199e-01 +2.4558e+00 +2.5397e+00 -3.9436e-01 -3.1976e-01
% f evaluations | g evaluations | best noise-free fitness - Fopt (9.284000000000e+01) + sum g_i+ | measured fitness | best measured fitness or single-digit g-values | x1 | x2...
1 0 +1.051487101e+03 +1.144327101e+03 +1.144327101e+03 -2.4211e+00 -1.1307e+00 +6.9343e-01 -2.5245e+00 -3.6392e+00 -4.1134e+00 -1.6733e+00 +1.5847e-01 -2.9661e+00 +5.3443e-02
2 0 +9.747121575e+02 +1.067552157e+03 +1.067552157e+03 -1.8216e+00 -4.9708e+00 +3.6780e+00 +4.6527e+00 -2.8630e+00 -2.7424e+00 -3.8295e+00 -3.6783e+00 +3.1786e+00 -1.4511e+00
3 0 +7.722164196e+02 +8.650564196e+02 +8.650564196e+02 -4.4102e+00 -1.6042e+00 -3.4784e+00 -4.5634e+00 -3.5898e+00 +1.2246e+00 +1.5049e+00 -3.9860e+00 +1.5259e-01 +1.7274e+00
10 0 +4.562565337e+02 +5.490965337e+02 +5.490965337e+02 -4.3019e+00 +4.6435e-01 +4.0269e+00 -1.0428e+00 -4.2471e+00 -3.4035e+00 -2.7172e+00 -1.5284e+00 -5.4556e-01 +1.7646e+00
16 0 +4.194711154e+02 +5.123111154e+02 +5.123111154e+02 +3.3701e+00 -3.3544e+00 -3.9129e+00 -2.5440e+00 -4.2795e-01 +8.4944e-01 +1.3452e+00 -1.0389e+00 -4.2623e+00 +3.6198e+00
44 0 +2.440671940e+02 +3.369071940e+02 +3.369071940e+02 +3.2671e+00 -3.6963e+00 -3.5897e+00 -2.8336e+00 +4.7828e+00 -4.9031e+00 -1.5190e+00 -4.5664e+00 +1.0340e+00 +1.4416e+00
55 0 +1.516576133e+02 +2.444976133e+02 +2.444976133e+02 +3.2822e+00 -3.6464e+00 -3.6369e+00 -2.7913e+00 +4.0220e+00 -4.0632e+00 -1.1008e+00 -4.0514e+00 +2.6072e-01 +1.7596e+00
104 0 +1.464860382e+02 +2.393260382e+02 +2.393260382e+02 +1.5492e+00 -2.7071e+00 -1.8857e+00 -2.3918e+00 +2.1325e+00 -3.9124e+00 -1.4702e+00 -3.4749e+00 +7.6483e-02 +1.7608e+00
205 0 +1.026290979e+02 +1.954690979e+02 +1.954690979e+02 +1.2716e+00 -2.7032e+00 -1.7906e+00 -2.3703e+00 +2.0552e+00 -3.4646e+00 -1.3463e+00 -2.9981e+00 -2.9122e-02 +1.9625e+00
263 0 +7.871132777e+01 +1.715513278e+02 +1.715513278e+02 +3.2402e+00 -3.6446e+00 -3.5424e+00 -2.7087e+00 +3.9978e+00 -1.6037e+00 -1.0613e+00 -3.9586e+00 +3.0326e-01 +1.7300e+00
356 0 +7.320685560e+01 +1.660468556e+02 +1.660468556e+02 +2.8442e+00 -3.4553e+00 -3.1901e+00 -2.6407e+00 +3.6071e+00 -1.9780e+00 -1.1186e+00 -3.7654e+00 +2.3642e-01 +1.7767e+00
513 0 +7.141960213e+01 +1.642596021e+02 +1.642596021e+02 +2.9557e+00 -2.9487e+00 -3.3295e+00 -2.6779e+00 +3.7108e+00 -1.8186e+00 -1.0940e+00 -3.8535e+00 +2.7099e-01 +1.7564e+00
514 0 +6.474335459e+01 +1.575833546e+02 +1.575833546e+02 +2.8442e+00 -3.4553e+00 -3.1901e+00 -2.6407e+00 +3.6071e+00 -1.9780e+00 -1.1186e+00 -1.5604e+00 +2.3642e-01 +1.7767e+00
556 0 +6.211295478e+01 +1.549529548e+02 +1.549529548e+02 +2.8442e+00 -3.4553e+00 -3.1901e+00 -2.6407e+00 +3.6071e+00 -1.9780e+00 -1.1186e+00 -1.8072e+00 +2.3642e-01 +1.7767e+00
602 0 +5.392287132e+01 +1.467628713e+02 +1.467628713e+02 +2.8900e+00 -3.2474e+00 -3.2473e+00 -2.6560e+00 +3.6497e+00 -1.9125e+00 -1.1085e+00 -2.5017e+00 +2.5061e-01 +1.7684e+00
603 0 +5.284374975e+01 +1.456837498e+02 +1.456837498e+02 +2.9099e+00 -3.1566e+00 -3.2723e+00 -2.6626e+00 +3.6683e+00 -1.8840e+00 -1.1041e+00 -2.9123e+00 +2.5680e-01 +1.7647e+00
605 0 +5.205829825e+01 +1.448982983e+02 +1.448982983e+02 +2.8852e+00 -3.2689e+00 -3.2414e+00 -2.6544e+00 +3.6453e+00 -1.9193e+00 -1.1096e+00 -2.4040e+00 +2.4914e-01 +1.7693e+00
702 0 +5.103599945e+01 +1.438759994e+02 +1.438759994e+02 +2.8539e+00 -3.4116e+00 -3.2021e+00 -2.6439e+00 +3.6161e+00 -1.9642e+00 -1.1165e+00 -2.2197e+00 +2.3940e-01 +1.7750e+00
% f evaluations | g evaluations | best noise-free fitness - Fopt (-3.679200000000e+02) + sum g_i+ | measured fitness | best measured fitness or single-digit g-values | x1 | x2...
1 0 +1.276333233e+03 +9.084132335e+02 +9.084132335e+02 -6.2146e-01 +2.2610e+00 -3.5470e+00 +2.9977e+00 +3.5603e+00 -6.0415e-01 -3.7768e+00 +4.1193e+00 +2.4878e+00 +3.9264e-01
2 0 +1.260359757e+03 +8.924397568e+02 +8.924397568e+02 -4.0590e-01 +8.6468e-01 -4.7222e+00 +3.4284e+00 +4.3500e+00 +9.4267e-01 +2.0735e+00 +2.6607e+00 +4.1736e+00 -2.6915e+00
3 0 +2.648431163e+02 -1.030768837e+02 -1.030768837e+02 +6.6103e-01 +3.2252e+00 +2.7146e+00 +6.8275e-02 +2.0160e-01 -2.4912e+00 +1.6517e+00 +4.4042e+00 +1.1004e+00 -2.4435e+00
11 0 +2.514710498e+02 -1.164489502e+02 -1.164489502e+02 +2.2706e+00 +2.5245e-01 +3.3224e-01 -3.1579e+00 +4.1053e+00 -1.7504e+00 +3.2062e+00 +4.9168e-02 -4.3278e+00 +2.6119e-02
14 0 +2.448377834e+02 -1.230822166e+02 -1.230822166e+02 -1.2735e+00 -2.7915e+00 +2.0050e+00 +3.5766e+00 -6.2826e-01 +4.5024e+00 -1.1169e+00 +8.0647e-02 -2.2709e+00 +2.2652e+00
29 0 +9.682993388e+01 -2.710900661e+02 -2.710900661e+02 +8.2001e-01 +2.0008e+00 +2.0351e+00 -5.8445e-01 +3.3422e+00 -1.8611e+00 +2.9585e+00 +3.8581e+00 +1.4686e+00 -2.6825e+00
56 0 +6.627721199e+01 -3.016427880e+02 -3.016427880e+02 +1.1151e+00 +2.5998e+00 +3.0107e+00 +1.1118e-01 -6.6483e-01 -1.3269e+00 +2.9123e+00 -8.0040e-01 +4.0545e+00 +1.0300e+00
104 0 +5.904173279e+01 -3.088782672e+02 -3.088782672e+02 +2.2662e+00 -1.9442e-01 -8.8065e-01 -9.4697e-01 +2.0357e+00 -2.0138e+00 +6.2507e-02 -1.3161e+00 -8.9160e-02 +9.9154e-01
152 0 +5.684851625e+01 -3.110714838e+02 -3.110714838e+02 +3.8343e-02 +1.7836e+00 +2.0909e+00 +5.2185e-03 +1.8968e+00 -3.4261e-01 +3.3113e+00 +1.6798e+00 +1.5008e-01 -2.1783e+00
206 0 +3.683580162e+01 -3.310841984e+02 -3.310841984e+02 +8.0011e-01 +1.1072e+00 +1.0749e+00 -3.2036e-01 +1.9443e+00 -9.1401e-01 +2.2005e+00 +6.5543e-01 +6.8278e-02 -1.0945e+00
304 0 +3.064709144e+01 -3.372729086e+02 -3.372729086e+02 +1.1894e+00 +7.6166e-01 +5.5570e-01 -4.8672e-01 +1.9686e+00 -1.2060e+00 +1.6329e+00 +1.3200e-01 +2.6479e-02 -5.4064e-01
307 0 +2.725055898e+01 -3.406694410e+02 -3.406694410e+02 +8.5347e-01 +1.0858e+00 +1.2995e+00 -4.0399e-01 +2.1078e+00 -1.0005e+00 +2.1249e+00 +7.9543e-01 +2.8217e-02 -1.1325e+00
411 0 +2.505188250e+01 -3.428681175e+02 -3.428681175e+02 +1.2229e+00 +1.9539e-01 +5.1097e-01 -5.0105e-01 +1.9706e+00 -1.2311e+00 +1.5840e+00 +8.6900e-02 +2.2878e-02 -4.9293e-01
857 0 +2.323760653e+01 -3.446823935e+02 -3.446823935e+02 +1.2075e+00 +2.3422e-01 +5.4362e-01 -4.9698e-01 +1.9763e+00 -1.2202e+00 +1.6065e+00 +1.1627e-01 +2.3122e-02 -5.1948e-01
914 0 +2.122907803e+01 -3.466909220e+02 -3.466909220e+02 +9.6963e-01 +8.3479e-01 +1.0485e+00 -4.3394e-01 +2.0630e+00 -9.3937e-01 +1.9548e+00 +5.7045e-01 +2.6895e-02 -1.8460e-01
% f evaluations | g evaluations | best noise-free fitness - Fopt (4.950000000000e+01) + sum g_i+ | measured fitness | best measured fitness or single-digit g-values | x1 | x2...
1 0 +1.935895545e+03 +1.985395545e+03 +1.985395545e+03 +1.1916e+00 +4.6646e+00 -3.8808e+00 -4.4341e+00 +1.3969e+00 -2.3714e+00 -9.4453e-01 +2.1196e+00 -2.2249e+00 -2.0126e+00
2 0 +1.545272971e+03 +1.594772971e+03 +1.594772971e+03 +1.5918e+00 -1.3394e+00 +4.3749e+00 -3.7912e+00 +3.7018e+00 -2.6581e+00 +3.7837e+00 +4.4502e+00 +4.4703e+00 -3.3450e-01
3 0 +2.664717342e+02 +3.159717342e+02 +3.159717342e+02 -1.7951e+00 +4.1386e+00 -1.8226e+00 -3.8259e+00 +1.5232e+00 +3.7766e+00 +1.7885e+00 -1.2203e+00 -5.5141e-01 +7.3871e-01
37 0 +1.681369879e+02 +2.176369879e+02 +2.176369879e+02 -1.6025e+00 +1.7196e+00 -3.5651e+00 -4.0332e+00 +1.7481e+00 +4.0510e+00 -8.3344e-01 -5.2374e-01 -1.9841e+00 -5.4585e-01
53 0 +1.637855768e+02 +2.132855768e+02 +2.132855768e+02 -3.1152e+00 +1.5536e+00 -9.5093e-02 -3.8214e+00 -8.9107e-01 +3.2280e+00 -2.9127e-01 +2.0583e+00 -8.1349e-01 -1.3423e+00
102 0 +1.352881468e+02 +1.847881468e+02 +1.847881468e+02 -1.8227e+00 +1.3512e+00 -3.5312e+00 -3.8304e+00 +1.5493e+00 +3.4300e+00 -7.2018e-01 -6.9040e-01 -1.6283e+00 -7.7447e-01
152 0 +1.313049755e+02 +1.808049755e+02 +1.808049755e+02 -2.2149e+00 +2.6531e+00 -1.6268e+00 -3.8735e+00 +7.2519e-01 +3.6483e+00 +4.3299e-01 +1.0112e-01 -9.8377e-01 -2.9991e-01
153 0 +1.270340848e+02 +1.765340848e+02 +1.765340848e+02 -2.6248e+00 +2.1525e+00 -9.2948e-01 -3.8498e+00 -1.0651e-02 +3.4569e+00 +1.0325e-01 +9.9218e-01 -9.0624e-01 -7.7448e-01
308 0 +1.236670541e+02 +1.731670541e+02 +1.731670541e+02 -2.5004e+00 +2.3044e+00 -1.1410e+00 -3.8570e+00 +2.1257e-01 +3.5150e+00 +2.0328e-01 +7.2187e-01 -9.2976e-01 -6.3052e-01
313 0 +1.176421007e+02 +1.671421007e+02 +1.671421007e+02 -2.4179e+00 +1.2932e+00 -2.1558e+00 -3.7507e+00 +5.0688e-01 +3.1168e+00 -1.2766e-01 +3.3708e-01 -1.1716e+00 -1.0855e+00
502 0 +1.138759854e+02 +1.633759854e+02 +1.633759854e+02 -2.5895e+00 +2.0061e+00 -6.4422e-01 -3.8329e+00 +7.7550e-02 +3.3990e+00 +6.3900e-02 +8.8053e-01 -9.5147e-01 -8.2748e-01
663 0 +9.168081265e+01 +1.411808126e+02 +1.411808126e+02 -2.4179e+00 +1.2932e+00 -2.1558e+00 -3.7507e+00 +5.0688e-01 +3.1168e+00 -1.2766e-01 +3.3708e-01 -7.6849e-01 -1.0855e+00
804 0 +8.957023725e+01 +1.390702372e+02 +1.390702372e+02 -2.4353e+00 +1.4025e+00 -2.0229e+00 -3.7616e+00 +4.5963e-01 +3.1569e+00 -9.0472e-02 +3.9504e-01 -7.4755e-01 -1.0405e+00
% f evaluations | g evaluations | best noise-free fitness - Fopt (-1.277000000000e+01) + sum g_i+ | measured fitness | best measured fitness or single-digit g-values | x1 | x2...
1 0 +7.537523078e+02 +7.409823078e+02 +7.409823078e+02 -1.4548e-01 +4.9032e+00 -2.0688e-01 +8.8924e-01 +2.3004e+00 +4.4934e+00 -4.6431e+00 -1.1355e+00 +7.7775e-01 +2.1871e-01
3 0 +5.596506086e+01 +4.319506086e+01 +4.319506086e+01 +2.1991e+00 +4.9036e+00 +3.1250e+00 -8.5685e-01 -1.6576e+00 +4.1495e+00 +3.3540e+00 +3.0242e+00 -3.8889e+00 +3.3516e+00
203 0 +3.656576200e+01 +2.379576200e+01 +2.379576200e+01 +1.6995e+00 +2.7076e+00 +1.3189e+00 -1.3144e+00 -2.9792e-01 +2.8841e+00 +1.2836e+00 +1.8849e+00 -1.1977e+00 +2.1459e+00
208 0 +3.267414007e+01 +1.990414007e+01 +1.990414007e+01 +2.1477e+00 +3.6421e+00 +2.2939e+00 -1.4217e+00 -6.8968e-01 +3.8258e+00 +2.1379e+00 +2.4338e+00 -2.7208e+00 +2.7117e+00
305 0 +3.193661394e+01 +1.916661394e+01 +1.916661394e+01 +1.6669e+00 +3.7011e+00 +2.0449e+00 -1.2282e+00 -7.9464e-01 +3.5241e+00 +2.1924e+00 +2.4761e+00 -2.8516e+00 +2.6721e+00
355 0 +2.755517271e+01 +1.478517271e+01 +1.478517271e+01 +2.1071e+00 +2.8905e+00 +1.4196e+00 -1.7994e+00 -7.1978e-02 +3.6184e+00 +1.3757e+00 +2.0704e+00 -1.9870e+00 +2.3492e+00
452 0 +2.683245037e+01 +1.406245037e+01 +1.406245037e+01 +2.0158e+00 +3.0102e+00 +1.5381e+00 -1.7018e+00 -1.8317e-01 +3.5717e+00 +1.5157e+00 +2.1435e+00 -2.1374e+00 +2.3752e+00
453 0 +2.538493966e+01 +1.261493966e+01 +1.261493966e+01 +1.8865e+00 +3.1799e+00 +1.7060e+00 -1.5635e+00 -3.4075e-01 +3.5055e+00 +1.7140e+00 +2.2472e+00 -2.3505e+00 +2.4121e+00
761 0 +2.393283302e+01 +1.116283302e+01 +1.116283302e+01 +2.0511e+00 +3.5150e+00 +1.3411e+00 -1.3814e+00 -6.4733e-01 +3.6410e+00 +2.0437e+00 +2.3705e+00 -2.5159e+00 +2.6083e+00
% f evaluations | g evaluations | best noise-free fitness - Fopt (6.365000000000e+01) + sum g_i+ | measured fitness | best measured fitness or single-digit g-values | x1 | x2...
1 0 +1.916890321e+03 +1.980540321e+03 +1.980540321e+03 -3.6157e+00 +4.5319e+00 -3.9283e+00 +3.2138e+00 +8.6672e-01 +7.1989e-01 +9.2003e-01 -3.0719e+00 -3.0251e+00 -1.0124e+00
3 0 +1.027762055e+03 +1.091412055e+03 +1.091412055e+03 -7.6312e-01 -1.0894e+00 +3.7400e+00 +4.5085e+00 +2.2972e+00 -2.2021e+00 -1.5127e+00 +3.3599e+00 +1.3748e+00 -2.3940e+00
4 0 +3.880372334e+02 +4.516872334e+02 +4.516872334e+02 +4.0864e+00 +1.5664e+00 -3.5635e+00 +1.0132e+00 -1.2835e+00 -2.5440e+00 -1.7759e+00 +4.8513e-01 +4.5994e+00 +2.4696e+00
15 0 +2.843275568e+02 +3.479775568e+02 +3.479775568e+02 -5.0493e-01 +2.8912e+00 -2.5330e+00 -3.3267e+00 +4.5127e+00 +5.4891e-01 +3.1324e+00 +4.8917e+00 +3.1278e+00 +4.9531e+00
47 0 +2.096620887e+02 +2.733120887e+02 +2.733120887e+02 +3.5047e+00 +2.5299e+00 -2.3924e+00 -8.2017e-01 -1.0534e-01 +1.3704e+00 -4.2049e+00 +1.3828e+00 +2.3815e+00 +2.9182e+00
58 0 +2.049066571e+02 +2.685566571e+02 +2.685566571e+02 +3.3835e+00 +2.5408e+00 -2.3966e+00 -8.9592e-01 +3.4231e-02 +1.3455e+00 -3.9832e+00 +1.4888e+00 +2.4040e+00 +2.9797e+00
152 0 +1.379742186e+02 +2.016242186e+02 +2.016242186e+02 +2.3711e+00 +2.2828e+00 -2.5090e+00 -1.3833e+00 +7.9688e-01 +1.1408e+00 -2.4085e+00 +2.3238e+00 +2.3482e+00 +2.9966e+00
153 0 +1.284282250e+02 +1.920782250e+02 +1.920782250e+02 +4.4091e-01 +1.8621e+00 -2.7076e+00 -2.3423e+00 +2.3333e+00 +7.4993e-01 +6.5062e-01 +3.9263e+00 +2.2916e+00 +3.1301e+00
205 0 +1.192209209e+02 +1.828709209e+02 +1.828709209e+02 +2.3527e+00 +2.2875e+00 -2.5138e+00 -1.4037e+00 +8.5014e-01 +1.1441e+00 -2.3438e+00 +2.3468e+00 +2.3432e+00 +2.9971e+00
259 0 +1.004998513e+02 +1.641498513e+02 +1.641498513e+02 +1.5292e+00 +2.1036e+00 -2.5947e+00 -1.8034e+00 +1.4719e+00 +9.7029e-01 -1.0708e+00 +3.0234e+00 +2.3265e+00 +3.0609e+00
354 0 +9.566969550e+01 +1.593196955e+02 +1.593196955e+02 +1.5565e+00 +2.6175e+00 -2.3164e+00 -2.0766e+00 +1.9934e+00 +6.1379e-01 -5.7122e-01 +2.5841e+00 +2.5763e+00 +3.2543e+00
509 0 +8.973654155e+01 +1.533865415e+02 +1.533865415e+02 +1.1842e+00 +2.5442e+00 -2.4247e+00 -2.1668e+00 +2.3041e+00 +7.6687e-01 -7.1099e-02 +1.9998e+00 +2.6900e+00 +3.5546e+00
856 0 +8.903285363e+01 +1.526828536e+02 +1.526828536e+02 +1.2359e+00 +2.5400e+00 -2.4213e+00 -2.1447e+00 +2.2522e+00 +6.1550e-01 -1.5295e-01 +2.1487e+00 +2.6688e+00 +3.5142e+00
862 0 +7.750628926e+01 +1.411562893e+02 +1.411562893e+02 +3.2872e-01 +2.5112e+00 -2.4410e+00 -2.1157e+00 +2.2096e+00 +2.9799e-01 -2.1749e-01 +2.3495e+00 +2.6477e+00 +3.4960e+00
% f evaluations | g evaluations | best noise-free fitness - Fopt (6.991900000000e+02) + sum g_i+ | measured fitness | best measured fitness or single-digit g-values | x1 | x2...
1 0 +4.672409805e+02 +1.166430980e+03 +1.166430980e+03 -1.7765e+00 +4.7153e+00 -1.4309e+00 -6.5153e-01 -1.6196e+00 +1.7253e+00 -4.1418e+00 +2.4607e+00 -3.1018e-01 +2.6269e+00
24 0 +4.514331239e+02 +1.150623124e+03 +1.150623124e+03 -3.6331e-01 +3.9420e-01 -2.0590e+00 -3.2221e-01 -4.2372e+00 -4.4991e+00 -1.8969e+00 -4.6515e+00 +1.2569e+00 +2.2719e+00
30 0 +4.107645421e+02 +1.109954542e+03 +1.109954542e+03 +5.8468e-01 +4.8103e+00 +1.6206e+00 +8.8730e-01 -1.7961e+00 -4.2644e+00 -2.4440e+00 +1.2495e+00 -1.0497e+00 +4.9199e+00
38 0 +3.768096969e+02 +1.075999697e+03 +1.075999697e+03 -1.4433e+00 +7.1878e-01 -3.8940e+00 +4.8820e+00 -3.4723e+00 -2.9282e+00 +1.5420e+00 -1.3460e+00 -3.2490e+00 -1.3681e+00
40 0 +3.582599976e+02 +1.057449998e+03 +1.057449998e+03 +8.6803e-01 +2.5727e+00 -1.2761e+00 +9.3780e-01 -1.8591e+00 +4.4705e+00 +1.5381e+00 +3.8605e+00 -3.8926e+00 -3.8757e+00
49 0 +1.432925435e+02 +8.424825435e+02 +8.424825435e+02 +1.4458e+00 +1.2105e+00 -1.9803e+00 -1.0595e+00 -4.5316e+00 -1.5843e+00 -4.7217e-01 +3.4171e+00 +2.7062e-01 +2.6048e+00
58 0 +1.182010628e+02 +8.173910628e+02 +8.173910628e+02 +1.1143e+00 +9.2875e-01 -1.3780e+00 -8.1570e-01 -3.9755e+00 -1.1216e+00 -1.4779e-01 +2.8587e+00 -1.5159e-01 +2.1476e+00
207 0 +1.072979123e+02 +8.064879123e+02 +8.064879123e+02 +6.2901e-01 +7.4015e-01 -7.8659e-01 -4.3650e-02 -3.0005e+00 +2.3248e-01 +5.6098e-01 +2.1710e+00 -1.2598e+00 +4.9705e-01
213 0 +9.595977575e+01 +7.951497758e+02 +7.951497758e+02 +1.1143e+00 +9.2875e-01 -1.3780e+00 -8.1570e-01 -3.9755e+00 -1.1216e+00 -1.4779e-01 +1.8800e+00 -1.5159e-01 +2.1476e+00
452 0 +8.804646803e+01 +7.872364680e+02 +7.872364680e+02 +1.2889e+00 +9.1167e-01 -1.2204e+00 -4.7717e-01 -3.5308e+00 -8.4028e-01 +1.7412e-01 +1.8775e+00 -4.8981e-02 +1.8333e+00
560 0 +7.715030727e+01 +7.763403073e+02 +7.763403073e+02 +1.1202e+00 +9.8582e-01 -1.2851e+00 -5.3717e-01 -3.7106e+00 -1.0710e+00 -7.8725e-02 +1.9321e+00 -1.5487e-01 +2.0463e+00
% f evaluations | g evaluations | best noise-free fitness - Fopt (1.000000000000e+03) + sum g_i+ | measured fitness | best measured fitness or single-digit g-values | x1 | x2...
1 0 +6.611104930e+02 +1.661110493e+03 +1.661110493e+03 +2.6523e+00 +6.6307e-01 -2.8984e+00 +4.7505e+00 +2.9361e+00 +3.3706e+00 +3.5002e+00 -3.9831e+00 -1.8627e+00 +1.5466e+00
2 0 +5.392530369e+02 +1.539253037e+03 +1.539253037e+03 +7.8340e-01 -4.0141e+00 -1.8529e+00 +5.5559e-01 -1.9061e+00 +3.7409e+00 -1.9931e+00 -2.7121e+00 +1.3126e+00 +1.7588e+00
16 0 +2.480477885e+02 +1.248047788e+03 +1.248047788e+03 +3.7944e+00 +4.7755e+00 +4.5829e+00 -1.2180e+00 -1.7290e+00 +2.4431e+00 -4.3316e+00 +1.7873e+00 -4.6858e+00 -1.6246e+00
40 0 +1.370652312e+02 +1.137065231e+03 +1.137065231e+03 +5.5950e-01 -1.1927e+00 +1.3919e+00 +8.3768e-01 +1.6891e+00 -9.1074e-01 -1.1249e+00 -1.2442e+00 -1.8802e+00 -6.7367e-01
106 0 +8.828818511e+01 +1.088288185e+03 +1.088288185e+03 +5.9918e-01 -1.5564e+00 +1.6463e+00 -2.3797e-01 +1.1133e+00 -5.1537e-01 +1.0737e+00 +6.2049e-01 -1.9253e+00 +8.2713e-01
107 0 +8.651519188e+01 +1.086515192e+03 +1.086515192e+03 +6.0862e-01 -1.6429e+00 +1.7068e+00 -4.9384e-01 +9.7631e-01 -4.2132e-01 +1.5967e+00 +1.0641e+00 -1.9360e+00 +1.1841e+00
163 0 +8.091574403e+01 +1.080915744e+03 +1.080915744e+03 +5.9918e-01 -1.5564e+00 +1.6463e+00 -2.3797e-01 +1.1133e+00 -5.1537e-01 +7.2655e-01 +6.2049e-01 -1.9253e+00 +8.2713e-01
261 0 +7.450531051e+01 +1.074505311e+03 +1.074505311e+03 +5.9918e-01 -1.5564e+00 +1.6463e+00 -2.3797e-01 +5.0354e-01 -5.1537e-01 +7.2655e-01 +6.2049e-01 -1.9253e+00 +8.2713e-01
563 0 +7.067379876e+01 +1.070673799e+03 +1.070673799e+03 +7.3932e-01 -1.6400e+00 +1.9301e+00 -2.6076e-01 +4.9139e-01 -4.5826e-01 +9.6018e-01 +8.5575e-01 -1.4408e+00 +6.8938e-01
