% f evaluations | g evaluations | best noise-free fitness - Fopt (9.294000000000e+01) + sum g_i+ | measured fitness | best measured fitness or single-digit g-values | x1 | x2...
1 0 +3.651667599e+02 +4.581067599e+02 +4.581067599e+02 -5.8671e-01 -2.8296e+00 +8.7898e-01
2 0 +1.664910685e+02 +2.594310685e+02 +2.594310685e+02 +1.3090e+00 +1.9991e+00 -2.6467e+00
6 0 +1.342364050e+02 +2.271764050e+02 +2.271764050e+02 -3.7185e+00 +1.5896e+00 -6.1889e-01
8 0 +2.324891409e+01 +1.161889141e+02 +1.161889141e+02 +1.1848e+00 -9.4049e-01 -3.4346e+00
11 0 +3.242140653e+00 +9.618214065e+01 +9.618214065e+01 -2.3447e-01 +1.9337e+00 +4.3260e+00
33 0 +3.070784403e+00 +9.601078440e+01 +9.601078440e+01 -4.4187e-01 +9.0929e-01 -6.6512e-02
56 0 +2.052233753e+00 +9.499223375e+01 +9.499223375e+01 -7.1919e-02 +2.1178e+00 +4.2926e+00
208 0 +1.960379777e+00 +9.490037978e+01 +9.490037978e+01 -3.9446e-01 +1.5780e+00 +2.1557e+00
252 0 +1.484744799e+00 +9.442474480e+01 +9.442474480e+01 -2.8913e-01 +7.8388e-01 +9.1111e-01
% f evaluations | g evaluations | best noise-free fitness - Fopt (3.535000000000e+01) + sum g_i+ | measured fitness | best measured fitness or single-digit g-values | x1 | x2...
1 0 +1.819945160e+03 +1.855295160e+03 +1.855295160e+03 -4.9298e+00 +2.9249e-01 -1.4693e+00
2 0 +1.077197995e+03 +1.112547995e+03 +1.112547995e+03 +3.6745e+00 -4.9937e+00 -5.9895e-01
3 0 +9.407311605e+02 +9.760811605e+02 +9.760811605e+02 -1.8594e+00 -6.8367e-01 +9.8080e-01
4 0 +8.490842027e+02 +8.844342027e+02 +8.844342027e+02 -4.6787e+00 +3.3414e+00 -2.5040e+00
5 0 +4.222578136e+02 +4.576078136e+02 +4.576078136e+02 +1.6329e+00 -1.6046e+00 +3.6627e+00
9 0 +2.790082289e+02 +3.143582289e+02 +3.143582289e+02 -4.2420e+00 +4.2751e+00 +3.7736e+00
10 0 +1.653766149e+02 +2.007266149e+02 +2.007266149e+02 -2.3757e+00 +3.9891e+00 +1.3039e+00
25 0 +1.506627628e+02 +1.860127628e+02 +1.860127628e+02 -1.2975e+00 +1.6915e+00 +4.1885e+00
27 0 +2.256018767e+01 +5.791018767e+01 +5.791018767e+01 +3.9725e+00 -3.1091e-01 +1.8644e+00
163 0 +1.938310841e+01 +5.473310841e+01 +5.473310841e+01 +2.5016e+00 +1.0641e+00 -1.5526e+00
214 0 +1.746229801e+01 +5.281229801e+01 +5.281229801e+01 +2.5016e+00 +1.3750e+00 -1.5526e+00
% f evaluations | g evaluations | best noise-free fitness - Fopt (3.820000000000e+00) + sum g_i+ | measured fitness | best measured fitness or single-digit g-values | x1 | x2...
1 0 +1.965497155e+02 +2.003697155e+02 +2.003697155e+02 +2.8874e+00 -3.1687e+00 +3.4079e+00
6 0 +8.918017507e+01 +9.300017507e+01 +9.300017507e+01 +8.2833e-01 +4.4068e+00 +3.7193e+00
17 0 +6.643468104e+00 +1.046346810e+01 +1.046346810e+01 +3.8538e+00 -4.0661e+00 +1.1584e+00
% f evaluations | g evaluations | best noise-free fitness - Fopt (2.175000000000e+01) + sum g_i+ | measured fitness | best measured fitness or single-digit g-values | x1 | x2...
1 0 +1.916143027e+03 +1.937893027e+03 +1.937893027e+03 -1.4849e+00 +3.2880e+00 -4.5999e+00
2 0 +1.881998202e+03 +1.903748202e+03 +1.903748202e+03 -4.7549e+00 -3.7999e+00 -4.9633e+00
3 0 +1.191899746e+03 +1.213649746e+03 +1.213649746e+03 -3.6635e+00 +4.6873e+00 -2.3037e-01
4 0 +8.480537031e+02 +8.698037031e+02 +8.698037031e+02 -3.3119e+00 -2.6015e+00 -2.6181e+00
5 0 +1.886686291e+02 +2.104186291e+02 +2.104186291e+02 -4.2331e+00 -2.9290e+00 +3.8165e+00
7 0 +1.422832592e+02 +1.640332592e+02 +1.640332592e+02 +4.2450e+00 +3.1151e-02 +5.3893e-01
8 0 +8.345423563e+01 +1.052042356e+02 +1.052042356e+02 +3.9733e+00 +1.2048e+00 -2.5952e+00
9 0 +5.299384346e+01 +7.474384346e+01 +7.474384346e+01 -5.2455e-01 -2.1119e+00 +7.7296e-01
17 0 +2.469684514e+01 +4.644684514e+01 +4.644684514e+01 +2.3439e-01 +2.9104e+00 +2.1930e+00
26 0 +2.080171163e+01 +4.255171163e+01 +4.255171163e+01 +4.8126e+00 -2.8684e+00 -2.8267e+00
27 0 +1.406788418e+01 +3.581788418e+01 +3.581788418e+01 +1.2182e+00 +1.7384e+00 +1.5201e+00
38 0 +9.701393445e+00 +3.145139344e+01 +3.145139344e+01 +2.8772e+00 +3.9309e+00 +3.0883e-01
42 0 +9.110369252e+00 +3.086036925e+01 +3.086036925e+01 +3.9543e+00 -1.8825e+00 -1.5471e+00
163 0 +5.459856653e+00 +2.720985665e+01 +2.720985665e+01 +3.9180e+00 -1.9728e+00 -2.2234e+00
254 0 +3.798723499e+00 +2.554872350e+01 +2.554872350e+01 +3.7540e+00 -1.7539e+00 -1.9071e+00
% f evaluations | g evaluations | best noise-free fitness - Fopt (6.479000000000e+01) + sum g_i+ | measured fitness | best measured fitness or single-digit g-values | x1 | x2...
1 0 +1.626621515e+01 +8.105621515e+01 +8.105621515e+01 -1.3396e+00 -2.3358e+00 +5.6959e-01
27 0 +3.286514140e+00 +6.807651414e+01 +6.807651414e+01 -1.3998e+00 -1.4006e+00 +5.2132e-01
44 0 +1.367182640e+00 +6.615718264e+01 +6.615718264e+01 -2.1521e+00 -2.6784e+00 -9.0216e-01
154 0 +5.941406311e-01 +6.538414063e+01 +6.538414063e+01 -1.8042e+00 -1.7993e+00 -1.0155e+00
206 0 +4.547208313e-01 +6.524472083e+01 +6.524472083e+01 -1.7532e+00 -1.7298e+00 -9.3401e-01
264 0 +3.647696696e-01 +6.515476967e+01 +6.515476967e+01 -1.7532e+00 -1.7298e+00 -1.2672e-01
% f evaluations | g evaluations | best noise-free fitness - Fopt (-1.000000000000e+03) + sum g_i+ | measured fitness | best measured fitness or single-digit g-values | x1 | x2...
1 0 +2.301716813e+02 -7.698283187e+02 -7.698283187e+02 +2.5546e+00 +2.1048e+00 -4.5694e+00
2 0 +9.935609265e+01 -9.006439074e+02 -9.006439074e+02 -4.3868e+00 +9.0473e-01 -2.1996e+00
8 0 +7.256441280e+01 -9.274355872e+02 -9.274355872e+02 -4.3985e-02 +1.7763e+00 -4.2373e+00
14 0 +6.360789961e+01 -9.363921004e+02 -9.363921004e+02 -1.5697e+00 -6.5259e-01 +9.6882e-02
18 0 +4.328253329e+01 -9.567174667e+02 -9.567174667e+02 -1.4077e+00 -2.1028e-01 -2.6536e+00
28 0 +1.078011000e+01 -9.892198900e+02 -9.892198900e+02 +6.2000e-01 +2.8439e+00 -2.7419e+00
41 0 +1.055016340e+01 -9.894498366e+02 -9.894498366e+02 -1.4145e+00 +1.7550e+00 -1.5595e+00
108 0 +6.909757529e+00 -9.930902425e+02 -9.930902425e+02 +3.8626e-01 +2.9107e+00 -1.9571e+00
109 0 +5.622818052e+00 -9.943771819e+02 -9.943771819e+02 +1.2732e-01 +3.0334e+00 -2.0410e+00
158 0 +5.416335905e+00 -9.945836641e+02 -9.945836641e+02 -1.4310e+00 +1.9708e+00 -1.7040e+00
207 0 +3.894044414e+00 -9.961059556e+02 -9.961059556e+02 -1.9908e+00 +8.8290e-02 -2.5332e+00
309 0 +2.695027500e+00 -9.973049725e+02 -9.973049725e+02 -1.8514e+00 +5.5729e-01 -2.3266e+00
% f evaluations | g evaluations | best noise-free fitness - Fopt (1.640700000000e+02) + sum g_i+ | measured fitness | best measured fitness or single-digit g-values | x1 | x2...
1 0 +6.150575907e+02 +7.791275907e+02 +7.791275907e+02 +4.4321e+00 +1.1163e+00 +4.2312e+00
2 0 +5.206101426e+02 +6.846801426e+02 +6.846801426e+02 +4.0317e-01 +2.4556e+00 +2.8864e+00
3 0 +3.174853590e+02 +4.815553590e+02 +4.815553590e+02 +3.6175e+00 +2.0885e-01 -2.9576e+00
10 0 +3.096224456e+02 +4.736924456e+02 +4.736924456e+02 +4.7318e+00 -1.0276e+00 +2.6658e+00
11 0 +2.654053601e+02 +4.294753601e+02 +4.294753601e+02 -1.3475e+00 +2.8890e+00 +8.0636e-01
16 0 +1.740988321e+01 +1.814798832e+02 +1.814798832e+02 +2.7978e+00 +2.5506e+00 -1.3007e+00
29 0 +3.316080081e+00 +1.673860801e+02 +1.673860801e+02 -4.4868e+00 +4.4428e+00 -3.5226e+00
59 0 +1.720928636e+00 +1.657909286e+02 +1.657909286e+02 -1.8919e+00 +4.1380e+00 -3.0054e+00
107 0 +1.259445481e+00 +1.653294455e+02 +1.653294455e+02 -1.3920e+00 +3.6538e+00 -2.5170e+00
206 0 +6.201445232e-01 +1.646901445e+02 +1.646901445e+02 -2.3100e+00 +3.9248e+00 -2.8490e+00
% f evaluations | g evaluations | best noise-free fitness - Fopt (-1.656800000000e+02) + sum g_i+ | measured fitness | best measured fitness or single-digit g-values | x1 | x2...
1 0 +1.153308761e+03 +9.876287608e+02 +9.876287608e+02 -4.0851e+00 +3.6944e+00 -2.4877e+00
2 0 +3.197661459e+02 +1.540861459e+02 +1.540861459e+02 +3.0728e+00 +3.6970e+00 -5.3714e-01
4 0 +7.472177603e+01 -9.095822397e+01 -9.095822397e+01 -1.7561e+00 +3.0722e+00 +3.5350e+00
8 0 +2.544336222e+01 -1.402366378e+02 -1.402366378e+02 +4.5452e+00 -3.1804e+00 -3.6714e+00
10 0 +5.824153871e+00 -1.598558461e+02 -1.598558461e+02 -1.6401e+00 -3.1585e-01 +1.5877e+00
49 0 +3.606435001e-01 -1.653193565e+02 -1.653193565e+02 -1.7741e+00 -1.1736e-01 +2.6910e+00
% f evaluations | g evaluations | best noise-free fitness - Fopt (9.284000000000e+01) + sum g_i+ | measured fitness | best measured fitness or single-digit g-values | x1 | x2...
1 0 +1.615189796e+03 +1.708029796e+03 +1.708029796e+03 +2.3766e-01 +1.9428e+00 +3.1896e+00
2 0 +1.021320279e+03 +1.114160279e+03 +1.114160279e+03 +4.5987e+00 +4.7018e+00 +1.3157e+00
4 0 +5.509129552e+02 +6.437529552e+02 +6.437529552e+02 +3.6713e+00 +2.6065e+00 +1.1405e-01
5 0 +2.670630397e+02 +3.599030397e+02 +3.599030397e+02 -1.7689e+00 -1.6871e+00 -2.7301e+00
9 0 +2.636021770e+01 +1.192002177e+02 +1.192002177e+02 +1.2237e+00 -4.0771e+00 -1.6544e+00
31 0 +1.953231819e+01 +1.123723182e+02 +1.123723182e+02 +1.0333e+00 -2.3946e+00 -2.8964e+00
% f evaluations | g evaluations | best noise-free fitness - Fopt (-3.679200000000e+02) + sum g_i+ | measured fitness | best measured fitness or single-digit g-values | x1 | x2...
1 0 +3.870172073e+02 +1.909720730e+01 +1.909720730e+01 +2.2795e+00 -4.7799e+00 +3.0994e+00
4 0 +5.488747938e+01 -3.130325206e+02 -3.130325206e+02 -4.9267e-01 -3.9840e+00 +2.0602e+00
6 0 +1.227907004e+01 -3.556409300e+02 -3.556409300e+02 -2.8340e+00 -3.5669e+00 +2.8808e+00
22 0 +9.410875479e+00 -3.585091245e+02 -3.585091245e+02 +1.0287e+00 -1.7359e+00 +1.5876e+00
36 0 +4.422901703e+00 -3.634970983e+02 -3.634970983e+02 -1.1265e+00 -1.0848e+00 +3.6289e+00
58 0 +4.134229573e+00 -3.637857704e+02 -3.637857704e+02 +4.4171e-01 -1.9978e+00 +2.0566e+00
156 0 +1.364341116e+00 -3.665556589e+02 -3.665556589e+02 -3.0088e-01 -1.8676e+00 +2.6175e+00
% f evaluations | g evaluations | best noise-free fitness - Fopt (4.950000000000e+01) + sum g_i+ | measured fitness | best measured fitness or single-digit g-values | x1 | x2...
1 0 +3.522240017e+03 +3.571740017e+03 +3.571740017e+03 +4.0899e+00 +1.7504e+00 +1.6708e+00
3 0 +1.912268148e+03 +1.961768148e+03 +1.961768148e+03 -3.7427e+00 +4.3616e+00 +2.4807e+00
4 0 +1.160360868e+03 +1.209860868e+03 +1.209860868e+03 -2.2107e+00 +2.6723e-02 +3.6752e+00
6 0 +1.061462906e+03 +1.110962906e+03 +1.110962906e+03 -4.6280e+00 +4.0165e+00 +5.5791e-01
7 0 +1.869699037e+02 +2.364699037e+02 +2.364699037e+02 -2.3775e+00 -3.3546e+00 +2.8486e+00
13 0 +1.439630369e+02 +1.934630369e+02 +1.934630369e+02 -4.2217e+00 -4.6758e+00 +1.4969e-01
19 0 +1.379635738e+02 +1.874635738e+02 +1.874635738e+02 -4.8005e+00 +1.0246e+00 -9.0609e-01
24 0 +4.182818972e+01 +9.132818972e+01 +9.132818972e+01 -4.3737e-02 -4.8013e+00 +1.1252e-01
41 0 +2.489843213e+01 +7.439843213e+01 +7.439843213e+01 -2.3631e+00 -5.4514e-01 -2.6708e+00
59 0 +1.262359593e+01 +6.212359593e+01 +6.212359593e+01 -3.0088e+00 -3.4693e+00 -4.8032e-01
152 0 +3.364387883e+00 +5.286438788e+01 +5.286438788e+01 -2.9228e+00 -3.1556e+00 -6.2107e-01
159 0 +1.890301468e+00 +5.139030147e+01 +5.139030147e+01 -3.1045e+00 -2.4860e+00 -8.8641e-01
207 0 +5.269366346e-01 +5.002693663e+01 +5.002693663e+01 -2.7300e+00 -2.2067e+00 -1.4261e+00
% f evaluations | g evaluations | best noise-free fitness - Fopt (-1.277000000000e+01) + sum g_i+ | measured fitness | best measured fitness or single-digit g-values | x1 | x2...
1 0 +3.352444549e+02 +3.224744549e+02 +3.224744549e+02 -1.0171e+00 -1.5869e+00 +3.4257e+00
3 0 +2.304005310e+02 +2.176305310e+02 +2.176305310e+02 -4.6135e+00 +9.3195e-01 +2.5168e+00
5 0 +2.222553678e+02 +2.094853678e+02 +2.094853678e+02 +1.3552e+00 +3.3545e-01 +5.3817e-01
6 0 +5.444332027e+01 +4.167332027e+01 +4.167332027e+01 +3.8721e+00 +2.0303e+00 +1.5372e-01
7 0 +4.529251876e+01 +3.252251876e+01 +3.252251876e+01 +4.1339e+00 +2.4404e+00 +1.2547e+00
16 0 +2.472078724e+01 +1.195078724e+01 +1.195078724e+01 -1.0091e-02 +1.2557e+00 +2.0538e+00
31 0 +9.039123798e+00 -3.730876202e+00 -3.730876202e+00 -7.6827e-01 +2.9396e+00 +1.4627e+00
53 0 +1.988324838e+00 -1.078167516e+01 -1.078167516e+01 +2.2461e+00 +1.6538e+00 +1.6731e+00
103 0 +1.083675032e+00 -1.168632497e+01 -1.168632497e+01 +1.2873e+00 +1.7588e+00 +1.7484e+00
158 0 +8.709832752e-01 -1.189901672e+01 -1.189901672e+01 +1.3709e+00 +1.7498e+00 +1.7517e+00
253 0 +5.458294272e-01 -1.222417057e+01 -1.222417057e+01 +1.4316e+00 +1.7434e+00 +1.7541e+00
258 0 +2.077996308e-01 -1.256220037e+01 -1.256220037e+01 +1.6698e+00 +1.7215e+00 +1.9207e+00
305 0 +2.033802855e-01 -1.256661971e+01 -1.256661971e+01 +1.6046e+00 +1.7277e+00 +1.8838e+00
% f evaluations | g evaluations | best noise-free fitness - Fopt (6.365000000000e+01) + sum g_i+ | measured fitness | best measured fitness or single-digit g-values | x1 | x2...
1 0 +1.073511468e+02 +1.710011468e+02 +1.710011468e+02 +1.8476e-01 +2.4650e+00 -1.4021e+00
6 0 +2.997821571e+01 +9.362821571e+01 +9.362821571e+01 -8.1504e-01 +1.4691e+00 -1.1337e+00
52 0 +2.863707590e+01 +9.228707590e+01 +9.228707590e+01 -5.2912e-01 +1.7711e+00 -1.4390e+00
58 0 +1.270465601e+01 +7.635465601e+01 +7.635465601e+01 -1.5957e+00 -8.8474e-01 -1.3385e+00
59 0 +2.198768599e+00 +6.584876860e+01 +6.584876860e+01 -4.3147e-01 -6.7501e-01 -1.7701e+00
153 0 +2.026155131e+00 +6.567615513e+01 +6.567615513e+01 -5.6669e-01 -6.9937e-01 -1.7200e+00
309 0 +1.928820656e+00 +6.557882066e+01 +6.557882066e+01 -2.9807e-01 -2.6224e-02 -1.6816e+00
% f evaluations | g evaluations | best noise-free fitness - Fopt (6.991900000000e+02) + sum g_i+ | measured fitness | best measured fitness or single-digit g-values | x1 | x2...
1 0 +1.471672742e+03 +2.170862742e+03 +2.170862742e+03 -4.2418e+00 -2.5696e+00 -3.0211e+00
3 0 +1.420910729e+02 +8.412810729e+02 +8.412810729e+02 +3.8097e-01 -3.0681e+00 +4.6631e+00
13 0 +1.791503369e+01 +7.171050337e+02 +7.171050337e+02 +2.5190e+00 +1.0772e+00 -8.3259e-01
27 0 +1.682263987e+01 +7.160126399e+02 +7.160126399e+02 +1.7542e+00 -3.5000e+00 -1.2661e+00
61 0 +7.043564129e+00 +7.062335641e+02 +7.062335641e+02 +1.0533e+00 -3.2286e+00 -8.2782e-01
106 0 +2.953213015e+00 +7.021432130e+02 +7.021432130e+02 +1.2613e+00 -3.3092e+00 -9.5790e-01
309 0 +2.103475263e+00 +7.012934753e+02 +7.012934753e+02 +1.9208e+00 -2.0488e+00 -1.5182e+00
% f evaluations | g evaluations | best noise-free fitness - Fopt (1.000000000000e+03) + sum g_i+ | measured fitness | best measured fitness or single-digit g-values | x1 | x2...
1 0 +1.819926118e+02 +1.181992612e+03 +1.181992612e+03 -6.1019e-01 +3.4434e+00 -3.1147e+00
8 0 +1.334578648e+01 +1.013345786e+03 +1.013345786e+03 -4.9259e+00 +1.0395e+00 -3.0634e+00
9 0 +9.943562860e+00 +1.009943563e+03 +1.009943563e+03 +3.3396e+00 -1.8445e+00 +2.1826e+00
36 0 +7.437213567e+00 +1.007437214e+03 +1.007437214e+03 +1.1454e+00 +1.5154e+00 +2.5798e-01
56 0 +5.777397594e+00 +1.005777398e+03 +1.005777398e+03 +1.3104e+00 -6.8632e-01 +1.0374e+00
57 0 +4.737413506e+00 +1.004737414e+03 +1.004737414e+03 +1.3351e+00 -1.0158e+00 +1.1541e+00
109 0 +6.733507314e-01 +1.000673351e+03 +1.000673351e+03 -1.9916e-01 +2.4308e-01 -1.2190e-01
153 0 +6.192703613e-01 +1.000619270e+03 +1.000619270e+03 -5.2450e-02 +3.8191e-01 -8.0450e-02
